dt16tl44b dt16bcy125JE
 17722
0,0,0
z896
41,1,1
z995
44,1,1
/1042
50,1,1
z481
46,1,1
z575
38,1,1
/436
69,2,1
/881
53,2,1
/806
48,1,1
/497
60,2,1
/543
66,2,1
z482
36,1,1
/850
54,2,1
/427
65,2,1
z473
33,1,1
z558
45,1,1
/591
70,2,1
/628
61,2,1
z763
43,1,1
z1241
51,2,1
/708
62,2,1
z824
52,2,1
z661
37,1,1
/563
67,2,1
z780
42,1,1
z1415
32,1,1
/559
55,2,1
/857
56,2,1
z446
31,1,1
/484
57,2,1
/511
64,2,1
z478
39,1,1
/444
63,2,1
/534
68,2,1
z489
34,1,1
/704
49,1,1
z504
47,1,1
/644
58,2,1
/537
59,2,1
z458
40,1,1
z541
35,1,1
 1072
0,0,0
/648
58,2,1
/471
63,2,1
z428
39,1,1
z678
40,1,1
/552
34,1,1
/399
69,2,1
z580
52,2,1
z694
36,1,1
/531
51,2,1
/493
62,2,1
z809
45,1,1
/714
57,2,1
/466
68,2,1
z452
41,1,1
z514
35,1,1
/493
61,2,1
z463
31,1,1
/567
59,2,1
/448
70,2,1
/565
60,2,1
z568
38,1,1
/501
66,2,1
/496
56,2,1
z488
33,1,1
/473
50,1,1
/1050
53,2,1
/399
67,2,1
z437
42,1,1
z748
32,1,1
/614
55,2,1
z1094
46,1,1
z502
47,1,1
/768
54,2,1
z428
43,1,1
/635
64,2,1
z419
44,1,1
/541
48,1,1
/419
65,2,1
z508
49,1,1
z562
37,1,1
 2315
0,0,0
z944
54,2,1
/1275
49,1,1
z493
44,1,1
/801
52,2,1
z552
36,1,1
/584
55,2,1
/489
68,2,1
/618
51,2,1
z558
48,1,1
z736
46,1,1
/421
64,2,1
z475
37,1,1
z703
39,1,1
z576
42,1,1
z461
40,1,1
z677
41,1,1
z473
33,1,1
/385
60,2,1
/493
67,2,1
z457
31,1,1
/456
56,2,1
/458
58,2,1
z451
38,1,1
/429
70,2,1
z567
43,1,1
/456
59,2,1
z445
34,1,1
/485
63,2,1
z399
32,1,1
/476
65,2,1
/521
66,2,1
/365
69,2,1
z592
53,2,1
/506
47,1,1
z531
35,1,1
/518
62,2,1
z389
45,1,1
/459
57,2,1
z753
50,1,1
/657
61,2,1
 924
0,0,0
/610
60,2,1
/634
56,2,1
z604
42,1,1
/451
68,2,1
z520
43,1,1
z406
34,1,1
z662
48,1,1
/406
61,2,1
/447
64,2,1
z616
47,1,1
/396
59,2,1
z514
36,1,1
/485
63,2,1
z498
40,1,1
z465
55,2,1
z565
46,1,1
/470
50,1,1
z763
45,1,1
/564
65,2,1
/641
52,2,1
/566
62,2,1
/465
69,2,1
z471
39,1,1
/526
53,2,1
z434
38,1,1
/496
58,2,1
/533
67,2,1
z404
41,1,1
z547
44,1,1
z473
35,1,1
/490
49,1,1
z573
37,1,1
/427
66,2,1
z477
32,1,1
/498
57,2,1
/421
70,2,1
z617
51,2,1
/403
33,1,1
z1002
54,2,1
z659
31,1,1
 831
0,0,0
z1357
47,1,1
/512
64,2,1
z493
50,1,1
z693
46,1,1
/733
43,1,1
z558
38,1,1
z677
51,2,1
z634
37,1,1
/490
54,2,1
z653
42,1,1
z1019
49,1,1
/447
69,2,1
z539
39,1,1
/432
68,2,1
/616
58,2,1
/477
62,2,1
/385
61,2,1
z582
40,1,1
/441
63,2,1
/775
52,2,1
z454
35,1,1
z585
31,1,1
z482
45,1,1
z382
34,1,1
/432
67,2,1
z512
36,1,1
/564
66,2,1
/534
55,2,1
/430
65,2,1
z399
44,1,1
/436
56,2,1
z551
53,2,1
z458
41,1,1
/488
59,2,1
/472
70,2,1
z441
48,1,1
z638
32,1,1
/638
57,2,1
z410
33,1,1
/461
60,2,1
 650
0,0,0
z532
38,1,1
z498
35,1,1
/571
61,2,1
/415
51,2,1
z483
32,1,1
/428
67,2,1
z656
44,1,1
z571
41,1,1
z631
49,1,1
/399
69,2,1
/424
64,2,1
/427
59,2,1
z676
45,1,1
z661
42,1,1
/419
66,2,1
z881
48,1,1
/429
52,2,1
/637
47,1,1
/606
54,2,1
/403
55,2,1
z741
43,1,1
z572
46,1,1
z398
33,1,1
z537
36,1,1
/503
58,2,1
z458
34,1,1
/472
63,2,1
/451
39,1,1
/378
70,2,1
/421
57,2,1
/562
62,2,1
z499
40,1,1
/549
60,2,1
z544
50,1,1
z402
37,1,1
/446
56,2,1
z484
31,1,1
z642
53,2,1
/510
65,2,1
/471
68,2,1
 1135
0,0,0
z726
39,1,1
z387
31,1,1
/471
70,2,1
/392
62,2,1
/414
60,2,1
z341
32,1,1
/766
52,2,1
/620
58,2,1
/499
61,2,1
/416
57,2,1
z601
34,1,1
z528
37,1,1
/524
56,2,1
/650
65,2,1
z519
45,1,1
z616
40,1,1
/712
63,2,1
z689
51,2,1
z506
55,2,1
z522
50,1,1
/1038
54,2,1
/469
64,2,1
/527
69,2,1
z452
35,1,1
/466
66,2,1
z590
44,1,1
/517
68,2,1
/657
59,2,1
/775
53,2,1
/426
38,1,1
z757
42,1,1
z669
36,1,1
/469
48,1,1
/527
67,2,1
z924
47,1,1
z460
41,1,1
z479
33,1,1
/1531
49,1,1
z611
43,1,1
/790
46,1,1
 717
0,0,0
z603
56,2,1
/581
49,1,1
z497
36,1,1
z587
43,1,1
/374
68,2,1
z603
46,1,1
/509
59,2,1
/437
58,2,1
/502
62,2,1
/427
69,2,1
/541
61,2,1
z490
42,1,1
/516
63,2,1
z487
41,1,1
/398
64,2,1
/666
53,2,1
/486
66,2,1
z490
37,1,1
/461
57,2,1
z575
47,1,1
/662
48,1,1
/468
55,2,1
z645
39,1,1
z734
38,1,1
z522
40,1,1
z689
44,1,1
z805
50,1,1
/505
65,2,1
/438
67,2,1
z493
34,1,1
z614
45,1,1
/652
51,2,1
/506
52,2,1
z451
33,1,1
z501
31,1,1
z474
32,1,1
/671
54,2,1
/472
60,2,1
z426
35,1,1
/416
70,2,1
 713
0,0,0
z640
36,1,1
/480
70,2,1
z509
38,1,1
z357
65,2,1
/449
56,2,1
/375
62,2,1
z576
40,1,1
/940
37,1,1
/373
61,2,1
z609
46,1,1
z543
48,1,1
z478
32,1,1
z436
45,1,1
/546
51,2,1
/538
49,1,1
/433
68,2,1
z403
41,1,1
z447
31,1,1
/461
50,1,1
/483
52,2,1
z495
35,1,1
z459
42,1,1
/521
64,2,1
z471
47,1,1
/474
57,2,1
z421
39,1,1
/456
63,2,1
/429
69,2,1
z410
54,2,1
/518
66,2,1
/444
53,2,1
/585
67,2,1
z413
33,1,1
z583
34,1,1
/503
60,2,1
/805
55,2,1
/1210
59,2,1
z599
43,1,1
z506
44,1,1
/678
58,2,1
 710
0,0,0
/541
66,2,1
/428
62,2,1
/462
55,2,1
z480
48,1,1
/447
43,1,1
z419
58,2,1
/575
32,1,1
/464
47,1,1
/420
56,2,1
/664
50,1,1
z571
36,1,1
/771
53,2,1
z531
46,1,1
z452
52,2,1
z439
34,1,1
/531
42,1,1
/561
37,1,1
/440
60,2,1
/385
64,2,1
z514
39,1,1
/589
35,1,1
/459
65,2,1
/520
49,1,1
/884
41,1,1
z578
45,1,1
/423
61,2,1
/521
54,2,1
/883
40,1,1
z446
31,1,1
/440
59,2,1
/519
44,1,1
/422
70,2,1
z424
38,1,1
/483
67,2,1
/422
68,2,1
/559
69,2,1
/466
57,2,1
/425
63,2,1
z787
51,2,1
z578
33,1,1
 789
0,0,0
z700
31,1,1
z539
35,1,1
/433
45,1,1
/485
52,2,1
z498
36,1,1
/650
44,1,1
/389
63,2,1
/416
66,2,1
/394
64,2,1
z523
46,1,1
z601
53,2,1
z476
42,1,1
/423
60,2,1
/920
48,1,1
/429
58,2,1
/533
67,2,1
z645
43,1,1
z555
47,1,1
z442
39,1,1
z412
34,1,1
z510
32,1,1
z337
50,1,1
/485
65,2,1
/406
56,2,1
/425
61,2,1
/522
69,2,1
z522
33,1,1
/556
62,2,1
z694
38,1,1
z526
41,1,1
/404
59,2,1
/477
68,2,1
z506
40,1,1
z1619
49,1,1
z737
57,2,1
z406
37,1,1
/450
54,2,1
/329
70,2,1
/543
55,2,1
/481
51,2,1
 687
0,0,0
/452
42,1,1
/599
47,1,1
/479
61,2,1
z500
38,1,1
/532
53,2,1
z520
37,1,1
/612
48,1,1
z444
34,1,1
/456
50,1,1
/426
67,2,1
/409
62,2,1
z652
43,1,1
/510
58,2,1
/504
54,2,1
z423
32,1,1
z486
35,1,1
/395
59,2,1
/468
66,2,1
/374
64,2,1
z569
52,2,1
/333
65,2,1
/495
55,2,1
z433
45,1,1
z593
31,1,1
z604
36,1,1
/404
57,2,1
/468
44,1,1
/666
41,1,1
/384
60,2,1
/381
70,2,1
z567
33,1,1
/1062
46,1,1
/432
68,2,1
/354
51,2,1
/321
69,2,1
/390
49,1,1
z548
40,1,1
/574
56,2,1
/346
63,2,1
z372
39,1,1
 753
0,0,0
/473
59,2,1
/349
56,2,1
/376
69,2,1
z439
33,1,1
z461
36,1,1
/330
57,2,1
/381
50,1,1
/344
70,2,1
z501
31,1,1
/370
53,2,1
/357
43,1,1
/353
66,2,1
/366
63,2,1
/392
51,2,1
/355
60,2,1
z379
40,1,1
/325
64,2,1
z395
32,1,1
z376
39,1,1
/381
41,1,1
z571
35,1,1
z410
38,1,1
z469
46,1,1
/602
58,2,1
z514
34,1,1
z504
45,1,1
z484
37,1,1
z389
42,1,1
z430
44,1,1
/379
67,2,1
/419
65,2,1
/403
47,1,1
/489
48,1,1
/478
52,2,1
/606
68,2,1
/391
55,2,1
/348
62,2,1
/360
54,2,1
/516
49,1,1
/417
61,2,1
 756
0,0,0
/427
60,2,1
/373
69,2,1
/416
63,2,1
/367
62,2,1
z478
42,1,1
z535
44,1,1
/332
55,2,1
/436
54,2,1
z559
35,1,1
z602
36,1,1
/425
56,2,1
/459
59,2,1
z392
41,1,1
z550
45,1,1
z457
37,1,1
/464
68,2,1
/401
50,1,1
z418
47,1,1
z471
38,1,1
/551
49,1,1
z442
46,1,1
/364
64,2,1
/352
51,2,1
z471
33,1,1
/349
65,2,1
/464
58,2,1
/438
61,2,1
z606
43,1,1
/331
53,2,1
/423
66,2,1
z638
48,1,1
z400
52,2,1
z415
32,1,1
/361
57,2,1
z470
34,1,1
z388
31,1,1
z422
40,1,1
z336
39,1,1
/343
67,2,1
/474
70,2,1
z551
0,0,0
/648
62,2,1
z382
47,1,1
/341
50,1,1
/438
58,2,1
z411
39,1,1
/306
69,2,1
z371
49,1,1
z538
42,1,1
/331
66,2,1
/578
60,2,1
/376
63,2,1
/490
56,2,1
/406
45,1,1
z434
36,1,1
/650
53,2,1
z453
34,1,1
z390
33,1,1
z418
37,1,1
/491
38,1,1
z227
31,1,1
/934
67,2,1
/508
61,2,1
z968
44,1,1
z521
43,1,1
/1013
54,2,1
/507
48,1,1
z393
41,1,1
z416
35,1,1
/479
70,2,1
/496
55,2,1
/340
64,2,1
z491
32,1,1
/360
57,2,1
/474
65,2,1
z451
40,1,1
z804
46,1,1
z506
52,2,1
/385
51,2,1
z447
59,2,1
/414
68,2,1
 671
0,0,0
/450
69,2,1
z463
32,1,1
/384
68,2,1
z472
37,1,1
z656
40,1,1
z410
41,1,1
/447
63,2,1
/639
55,2,1
/428
65,2,1
/430
62,2,1
z479
43,1,1
z640
51,2,1
/427
64,2,1
z549
44,1,1
/426
59,2,1
z503
48,1,1
z483
46,1,1
z533
31,1,1
z483
52,2,1
/483
54,2,1
z503
49,1,1
z501
45,1,1
/652
53,2,1
/500
57,2,1
/473
58,2,1
z802
38,1,1
z434
35,1,1
/524
56,2,1
z477
34,1,1
/398
47,1,1
/505
66,2,1
z504
50,1,1
z492
42,1,1
z482
36,1,1
z541
39,1,1
z411
60,2,1
/397
67,2,1
z742
33,1,1
/505
61,2,1
/454
70,2,1
 750
0,0,0
/424
35,1,1
/504
57,2,1
/375
54,2,1
z527
31,1,1
/496
69,2,1
z497
55,2,1
/540
53,2,1
/388
45,1,1
/458
33,1,1
z634
38,1,1
z476
37,1,1
/550
70,2,1
z442
42,1,1
/422
64,2,1
z495
49,1,1
/468
66,2,1
z412
63,2,1
/379
46,1,1
/754
43,1,1
/604
58,2,1
z524
39,1,1
/520
67,2,1
z428
40,1,1
/468
68,2,1
z455
51,2,1
/720
59,2,1
z449
48,1,1
z523
50,1,1
/475
62,2,1
z453
32,1,1
/642
52,2,1
/632
65,2,1
z536
34,1,1
/542
47,1,1
z656
41,1,1
z460
44,1,1
/395
56,2,1
/411
60,2,1
z492
36,1,1
/388
61,2,1
 855
0,0,0
z623
52,2,1
z463
34,1,1
z494
49,1,1
z414
42,1,1
z700
47,1,1
z364
37,1,1
z417
31,1,1
z479
33,1,1
/488
45,1,1
/527
56,2,1
z627
39,1,1
/361
70,2,1
/747
60,2,1
/434
58,2,1
/467
53,2,1
/436
65,2,1
/488
54,2,1
/508
55,2,1
/528
59,2,1
/404
57,2,1
/864
46,1,1
/419
69,2,1
/373
63,2,1
/807
50,1,1
z623
35,1,1
/488
66,2,1
z458
44,1,1
/351
62,2,1
z439
38,1,1
z461
48,1,1
z414
36,1,1
/607
64,2,1
z525
43,1,1
/470
51,2,1
z413
32,1,1
z419
40,1,1
/479
67,2,1
/465
61,2,1
/372
68,2,1
z538
41,1,1
 753
0,0,0
z656
51,2,1
z496
46,1,1
/502
65,2,1
z602
47,1,1
z1297
55,2,1
z502
39,1,1
z575
40,1,1
/441
66,2,1
/479
53,2,1
/428
61,2,1
z417
31,1,1
/441
52,2,1
/464
69,2,1
z510
49,1,1
/583
57,2,1
/466
68,2,1
z535
33,1,1
z454
37,1,1
/448
58,2,1
z640
50,1,1
z384
44,1,1
/552
70,2,1
z376
45,1,1
/949
62,2,1
/332
59,2,1
z551
48,1,1
/430
67,2,1
/483
64,2,1
z684
60,2,1
/689
56,2,1
/430
63,2,1
z480
54,2,1
z439
32,1,1
z400
42,1,1
/454
43,1,1
z371
41,1,1
z437
36,1,1
z350
38,1,1
z415
34,1,1
z306
35,1,1
 697
0,0,0
/638
57,2,1
/503
59,2,1
/503
61,2,1
z468
42,1,1
z477
50,1,1
z438
48,1,1
z385
68,2,1
z537
44,1,1
/398
69,2,1
z448
32,1,1
z911
46,1,1
/408
58,2,1
z456
35,1,1
z418
38,1,1
/464
67,2,1
/437
65,2,1
/450
55,2,1
/371
62,2,1
z465
33,1,1
/413
64,2,1
/461
60,2,1
z547
41,1,1
z883
37,1,1
z615
34,1,1
/464
70,2,1
z476
31,1,1
z966
45,1,1
z419
49,1,1
z422
40,1,1
z439
54,2,1
/416
63,2,1
/621
53,2,1
/479
51,2,1
z592
52,2,1
z372
39,1,1
/628
56,2,1
z455
43,1,1
z536
36,1,1
/584
66,2,1
/514
47,1,1
 746
0,0,0
/453
58,2,1
z407
39,1,1
z586
43,1,1
z414
36,1,1
/633
57,2,1
/434
59,2,1
z383
31,1,1
z491
34,1,1
/435
62,2,1
z465
32,1,1
/411
67,2,1
z566
50,1,1
z421
53,2,1
z520
49,1,1
/662
69,2,1
/951
61,2,1
z447
52,2,1
/544
64,2,1
z467
55,2,1
/510
54,2,1
z683
47,1,1
z415
35,1,1
z443
42,1,1
z513
48,1,1
/493
65,2,1
/467
56,2,1
/388
68,2,1
z418
38,1,1
z500
51,2,1
/401
60,2,1
/548
63,2,1
z1231
45,1,1
z441
44,1,1
z600
37,1,1
/468
66,2,1
z1724
33,1,1
/375
70,2,1
z474
40,1,1
z490
41,1,1
z582
46,1,1
 855
0,0,0
/1128
61,2,1
/407
66,2,1
/464
63,2,1
z678
37,1,1
z496
48,1,1
z461
39,1,1
/477
68,2,1
/1841
49,1,1
z494
36,1,1
/430
67,2,1
z640
47,1,1
z566
45,1,1
/422
58,2,1
z528
44,1,1
/402
69,2,1
z612
42,1,1
/434
52,2,1
z363
38,1,1
z655
34,1,1
z463
31,1,1
/476
62,2,1
/549
60,2,1
/583
65,2,1
/706
54,2,1
z639
50,1,1
/348
70,2,1
/448
33,1,1
/519
56,2,1
z539
53,2,1
/451
55,2,1
z532
32,1,1
/434
57,2,1
/532
51,2,1
/566
46,1,1
/392
59,2,1
z628
43,1,1
z485
40,1,1
z426
41,1,1
z563
35,1,1
/329
64,2,1
 665
0,0,0
z510
44,1,1
z552
42,1,1
/345
56,2,1
/382
59,2,1
/393
65,2,1
z496
34,1,1
/416
57,2,1
z493
49,1,1
/781
47,1,1
/379
61,2,1
/316
64,2,1
/794
43,1,1
/406
52,2,1
/405
63,2,1
/403
41,1,1
/522
48,1,1
z564
39,1,1
/294
55,2,1
/380
68,2,1
/380
58,2,1
/726
62,2,1
/418
60,2,1
z550
38,1,1
/415
46,1,1
/388
54,2,1
z500
32,1,1
/353
67,2,1
z372
31,1,1
/367
50,1,1
/449
66,2,1
/613
45,1,1
/460
51,2,1
/453
70,2,1
z762
37,1,1
z473
35,1,1
/584
33,1,1
z618
40,1,1
/440
69,2,1
/589
36,1,1
/657
53,2,1
 759
0,0,0
z585
33,1,1
/465
54,2,1
/420
52,2,1
z614
39,1,1
/440
69,2,1
z437
32,1,1
/465
57,2,1
/455
56,2,1
/477
58,2,1
z480
31,1,1
z524
36,1,1
z469
44,1,1
/489
65,2,1
/458
66,2,1
/666
46,1,1
/517
50,1,1
/377
48,1,1
/370
42,1,1
/347
61,2,1
/369
70,2,1
z771
45,1,1
/374
64,2,1
/459
60,2,1
/385
68,2,1
z570
53,2,1
/390
47,1,1
/776
63,2,1
/418
55,2,1
z530
49,1,1
/596
40,1,1
/399
62,2,1
/411
43,1,1
/803
37,1,1
z572
38,1,1
z531
35,1,1
/431
59,2,1
/543
51,2,1
z587
34,1,1
/404
67,2,1
/628
41,1,1
 713
0,0,0
/960
52,2,1
/544
49,1,1
/441
68,2,1
z1137
44,1,1
z480
37,1,1
/587
64,2,1
z559
42,1,1
z637
45,1,1
/419
69,2,1
z494
43,1,1
/675
61,2,1
/465
55,2,1
/887
51,2,1
/437
57,2,1
z587
33,1,1
/473
47,1,1
z636
40,1,1
z715
31,1,1
z518
32,1,1
/696
54,2,1
z666
36,1,1
/445
65,2,1
/453
66,2,1
/535
53,2,1
/403
58,2,1
z535
35,1,1
/380
67,2,1
z511
39,1,1
/587
70,2,1
/438
60,2,1
z496
34,1,1
/463
56,2,1
z495
38,1,1
z466
41,1,1
/497
50,1,1
/406
59,2,1
/506
63,2,1
/458
46,1,1
z486
48,1,1
/392
62,2,1
 1149
0,0,0
z462
35,1,1
z514
36,1,1
z534
47,1,1
/403
68,2,1
/377
56,2,1
/399
55,2,1
/500
48,1,1
z480
32,1,1
/386
65,2,1
/434
58,2,1
z510
37,1,1
/414
52,2,1
z715
45,1,1
/562
44,1,1
/444
53,2,1
z675
39,1,1
/665
62,2,1
/374
67,2,1
/429
59,2,1
/949
38,1,1
/670
49,1,1
z848
57,2,1
/594
66,2,1
/416
69,2,1
/543
51,2,1
/776
43,1,1
z734
40,1,1
z527
31,1,1
z529
33,1,1
/447
42,1,1
/448
63,2,1
/367
50,1,1
/422
61,2,1
/508
46,1,1
/440
64,2,1
/436
70,2,1
/478
54,2,1
z512
34,1,1
z664
60,2,1
z601
41,1,1
 767
0,0,0
z667
42,1,1
/729
48,1,1
/601
62,2,1
/481
70,2,1
/572
50,1,1
/459
47,1,1
/534
66,2,1
z620
45,1,1
z568
32,1,1
z511
34,1,1
z614
33,1,1
/600
65,2,1
/410
63,2,1
z579
40,1,1
/864
46,1,1
/474
54,2,1
z474
37,1,1
/549
57,2,1
/488
67,2,1
z515
44,1,1
z1049
43,1,1
/476
58,2,1
z475
41,1,1
z541
31,1,1
/494
69,2,1
/466
55,2,1
/477
56,2,1
/458
60,2,1
z674
38,1,1
/506
61,2,1
/449
52,2,1
z555
35,1,1
/446
68,2,1
/401
53,2,1
z510
49,1,1
/530
59,2,1
z541
36,1,1
z669
51,2,1
/465
64,2,1
z517
39,1,1
 771
0,0,0
/1019
47,1,1
/613
42,1,1
/423
68,2,1
z495
32,1,1
/438
49,1,1
/505
50,1,1
/560
51,2,1
/472
61,2,1
/401
65,2,1
z498
35,1,1
/598
43,1,1
/405
67,2,1
/435
55,2,1
z505
54,2,1
/597
56,2,1
/496
57,2,1
z678
60,2,1
z710
37,1,1
/496
58,2,1
/1210
52,2,1
z638
39,1,1
z567
40,1,1
z563
34,1,1
/463
63,2,1
z465
31,1,1
/1042
44,1,1
/426
64,2,1
/484
62,2,1
z657
46,1,1
z903
41,1,1
/690
69,2,1
z895
33,1,1
/2013
59,2,1
/606
66,2,1
z666
38,1,1
z660
36,1,1
/649
53,2,1
/478
48,1,1
/546
70,2,1
z622
45,1,1
 794
0,0,0
/628
60,2,1
z517
31,1,1
z699
32,1,1
/401
64,2,1
/686
45,1,1
z463
33,1,1
/425
66,2,1
/435
67,2,1
z480
51,2,1
/376
57,2,1
z429
44,1,1
/676
53,2,1
z827
55,2,1
/286
70,2,1
/402
56,2,1
/410
65,2,1
z502
39,1,1
z451
36,1,1
/365
52,2,1
/507
46,1,1
/439
61,2,1
z1307
41,1,1
/641
49,1,1
z759
50,1,1
z691
40,1,1
z1420
35,1,1
/715
58,2,1
/433
54,2,1
/543
47,1,1
/402
62,2,1
/508
59,2,1
z482
42,1,1
/439
68,2,1
z603
38,1,1
/403
63,2,1
z525
43,1,1
/373
69,2,1
z537
34,1,1
z771
37,1,1
/586
48,1,1
 850
0,0,0
/498
61,2,1
z499
38,1,1
/459
58,2,1
/430
59,2,1
z455
42,1,1
/470
63,2,1
/404
49,1,1
/413
55,2,1
z582
48,1,1
/365
62,2,1
z977
40,1,1
z508
31,1,1
/451
64,2,1
z878
32,1,1
/1062
44,1,1
z609
36,1,1
z1003
34,1,1
/355
52,2,1
/352
65,2,1
/482
69,2,1
/512
70,2,1
z617
46,1,1
/468
51,2,1
/588
45,1,1
/419
68,2,1
/446
56,2,1
/537
66,2,1
/453
60,2,1
/715
50,1,1
/403
54,2,1
/521
67,2,1
/543
53,2,1
z536
47,1,1
z393
41,1,1
z445
37,1,1
z468
43,1,1
z531
35,1,1
z508
39,1,1
z816
33,1,1
/566
57,2,1
END
Start of error log
End of error log
