/home/cogsys/aging/dtpbsy/dt16tl30b /home/cogsys/aging/dtpbsy/dt16bcy101
/7924
0,0,0
z1178
52,2,1
z913
44,1,1
z2549
48,1,1
z1931
50,1,1
z4049
49,1,1
/1010
68,2,1
/1043
57,2,1
/542
64,2,1
z499
36,1,1
/579
58,2,1
/559
67,2,1
z517
37,1,1
z2258
39,1,1
/2856
51,2,1
z1992
47,1,1
/1985
59,2,1
/2401
55,2,1
z3297
54,2,1
/539
70,2,1
/544
62,2,1
z597
41,1,1
/481
65,2,1
z565
38,1,1
/693
53,2,1
/499
45,1,1
z533
32,1,1
z530
31,1,1
/1735
56,2,1
z1055
35,1,1
/528
61,2,1
z3599
43,1,1
/521
63,2,1
/525
66,2,1
/512
69,2,1
z530
33,1,1
z536
40,1,1
z840
34,1,1
/406
60,2,1
z775
42,1,1
/771
46,1,1
/1362
0,0,0
/4263
51,2,1
/718
55,2,1
z493
37,1,1
/531
63,2,1
z2407
46,1,1
z892
36,1,1
/424
60,2,1
/464
58,2,1
z1681
34,1,1
z2482
35,1,1
z5705
43,1,1
/1534
54,2,1
z3619
40,1,1
z3235
42,1,1
z1319
44,1,1
/3002
48,1,1
z684
38,1,1
/428
70,2,1
/351
68,2,1
/636
52,2,1
/703
62,2,1
/441
61,2,1
/614
49,1,1
/471
57,2,1
z1462
39,1,1
/532
67,2,1
/897
53,2,1
/1301
50,1,1
/453
65,2,1
z601
31,1,1
/541
64,2,1
z550
69,2,1
/782
59,2,1
/411
66,2,1
/1382
56,2,1
/5654
47,1,1
z3421
41,1,1
z1274
33,1,1
z733
32,1,1
z4964
45,1,1
z838
0,0,0
/4755
53,2,1
/656
52,2,1
z597
32,1,1
z5761
43,1,1
/720
64,2,1
z2937
45,1,1
z3494
47,1,1
z1238
41,1,1
/2115
60,2,1
/2262
66,2,1
z4518
48,1,1
z2594
40,1,1
/725
68,2,1
/4236
55,2,1
z641
34,1,1
/718
70,2,1
z633
46,1,1
z610
42,1,1
/619
59,2,1
z703
35,1,1
/581
67,2,1
z658
31,1,1
/524
50,1,1
z616
69,2,1
z809
33,1,1
/798
51,2,1
z701
36,1,1
/503
61,2,1
/504
63,2,1
/628
56,2,1
/518
65,2,1
z564
37,1,1
z3418
49,1,1
/680
57,2,1
/616
54,2,1
z661
44,1,1
/1908
62,2,1
z515
39,1,1
/447
58,2,1
z528
38,1,1
/666
0,0,0
/626
62,2,1
/506
69,2,1
z608
35,1,1
/958
44,1,1
z658
37,1,1
z567
33,1,1
/728
65,2,1
/1240
61,2,1
z487
32,1,1
z3882
46,1,1
z1955
53,2,1
z535
48,1,1
z2177
52,2,1
z492
40,1,1
/584
67,2,1
z506
45,1,1
z629
38,1,1
/497
70,2,1
/968
63,2,1
z4235
55,2,1
z4984
54,2,1
/879
66,2,1
/536
68,2,1
z597
43,1,1
z652
47,1,1
/493
60,2,1
/3050
51,2,1
/716
56,2,1
z615
39,1,1
/548
64,2,1
z533
41,1,1
z2670
42,1,1
/1393
58,2,1
z536
31,1,1
z1426
36,1,1
z2651
49,1,1
/5885
50,1,1
/519
59,2,1
/436
57,2,1
z612
34,1,1
/699
0,0,0
/537
68,2,1
/503
67,2,1
z514
33,1,1
z572
52,2,1
z1199
35,1,1
z2052
38,1,1
/686
55,2,1
z456
34,1,1
/471
51,2,1
/539
63,2,1
/445
61,2,1
z626
44,1,1
/711
57,2,1
z491
32,1,1
z1435
47,1,1
z1287
42,1,1
/665
39,1,1
z1226
36,1,1
z719
40,1,1
z2122
45,1,1
/530
65,2,1
/560
69,2,1
z847
41,1,1
/648
66,2,1
/449
62,2,1
z728
48,1,1
z1464
37,1,1
z4254
50,1,1
z2702
59,2,1
/1624
58,2,1
/553
56,2,1
/628
49,1,1
/1860
54,2,1
z659
43,1,1
z1929
46,1,1
z1410
31,1,1
/716
70,2,1
/728
53,2,1
/578
60,2,1
/600
64,2,1
/640
0,0,0
/3545
66,2,1
z1244
50,1,1
z969
54,2,1
z1185
36,1,1
z5345
58,2,1
z514
37,1,1
/629
67,2,1
/541
70,2,1
z643
35,1,1
z1790
57,2,1
z487
40,1,1
z485
34,1,1
z779
45,1,1
/1416
68,2,1
z1324
51,2,1
z2303
52,2,1
z545
39,1,1
z500
33,1,1
z510
42,1,1
z1490
46,1,1
/1243
64,2,1
/2902
62,2,1
/665
69,2,1
z473
32,1,1
z4130
65,2,1
z645
61,2,1
z2422
60,2,1
/541
38,1,1
z735
47,1,1
z1939
48,1,1
z892
49,1,1
z1129
63,2,1
z850
43,1,1
z1155
44,1,1
z657
41,1,1
z1928
59,2,1
/1859
56,2,1
/1712
55,2,1
z505
31,1,1
z1904
53,2,1
/604
0,0,0
z517
33,1,1
/768
70,2,1
z1241
32,1,1
z468
41,1,1
z581
39,1,1
z517
48,1,1
z773
49,1,1
z634
42,1,1
z1916
50,1,1
/1305
57,2,1
z2669
58,2,1
/1096
59,2,1
/1051
63,2,1
z1742
54,2,1
z2231
47,1,1
/889
60,2,1
z921
40,1,1
z1488
52,2,1
z1445
55,2,1
z1324
46,1,1
/1007
62,2,1
z3428
53,2,1
/667
69,2,1
z663
51,2,1
z1366
45,1,1
z761
44,1,1
z679
38,1,1
/634
65,2,1
z505
36,1,1
/555
66,2,1
z422
34,1,1
z1500
56,2,1
z543
35,1,1
/584
68,2,1
z860
43,1,1
z534
37,1,1
/1000
67,2,1
z473
31,1,1
/706
61,2,1
/549
64,2,1
/644
0,0,0
z1411
54,2,1
/757
62,2,1
z574
47,1,1
z1711
52,2,1
z1589
51,2,1
z1195
33,1,1
z442
31,1,1
z864
50,1,1
z939
42,1,1
z1561
58,2,1
z2716
59,2,1
z3030
55,2,1
z998
44,1,1
/607
64,2,1
z528
41,1,1
/2096
61,2,1
z1518
57,2,1
z890
48,1,1
z533
40,1,1
/977
63,2,1
/3384
68,2,1
/538
70,2,1
z630
37,1,1
/507
69,2,1
/536
66,2,1
z3067
49,1,1
z1725
46,1,1
z468
35,1,1
z438
32,1,1
z432
39,1,1
z1022
45,1,1
z926
43,1,1
/578
65,2,1
z1656
56,2,1
/1832
67,2,1
/981
60,2,1
/5706
53,2,1
z697
36,1,1
z909
38,1,1
z543
34,1,1
/643
0,0,0
z4254
44,1,1
/810
62,2,1
/428
70,2,1
z808
38,1,1
z547
36,1,1
/669
57,2,1
/782
55,2,1
z537
31,1,1
/429
49,1,1
z422
33,1,1
/739
61,2,1
z505
50,1,1
/378
37,1,1
z1570
35,1,1
z702
46,1,1
/627
54,2,1
/487
65,2,1
/452
69,2,1
/698
56,2,1
/495
66,2,1
/3788
52,2,1
z462
40,1,1
z1807
39,1,1
z1004
42,1,1
/589
68,2,1
z725
48,1,1
/610
67,2,1
z2708
45,1,1
z3401
41,1,1
/893
51,2,1
z509
43,1,1
/819
58,2,1
z619
32,1,1
/605
60,2,1
/601
59,2,1
z903
34,1,1
/5904
53,2,1
/544
63,2,1
/415
64,2,1
/10251
47,1,1
/663
0,0,0
/1998
51,2,1
/815
56,2,1
/1864
62,2,1
/1554
41,1,1
/518
65,2,1
/487
60,2,1
/439
70,2,1
/836
47,1,1
/774
66,2,1
/459
68,2,1
z5536
40,1,1
z4858
43,1,1
/798
59,2,1
z1757
35,1,1
z611
37,1,1
z978
38,1,1
z523
32,1,1
z823
31,1,1
/1846
53,2,1
z5399
48,1,1
z497
45,1,1
z566
44,1,1
/1114
61,2,1
z635
39,1,1
/451
54,2,1
z672
33,1,1
/568
46,1,1
/517
63,2,1
/412
52,2,1
/514
49,1,1
z752
34,1,1
z3320
42,1,1
/1122
58,2,1
/732
55,2,1
/535
69,2,1
/401
67,2,1
/460
50,1,1
/481
64,2,1
z1612
36,1,1
/2026
57,2,1
/608
0,0,0
z1766
46,1,1
/688
50,1,1
/525
65,2,1
z667
39,1,1
z534
32,1,1
/467
70,2,1
/1039
48,1,1
z1681
41,1,1
/615
64,2,1
/554
52,2,1
/456
47,1,1
/465
60,2,1
/422
61,2,1
z600
33,1,1
z567
31,1,1
/593
57,2,1
/683
54,2,1
z652
34,1,1
/545
66,2,1
/422
68,2,1
/340
53,2,1
/470
62,2,1
/561
67,2,1
/375
51,2,1
/394
58,2,1
/413
49,1,1
z2027
43,1,1
z2653
45,1,1
/549
63,2,1
z492
37,1,1
z412
35,1,1
z3130
44,1,1
/517
69,2,1
z440
40,1,1
z532
36,1,1
/522
59,2,1
z446
38,1,1
z544
42,1,1
/938
56,2,1
z2015
55,2,1
/865
0,0,0
z560
32,1,1
/2655
56,2,1
z402
38,1,1
z334
47,1,1
z345
46,1,1
z2281
50,1,1
/842
60,2,1
z549
35,1,1
z1950
40,1,1
z588
31,1,1
/513
69,2,1
z1940
42,1,1
z761
33,1,1
/565
63,2,1
/448
66,2,1
/359
64,2,1
/444
49,1,1
/608
48,1,1
/532
62,2,1
z2307
53,2,1
z567
41,1,1
/617
59,2,1
z445
39,1,1
/1090
55,2,1
z2845
54,2,1
z509
34,1,1
z3781
58,2,1
z406
37,1,1
z795
51,2,1
z619
36,1,1
/5025
52,2,1
z2639
43,1,1
/495
68,2,1
/399
70,2,1
/415
67,2,1
/400
57,2,1
/418
44,1,1
/458
61,2,1
/503
65,2,1
z5430
45,1,1
/645
0,0,0
z633
44,1,1
/658
63,2,1
/1066
49,1,1
z517
46,1,1
/560
66,2,1
z448
34,1,1
z355
64,2,1
z416
36,1,1
/2728
58,2,1
/3095
52,2,1
z2401
48,1,1
/606
62,2,1
/519
60,2,1
/404
67,2,1
z723
38,1,1
z3239
50,1,1
/613
57,2,1
z528
40,1,1
/1337
54,2,1
z571
43,1,1
z453
33,1,1
/749
56,2,1
z588
42,1,1
z545
31,1,1
z748
51,2,1
z1198
55,2,1
z497
35,1,1
z528
39,1,1
z479
45,1,1
/483
61,2,1
/475
53,2,1
/337
68,2,1
/331
47,1,1
/487
70,2,1
z495
32,1,1
/504
69,2,1
z479
37,1,1
/575
59,2,1
/388
65,2,1
z561
41,1,1
/589
0,0,0
/463
67,2,1
/620
63,2,1
z1352
44,1,1
z631
37,1,1
z2090
38,1,1
z683
50,1,1
/950
57,2,1
/485
53,2,1
/437
60,2,1
/400
59,2,1
/444
66,2,1
/417
65,2,1
/770
52,2,1
/549
69,2,1
z2826
49,1,1
z577
34,1,1
z1438
41,1,1
/1997
54,2,1
z1562
43,1,1
/1256
58,2,1
/477
68,2,1
z512
35,1,1
/760
64,2,1
z731
42,1,1
z598
31,1,1
/910
55,2,1
z3333
46,1,1
z633
33,1,1
/1345
62,2,1
/613
61,2,1
z420
40,1,1
z1615
45,1,1
z726
47,1,1
z620
36,1,1
z487
48,1,1
z579
32,1,1
z628
56,2,1
/491
70,2,1
z1655
51,2,1
z447
39,1,1
/541
0,0,0
z508
44,1,1
/452
69,2,1
/450
52,2,1
z669
36,1,1
z528
46,1,1
/425
64,2,1
z1276
49,1,1
z617
40,1,1
z1036
45,1,1
z2439
38,1,1
z4747
48,1,1
z1652
42,1,1
z650
41,1,1
/482
66,2,1
/529
62,2,1
/405
60,2,1
/464
51,2,1
z2428
43,1,1
/1207
56,2,1
z522
47,1,1
z709
34,1,1
z504
35,1,1
/501
67,2,1
/447
50,1,1
/479
70,2,1
z538
32,1,1
/597
65,2,1
/1230
53,2,1
z444
31,1,1
z471
37,1,1
/1158
55,2,1
/410
59,2,1
/396
58,2,1
/444
68,2,1
/498
54,2,1
/1703
57,2,1
/660
63,2,1
z507
33,1,1
/490
61,2,1
z490
39,1,1
/584
0,0,0
/2021
57,2,1
/1736
56,2,1
z3837
49,1,1
/706
58,2,1
z557
39,1,1
/588
54,2,1
z463
34,1,1
/428
61,2,1
/698
60,2,1
/528
68,2,1
z496
43,1,1
/570
70,2,1
/473
51,2,1
z1047
48,1,1
z476
37,1,1
/495
69,2,1
z507
31,1,1
z376
65,2,1
/674
50,1,1
z510
33,1,1
z1843
41,1,1
/1402
53,2,1
z998
42,1,1
/1273
59,2,1
/668
63,2,1
/620
67,2,1
z877
47,1,1
z480
38,1,1
/501
64,2,1
z632
35,1,1
z459
32,1,1
z615
36,1,1
/1490
52,2,1
z508
45,1,1
z1112
44,1,1
z558
40,1,1
/545
66,2,1
z7592
55,2,1
/981
62,2,1
z5354
46,1,1
/618
0,0,0
/3448
56,2,1
z481
38,1,1
z426
35,1,1
/602
61,2,1
/519
60,2,1
z468
39,1,1
z2554
47,1,1
/1782
62,2,1
/631
70,2,1
z3627
49,1,1
/869
63,2,1
z588
42,1,1
z1404
48,1,1
z2447
46,1,1
z661
41,1,1
z592
37,1,1
z413
34,1,1
/572
66,2,1
z3070
40,1,1
/3391
55,2,1
z1387
33,1,1
/504
69,2,1
z441
36,1,1
/460
64,2,1
z553
44,1,1
/639
58,2,1
z471
32,1,1
/853
50,1,1
/1926
57,2,1
/535
67,2,1
/412
59,2,1
/474
54,2,1
/463
68,2,1
/504
51,2,1
z563
31,1,1
/452
65,2,1
/7287
45,1,1
/806
53,2,1
z1409
43,1,1
/1869
52,2,1
/577
0,0,0
/513
61,2,1
/551
66,2,1
/536
64,2,1
/643
54,2,1
/525
69,2,1
/2887
48,1,1
/562
60,2,1
/7666
45,1,1
/557
63,2,1
/416
65,2,1
/407
59,2,1
z587
37,1,1
/623
62,2,1
/650
67,2,1
/1119
56,2,1
z549
33,1,1
/1151
57,2,1
z2059
47,1,1
z484
34,1,1
z3655
44,1,1
/688
51,2,1
z691
42,1,1
/498
70,2,1
/2501
52,2,1
z512
38,1,1
/530
35,1,1
z611
32,1,1
z823
39,1,1
/3397
53,2,1
/2507
50,1,1
z4999
43,1,1
z546
40,1,1
z3481
49,1,1
/2983
55,2,1
z1018
36,1,1
/683
58,2,1
z1220
41,1,1
z963
46,1,1
z678
31,1,1
/433
68,2,1
/496
0,0,0
/441
69,2,1
/372
51,2,1
z1190
44,1,1
z596
33,1,1
/441
66,2,1
z1047
41,1,1
/535
59,2,1
z688
45,1,1
/846
49,1,1
z3940
46,1,1
/445
55,2,1
/490
62,2,1
z453
32,1,1
z1753
39,1,1
z603
34,1,1
/491
63,2,1
/385
68,2,1
/310
65,2,1
/302
61,2,1
/322
52,2,1
/305
53,2,1
z529
35,1,1
z663
37,1,1
z1106
40,1,1
/460
60,2,1
z4870
47,1,1
z470
31,1,1
z601
38,1,1
/600
58,2,1
/954
50,1,1
/571
67,2,1
/778
54,2,1
z492
36,1,1
/687
57,2,1
z2597
48,1,1
/530
64,2,1
/481
70,2,1
/2677
56,2,1
z544
42,1,1
z960
43,1,1
/559
0,0,0
/2627
45,1,1
z4871
31,1,1
z1051
43,1,1
/689
46,1,1
/529
63,2,1
/606
56,2,1
/493
69,2,1
/480
60,2,1
/427
67,2,1
/486
61,2,1
/336
51,2,1
/480
52,2,1
z578
47,1,1
z503
33,1,1
z523
38,1,1
/502
62,2,1
/433
68,2,1
/356
64,2,1
/382
54,2,1
/432
59,2,1
/524
49,1,1
z591
35,1,1
z705
42,1,1
z777
36,1,1
z483
34,1,1
z492
32,1,1
/479
65,2,1
z494
37,1,1
z522
40,1,1
/437
57,2,1
/560
58,2,1
/417
70,2,1
/396
50,1,1
z470
39,1,1
z2490
53,2,1
/554
66,2,1
/2176
48,1,1
z2749
55,2,1
z2013
44,1,1
z542
41,1,1
/486
0,0,0
z530
41,1,1
z2146
44,1,1
/1225
56,2,1
/773
53,2,1
z1711
45,1,1
z2219
47,1,1
z572
48,1,1
/568
68,2,1
/4061
49,1,1
/594
64,2,1
z460
40,1,1
z707
36,1,1
/481
62,2,1
/561
69,2,1
z492
35,1,1
z659
32,1,1
z514
34,1,1
/460
67,2,1
z529
31,1,1
/439
70,2,1
z438
39,1,1
/480
63,2,1
/369
66,2,1
/405
65,2,1
/344
60,2,1
/303
59,2,1
/276
42,1,1
z770
50,1,1
z792
43,1,1
/598
58,2,1
/831
52,2,1
z541
46,1,1
/678
55,2,1
z634
38,1,1
z602
33,1,1
/475
61,2,1
z1940
51,2,1
z754
54,2,1
/426
57,2,1
z806
37,1,1
/612
0,0,0
z606
32,1,1
/472
67,2,1
z880
36,1,1
z1991
42,1,1
z505
33,1,1
/470
66,2,1
z1555
43,1,1
z916
51,2,1
/522
68,2,1
/1092
61,2,1
/1640
53,2,1
/2792
55,2,1
z562
44,1,1
z491
38,1,1
z645
47,1,1
/399
52,2,1
z452
37,1,1
z1229
41,1,1
z811
49,1,1
/502
70,2,1
/840
57,2,1
/1331
56,2,1
z642
39,1,1
z473
35,1,1
/1318
58,2,1
z1675
45,1,1
/2954
50,1,1
z1007
34,1,1
/2247
48,1,1
/504
64,2,1
z621
31,1,1
/1277
60,2,1
/498
65,2,1
/571
54,2,1
/497
59,2,1
/435
69,2,1
/522
62,2,1
/330
63,2,1
z1319
46,1,1
z542
40,1,1
/572
0,0,0
z2634
49,1,1
z509
33,1,1
z921
39,1,1
/626
57,2,1
/4078
47,1,1
/503
70,2,1
z525
34,1,1
/730
61,2,1
/501
67,2,1
z460
43,1,1
z618
32,1,1
/407
60,2,1
z582
38,1,1
/443
69,2,1
/656
52,2,1
z619
45,1,1
/486
58,2,1
/432
65,2,1
z636
46,1,1
/435
53,2,1
/490
62,2,1
z646
37,1,1
z1073
44,1,1
/3150
54,2,1
/479
55,2,1
z1817
51,2,1
/820
68,2,1
/888
66,2,1
z473
36,1,1
z1978
50,1,1
z574
40,1,1
z1259
56,2,1
z987
59,2,1
/934
63,2,1
z416
31,1,1
z567
48,1,1
z410
35,1,1
z469
42,1,1
z454
41,1,1
/707
64,2,1
/537
0,0,0
/1840
61,2,1
z742
48,1,1
z823
41,1,1
/551
67,2,1
/825
59,2,1
/430
66,2,1
/510
68,2,1
/451
60,2,1
z519
46,1,1
z506
33,1,1
z517
31,1,1
/460
70,2,1
/406
44,1,1
/447
52,2,1
z519
35,1,1
z2648
49,1,1
/1578
64,2,1
/423
56,2,1
/676
58,2,1
z2512
45,1,1
/583
57,2,1
/634
65,2,1
z630
40,1,1
z630
34,1,1
/907
50,1,1
/646
47,1,1
z517
36,1,1
z1055
42,1,1
/602
43,1,1
/610
55,2,1
z662
39,1,1
/488
69,2,1
/439
51,2,1
z1086
38,1,1
z1086
32,1,1
z359
37,1,1
/533
54,2,1
/446
62,2,1
/465
53,2,1
/393
63,2,1
/660
0,0,0
/405
58,2,1
/457
57,2,1
z439
32,1,1
z1836
53,2,1
z741
31,1,1
z752
52,2,1
z598
34,1,1
z491
39,1,1
z1778
44,1,1
/583
48,1,1
/437
62,2,1
z667
42,1,1
/471
46,1,1
/413
63,2,1
/1281
43,1,1
/405
56,2,1
/305
41,1,1
/431
66,2,1
/2461
51,2,1
/485
61,2,1
/488
59,2,1
/375
67,2,1
/352
69,2,1
z521
37,1,1
z608
38,1,1
z569
35,1,1
/477
70,2,1
/419
54,2,1
/472
65,2,1
z446
33,1,1
/706
49,1,1
z1406
45,1,1
z550
47,1,1
/606
55,2,1
/463
64,2,1
z538
36,1,1
/561
60,2,1
z531
40,1,1
/861
50,1,1
/496
68,2,1
/509
0,0,0
/566
57,2,1
/474
69,2,1
/397
38,1,1
/617
59,2,1
z872
42,1,1
/532
62,2,1
/489
65,2,1
z748
44,1,1
z733
35,1,1
z495
31,1,1
z505
34,1,1
z1203
53,2,1
z2320
50,1,1
z626
39,1,1
z482
33,1,1
z1379
43,1,1
z544
40,1,1
z517
37,1,1
/555
58,2,1
z1297
41,1,1
/456
68,2,1
z447
32,1,1
/470
63,2,1
/447
56,2,1
/387
66,2,1
/3121
49,1,1
/1053
54,2,1
z3656
45,1,1
/777
61,2,1
/3211
55,2,1
z2682
47,1,1
/1022
60,2,1
z1192
36,1,1
/517
67,2,1
/4383
51,2,1
/2844
46,1,1
/1122
52,2,1
/505
64,2,1
/434
48,1,1
/430
70,2,1
z573
0,0,0
z1180
43,1,1
z508
39,1,1
/639
70,2,1
/377
61,2,1
/430
57,2,1
/413
53,2,1
/464
54,2,1
/411
67,2,1
/399
68,2,1
/1645
44,1,1
/1528
49,1,1
z5562
45,1,1
/475
65,2,1
/718
64,2,1
z523
31,1,1
z476
40,1,1
/4925
55,2,1
/630
58,2,1
/833
47,1,1
z2619
41,1,1
z552
34,1,1
/523
69,2,1
/593
56,2,1
/1794
52,2,1
/425
60,2,1
/1164
51,2,1
/526
66,2,1
/377
63,2,1
z520
37,1,1
z1730
35,1,1
z558
33,1,1
z433
32,1,1
/454
42,1,1
z1739
46,1,1
z739
36,1,1
/506
62,2,1
z465
48,1,1
z838
38,1,1
/425
59,2,1
z701
50,1,1
/438
0,0,0
z500
54,2,1
/431
62,2,1
/1850
53,2,1
/473
64,2,1
/1500
55,2,1
z663
33,1,1
/607
66,2,1
z1216
47,1,1
z496
46,1,1
z513
34,1,1
z902
51,2,1
z4113
57,2,1
z523
39,1,1
/1555
56,2,1
z505
37,1,1
/641
60,2,1
z456
31,1,1
z519
52,2,1
/366
68,2,1
z1164
45,1,1
z736
44,1,1
/1335
58,2,1
z440
35,1,1
z566
32,1,1
/2605
48,1,1
/523
70,2,1
/403
67,2,1
/332
69,2,1
/309
61,2,1
z1356
42,1,1
z492
36,1,1
z498
43,1,1
/799
59,2,1
z668
40,1,1
z611
38,1,1
z2087
49,1,1
/1558
50,1,1
/548
63,2,1
z544
41,1,1
/557
65,2,1
/529
0,0,0
/1610
48,1,1
z591
32,1,1
/842
51,2,1
/575
54,2,1
/679
61,2,1
z518
35,1,1
/602
41,1,1
/458
68,2,1
z547
40,1,1
/2161
47,1,1
z595
45,1,1
z961
37,1,1
z2581
49,1,1
/3521
55,2,1
z2301
46,1,1
/562
70,2,1
/425
63,2,1
z548
33,1,1
/1449
57,2,1
z469
43,1,1
/427
66,2,1
/535
64,2,1
/370
52,2,1
/412
60,2,1
z489
38,1,1
z3021
44,1,1
z562
39,1,1
/2345
50,1,1
z899
31,1,1
z1172
42,1,1
z557
36,1,1
/703
58,2,1
/436
69,2,1
z447
34,1,1
z1208
56,2,1
/549
62,2,1
z637
53,2,1
/488
65,2,1
/430
67,2,1
/1432
59,2,1
/537
0,0,0
/610
64,2,1
z1909
40,1,1
z784
37,1,1
/649
52,2,1
z2011
41,1,1
z525
31,1,1
z2515
46,1,1
/622
70,2,1
/549
62,2,1
/408
59,2,1
z476
33,1,1
/1961
53,2,1
/472
51,2,1
z444
43,1,1
/461
65,2,1
z525
34,1,1
/607
55,2,1
/645
49,1,1
z448
47,1,1
/495
48,1,1
/452
61,2,1
z672
39,1,1
/432
63,2,1
/408
69,2,1
z484
32,1,1
/1537
60,2,1
z760
44,1,1
/2330
54,2,1
/519
66,2,1
/2362
50,1,1
/587
67,2,1
/522
57,2,1
/411
42,1,1
/467
68,2,1
z484
36,1,1
/592
56,2,1
z512
35,1,1
/539
58,2,1
z516
45,1,1
/594
38,1,1
END
Start of error log
End of error log
