/home/cogsys/aging/dtpbsy/dt16tl38b /home/cogsys/aging/dtpbsy/dt16bcy114
/11789
0,0,0
z524
68,2,1
/474
70,2,1
/418
62,2,1
z445
44,1,1
/477
66,2,1
/607
69,2,1
z392
39,1,1
z500
32,1,1
/673
41,1,1
/478
55,2,1
z449
57,2,1
z588
35,1,1
/453
64,2,1
/509
54,2,1
z451
36,1,1
/525
61,2,1
z528
42,1,1
z424
47,1,1
z489
31,1,1
/749
38,1,1
/547
63,2,1
/617
48,1,1
/736
65,2,1
/572
58,2,1
/514
67,2,1
z479
37,1,1
/640
49,1,1
z482
33,1,1
z646
43,1,1
/1127
45,1,1
/808
50,1,1
/531
59,2,1
/849
56,2,1
/681
60,2,1
/1071
52,2,1
z494
40,1,1
z695
46,1,1
z458
34,1,1
/787
51,2,1
/1107
53,2,1
/5768
0,0,0
z502
32,1,1
/518
66,2,1
z489
43,1,1
/478
45,1,1
z560
31,1,1
/465
68,2,1
/428
64,2,1
z425
40,1,1
/509
60,2,1
/462
67,2,1
z423
41,1,1
/470
65,2,1
/449
58,2,1
z463
44,1,1
z465
35,1,1
/512
48,1,1
/951
56,2,1
/697
53,2,1
/692
50,1,1
z492
38,1,1
/601
47,1,1
/486
70,2,1
z462
39,1,1
z444
36,1,1
z437
49,1,1
/478
57,2,1
z576
34,1,1
/489
59,2,1
z606
37,1,1
z565
62,2,1
/482
54,2,1
z575
42,1,1
z708
46,1,1
z856
51,2,1
/629
55,2,1
/412
52,2,1
z434
33,1,1
/456
61,2,1
/534
63,2,1
/485
69,2,1
/650
0,0,0
/705
60,2,1
z618
46,1,1
z453
31,1,1
z489
39,1,1
/410
61,2,1
/577
49,1,1
z538
38,1,1
z373
33,1,1
/462
66,2,1
/391
69,2,1
z460
50,1,1
z422
44,1,1
/411
34,1,1
z830
48,1,1
z638
52,2,1
z568
47,1,1
/452
57,2,1
/436
68,2,1
/406
62,2,1
z444
32,1,1
/409
55,2,1
/509
59,2,1
z461
43,1,1
z492
41,1,1
/439
58,2,1
z522
67,2,1
/425
51,2,1
z461
36,1,1
/494
64,2,1
z574
35,1,1
z509
37,1,1
z546
42,1,1
/461
65,2,1
/388
70,2,1
/412
53,2,1
z613
40,1,1
/1677
45,1,1
/524
56,2,1
/739
63,2,1
/1108
54,2,1
/527
0,0,0
/562
55,2,1
z617
41,1,1
z416
37,1,1
/459
62,2,1
z528
45,1,1
z447
33,1,1
/483
67,2,1
/398
69,2,1
/559
50,1,1
/467
64,2,1
/395
60,2,1
/594
48,1,1
/544
66,2,1
z996
40,1,1
z415
35,1,1
z517
49,1,1
z705
52,2,1
z524
43,1,1
/416
58,2,1
/391
65,2,1
/446
61,2,1
z539
38,1,1
z398
34,1,1
/389
70,2,1
/360
57,2,1
/922
56,2,1
z711
31,1,1
/1424
59,2,1
/1457
47,1,1
z440
32,1,1
z503
39,1,1
z1076
53,2,1
z1056
44,1,1
z426
36,1,1
/455
68,2,1
z692
46,1,1
/469
63,2,1
/448
51,2,1
/500
54,2,1
z512
42,1,1
z515
0,0,0
/539
65,2,1
/456
63,2,1
/459
57,2,1
z538
33,1,1
z403
31,1,1
z459
38,1,1
/467
58,2,1
/530
41,1,1
z513
70,2,1
z1185
42,1,1
/504
66,2,1
z471
35,1,1
/1543
61,2,1
z723
39,1,1
z392
48,1,1
/545
37,1,1
/492
56,2,1
z519
32,1,1
z464
36,1,1
/510
64,2,1
/971
55,2,1
/469
49,1,1
z510
51,2,1
/524
52,2,1
/577
69,2,1
/939
50,1,1
z847
53,2,1
z595
44,1,1
/561
62,2,1
z554
46,1,1
z617
45,1,1
/512
68,2,1
z598
40,1,1
z1006
67,2,1
z1045
59,2,1
/1125
54,2,1
z893
47,1,1
z555
34,1,1
/472
60,2,1
/770
43,1,1
/441
0,0,0
z1344
42,1,1
/775
64,2,1
z536
58,2,1
/478
67,2,1
/1204
43,1,1
z575
54,2,1
z521
51,2,1
z496
32,1,1
/724
50,1,1
z552
31,1,1
/1239
49,1,1
z681
35,1,1
z419
37,1,1
/421
56,2,1
/478
61,2,1
z468
36,1,1
/741
47,1,1
/446
55,2,1
z530
39,1,1
/475
65,2,1
/641
53,2,1
z1173
45,1,1
/551
48,1,1
z1111
41,1,1
/634
68,2,1
/374
70,2,1
/943
46,1,1
z538
38,1,1
/670
62,2,1
/532
63,2,1
z886
44,1,1
z453
40,1,1
z583
34,1,1
/522
57,2,1
/487
66,2,1
/352
59,2,1
/387
60,2,1
/407
52,2,1
z437
33,1,1
/485
69,2,1
/491
0,0,0
z1197
51,2,1
/480
63,2,1
/749
56,2,1
/617
57,2,1
/503
70,2,1
/399
68,2,1
/518
69,2,1
z418
33,1,1
z409
39,1,1
z863
54,2,1
z469
43,1,1
z621
46,1,1
z949
45,1,1
z418
35,1,1
z517
37,1,1
z776
44,1,1
z862
50,1,1
z663
40,1,1
z857
47,1,1
z561
34,1,1
z414
42,1,1
/1046
49,1,1
z1500
48,1,1
/622
66,2,1
/693
55,2,1
/518
62,2,1
/430
61,2,1
/451
65,2,1
/433
64,2,1
z468
32,1,1
/921
60,2,1
z1013
58,2,1
z531
52,2,1
z815
36,1,1
z845
41,1,1
z477
31,1,1
/460
67,2,1
z1187
38,1,1
/665
53,2,1
/604
59,2,1
/568
0,0,0
z901
49,1,1
/485
65,2,1
/657
55,2,1
/730
63,2,1
z439
33,1,1
z620
47,1,1
/633
52,2,1
z565
46,1,1
z543
31,1,1
z559
35,1,1
/550
54,2,1
z847
41,1,1
/638
64,2,1
/479
53,2,1
/844
50,1,1
/559
56,2,1
/504
67,2,1
/370
61,2,1
/387
60,2,1
z440
34,1,1
z849
40,1,1
/583
59,2,1
/519
68,2,1
/885
43,1,1
z412
39,1,1
z374
42,1,1
/709
58,2,1
/728
62,2,1
z470
38,1,1
z437
70,2,1
/643
57,2,1
z477
36,1,1
z753
44,1,1
z601
32,1,1
/491
45,1,1
/1057
51,2,1
z465
37,1,1
z1545
48,1,1
/464
66,2,1
/408
69,2,1
/480
0,0,0
/858
44,1,1
z1604
49,1,1
z476
42,1,1
/495
58,2,1
z458
32,1,1
z1020
51,2,1
/620
63,2,1
z2434
53,2,1
/645
56,2,1
/749
52,2,1
/533
61,2,1
z491
37,1,1
/536
68,2,1
z544
31,1,1
z928
47,1,1
/541
65,2,1
z659
55,2,1
z582
36,1,1
/470
59,2,1
/452
64,2,1
z433
41,1,1
z520
34,1,1
z598
43,1,1
/579
50,1,1
z455
48,1,1
/523
60,2,1
/776
69,2,1
z466
40,1,1
z1292
46,1,1
z648
45,1,1
/512
39,1,1
/766
66,2,1
/574
57,2,1
/551
62,2,1
z442
33,1,1
/1264
54,2,1
z491
38,1,1
z476
35,1,1
/522
67,2,1
/431
70,2,1
/13597
0,0,0
z481
46,1,1
/1539
59,2,1
z555
48,1,1
z790
60,2,1
z612
44,1,1
z499
31,1,1
/442
69,2,1
z396
37,1,1
z534
39,1,1
z503
42,1,1
/402
58,2,1
/502
49,1,1
z546
36,1,1
z553
33,1,1
/446
65,2,1
/434
57,2,1
/399
66,2,1
/747
55,2,1
/495
50,1,1
/667
70,2,1
/952
43,1,1
/418
67,2,1
/494
56,2,1
/477
68,2,1
/415
62,2,1
/354
64,2,1
z540
32,1,1
z436
41,1,1
/954
53,2,1
z817
47,1,1
z1061
38,1,1
/489
63,2,1
z490
54,2,1
z473
35,1,1
/1044
61,2,1
z485
34,1,1
z1410
51,2,1
z571
40,1,1
/707
52,2,1
z946
45,1,1
z427
0,0,0
z455
50,1,1
z571
32,1,1
z449
35,1,1
z470
45,1,1
/385
60,2,1
z556
44,1,1
/810
47,1,1
z420
31,1,1
/625
58,2,1
/436
51,2,1
/467
53,2,1
z544
42,1,1
/672
61,2,1
z826
36,1,1
z635
39,1,1
/497
63,2,1
/405
67,2,1
/348
56,2,1
/1286
46,1,1
/479
64,2,1
/492
43,1,1
/1239
49,1,1
/419
68,2,1
/440
65,2,1
/1788
41,1,1
/513
48,1,1
/637
62,2,1
/438
66,2,1
/1041
59,2,1
z1248
40,1,1
z545
34,1,1
z458
37,1,1
/867
52,2,1
/854
57,2,1
/645
70,2,1
/953
54,2,1
z693
33,1,1
z513
38,1,1
/535
69,2,1
/495
55,2,1
/537
0,0,0
z1136
46,1,1
z417
37,1,1
/407
66,2,1
/406
57,2,1
/428
70,2,1
/452
68,2,1
/819
60,2,1
/607
49,1,1
z486
34,1,1
z544
36,1,1
/864
63,2,1
z538
41,1,1
/590
59,2,1
/449
62,2,1
z566
42,1,1
/619
65,2,1
/489
61,2,1
z578
40,1,1
z521
43,1,1
z613
32,1,1
/893
67,2,1
z566
35,1,1
/499
69,2,1
z1436
52,2,1
/1064
54,2,1
/439
58,2,1
z427
33,1,1
z599
44,1,1
/630
64,2,1
z989
56,2,1
/562
55,2,1
/860
50,1,1
/517
38,1,1
z1221
48,1,1
z424
51,2,1
/579
53,2,1
z492
31,1,1
z845
45,1,1
/651
47,1,1
z739
39,1,1
z526
0,0,0
/1455
59,2,1
z484
49,1,1
z542
38,1,1
z670
37,1,1
/714
50,1,1
/789
45,1,1
/1168
58,2,1
z517
34,1,1
/784
61,2,1
/597
65,2,1
/477
56,2,1
/678
51,2,1
/465
54,2,1
/1168
55,2,1
z591
39,1,1
z377
41,1,1
/611
63,2,1
/563
62,2,1
z536
35,1,1
/526
68,2,1
z1028
52,2,1
z558
47,1,1
z699
43,1,1
/533
70,2,1
z1791
40,1,1
z429
36,1,1
/480
67,2,1
/535
60,2,1
z497
48,1,1
z821
46,1,1
z575
44,1,1
z1012
42,1,1
/558
57,2,1
z574
31,1,1
z1708
53,2,1
/1357
64,2,1
/761
66,2,1
/470
69,2,1
z460
33,1,1
z554
32,1,1
z519
0,0,0
/1259
64,2,1
/697
66,2,1
/837
62,2,1
z561
35,1,1
/1051
65,2,1
/836
63,2,1
/792
67,2,1
z548
38,1,1
z1230
56,2,1
z511
39,1,1
z510
37,1,1
z929
50,1,1
/815
54,2,1
z585
42,1,1
z416
34,1,1
z1163
45,1,1
/598
69,2,1
/874
57,2,1
z559
48,1,1
z643
36,1,1
z906
51,2,1
z563
31,1,1
z519
33,1,1
z1631
58,2,1
z1703
47,1,1
/688
61,2,1
/492
68,2,1
z1865
46,1,1
z1105
40,1,1
/537
52,2,1
/1117
43,1,1
/975
49,1,1
/790
59,2,1
z460
32,1,1
/678
60,2,1
z629
41,1,1
z1124
44,1,1
/639
70,2,1
/1517
55,2,1
z1027
53,2,1
z539
0,0,0
z727
40,1,1
/1157
58,2,1
/633
60,2,1
/502
47,1,1
/491
55,2,1
/567
50,1,1
z510
33,1,1
z735
44,1,1
/594
68,2,1
z512
52,2,1
z465
37,1,1
z557
32,1,1
z527
38,1,1
/472
64,2,1
/498
66,2,1
/559
61,2,1
/838
53,2,1
/918
56,2,1
z707
46,1,1
z453
70,2,1
/504
67,2,1
z446
35,1,1
z423
31,1,1
/561
65,2,1
/503
62,2,1
/1889
59,2,1
/500
69,2,1
z386
48,1,1
z539
42,1,1
z747
51,2,1
z704
43,1,1
/819
63,2,1
z492
34,1,1
z632
36,1,1
z1011
45,1,1
/725
54,2,1
z955
49,1,1
z573
39,1,1
/901
57,2,1
z675
41,1,1
/47655
0,0,0
/641
68,2,1
z709
47,1,1
z471
36,1,1
z345
45,1,1
/491
59,2,1
/396
60,2,1
z413
35,1,1
z370
33,1,1
/417
70,2,1
z1308
41,1,1
/464
67,2,1
/406
49,1,1
z795
55,2,1
z665
39,1,1
z607
46,1,1
/440
69,2,1
/665
65,2,1
/424
57,2,1
/590
63,2,1
/1287
50,1,1
z421
32,1,1
/551
61,2,1
z512
34,1,1
z373
42,1,1
/545
52,2,1
z1738
53,2,1
z467
37,1,1
/653
51,2,1
/447
58,2,1
/452
64,2,1
z473
43,1,1
/481
66,2,1
/640
62,2,1
z996
56,2,1
/634
54,2,1
z585
38,1,1
z466
44,1,1
z898
48,1,1
z703
40,1,1
z485
31,1,1
z448
0,0,0
z447
36,1,1
z437
49,1,1
/2220
54,2,1
/598
64,2,1
/1469
60,2,1
z453
38,1,1
/594
58,2,1
z560
33,1,1
/715
56,2,1
/1144
48,1,1
/2475
53,2,1
/721
45,1,1
/705
70,2,1
/691
47,1,1
z652
43,1,1
/545
65,2,1
/1356
46,1,1
z538
32,1,1
/554
59,2,1
z595
37,1,1
/669
62,2,1
z399
35,1,1
z548
42,1,1
/464
66,2,1
z723
34,1,1
/559
67,2,1
/780
51,2,1
/846
41,1,1
/505
61,2,1
z579
39,1,1
/539
55,2,1
z1323
52,2,1
z896
40,1,1
/670
63,2,1
z494
31,1,1
/765
57,2,1
/883
50,1,1
z1869
44,1,1
/491
68,2,1
/441
69,2,1
/559
0,0,0
z471
34,1,1
z322
41,1,1
z348
31,1,1
/459
65,2,1
/350
70,2,1
/321
68,2,1
/303
55,2,1
z1207
51,2,1
/463
61,2,1
z1319
48,1,1
/499
50,1,1
z607
46,1,1
z626
36,1,1
/921
47,1,1
/563
66,2,1
z414
39,1,1
/490
67,2,1
/494
60,2,1
/546
58,2,1
/409
59,2,1
z407
32,1,1
z339
33,1,1
z367
38,1,1
/452
54,2,1
/526
63,2,1
/452
56,2,1
z940
49,1,1
/1709
69,2,1
z583
42,1,1
z977
44,1,1
z1566
45,1,1
/485
57,2,1
/842
53,2,1
z462
35,1,1
/1103
43,1,1
/666
62,2,1
z555
37,1,1
/509
64,2,1
z518
52,2,1
z662
40,1,1
/828
0,0,0
z617
45,1,1
/555
66,2,1
/843
61,2,1
z535
32,1,1
z523
31,1,1
z1093
35,1,1
z733
47,1,1
/958
50,1,1
z536
40,1,1
z391
38,1,1
z523
42,1,1
z575
39,1,1
/472
57,2,1
/655
46,1,1
/400
65,2,1
z405
34,1,1
/561
62,2,1
/460
64,2,1
/722
60,2,1
/353
63,2,1
/376
55,2,1
/428
53,2,1
z535
44,1,1
/876
43,1,1
/636
52,2,1
/511
69,2,1
z422
36,1,1
/1068
56,2,1
z656
37,1,1
z1747
54,2,1
/702
58,2,1
z2089
49,1,1
z638
48,1,1
z649
41,1,1
/1272
51,2,1
/683
59,2,1
/761
67,2,1
z575
33,1,1
/530
68,2,1
/499
70,2,1
/517
0,0,0
z526
44,1,1
z416
40,1,1
z446
34,1,1
z1290
47,1,1
/493
67,2,1
z737
43,1,1
z605
33,1,1
z667
46,1,1
/556
70,2,1
/368
65,2,1
z488
42,1,1
/500
64,2,1
/586
68,2,1
/1375
55,2,1
/1183
53,2,1
z501
32,1,1
/560
61,2,1
/570
60,2,1
z668
38,1,1
z590
37,1,1
/562
56,2,1
/1211
52,2,1
/506
58,2,1
/399
49,1,1
/398
59,2,1
z498
31,1,1
z1000
48,1,1
/565
66,2,1
z1743
57,2,1
/680
54,2,1
/607
63,2,1
z683
41,1,1
/598
62,2,1
z2247
39,1,1
z474
35,1,1
z431
36,1,1
/535
69,2,1
/955
45,1,1
/2145
50,1,1
/661
51,2,1
/509
0,0,0
/582
67,2,1
z485
38,1,1
/451
66,2,1
/451
52,2,1
/878
55,2,1
z412
34,1,1
z491
59,2,1
/577
56,2,1
/452
50,1,1
/646
48,1,1
z551
33,1,1
z423
41,1,1
z1692
49,1,1
/589
57,2,1
z753
45,1,1
/519
37,1,1
/460
69,2,1
z456
31,1,1
/539
70,2,1
/1009
61,2,1
z532
42,1,1
/725
63,2,1
/1394
47,1,1
/463
65,2,1
/1063
60,2,1
z687
36,1,1
z396
39,1,1
z1535
44,1,1
z1539
62,2,1
/932
58,2,1
z545
43,1,1
z1088
51,2,1
/537
68,2,1
z565
46,1,1
z534
35,1,1
z975
54,2,1
/816
53,2,1
z511
40,1,1
/725
64,2,1
z520
32,1,1
z1123
0,0,0
z616
40,1,1
z397
32,1,1
/689
53,2,1
/395
65,2,1
z642
43,1,1
z510
39,1,1
z437
37,1,1
z741
34,1,1
/497
62,2,1
/474
46,1,1
z456
35,1,1
z763
33,1,1
/458
52,2,1
/469
58,2,1
/424
49,1,1
/484
38,1,1
/668
64,2,1
z2628
61,2,1
/798
59,2,1
z1004
44,1,1
z558
31,1,1
/575
57,2,1
z1092
51,2,1
/1033
67,2,1
/842
66,2,1
/755
70,2,1
z1527
47,1,1
z656
36,1,1
/702
63,2,1
z560
41,1,1
z720
54,2,1
z625
50,1,1
z623
60,2,1
z454
45,1,1
/528
69,2,1
z649
48,1,1
/625
68,2,1
z778
42,1,1
z966
55,2,1
/1957
56,2,1
/27008
0,0,0
/1029
64,2,1
z446
39,1,1
z573
52,2,1
z391
42,1,1
/432
67,2,1
z583
33,1,1
/487
62,2,1
z1689
47,1,1
z540
51,2,1
z618
40,1,1
z581
54,2,1
z504
34,1,1
z586
37,1,1
z443
35,1,1
/568
66,2,1
/454
65,2,1
/434
59,2,1
/599
61,2,1
z588
38,1,1
z641
44,1,1
z510
45,1,1
z449
41,1,1
/618
70,2,1
/539
68,2,1
z532
36,1,1
/980
56,2,1
z514
48,1,1
z1177
60,2,1
/601
69,2,1
z603
49,1,1
/367
63,2,1
z516
31,1,1
z899
46,1,1
z441
43,1,1
z373
32,1,1
z1827
50,1,1
/1382
53,2,1
/668
55,2,1
/580
57,2,1
/458
58,2,1
/964
0,0,0
z449
50,1,1
z1595
61,2,1
/488
54,2,1
z978
31,1,1
/547
55,2,1
z499
35,1,1
z695
40,1,1
z681
38,1,1
z666
42,1,1
/919
59,2,1
/698
56,2,1
z566
34,1,1
/504
68,2,1
/470
63,2,1
z537
45,1,1
z839
44,1,1
/473
70,2,1
z473
32,1,1
z752
36,1,1
/518
62,2,1
z404
37,1,1
z918
43,1,1
/755
51,2,1
z752
46,1,1
z576
47,1,1
z695
33,1,1
z3076
48,1,1
/566
69,2,1
/488
64,2,1
/510
65,2,1
/2501
52,2,1
/1087
58,2,1
/937
49,1,1
z2299
57,2,1
z2836
53,2,1
/553
66,2,1
/710
67,2,1
z867
41,1,1
z1862
60,2,1
z618
39,1,1
/28727
0,0,0
z517
41,1,1
z340
42,1,1
z284
31,1,1
/497
60,2,1
z608
53,2,1
z451
50,1,1
/487
69,2,1
/606
64,2,1
z415
37,1,1
z373
38,1,1
z412
36,1,1
/414
67,2,1
/608
47,1,1
/503
54,2,1
/333
56,2,1
z510
34,1,1
/972
48,1,1
z516
35,1,1
/435
70,2,1
/428
51,2,1
/409
65,2,1
/593
52,2,1
z649
43,1,1
z359
33,1,1
/459
62,2,1
/416
66,2,1
/426
59,2,1
z958
49,1,1
z526
32,1,1
/456
68,2,1
z541
45,1,1
/414
55,2,1
z668
44,1,1
z572
39,1,1
/557
63,2,1
/361
46,1,1
/463
58,2,1
/520
57,2,1
z594
40,1,1
/479
61,2,1
/583
0,0,0
z472
34,1,1
z527
40,1,1
z548
33,1,1
/488
58,2,1
z467
35,1,1
/516
60,2,1
z1286
50,1,1
/1009
61,2,1
/390
66,2,1
z1578
54,2,1
z548
51,2,1
/864
63,2,1
/477
62,2,1
z602
38,1,1
/605
64,2,1
/524
70,2,1
z669
48,1,1
z701
46,1,1
/623
57,2,1
/444
59,2,1
/497
65,2,1
/1489
55,2,1
z654
53,2,1
/511
67,2,1
z791
44,1,1
z782
41,1,1
z540
32,1,1
/529
49,1,1
z692
39,1,1
/1302
43,1,1
z564
36,1,1
z649
45,1,1
/482
68,2,1
/359
69,2,1
z1175
42,1,1
z465
47,1,1
z539
56,2,1
z572
37,1,1
z808
52,2,1
z490
31,1,1
z470
0,0,0
/639
61,2,1
z409
37,1,1
z386
43,1,1
z860
52,2,1
z367
34,1,1
z394
40,1,1
/386
69,2,1
z431
42,1,1
/439
51,2,1
z380
32,1,1
/384
66,2,1
z404
59,2,1
z855
60,2,1
z525
35,1,1
z484
48,1,1
z622
58,2,1
/428
63,2,1
z527
54,2,1
z461
33,1,1
/372
64,2,1
z611
46,1,1
/452
57,2,1
z474
49,1,1
z404
31,1,1
/416
62,2,1
/488
67,2,1
z491
47,1,1
/491
55,2,1
/641
65,2,1
/602
70,2,1
z618
53,2,1
z733
38,1,1
z444
36,1,1
z410
39,1,1
/517
68,2,1
/442
45,1,1
z794
44,1,1
z486
41,1,1
z410
50,1,1
/453
56,2,1
/624
0,0,0
/708
64,2,1
/453
57,2,1
z470
32,1,1
z501
42,1,1
z376
49,1,1
/430
50,1,1
z641
39,1,1
z520
34,1,1
/390
69,2,1
/324
68,2,1
/346
51,2,1
/1158
45,1,1
/423
65,2,1
z611
38,1,1
/484
60,2,1
/620
53,2,1
/483
55,2,1
z412
31,1,1
/458
46,1,1
z415
56,2,1
z586
43,1,1
/559
47,1,1
z568
41,1,1
/439
70,2,1
/396
62,2,1
/488
54,2,1
/617
58,2,1
z536
33,1,1
/534
63,2,1
/554
66,2,1
/574
59,2,1
/418
48,1,1
/1038
61,2,1
z470
36,1,1
z438
44,1,1
z556
35,1,1
z460
37,1,1
z461
40,1,1
/558
52,2,1
/477
67,2,1
/8484
0,0,0
z523
48,1,1
z312
32,1,1
z824
58,2,1
z396
37,1,1
/466
69,2,1
/403
60,2,1
/364
68,2,1
z446
38,1,1
z1477
50,1,1
z453
67,2,1
z527
47,1,1
/367
66,2,1
z405
40,1,1
/470
62,2,1
/380
59,2,1
z424
33,1,1
z507
45,1,1
z450
34,1,1
z527
43,1,1
z467
36,1,1
/558
49,1,1
z658
44,1,1
z724
39,1,1
/469
56,2,1
/381
64,2,1
/826
53,2,1
/906
57,2,1
z1391
52,2,1
z479
41,1,1
z1291
46,1,1
/398
63,2,1
z444
35,1,1
z553
31,1,1
z522
42,1,1
/548
54,2,1
/442
65,2,1
/403
61,2,1
/395
70,2,1
/885
55,2,1
/489
51,2,1
/533
0,0,0
/764
53,2,1
z475
36,1,1
/461
63,2,1
/693
50,1,1
/400
65,2,1
z857
43,1,1
z544
44,1,1
/657
55,2,1
z467
37,1,1
z398
42,1,1
z578
39,1,1
/587
46,1,1
z463
40,1,1
/700
57,2,1
/603
54,2,1
z500
67,2,1
/428
61,2,1
/405
56,2,1
z472
38,1,1
z298
49,1,1
/530
59,2,1
z636
41,1,1
z1025
45,1,1
z917
51,2,1
z676
34,1,1
/671
60,2,1
/424
68,2,1
/486
58,2,1
z451
33,1,1
/447
64,2,1
z1104
48,1,1
/548
70,2,1
z624
35,1,1
z527
32,1,1
z674
31,1,1
/549
62,2,1
/838
52,2,1
/504
66,2,1
/465
69,2,1
z490
47,1,1
END
Start of error log
End of error log
