/home/cogsys/aging/dtpbsy/dt16tl45b /home/cogsys/aging/dtpbsy/dt16bcy126
/7332
0,0,0
z1276
43,1,1
z1466
55,2,1
z3207
50,1,1
/2512
67,2,1
/1543
68,2,1
z2075
44,1,1
z1962
36,1,1
/1487
63,2,1
z1039
41,1,1
z2452
54,2,1
z1054
47,1,1
/1119
62,2,1
z892
31,1,1
z1284
42,1,1
/1117
65,2,1
z1283
38,1,1
z1648
40,1,1
/1314
60,2,1
/1466
61,2,1
/1818
59,2,1
z1430
37,1,1
z1723
53,2,1
z1652
58,2,1
z1448
51,2,1
z1545
33,1,1
/1550
66,2,1
z1431
52,2,1
/1470
57,2,1
/1267
70,2,1
z1089
45,1,1
z1594
46,1,1
z1121
34,1,1
z2396
39,1,1
z1341
32,1,1
z1484
56,2,1
/1166
69,2,1
z1499
49,1,1
/1508
64,2,1
z1535
35,1,1
z1588
48,1,1
z11792
0,0,0
z2127
35,1,1
z1610
40,1,1
/1391
60,2,1
z1920
37,1,1
/1680
58,2,1
/1872
59,2,1
/1620
70,2,1
z1111
48,1,1
z910
38,1,1
z672
31,1,1
/852
68,2,1
/1483
52,2,1
/2781
45,1,1
/841
47,1,1
/701
65,2,1
/951
67,2,1
z730
39,1,1
z767
41,1,1
/813
61,2,1
z1114
34,1,1
z807
33,1,1
z745
51,2,1
/784
64,2,1
z1227
32,1,1
/906
63,2,1
z697
54,2,1
z658
44,1,1
z682
46,1,1
/1448
56,2,1
z727
36,1,1
/577
66,2,1
/1197
49,1,1
/568
62,2,1
z752
42,1,1
z771
53,2,1
z814
50,1,1
z677
43,1,1
/728
69,2,1
/1090
57,2,1
z835
55,2,1
/2359
0,0,0
z1093
49,1,1
/1273
65,2,1
z709
38,1,1
/770
69,2,1
/1213
59,2,1
/926
70,2,1
z691
45,1,1
/1382
55,2,1
z811
42,1,1
/1178
56,2,1
z951
51,2,1
z945
58,2,1
z864
34,1,1
/1161
63,2,1
z1008
52,2,1
z1045
46,1,1
z1043
64,2,1
z659
47,1,1
z818
43,1,1
/1270
62,2,1
z819
39,1,1
z905
40,1,1
/1020
60,2,1
z833
44,1,1
z937
41,1,1
z898
32,1,1
z737
50,1,1
/869
57,2,1
z1085
33,1,1
/1611
66,2,1
z844
36,1,1
/1458
67,2,1
/1469
54,2,1
/902
68,2,1
z715
48,1,1
/1186
53,2,1
z804
35,1,1
/846
61,2,1
z663
37,1,1
z761
31,1,1
/872
0,0,0
/1630
55,2,1
z743
31,1,1
z887
46,1,1
/891
69,2,1
z600
35,1,1
z1451
53,2,1
z762
39,1,1
/1017
65,2,1
z473
38,1,1
z783
42,1,1
/742
70,2,1
/899
66,2,1
z704
54,2,1
z709
40,1,1
z601
34,1,1
z680
32,1,1
z737
48,1,1
/1202
62,2,1
z1364
50,1,1
z702
37,1,1
z946
57,2,1
/741
60,2,1
z743
36,1,1
z560
33,1,1
z507
51,2,1
z481
45,1,1
z585
49,1,1
z833
41,1,1
/649
61,2,1
/788
59,2,1
z1401
47,1,1
z540
43,1,1
z2277
44,1,1
/524
56,2,1
/774
63,2,1
/1372
58,2,1
/2321
52,2,1
/1183
64,2,1
/1037
68,2,1
/1281
67,2,1
/1005
0,0,0
z822
37,1,1
z3560
40,1,1
z1075
35,1,1
z1205
42,1,1
z1496
48,1,1
z1336
43,1,1
z1860
44,1,1
/1098
70,2,1
z1045
38,1,1
z1157
47,1,1
/1027
67,2,1
/2040
58,2,1
/1680
55,2,1
/2692
65,2,1
z1332
32,1,1
/1279
56,2,1
/1038
68,2,1
/973
60,2,1
z1305
59,2,1
/987
69,2,1
z891
33,1,1
/2139
57,2,1
z1173
52,2,1
z1074
39,1,1
/1362
51,2,1
/1401
62,2,1
/1299
63,2,1
z721
34,1,1
z1318
54,2,1
z1059
49,1,1
z1003
31,1,1
z906
45,1,1
z2474
50,1,1
/851
66,2,1
z834
36,1,1
z973
41,1,1
/940
61,2,1
/958
64,2,1
z718
46,1,1
/738
53,2,1
/832
0,0,0
z642
35,1,1
/822
52,2,1
/1245
54,2,1
/735
66,2,1
z682
49,1,1
z559
41,1,1
/691
67,2,1
/760
69,2,1
z592
43,1,1
/623
56,2,1
z514
33,1,1
z645
45,1,1
/1390
57,2,1
z568
39,1,1
/480
64,2,1
/1404
55,2,1
/634
48,1,1
z3091
60,2,1
z1464
61,2,1
/1981
68,2,1
z775
31,1,1
z833
38,1,1
z1003
40,1,1
z971
53,2,1
z1002
34,1,1
z4416
58,2,1
z1003
37,1,1
/757
59,2,1
z1262
47,1,1
/811
62,2,1
z745
32,1,1
/592
65,2,1
z729
36,1,1
z743
51,2,1
z1056
46,1,1
/637
70,2,1
z839
50,1,1
/2667
63,2,1
z716
42,1,1
/951
44,1,1
/883
0,0,0
z821
58,2,1
z551
32,1,1
z527
33,1,1
z1918
48,1,1
z463
40,1,1
/1613
57,2,1
/549
61,2,1
/520
60,2,1
/563
64,2,1
/616
56,2,1
z678
46,1,1
/573
66,2,1
z542
42,1,1
z1113
49,1,1
z561
37,1,1
z2142
50,1,1
z440
41,1,1
z450
36,1,1
/635
52,2,1
/788
65,2,1
/2172
51,2,1
/658
63,2,1
/828
69,2,1
/853
53,2,1
/896
67,2,1
z718
34,1,1
z825
38,1,1
z635
39,1,1
/768
59,2,1
/786
70,2,1
/1209
62,2,1
z573
44,1,1
/783
68,2,1
z664
31,1,1
z836
47,1,1
z596
35,1,1
/572
54,2,1
z532
45,1,1
z495
43,1,1
/511
55,2,1
/572
0,0,0
/1639
51,2,1
z567
37,1,1
/518
68,2,1
/595
55,2,1
z501
31,1,1
/606
48,1,1
/605
64,2,1
/497
66,2,1
/759
50,1,1
z465
60,2,1
/505
58,2,1
/580
69,2,1
z439
43,1,1
z454
33,1,1
z426
34,1,1
/453
70,2,1
/1383
52,2,1
z425
41,1,1
z1200
35,1,1
/528
61,2,1
z621
46,1,1
/630
62,2,1
/993
53,2,1
/1017
47,1,1
z937
42,1,1
z624
44,1,1
/444
67,2,1
z728
40,1,1
/567
59,2,1
z465
54,2,1
z462
32,1,1
/608
45,1,1
/598
56,2,1
z480
36,1,1
/513
57,2,1
z545
39,1,1
/578
63,2,1
z479
38,1,1
/504
65,2,1
z423
49,1,1
z432
0,0,0
/482
69,2,1
/496
70,2,1
z1469
61,2,1
z680
57,2,1
/607
67,2,1
z431
44,1,1
z477
37,1,1
z443
50,1,1
z545
35,1,1
/583
58,2,1
z436
39,1,1
/659
60,2,1
z384
38,1,1
/521
56,2,1
z474
40,1,1
/506
55,2,1
z433
36,1,1
/489
68,2,1
z487
49,1,1
z549
45,1,1
z714
51,2,1
z479
43,1,1
/888
63,2,1
/684
66,2,1
z528
41,1,1
/648
65,2,1
z486
31,1,1
/629
62,2,1
/750
46,1,1
/634
59,2,1
z693
52,2,1
z539
47,1,1
z542
42,1,1
z489
33,1,1
z496
32,1,1
z446
64,2,1
/475
54,2,1
z495
34,1,1
/578
48,1,1
z557
53,2,1
z624
0,0,0
/720
57,2,1
z634
47,1,1
z601
48,1,1
/772
61,2,1
/608
68,2,1
z598
40,1,1
z581
35,1,1
z551
43,1,1
/630
70,2,1
z753
54,2,1
z914
36,1,1
z680
33,1,1
/1426
53,2,1
z614
31,1,1
/572
63,2,1
z510
37,1,1
/622
65,2,1
z606
52,2,1
/488
62,2,1
z669
49,1,1
z586
38,1,1
/486
59,2,1
z564
46,1,1
/708
41,1,1
z583
44,1,1
z920
55,2,1
/640
58,2,1
z483
32,1,1
z1531
50,1,1
/629
56,2,1
z464
39,1,1
z526
42,1,1
z500
34,1,1
/580
69,2,1
z761
51,2,1
/1036
64,2,1
z575
60,2,1
/656
66,2,1
z563
45,1,1
/1105
67,2,1
/612
0,0,0
/2862
68,2,1
/763
66,2,1
z606
37,1,1
z808
62,2,1
/966
52,2,1
z576
48,1,1
z590
43,1,1
/584
58,2,1
z517
34,1,1
/576
61,2,1
z559
57,2,1
z506
35,1,1
/792
65,2,1
/710
67,2,1
/684
69,2,1
z623
56,2,1
z962
54,2,1
z549
39,1,1
z548
47,1,1
z516
55,2,1
z723
49,1,1
z498
41,1,1
z1205
45,1,1
z573
36,1,1
z477
44,1,1
z475
33,1,1
z474
38,1,1
z724
42,1,1
z546
32,1,1
/486
53,2,1
/496
70,2,1
z1272
46,1,1
/3248
60,2,1
z623
31,1,1
/663
59,2,1
z768
50,1,1
/1176
63,2,1
/613
64,2,1
z569
51,2,1
z893
40,1,1
z629
0,0,0
z804
46,1,1
/751
58,2,1
z546
38,1,1
/603
56,2,1
/538
69,2,1
z1361
53,2,1
z801
55,2,1
z517
41,1,1
z809
45,1,1
/587
60,2,1
z1349
54,2,1
/798
61,2,1
z604
42,1,1
z660
36,1,1
/661
67,2,1
z850
52,2,1
z724
50,1,1
z640
44,1,1
z612
31,1,1
z696
35,1,1
/844
65,2,1
z656
48,1,1
/611
64,2,1
z611
39,1,1
/1109
59,2,1
/565
66,2,1
z585
33,1,1
/632
62,2,1
z1493
51,2,1
/465
70,2,1
z464
32,1,1
z699
37,1,1
/678
47,1,1
z476
34,1,1
/556
68,2,1
z481
43,1,1
z628
40,1,1
/676
57,2,1
/583
63,2,1
z534
49,1,1
z524
0,0,0
/737
56,2,1
/529
60,2,1
z520
33,1,1
/542
63,2,1
z588
45,1,1
/470
70,2,1
/550
69,2,1
/796
61,2,1
/1219
58,2,1
z513
43,1,1
z936
50,1,1
z504
41,1,1
z523
48,1,1
/488
64,2,1
z584
51,2,1
z900
55,2,1
/469
65,2,1
z406
32,1,1
z444
31,1,1
z460
35,1,1
z632
44,1,1
/471
52,2,1
z387
49,1,1
/424
62,2,1
/720
67,2,1
/566
68,2,1
z479
39,1,1
z677
54,2,1
z565
40,1,1
z449
38,1,1
/563
53,2,1
/725
57,2,1
z577
46,1,1
z511
42,1,1
z481
34,1,1
/459
66,2,1
z457
36,1,1
/678
59,2,1
z880
47,1,1
z510
37,1,1
z840
0,0,0
/498
70,2,1
z408
51,2,1
z414
34,1,1
/551
67,2,1
z505
46,1,1
z479
55,2,1
z879
56,2,1
z456
37,1,1
/510
59,2,1
z442
43,1,1
z603
53,2,1
z436
50,1,1
z609
54,2,1
z581
58,2,1
/1345
65,2,1
z614
40,1,1
z515
36,1,1
/518
62,2,1
/536
68,2,1
z428
41,1,1
z756
49,1,1
z482
38,1,1
z516
48,1,1
z497
31,1,1
z625
42,1,1
/615
63,2,1
/809
64,2,1
z476
44,1,1
z585
35,1,1
/584
61,2,1
z564
39,1,1
/583
66,2,1
z870
45,1,1
z515
57,2,1
z600
33,1,1
z641
52,2,1
z604
60,2,1
/554
69,2,1
z490
32,1,1
z654
47,1,1
z601
0,0,0
z517
34,1,1
/1188
56,2,1
/608
59,2,1
/943
66,2,1
/558
67,2,1
z527
43,1,1
/804
58,2,1
z604
33,1,1
/567
64,2,1
z511
51,2,1
z633
39,1,1
z498
49,1,1
z492
42,1,1
z804
57,2,1
z601
55,2,1
/514
61,2,1
/625
60,2,1
z556
41,1,1
z587
37,1,1
z1489
50,1,1
z492
36,1,1
z467
35,1,1
z470
47,1,1
/863
62,2,1
/923
46,1,1
z456
38,1,1
z761
48,1,1
/966
54,2,1
/560
65,2,1
z564
44,1,1
z577
45,1,1
/513
63,2,1
z429
32,1,1
z496
40,1,1
/634
52,2,1
/570
69,2,1
z423
53,2,1
/448
70,2,1
/497
68,2,1
z430
31,1,1
z432
0,0,0
z727
57,2,1
/540
65,2,1
z414
43,1,1
z472
32,1,1
z2296
59,2,1
/471
70,2,1
z3444
55,2,1
/519
68,2,1
z480
48,1,1
/622
66,2,1
z449
33,1,1
z473
34,1,1
z2140
63,2,1
z485
39,1,1
z415
35,1,1
/1647
60,2,1
/559
67,2,1
z753
56,2,1
/527
62,2,1
z511
46,1,1
z497
51,2,1
z413
38,1,1
z2880
41,1,1
z663
36,1,1
z445
50,1,1
z414
40,1,1
z852
49,1,1
z409
31,1,1
/474
69,2,1
/586
61,2,1
z628
42,1,1
/848
58,2,1
z483
47,1,1
z576
52,2,1
z435
37,1,1
z425
53,2,1
z1593
44,1,1
z631
45,1,1
/767
54,2,1
/721
64,2,1
z412
0,0,0
z588
32,1,1
/476
70,2,1
z729
31,1,1
/650
58,2,1
z563
52,2,1
z586
36,1,1
z669
50,1,1
z532
39,1,1
/631
69,2,1
z655
55,2,1
/523
61,2,1
z566
41,1,1
z641
42,1,1
z667
43,1,1
/513
67,2,1
z542
38,1,1
z656
37,1,1
/499
65,2,1
/746
54,2,1
/642
59,2,1
/792
60,2,1
/824
48,1,1
/596
62,2,1
z524
40,1,1
z599
33,1,1
/690
51,2,1
z524
35,1,1
/558
63,2,1
z1533
57,2,1
z652
49,1,1
z554
45,1,1
/634
66,2,1
z652
46,1,1
z632
44,1,1
z569
47,1,1
z1083
56,2,1
z854
53,2,1
z525
34,1,1
/671
64,2,1
/529
68,2,1
/563
0,0,0
z609
48,1,1
/562
66,2,1
z677
44,1,1
z557
37,1,1
z630
35,1,1
z725
57,2,1
z480
52,2,1
z1992
61,2,1
/528
68,2,1
z553
67,2,1
/624
64,2,1
z516
54,2,1
/913
63,2,1
/500
69,2,1
z539
55,2,1
/709
65,2,1
z806
43,1,1
z606
47,1,1
/893
51,2,1
z403
45,1,1
z457
34,1,1
z439
39,1,1
z733
70,2,1
/749
56,2,1
z492
49,1,1
z510
38,1,1
z631
36,1,1
z741
50,1,1
/717
62,2,1
z456
33,1,1
z503
40,1,1
z447
32,1,1
z496
42,1,1
/462
60,2,1
z633
41,1,1
/534
58,2,1
/577
59,2,1
z463
31,1,1
/1156
53,2,1
/489
46,1,1
/563
0,0,0
/589
66,2,1
z475
47,1,1
/715
60,2,1
/644
65,2,1
z481
36,1,1
/472
69,2,1
z555
48,1,1
z661
56,2,1
z444
43,1,1
z479
31,1,1
/581
58,2,1
z400
46,1,1
/1329
53,2,1
/804
44,1,1
/624
68,2,1
z463
42,1,1
z550
63,2,1
z462
45,1,1
z398
54,2,1
z381
51,2,1
z420
50,1,1
/657
59,2,1
z549
39,1,1
z600
57,2,1
z437
41,1,1
/771
62,2,1
z447
38,1,1
z541
40,1,1
/429
67,2,1
z395
35,1,1
/366
64,2,1
/481
61,2,1
z415
32,1,1
z1180
49,1,1
/409
52,2,1
z474
34,1,1
z406
33,1,1
z465
37,1,1
/525
55,2,1
/475
70,2,1
/583
0,0,0
/767
62,2,1
z679
38,1,1
z433
32,1,1
z510
33,1,1
/508
64,2,1
z714
54,2,1
z396
46,1,1
z1250
57,2,1
z426
42,1,1
z412
37,1,1
z395
34,1,1
z416
49,1,1
z403
35,1,1
z399
31,1,1
/594
67,2,1
/441
68,2,1
/387
70,2,1
/327
60,2,1
z435
36,1,1
z471
52,2,1
/607
61,2,1
z695
39,1,1
/854
69,2,1
z1999
53,2,1
/691
66,2,1
z571
44,1,1
z1675
56,2,1
/939
63,2,1
z560
58,2,1
z564
48,1,1
z528
45,1,1
z475
40,1,1
z661
50,1,1
z536
65,2,1
z514
43,1,1
z473
59,2,1
/789
47,1,1
z449
51,2,1
z793
41,1,1
z1441
55,2,1
z621
0,0,0
/734
50,1,1
z520
34,1,1
/412
68,2,1
z500
33,1,1
z633
47,1,1
z575
42,1,1
z492
37,1,1
z513
49,1,1
/599
54,2,1
z474
32,1,1
z550
43,1,1
/1001
53,2,1
/509
61,2,1
/1215
51,2,1
/641
70,2,1
/674
56,2,1
z468
40,1,1
z555
46,1,1
/580
64,2,1
z485
45,1,1
z498
48,1,1
/498
69,2,1
/622
67,2,1
z429
39,1,1
/482
63,2,1
z558
58,2,1
z409
41,1,1
z420
31,1,1
/429
57,2,1
z476
38,1,1
/356
55,2,1
/482
59,2,1
/444
52,2,1
z425
35,1,1
z440
36,1,1
z409
44,1,1
/435
62,2,1
/456
65,2,1
/638
60,2,1
/800
66,2,1
/511
0,0,0
z541
32,1,1
z635
53,2,1
/487
69,2,1
/854
64,2,1
/547
67,2,1
z409
39,1,1
z561
55,2,1
z390
45,1,1
/883
66,2,1
z331
36,1,1
z525
40,1,1
z440
49,1,1
/546
63,2,1
z418
48,1,1
z442
37,1,1
/458
62,2,1
z826
54,2,1
z717
35,1,1
/894
59,2,1
z612
50,1,1
z430
47,1,1
z476
44,1,1
/449
70,2,1
/590
60,2,1
/447
68,2,1
z449
42,1,1
/512
65,2,1
z463
52,2,1
z438
31,1,1
/454
61,2,1
z442
41,1,1
z425
33,1,1
z420
38,1,1
/527
56,2,1
z455
34,1,1
/985
51,2,1
/439
57,2,1
z536
43,1,1
/585
58,2,1
z383
46,1,1
z495
0,0,0
z634
41,1,1
/747
58,2,1
/521
61,2,1
z466
47,1,1
/1751
63,2,1
z462
45,1,1
z551
53,2,1
z466
32,1,1
z459
43,1,1
z479
42,1,1
/589
65,2,1
z476
44,1,1
z459
36,1,1
z410
39,1,1
z658
38,1,1
z388
31,1,1
/432
57,2,1
z417
37,1,1
/631
52,2,1
z395
46,1,1
z507
51,2,1
z433
34,1,1
/545
50,1,1
z1540
33,1,1
z1813
59,2,1
/1419
66,2,1
z934
40,1,1
z441
48,1,1
/518
67,2,1
/488
70,2,1
/487
64,2,1
z460
55,2,1
/494
62,2,1
z421
35,1,1
/530
68,2,1
z432
56,2,1
/540
69,2,1
z1291
60,2,1
z411
49,1,1
z481
54,2,1
z434
0,0,0
/1515
61,2,1
z416
36,1,1
/493
64,2,1
/515
66,2,1
z435
35,1,1
/434
60,2,1
z676
49,1,1
z377
38,1,1
z409
41,1,1
z400
53,2,1
/465
59,2,1
z402
47,1,1
z468
37,1,1
z391
44,1,1
z367
42,1,1
z389
43,1,1
/433
68,2,1
/504
67,2,1
z395
70,2,1
/326
52,2,1
z429
54,2,1
z409
32,1,1
z432
50,1,1
/475
55,2,1
/554
65,2,1
z379
40,1,1
z497
48,1,1
z434
45,1,1
z460
51,2,1
z462
31,1,1
z534
56,2,1
/399
58,2,1
/444
69,2,1
z397
33,1,1
/364
62,2,1
z372
34,1,1
/430
57,2,1
/799
63,2,1
z441
46,1,1
z491
39,1,1
z467
0,0,0
/6212
59,2,1
z547
32,1,1
/523
58,2,1
z849
53,2,1
z427
52,2,1
z481
49,1,1
z434
31,1,1
z446
35,1,1
/472
64,2,1
/946
61,2,1
z472
51,2,1
z470
33,1,1
z425
38,1,1
z379
47,1,1
z413
39,1,1
z468
40,1,1
z554
41,1,1
/616
66,2,1
/601
46,1,1
z475
42,1,1
z419
34,1,1
/483
65,2,1
/515
70,2,1
/605
68,2,1
z856
50,1,1
/508
60,2,1
z393
45,1,1
/451
69,2,1
z436
63,2,1
z572
55,2,1
z403
44,1,1
z479
57,2,1
z1004
54,2,1
z502
56,2,1
z426
36,1,1
/977
67,2,1
/537
48,1,1
z405
43,1,1
/647
62,2,1
z335
37,1,1
z365
0,0,0
z476
32,1,1
z484
38,1,1
z394
46,1,1
/555
51,2,1
/519
55,2,1
/463
69,2,1
z583
58,2,1
z504
43,1,1
/445
65,2,1
z453
52,2,1
/455
68,2,1
z369
41,1,1
/550
57,2,1
z385
62,2,1
z490
49,1,1
/510
63,2,1
z1027
66,2,1
/502
70,2,1
z435
54,2,1
z417
59,2,1
z391
34,1,1
z468
45,1,1
/495
61,2,1
z397
37,1,1
z398
50,1,1
z361
33,1,1
z482
48,1,1
z387
40,1,1
/605
53,2,1
/467
60,2,1
/665
64,2,1
/701
56,2,1
z441
39,1,1
z588
44,1,1
z390
31,1,1
/474
67,2,1
z353
36,1,1
z419
35,1,1
z557
42,1,1
z401
47,1,1
z466
0,0,0
z538
37,1,1
/515
70,2,1
z465
40,1,1
/395
66,2,1
z368
32,1,1
z366
35,1,1
z376
34,1,1
z812
54,2,1
z425
42,1,1
z387
50,1,1
/1263
62,2,1
z352
41,1,1
z616
44,1,1
/561
61,2,1
/733
63,2,1
z442
57,2,1
z403
36,1,1
/557
59,2,1
/634
64,2,1
z390
33,1,1
/516
67,2,1
z819
47,1,1
z447
39,1,1
z437
55,2,1
/1123
65,2,1
z459
49,1,1
/578
68,2,1
z391
45,1,1
z624
56,2,1
z402
43,1,1
z430
46,1,1
z426
48,1,1
z443
38,1,1
z1083
60,2,1
/623
51,2,1
z436
52,2,1
/631
53,2,1
/545
58,2,1
/506
69,2,1
z374
31,1,1
z366
0,0,0
z386
36,1,1
z374
35,1,1
/694
61,2,1
z336
33,1,1
z359
48,1,1
z570
57,2,1
z609
52,2,1
/518
69,2,1
z333
45,1,1
z737
64,2,1
z400
40,1,1
z331
32,1,1
z337
31,1,1
z364
50,1,1
/497
65,2,1
z369
43,1,1
z369
39,1,1
/522
62,2,1
/678
55,2,1
z400
34,1,1
z500
41,1,1
/557
58,2,1
/489
70,2,1
z340
53,2,1
/499
67,2,1
/475
68,2,1
z489
60,2,1
z400
56,2,1
/466
66,2,1
z880
63,2,1
z360
38,1,1
z356
37,1,1
z453
46,1,1
z411
54,2,1
z358
42,1,1
z402
51,2,1
z419
49,1,1
z464
44,1,1
z414
47,1,1
z801
59,2,1
z389
0,0,0
z399
52,2,1
z397
40,1,1
z400
47,1,1
z490
39,1,1
z656
67,2,1
/911
54,2,1
/489
70,2,1
/507
61,2,1
z370
32,1,1
/505
63,2,1
z346
34,1,1
z375
46,1,1
/526
68,2,1
z320
38,1,1
z573
51,2,1
/555
65,2,1
/508
66,2,1
z531
36,1,1
z446
35,1,1
z355
33,1,1
z629
57,2,1
z390
45,1,1
z380
31,1,1
z367
37,1,1
z660
41,1,1
z393
48,1,1
/626
64,2,1
z463
49,1,1
/481
62,2,1
z468
55,2,1
/520
69,2,1
z1387
58,2,1
/800
53,2,1
z395
43,1,1
/931
59,2,1
/653
60,2,1
z597
42,1,1
z358
44,1,1
z1054
56,2,1
z536
50,1,1
z409
0,0,0
/785
56,2,1
/797
57,2,1
z928
32,1,1
/556
65,2,1
z477
53,2,1
/386
64,2,1
z426
38,1,1
/462
45,1,1
z489
36,1,1
/460
52,2,1
z533
59,2,1
/382
70,2,1
z799
41,1,1
z434
49,1,1
z507
50,1,1
z678
61,2,1
z436
44,1,1
/557
54,2,1
z409
33,1,1
/700
58,2,1
/443
69,2,1
z486
35,1,1
z1290
60,2,1
z487
43,1,1
z436
48,1,1
z387
34,1,1
z385
39,1,1
/533
63,2,1
z483
42,1,1
z415
31,1,1
z517
47,1,1
z408
40,1,1
/487
68,2,1
/1060
66,2,1
z364
37,1,1
/497
62,2,1
/458
67,2,1
z400
55,2,1
z788
51,2,1
z404
46,1,1
END
Start of error log
End of error log
