/home/cogsys/aging/dtpbsy/dt16tl44b /home/cogsys/aging/dtpbsy/dt16bcy124
/25741
0,0,0
z917
41,1,1
z1030
44,1,1
z1118
50,1,1
z1344
46,1,1
z784
38,1,1
/635
69,2,1
/796
53,2,1
/891
48,1,1
/734
60,2,1
z974
66,2,1
z703
36,1,1
z820
54,2,1
z1272
65,2,1
z633
33,1,1
z848
45,1,1
/729
70,2,1
/545
61,2,1
z853
43,1,1
z1215
51,2,1
/594
62,2,1
/778
52,2,1
z676
37,1,1
/823
67,2,1
z772
42,1,1
z629
32,1,1
z1092
55,2,1
/838
56,2,1
z735
31,1,1
/1142
57,2,1
/1211
64,2,1
z613
39,1,1
/1204
63,2,1
z938
68,2,1
z612
34,1,1
z537
49,1,1
z920
47,1,1
z923
58,2,1
z1074
59,2,1
z651
40,1,1
z587
35,1,1
/895
0,0,0
/934
58,2,1
/675
63,2,1
z847
39,1,1
z575
40,1,1
z520
34,1,1
/723
69,2,1
z937
52,2,1
z566
36,1,1
z615
51,2,1
z799
62,2,1
z712
45,1,1
z1087
57,2,1
/936
68,2,1
z560
41,1,1
z571
35,1,1
/853
61,2,1
z581
31,1,1
z847
59,2,1
/692
70,2,1
/1016
60,2,1
z533
38,1,1
/651
66,2,1
z1205
56,2,1
/619
33,1,1
z1265
50,1,1
z1229
53,2,1
z922
67,2,1
z924
42,1,1
z851
32,1,1
z1167
55,2,1
z606
46,1,1
z1229
47,1,1
z652
54,2,1
z552
43,1,1
z1453
64,2,1
z657
44,1,1
z741
48,1,1
z884
65,2,1
z727
49,1,1
z684
37,1,1
z587
0,0,0
z906
54,2,1
z1285
49,1,1
z606
44,1,1
z945
52,2,1
z510
36,1,1
z674
55,2,1
/572
68,2,1
z889
51,2,1
z688
48,1,1
z795
46,1,1
/827
64,2,1
z677
37,1,1
z837
39,1,1
z931
42,1,1
z695
40,1,1
z696
41,1,1
z602
33,1,1
z949
60,2,1
/1018
67,2,1
z508
31,1,1
z1319
56,2,1
/1100
58,2,1
z708
38,1,1
/953
70,2,1
z591
43,1,1
z718
59,2,1
z632
34,1,1
z598
63,2,1
z557
32,1,1
z1021
65,2,1
/700
66,2,1
/684
69,2,1
z867
53,2,1
z583
47,1,1
z498
35,1,1
z648
62,2,1
z675
45,1,1
z523
57,2,1
z477
50,1,1
z522
61,2,1
z547
0,0,0
/1354
60,2,1
z653
56,2,1
z651
42,1,1
/834
68,2,1
z512
43,1,1
z596
34,1,1
z503
48,1,1
z1219
61,2,1
/574
64,2,1
z714
47,1,1
z1550
59,2,1
z759
36,1,1
z992
63,2,1
z518
40,1,1
z640
55,2,1
z517
46,1,1
z493
50,1,1
z625
45,1,1
/798
65,2,1
z805
52,2,1
z553
62,2,1
z573
69,2,1
z573
39,1,1
z600
53,2,1
z1145
38,1,1
z493
58,2,1
z896
67,2,1
z905
41,1,1
z481
44,1,1
z468
35,1,1
z551
49,1,1
z499
37,1,1
z780
66,2,1
z505
32,1,1
z614
57,2,1
/1259
70,2,1
z619
51,2,1
z539
33,1,1
z557
54,2,1
z565
31,1,1
z543
0,0,0
z564
47,1,1
z710
64,2,1
z666
50,1,1
z528
46,1,1
z984
43,1,1
z532
38,1,1
z673
51,2,1
z629
37,1,1
/941
54,2,1
z548
42,1,1
z594
49,1,1
/697
69,2,1
z550
39,1,1
/842
68,2,1
z1614
58,2,1
z674
62,2,1
z595
61,2,1
z638
40,1,1
z585
63,2,1
z798
52,2,1
z690
35,1,1
z689
31,1,1
z831
45,1,1
z729
34,1,1
/689
67,2,1
z535
36,1,1
/625
66,2,1
/785
55,2,1
z1084
65,2,1
z779
44,1,1
z1545
56,2,1
z1102
53,2,1
z700
41,1,1
z496
59,2,1
/723
70,2,1
z688
48,1,1
z591
32,1,1
/695
57,2,1
z575
33,1,1
z903
60,2,1
z576
0,0,0
z579
38,1,1
z585
35,1,1
/737
61,2,1
z581
51,2,1
z666
32,1,1
/585
67,2,1
z1062
44,1,1
z624
41,1,1
z1227
49,1,1
/1032
69,2,1
/1011
64,2,1
/680
59,2,1
z591
45,1,1
z515
42,1,1
/653
66,2,1
z728
48,1,1
/977
52,2,1
z1883
47,1,1
z904
54,2,1
z1114
55,2,1
z775
43,1,1
z621
46,1,1
z549
33,1,1
z506
36,1,1
z1054
58,2,1
z614
34,1,1
/784
63,2,1
z1134
39,1,1
/1198
70,2,1
/1064
57,2,1
/1024
62,2,1
z636
40,1,1
z1532
60,2,1
z787
50,1,1
z501
37,1,1
z967
56,2,1
z500
31,1,1
z1385
53,2,1
/689
65,2,1
/671
68,2,1
/582
0,0,0
z765
39,1,1
z448
31,1,1
z1132
70,2,1
/545
62,2,1
/695
60,2,1
z499
32,1,1
z655
52,2,1
z1006
58,2,1
/1017
61,2,1
z1212
57,2,1
z576
34,1,1
z677
37,1,1
z725
56,2,1
/814
65,2,1
z651
45,1,1
z526
40,1,1
/621
63,2,1
z767
51,2,1
z1104
55,2,1
z536
50,1,1
z604
54,2,1
z517
64,2,1
/1420
69,2,1
z691
35,1,1
z1194
66,2,1
z482
44,1,1
z1331
68,2,1
z612
59,2,1
z748
53,2,1
z1109
38,1,1
z471
42,1,1
z623
36,1,1
z608
48,1,1
/673
67,2,1
z656
47,1,1
z668
41,1,1
z545
33,1,1
z623
49,1,1
z563
43,1,1
z540
46,1,1
z486
0,0,0
z499
56,2,1
z1009
49,1,1
z529
36,1,1
z470
43,1,1
/713
68,2,1
z1005
46,1,1
/1149
59,2,1
z1214
58,2,1
z1404
62,2,1
z762
69,2,1
z1194
61,2,1
z551
42,1,1
/661
63,2,1
z755
41,1,1
/884
64,2,1
z697
53,2,1
/639
66,2,1
z601
37,1,1
/1131
57,2,1
z1003
47,1,1
z854
48,1,1
z938
55,2,1
z1106
39,1,1
z588
38,1,1
z968
40,1,1
z615
44,1,1
z555
50,1,1
/753
65,2,1
/791
67,2,1
z680
34,1,1
z1048
45,1,1
z640
51,2,1
z2068
52,2,1
z532
33,1,1
z532
31,1,1
z494
32,1,1
z488
54,2,1
/744
60,2,1
z807
35,1,1
/850
70,2,1
/573
0,0,0
z637
36,1,1
z455
70,2,1
z1369
38,1,1
/1322
65,2,1
/558
56,2,1
/663
62,2,1
z641
40,1,1
z764
37,1,1
/838
61,2,1
z743
46,1,1
z646
48,1,1
z479
32,1,1
z608
45,1,1
z708
51,2,1
z860
49,1,1
/1109
68,2,1
z524
41,1,1
z509
31,1,1
z431
50,1,1
z1034
52,2,1
z609
35,1,1
z530
42,1,1
/724
64,2,1
z712
47,1,1
/778
57,2,1
z569
39,1,1
/745
63,2,1
/619
69,2,1
z949
54,2,1
/771
66,2,1
z1120
53,2,1
/760
67,2,1
z729
33,1,1
z927
34,1,1
/1161
60,2,1
z868
55,2,1
z832
59,2,1
z1011
43,1,1
z688
44,1,1
z791
58,2,1
z508
0,0,0
/1069
66,2,1
/627
62,2,1
/1315
55,2,1
z725
48,1,1
z942
43,1,1
z1513
58,2,1
z652
32,1,1
z624
47,1,1
z1747
56,2,1
z578
50,1,1
z534
36,1,1
z559
53,2,1
z494
46,1,1
z668
52,2,1
z484
34,1,1
z580
42,1,1
z503
37,1,1
z785
60,2,1
/854
64,2,1
z635
39,1,1
z572
35,1,1
z1006
65,2,1
z891
49,1,1
z590
41,1,1
z607
45,1,1
z1349
61,2,1
/1343
54,2,1
z721
40,1,1
z774
31,1,1
/789
59,2,1
z643
44,1,1
/966
70,2,1
z638
38,1,1
/1744
67,2,1
/726
68,2,1
/633
69,2,1
z889
57,2,1
z828
63,2,1
z515
51,2,1
z707
33,1,1
z498
0,0,0
z479
31,1,1
z541
35,1,1
z588
45,1,1
z562
52,2,1
z471
36,1,1
z479
44,1,1
/898
63,2,1
/602
66,2,1
/551
64,2,1
z671
46,1,1
/1300
53,2,1
z1320
42,1,1
z1450
60,2,1
z772
48,1,1
/685
58,2,1
/696
67,2,1
z797
43,1,1
z818
47,1,1
z589
39,1,1
z901
34,1,1
z587
32,1,1
z656
50,1,1
/602
65,2,1
z663
56,2,1
/808
61,2,1
/660
69,2,1
z580
33,1,1
/778
62,2,1
z961
38,1,1
z510
41,1,1
/917
59,2,1
/706
68,2,1
z993
40,1,1
/785
49,1,1
z778
57,2,1
z774
37,1,1
z1423
54,2,1
/675
70,2,1
/536
55,2,1
/1468
51,2,1
/567
0,0,0
z942
42,1,1
z515
47,1,1
/812
61,2,1
z770
38,1,1
z1640
53,2,1
z609
37,1,1
z890
48,1,1
z546
34,1,1
/657
50,1,1
/640
67,2,1
/510
62,2,1
z643
43,1,1
z608
58,2,1
/803
54,2,1
z814
32,1,1
z546
35,1,1
/640
59,2,1
/630
66,2,1
/815
64,2,1
z652
52,2,1
/797
65,2,1
z1094
55,2,1
z818
45,1,1
z624
31,1,1
z557
36,1,1
/690
57,2,1
z1408
44,1,1
z639
41,1,1
z1055
60,2,1
/942
70,2,1
z623
33,1,1
z674
46,1,1
/623
68,2,1
z827
51,2,1
/729
69,2,1
z620
49,1,1
z893
40,1,1
z858
56,2,1
z1120
63,2,1
z539
39,1,1
z484
0,0,0
/1049
59,2,1
z1076
56,2,1
/694
69,2,1
z594
33,1,1
z533
36,1,1
z807
57,2,1
z508
50,1,1
/625
70,2,1
z491
31,1,1
z617
53,2,1
z563
43,1,1
/632
66,2,1
/588
63,2,1
z1263
51,2,1
z1106
60,2,1
z686
40,1,1
/587
64,2,1
z652
32,1,1
z641
39,1,1
z562
41,1,1
z674
35,1,1
z517
38,1,1
z618
46,1,1
z1085
58,2,1
z609
34,1,1
z625
45,1,1
z561
37,1,1
z464
42,1,1
z459
44,1,1
/916
67,2,1
/961
65,2,1
z640
47,1,1
z840
48,1,1
z702
52,2,1
/582
68,2,1
z690
55,2,1
/741
62,2,1
z1099
54,2,1
z766
49,1,1
z805
61,2,1
z488
0,0,0
/2042
60,2,1
/530
69,2,1
/803
63,2,1
z683
62,2,1
z1567
42,1,1
z526
44,1,1
/661
55,2,1
z687
54,2,1
z569
35,1,1
z458
36,1,1
z1004
56,2,1
z1109
59,2,1
z529
41,1,1
z442
45,1,1
z463
37,1,1
/613
68,2,1
z679
50,1,1
z553
47,1,1
z495
38,1,1
z612
49,1,1
z496
46,1,1
z469
64,2,1
z783
51,2,1
z418
33,1,1
/1312
65,2,1
/640
58,2,1
z1078
61,2,1
z690
43,1,1
z667
53,2,1
/1003
66,2,1
z1446
48,1,1
z421
52,2,1
z475
32,1,1
/994
57,2,1
z756
34,1,1
z543
31,1,1
z509
40,1,1
z505
39,1,1
/652
67,2,1
/549
70,2,1
/5595
0,0,0
/797
62,2,1
/1010
47,1,1
z605
50,1,1
/649
58,2,1
z999
39,1,1
/604
69,2,1
/844
49,1,1
z1088
42,1,1
z512
66,2,1
/1159
60,2,1
/594
63,2,1
/743
56,2,1
z642
45,1,1
z568
36,1,1
z1224
53,2,1
z521
34,1,1
z601
33,1,1
z734
37,1,1
z1194
38,1,1
z418
31,1,1
/571
67,2,1
/401
61,2,1
z672
44,1,1
z607
43,1,1
/645
54,2,1
z614
48,1,1
z748
41,1,1
z555
35,1,1
/620
70,2,1
z938
55,2,1
/817
64,2,1
z522
32,1,1
z882
57,2,1
/845
65,2,1
z618
40,1,1
z1187
46,1,1
z1058
52,2,1
z606
51,2,1
z784
59,2,1
z1238
68,2,1
/475
0,0,0
/614
69,2,1
z705
32,1,1
/664
68,2,1
z605
37,1,1
z569
40,1,1
z486
41,1,1
/612
63,2,1
/1176
55,2,1
/556
65,2,1
/540
62,2,1
z794
43,1,1
z506
51,2,1
/1312
64,2,1
z651
44,1,1
/567
59,2,1
z1052
48,1,1
z529
46,1,1
z531
31,1,1
/992
52,2,1
z709
54,2,1
/1328
49,1,1
z741
45,1,1
z715
53,2,1
z504
57,2,1
z856
58,2,1
z487
38,1,1
z565
35,1,1
z990
56,2,1
z525
34,1,1
z482
47,1,1
/598
66,2,1
z742
50,1,1
z714
42,1,1
z510
36,1,1
z532
39,1,1
/658
60,2,1
/517
67,2,1
z499
33,1,1
z918
61,2,1
/612
70,2,1
/595
0,0,0
z541
35,1,1
z531
57,2,1
/669
54,2,1
z541
31,1,1
/564
69,2,1
/764
55,2,1
z1156
53,2,1
z756
45,1,1
z503
33,1,1
z567
38,1,1
z442
37,1,1
/706
70,2,1
z602
42,1,1
z510
64,2,1
z1166
49,1,1
/738
66,2,1
/760
63,2,1
z810
46,1,1
z695
43,1,1
z934
58,2,1
z530
39,1,1
/687
67,2,1
z640
40,1,1
/686
68,2,1
z730
51,2,1
z1523
59,2,1
z633
48,1,1
z596
50,1,1
/1025
62,2,1
z595
32,1,1
z872
52,2,1
/848
65,2,1
z503
34,1,1
z675
47,1,1
z553
41,1,1
z488
44,1,1
z1181
56,2,1
/690
60,2,1
z533
36,1,1
/954
61,2,1
/540
0,0,0
/914
52,2,1
z445
34,1,1
z791
49,1,1
z567
42,1,1
z606
47,1,1
z513
37,1,1
z476
31,1,1
z492
33,1,1
z515
45,1,1
z835
56,2,1
z599
39,1,1
/589
70,2,1
z1016
60,2,1
z914
58,2,1
z910
53,2,1
z1010
65,2,1
z536
54,2,1
z796
55,2,1
/1102
59,2,1
/819
57,2,1
z1011
46,1,1
/754
69,2,1
/1782
63,2,1
z545
50,1,1
z528
35,1,1
/1456
66,2,1
z588
44,1,1
z843
62,2,1
z636
38,1,1
z458
48,1,1
z468
36,1,1
/725
64,2,1
z666
43,1,1
z725
51,2,1
z473
32,1,1
z717
40,1,1
/662
67,2,1
/706
61,2,1
/542
68,2,1
z673
41,1,1
z982
0,0,0
z786
51,2,1
z557
46,1,1
z499
65,2,1
/993
47,1,1
/704
55,2,1
z839
39,1,1
z571
40,1,1
z935
66,2,1
z611
53,2,1
z1320
61,2,1
z563
31,1,1
z597
52,2,1
/973
69,2,1
z564
49,1,1
z609
57,2,1
/966
68,2,1
z593
33,1,1
z582
37,1,1
z1254
58,2,1
z683
50,1,1
z536
44,1,1
/598
70,2,1
z1038
45,1,1
/939
62,2,1
/983
59,2,1
/1093
48,1,1
/1205
67,2,1
/1333
64,2,1
/1637
60,2,1
/1372
56,2,1
z1500
63,2,1
z850
54,2,1
z614
32,1,1
z478
42,1,1
z482
43,1,1
z423
41,1,1
z736
36,1,1
z551
38,1,1
z584
34,1,1
z494
35,1,1
z2627
0,0,0
/976
57,2,1
/719
59,2,1
/1240
61,2,1
z796
42,1,1
z1275
50,1,1
z523
48,1,1
/782
68,2,1
z604
44,1,1
/732
69,2,1
z673
32,1,1
z1046
46,1,1
z1770
58,2,1
z584
35,1,1
z587
38,1,1
/636
67,2,1
/514
65,2,1
/512
55,2,1
/536
62,2,1
z652
33,1,1
/664
64,2,1
/562
60,2,1
z695
41,1,1
z689
37,1,1
z699
34,1,1
/588
70,2,1
z541
31,1,1
z1989
45,1,1
/771
49,1,1
z577
40,1,1
/1271
54,2,1
/568
63,2,1
z1177
53,2,1
z788
51,2,1
z683
52,2,1
z531
39,1,1
z1416
56,2,1
z561
43,1,1
z611
36,1,1
/668
66,2,1
z707
47,1,1
z674
0,0,0
/769
58,2,1
z849
39,1,1
/1140
43,1,1
z475
36,1,1
z1426
57,2,1
/686
59,2,1
z560
31,1,1
z572
34,1,1
z915
62,2,1
z497
32,1,1
z1058
67,2,1
/1565
50,1,1
z741
53,2,1
z576
49,1,1
/704
69,2,1
/521
61,2,1
z1209
52,2,1
/608
64,2,1
z1057
55,2,1
/751
54,2,1
z912
47,1,1
z1032
35,1,1
z615
42,1,1
z891
48,1,1
/610
65,2,1
/1587
56,2,1
/614
68,2,1
z671
38,1,1
z1487
51,2,1
/603
60,2,1
/548
63,2,1
z832
45,1,1
z604
44,1,1
z619
37,1,1
/707
66,2,1
z519
33,1,1
/606
70,2,1
z1005
40,1,1
z511
41,1,1
z572
46,1,1
z639
0,0,0
/656
61,2,1
/492
66,2,1
/566
63,2,1
z649
37,1,1
z1361
48,1,1
z503
39,1,1
/609
68,2,1
z554
49,1,1
z516
36,1,1
/532
67,2,1
z668
47,1,1
z739
45,1,1
/632
58,2,1
z694
44,1,1
/566
69,2,1
z647
42,1,1
z803
52,2,1
z489
38,1,1
z485
34,1,1
z432
31,1,1
/999
62,2,1
/601
60,2,1
/521
65,2,1
z1513
54,2,1
z488
50,1,1
/538
70,2,1
z520
33,1,1
z899
56,2,1
z526
53,2,1
/515
55,2,1
z627
32,1,1
/893
57,2,1
/563
51,2,1
z566
46,1,1
/786
59,2,1
z975
43,1,1
z547
40,1,1
z523
41,1,1
z428
35,1,1
/625
64,2,1
/799
0,0,0
z1108
44,1,1
z552
42,1,1
/635
56,2,1
/941
59,2,1
/529
65,2,1
z503
34,1,1
/652
57,2,1
/561
49,1,1
/545
47,1,1
/605
61,2,1
/573
64,2,1
z880
43,1,1
z796
52,2,1
/604
63,2,1
z565
41,1,1
z1561
48,1,1
z486
39,1,1
z898
55,2,1
/560
68,2,1
/672
58,2,1
/547
62,2,1
z1050
60,2,1
z726
38,1,1
z745
46,1,1
z880
54,2,1
z457
32,1,1
/847
67,2,1
z545
31,1,1
z730
50,1,1
/594
66,2,1
z672
45,1,1
z510
51,2,1
/614
70,2,1
z522
37,1,1
z530
35,1,1
z436
33,1,1
z462
40,1,1
/559
69,2,1
z636
36,1,1
/546
53,2,1
/625
0,0,0
z642
33,1,1
/951
54,2,1
/669
52,2,1
z642
39,1,1
/565
69,2,1
z528
32,1,1
/825
57,2,1
/607
56,2,1
/743
58,2,1
z594
31,1,1
z502
36,1,1
z455
44,1,1
/566
65,2,1
/469
66,2,1
z485
46,1,1
z1107
50,1,1
z665
48,1,1
z459
42,1,1
/937
61,2,1
/505
70,2,1
z574
45,1,1
/516
64,2,1
/523
60,2,1
/486
68,2,1
/466
53,2,1
z1033
47,1,1
/581
63,2,1
z734
55,2,1
z786
49,1,1
z607
40,1,1
/1005
62,2,1
z614
43,1,1
z581
37,1,1
z456
38,1,1
z482
35,1,1
/628
59,2,1
/1021
51,2,1
z571
34,1,1
/542
67,2,1
z650
41,1,1
z632
0,0,0
/935
52,2,1
z858
49,1,1
/544
68,2,1
z930
44,1,1
z708
37,1,1
/614
64,2,1
z784
42,1,1
/1171
45,1,1
/810
69,2,1
z1750
43,1,1
/631
61,2,1
/475
55,2,1
z747
51,2,1
z755
57,2,1
z728
33,1,1
z1171
47,1,1
z482
40,1,1
z433
31,1,1
z417
32,1,1
/1344
54,2,1
z671
36,1,1
/617
65,2,1
/501
66,2,1
/466
53,2,1
/1136
58,2,1
z548
35,1,1
/575
67,2,1
z582
39,1,1
/525
70,2,1
/579
60,2,1
z563
34,1,1
/702
56,2,1
z543
38,1,1
z624
41,1,1
z976
50,1,1
/638
59,2,1
/689
63,2,1
z858
46,1,1
z823
48,1,1
/599
62,2,1
/753
0,0,0
z577
35,1,1
z451
36,1,1
z660
47,1,1
/592
68,2,1
/463
56,2,1
/408
55,2,1
z703
48,1,1
z518
32,1,1
/540
65,2,1
/919
58,2,1
z538
37,1,1
/1057
52,2,1
z620
45,1,1
z535
44,1,1
z811
53,2,1
z473
39,1,1
/734
62,2,1
/531
67,2,1
/492
59,2,1
z706
38,1,1
z1203
49,1,1
z836
57,2,1
/749
66,2,1
/479
69,2,1
z906
51,2,1
z473
43,1,1
z510
40,1,1
z438
31,1,1
z437
33,1,1
z402
42,1,1
/680
63,2,1
z1027
50,1,1
/478
61,2,1
z674
46,1,1
/593
64,2,1
/510
70,2,1
/876
54,2,1
z559
34,1,1
/598
60,2,1
/982
41,1,1
/702
0,0,0
z536
42,1,1
z480
48,1,1
/595
62,2,1
/438
70,2,1
/454
50,1,1
/699
47,1,1
/602
66,2,1
z643
45,1,1
z643
32,1,1
z511
34,1,1
z596
33,1,1
/590
65,2,1
/500
63,2,1
/469
40,1,1
z1442
46,1,1
/1064
54,2,1
z806
37,1,1
/586
57,2,1
/549
67,2,1
/1274
44,1,1
z1370
43,1,1
/567
58,2,1
z702
41,1,1
z522
31,1,1
/555
69,2,1
/593
55,2,1
/677
56,2,1
/864
60,2,1
z784
38,1,1
/677
61,2,1
z1761
52,2,1
z587
35,1,1
/508
68,2,1
z870
53,2,1
z1071
49,1,1
/708
59,2,1
z535
36,1,1
/638
51,2,1
/525
64,2,1
z685
39,1,1
/11111
0,0,0
z1035
47,1,1
/887
42,1,1
/605
68,2,1
z944
32,1,1
/819
49,1,1
/693
50,1,1
/674
51,2,1
/478
61,2,1
/405
65,2,1
z965
35,1,1
/1539
43,1,1
/460
67,2,1
/512
55,2,1
/639
54,2,1
/425
56,2,1
/434
57,2,1
/414
60,2,1
z750
37,1,1
/614
58,2,1
/864
52,2,1
z867
39,1,1
z1372
40,1,1
z525
34,1,1
/513
63,2,1
z566
31,1,1
z771
44,1,1
/545
64,2,1
/426
62,2,1
/507
46,1,1
z961
41,1,1
/441
69,2,1
z642
33,1,1
/573
59,2,1
/504
66,2,1
z602
38,1,1
z876
36,1,1
/571
53,2,1
z760
48,1,1
/626
70,2,1
z621
45,1,1
z605
0,0,0
/729
60,2,1
z557
31,1,1
z698
32,1,1
/567
64,2,1
z794
45,1,1
z558
33,1,1
/495
66,2,1
/486
67,2,1
/803
51,2,1
/676
57,2,1
z926
44,1,1
/1628
53,2,1
/545
55,2,1
/488
70,2,1
/941
56,2,1
/496
65,2,1
/912
39,1,1
z1183
36,1,1
z976
52,2,1
z1133
46,1,1
/523
61,2,1
/1084
41,1,1
/629
49,1,1
/605
50,1,1
z1211
40,1,1
z679
35,1,1
/663
58,2,1
/653
54,2,1
/617
47,1,1
/558
62,2,1
/722
59,2,1
z970
42,1,1
/488
68,2,1
z713
38,1,1
/830
63,2,1
/563
43,1,1
/522
69,2,1
z711
34,1,1
z667
37,1,1
/525
48,1,1
/685
0,0,0
/601
61,2,1
/662
38,1,1
/669
58,2,1
/564
59,2,1
/886
42,1,1
/453
63,2,1
/694
49,1,1
/629
55,2,1
/730
48,1,1
/473
62,2,1
/476
40,1,1
z871
31,1,1
/485
64,2,1
z534
32,1,1
/525
44,1,1
z1342
36,1,1
z798
34,1,1
/577
52,2,1
/473
65,2,1
/451
69,2,1
/460
70,2,1
z985
46,1,1
/512
51,2,1
/595
45,1,1
/655
68,2,1
/1005
56,2,1
/572
66,2,1
/521
60,2,1
z1054
50,1,1
/589
54,2,1
/461
67,2,1
/740
53,2,1
/705
47,1,1
z796
41,1,1
z1130
37,1,1
z1017
43,1,1
z538
35,1,1
z564
39,1,1
z479
33,1,1
/1056
57,2,1
END
Start of error log
End of error log
