/home/cogsys/aging/dtpbsy/dt16tl42b /home/cogsys/aging/dtpbsy/dt16bcy120
 6367
0,0,0
z2504
56,2,1
/982
69,2,1
z612
35,1,1
z535
45,1,1
z756
42,1,1
z638
44,1,1
/1027
50,1,1
/487
52,2,1
/468
66,2,1
z499
46,1,1
z489
36,1,1
/1409
64,2,1
z557
39,1,1
z708
55,2,1
/499
65,2,1
z552
47,1,1
/612
59,2,1
/941
70,2,1
z463
40,1,1
/544
67,2,1
z463
48,1,1
/598
57,2,1
z705
51,2,1
/552
68,2,1
z585
32,1,1
z840
54,2,1
/501
63,2,1
z498
41,1,1
/1661
61,2,1
z431
33,1,1
z484
37,1,1
z559
38,1,1
/487
62,2,1
z578
49,1,1
/1366
53,2,1
z494
31,1,1
z928
60,2,1
z520
58,2,1
z728
43,1,1
z554
34,1,1
 993
0,0,0
z651
39,1,1
z633
35,1,1
/925
67,2,1
z562
37,1,1
z1089
56,2,1
/378
70,2,1
/922
57,2,1
/621
66,2,1
z1591
65,2,1
z616
40,1,1
z771
50,1,1
/593
55,2,1
z705
36,1,1
z907
46,1,1
z508
44,1,1
z799
52,2,1
/1817
60,2,1
z2709
48,1,1
z659
31,1,1
z487
41,1,1
/865
63,2,1
z584
43,1,1
/389
68,2,1
z464
33,1,1
z1068
59,2,1
z510
51,2,1
z1201
53,2,1
/599
69,2,1
z633
42,1,1
z1318
34,1,1
/656
61,2,1
z1070
47,1,1
z670
54,2,1
/600
58,2,1
z600
38,1,1
z1699
45,1,1
z457
32,1,1
/415
62,2,1
/480
64,2,1
z352
49,1,1
 839
0,0,0
/6150
65,2,1
z503
53,2,1
z1029
57,2,1
z876
42,1,1
z700
52,2,1
z625
34,1,1
z527
43,1,1
/555
70,2,1
/427
69,2,1
z462
32,1,1
z466
38,1,1
z601
44,1,1
z1037
46,1,1
/574
63,2,1
/487
67,2,1
z622
31,1,1
z626
58,2,1
z430
35,1,1
z579
47,1,1
z512
36,1,1
/532
66,2,1
/546
55,2,1
z425
39,1,1
z533
64,2,1
z741
33,1,1
/1118
51,2,1
z792
54,2,1
z698
41,1,1
z1248
56,2,1
/515
68,2,1
z545
48,1,1
z602
49,1,1
z560
45,1,1
z600
50,1,1
/601
62,2,1
/877
60,2,1
/627
59,2,1
z606
40,1,1
z541
37,1,1
/1286
61,2,1
 1020
0,0,0
z1537
49,1,1
/572
55,2,1
/571
54,2,1
z752
44,1,1
z805
35,1,1
/724
64,2,1
/765
48,1,1
/743
65,2,1
z553
38,1,1
/765
69,2,1
z512
31,1,1
/676
62,2,1
z1067
45,1,1
z519
42,1,1
/623
57,2,1
z517
59,2,1
z678
36,1,1
z835
41,1,1
/578
66,2,1
z624
34,1,1
z778
40,1,1
z1194
58,2,1
/615
67,2,1
/1170
61,2,1
/784
60,2,1
z465
37,1,1
z565
32,1,1
/731
68,2,1
z589
39,1,1
/656
56,2,1
/692
50,1,1
z729
43,1,1
z499
52,2,1
z991
46,1,1
/747
53,2,1
/808
47,1,1
/613
70,2,1
z561
33,1,1
z2422
51,2,1
/772
63,2,1
 1035
0,0,0
z2360
56,2,1
/778
64,2,1
z639
40,1,1
z542
44,1,1
/419
68,2,1
z518
37,1,1
z898
46,1,1
/646
66,2,1
z583
59,2,1
z350
41,1,1
/481
65,2,1
/497
63,2,1
z555
34,1,1
/581
62,2,1
z573
33,1,1
z433
32,1,1
z455
38,1,1
z561
45,1,1
z636
55,2,1
z732
50,1,1
/584
52,2,1
z609
54,2,1
/417
49,1,1
z468
35,1,1
z578
43,1,1
z654
61,2,1
/667
51,2,1
/552
67,2,1
z433
31,1,1
/652
70,2,1
z679
48,1,1
/505
60,2,1
/494
69,2,1
z464
36,1,1
z460
57,2,1
z471
39,1,1
/1050
53,2,1
z390
58,2,1
z467
47,1,1
z436
42,1,1
 1329
0,0,0
/588
65,2,1
/467
68,2,1
z433
41,1,1
z394
46,1,1
z510
32,1,1
z544
37,1,1
z469
40,1,1
/555
55,2,1
z810
42,1,1
/502
54,2,1
z550
49,1,1
/499
61,2,1
/523
51,2,1
/442
60,2,1
z882
52,2,1
z496
45,1,1
/531
59,2,1
z485
48,1,1
z479
47,1,1
/447
62,2,1
z516
50,1,1
z475
36,1,1
/595
63,2,1
/425
70,2,1
z433
38,1,1
/562
69,2,1
z446
35,1,1
/517
57,2,1
z437
34,1,1
/495
53,2,1
z504
43,1,1
z461
33,1,1
z461
39,1,1
/618
56,2,1
/478
66,2,1
z360
31,1,1
/551
64,2,1
/589
44,1,1
z539
58,2,1
z546
67,2,1
 1041
0,0,0
/743
57,2,1
z451
50,1,1
z409
43,1,1
/465
66,2,1
/474
61,2,1
/450
59,2,1
/466
54,2,1
/505
52,2,1
z480
47,1,1
/602
63,2,1
z486
32,1,1
z435
48,1,1
z519
33,1,1
/510
36,1,1
z450
42,1,1
/474
56,2,1
/412
60,2,1
z355
38,1,1
z537
49,1,1
/457
68,2,1
z482
62,2,1
z515
65,2,1
z705
53,2,1
z521
40,1,1
/452
69,2,1
z456
37,1,1
z494
34,1,1
/557
55,2,1
/451
64,2,1
z440
46,1,1
/475
58,2,1
z367
35,1,1
z472
39,1,1
z415
45,1,1
z415
41,1,1
/420
70,2,1
/439
67,2,1
z401
44,1,1
z401
31,1,1
z457
51,2,1
 921
0,0,0
z428
39,1,1
/646
70,2,1
z760
54,2,1
z494
47,1,1
z437
45,1,1
z443
46,1,1
/639
62,2,1
/405
69,2,1
/530
66,2,1
/465
65,2,1
/468
67,2,1
z455
38,1,1
/541
64,2,1
/496
44,1,1
z523
52,2,1
z463
36,1,1
z447
42,1,1
/466
55,2,1
z400
49,1,1
z447
31,1,1
/527
63,2,1
z435
58,2,1
z604
37,1,1
/619
57,2,1
/705
53,2,1
z425
43,1,1
/542
61,2,1
/477
68,2,1
z416
32,1,1
z604
56,2,1
/597
60,2,1
z448
40,1,1
z467
34,1,1
z733
48,1,1
z473
33,1,1
z612
50,1,1
z462
41,1,1
/610
59,2,1
z382
51,2,1
z448
35,1,1
/520
0,0,0
z1087
41,1,1
z623
60,2,1
z502
43,1,1
z415
37,1,1
/398
50,1,1
z397
58,2,1
/374
49,1,1
/415
57,2,1
/671
55,2,1
/441
66,2,1
/412
65,2,1
/683
64,2,1
z473
39,1,1
z971
51,2,1
z402
42,1,1
/573
69,2,1
/570
70,2,1
z607
47,1,1
z604
45,1,1
z554
56,2,1
z470
54,2,1
z569
48,1,1
z508
44,1,1
/478
52,2,1
z376
38,1,1
z1011
59,2,1
z650
32,1,1
z1326
63,2,1
z494
33,1,1
/756
62,2,1
/1064
67,2,1
/600
61,2,1
z440
35,1,1
z769
36,1,1
z920
68,2,1
z447
53,2,1
z517
40,1,1
z543
31,1,1
z777
46,1,1
z729
34,1,1
 1375
0,0,0
z560
35,1,1
/403
57,2,1
z842
38,1,1
/550
60,2,1
z479
41,1,1
/460
40,1,1
z341
43,1,1
/517
55,2,1
/545
56,2,1
z719
46,1,1
z442
37,1,1
/568
69,2,1
z432
33,1,1
z517
34,1,1
z497
39,1,1
/601
50,1,1
/564
63,2,1
/418
67,2,1
/494
61,2,1
z503
42,1,1
z601
66,2,1
/1488
52,2,1
z633
36,1,1
z505
59,2,1
/962
64,2,1
/593
68,2,1
z490
44,1,1
z502
53,2,1
z493
49,1,1
z408
45,1,1
z450
32,1,1
z481
47,1,1
/540
62,2,1
z806
58,2,1
z525
48,1,1
/663
70,2,1
z443
31,1,1
/617
65,2,1
z442
51,2,1
z495
54,2,1
 49986
0,0,0
z3075
41,1,1
/355
64,2,1
/417
62,2,1
z351
45,1,1
z368
44,1,1
z395
32,1,1
/615
65,2,1
z538
59,2,1
z342
54,2,1
/475
49,1,1
z329
47,1,1
z434
60,2,1
z472
42,1,1
/504
70,2,1
z414
31,1,1
z473
46,1,1
z539
33,1,1
z506
52,2,1
/487
66,2,1
z378
36,1,1
/609
69,2,1
/450
68,2,1
z514
39,1,1
z508
57,2,1
z454
40,1,1
z436
43,1,1
/562
55,2,1
z328
34,1,1
z721
38,1,1
/1042
67,2,1
/815
61,2,1
z496
53,2,1
z554
63,2,1
/541
56,2,1
z394
35,1,1
z404
51,2,1
z659
37,1,1
z819
48,1,1
z591
50,1,1
z532
58,2,1
 843
0,0,0
/780
58,2,1
/489
68,2,1
z427
47,1,1
/571
67,2,1
z407
38,1,1
/916
64,2,1
z441
36,1,1
z552
41,1,1
z481
48,1,1
z375
50,1,1
z421
39,1,1
z441
43,1,1
z584
52,2,1
z529
49,1,1
/362
69,2,1
/385
53,2,1
/409
61,2,1
/446
62,2,1
/926
56,2,1
z364
37,1,1
z411
31,1,1
z423
42,1,1
z503
32,1,1
z525
33,1,1
/561
59,2,1
z452
34,1,1
z427
46,1,1
/696
55,2,1
z401
40,1,1
z455
57,2,1
/458
60,2,1
z497
44,1,1
/555
70,2,1
/533
66,2,1
z498
51,2,1
z740
54,2,1
z503
35,1,1
z461
45,1,1
/827
65,2,1
/558
63,2,1
 764
0,0,0
z457
50,1,1
/751
60,2,1
/705
47,1,1
z342
52,2,1
/554
65,2,1
/2193
51,2,1
z364
34,1,1
z396
46,1,1
z532
57,2,1
z895
58,2,1
z618
41,1,1
z481
49,1,1
/633
64,2,1
/416
35,1,1
/581
69,2,1
z350
44,1,1
/656
68,2,1
z619
48,1,1
z500
36,1,1
z549
32,1,1
z1298
43,1,1
z1178
33,1,1
/1121
70,2,1
z676
45,1,1
/618
67,2,1
z1186
42,1,1
/1360
61,2,1
/727
55,2,1
/546
56,2,1
z517
54,2,1
z513
40,1,1
z467
38,1,1
/560
66,2,1
z530
39,1,1
/591
63,2,1
/713
62,2,1
z390
37,1,1
z548
53,2,1
z412
31,1,1
/835
59,2,1
 964
0,0,0
z1208
41,1,1
z585
50,1,1
z550
49,1,1
z505
32,1,1
/497
65,2,1
z420
38,1,1
z386
56,2,1
/480
70,2,1
/1137
66,2,1
z370
42,1,1
z379
51,2,1
z1085
57,2,1
z602
34,1,1
z493
47,1,1
z644
62,2,1
z807
31,1,1
/542
60,2,1
z473
64,2,1
z620
52,2,1
/490
61,2,1
z2273
59,2,1
z579
37,1,1
/788
63,2,1
z1357
68,2,1
z470
44,1,1
z465
48,1,1
z761
45,1,1
z586
33,1,1
z830
43,1,1
z759
40,1,1
z546
36,1,1
z751
39,1,1
z272
55,2,1
/1648
53,2,1
z433
35,1,1
/565
69,2,1
/532
67,2,1
z3828
54,2,1
z683
58,2,1
z2019
46,1,1
 789
0,0,0
z1099
38,1,1
z1954
43,1,1
z1206
48,1,1
/708
67,2,1
z647
31,1,1
z703
58,2,1
z577
49,1,1
/701
62,2,1
z634
45,1,1
z664
44,1,1
z1113
50,1,1
z454
59,2,1
z406
39,1,1
z668
61,2,1
/697
66,2,1
z656
51,2,1
/621
69,2,1
z477
37,1,1
z449
42,1,1
z515
36,1,1
/729
57,2,1
/621
60,2,1
z803
65,2,1
/545
68,2,1
z560
34,1,1
z632
46,1,1
z400
47,1,1
z646
41,1,1
z632
32,1,1
/649
56,2,1
z387
52,2,1
z550
63,2,1
z550
54,2,1
z649
40,1,1
z703
70,2,1
/528
64,2,1
z431
55,2,1
z532
53,2,1
z393
35,1,1
z420
33,1,1
 739
0,0,0
z465
32,1,1
z376
63,2,1
z543
46,1,1
z634
41,1,1
z408
48,1,1
/466
67,2,1
z461
35,1,1
/598
61,2,1
z472
44,1,1
z699
54,2,1
/541
55,2,1
z465
31,1,1
z548
36,1,1
z482
37,1,1
/885
69,2,1
/783
70,2,1
z1122
56,2,1
z795
45,1,1
z462
50,1,1
z884
62,2,1
/814
52,2,1
z372
40,1,1
z720
53,2,1
/885
60,2,1
/483
68,2,1
/1479
65,2,1
z679
38,1,1
z1010
39,1,1
z2331
33,1,1
/1347
66,2,1
/509
64,2,1
z741
47,1,1
/584
58,2,1
/612
57,2,1
/587
42,1,1
z1593
51,2,1
z517
43,1,1
z546
49,1,1
z432
59,2,1
z500
34,1,1
 1138
0,0,0
z1250
42,1,1
z2777
63,2,1
z1428
32,1,1
z639
55,2,1
z544
57,2,1
/617
69,2,1
z673
34,1,1
z505
37,1,1
z565
31,1,1
z606
46,1,1
z1062
53,2,1
z548
47,1,1
z578
36,1,1
z525
49,1,1
z534
33,1,1
z446
48,1,1
/834
56,2,1
z457
44,1,1
z7269
54,2,1
/1066
65,2,1
z517
50,1,1
z559
35,1,1
z527
41,1,1
/720
61,2,1
z558
60,2,1
z498
52,2,1
/681
70,2,1
z536
43,1,1
z530
45,1,1
/730
62,2,1
/730
67,2,1
/536
59,2,1
/754
64,2,1
/528
68,2,1
z534
38,1,1
z1572
66,2,1
/2054
58,2,1
z6576
51,2,1
z488
40,1,1
z540
39,1,1
 37706
0,0,0
z650
33,1,1
z601
43,1,1
z1131
48,1,1
z513
46,1,1
z1055
58,2,1
z469
41,1,1
z440
40,1,1
z452
42,1,1
z459
51,2,1
z452
39,1,1
z373
35,1,1
/682
70,2,1
/770
64,2,1
z636
54,2,1
z875
59,2,1
z512
55,2,1
z388
53,2,1
z576
31,1,1
/2442
63,2,1
/1171
66,2,1
/718
62,2,1
z699
38,1,1
z819
50,1,1
z1219
60,2,1
z547
56,2,1
/801
69,2,1
z1178
47,1,1
z523
37,1,1
z997
36,1,1
z898
34,1,1
/806
68,2,1
z997
45,1,1
/634
61,2,1
/522
32,1,1
/491
67,2,1
z459
49,1,1
/2719
57,2,1
/687
65,2,1
z424
44,1,1
/683
52,2,1
 768
0,0,0
z512
37,1,1
z451
53,2,1
z1476
31,1,1
z1312
49,1,1
/794
66,2,1
z702
47,1,1
z605
46,1,1
/708
69,2,1
z654
60,2,1
z1601
44,1,1
z790
32,1,1
z1288
58,2,1
/476
70,2,1
z743
48,1,1
z2498
62,2,1
z3406
34,1,1
z442
43,1,1
/660
67,2,1
z611
41,1,1
z653
50,1,1
/948
64,2,1
z1506
51,2,1
/532
63,2,1
z613
35,1,1
z467
33,1,1
z1217
54,2,1
z1080
38,1,1
z567
39,1,1
z662
52,2,1
/645
57,2,1
z473
55,2,1
z432
45,1,1
/746
59,2,1
z458
36,1,1
z630
56,2,1
z1417
65,2,1
z710
61,2,1
z459
40,1,1
z587
42,1,1
/780
68,2,1
z508
0,0,0
/636
68,2,1
z569
53,2,1
z686
34,1,1
z2127
59,2,1
z971
48,1,1
z853
40,1,1
/1473
66,2,1
z411
38,1,1
z1515
54,2,1
z915
35,1,1
z623
36,1,1
z478
56,2,1
/525
70,2,1
z514
52,2,1
z3279
42,1,1
z576
60,2,1
z878
33,1,1
/792
61,2,1
z511
55,2,1
/550
49,1,1
z495
39,1,1
z681
51,2,1
z575
64,2,1
z482
47,1,1
z1596
57,2,1
z3290
63,2,1
/494
65,2,1
z444
44,1,1
z573
45,1,1
z1895
32,1,1
z4744
37,1,1
z3464
58,2,1
z409
50,1,1
z430
43,1,1
/800
67,2,1
/644
69,2,1
/824
62,2,1
z560
41,1,1
z547
31,1,1
z553
46,1,1
 19369
0,0,0
/885
62,2,1
z570
37,1,1
z369
39,1,1
z573
57,2,1
z612
48,1,1
z1233
50,1,1
/487
70,2,1
z509
34,1,1
z633
53,2,1
z450
35,1,1
z828
38,1,1
/473
55,2,1
z369
41,1,1
/706
67,2,1
z549
47,1,1
z530
54,2,1
z363
33,1,1
z493
45,1,1
z645
49,1,1
/631
63,2,1
/474
61,2,1
z424
59,2,1
z404
36,1,1
/505
68,2,1
z461
60,2,1
z618
44,1,1
/630
58,2,1
z832
31,1,1
/421
32,1,1
z492
51,2,1
z374
66,2,1
z519
52,2,1
/547
64,2,1
/530
69,2,1
z416
46,1,1
z406
42,1,1
/612
65,2,1
z458
40,1,1
z810
56,2,1
z422
43,1,1
 1041
0,0,0
z3312
44,1,1
z1409
56,2,1
z386
39,1,1
/822
59,2,1
z420
48,1,1
z697
53,2,1
z532
60,2,1
z771
61,2,1
z603
33,1,1
/527
67,2,1
z371
36,1,1
z502
57,2,1
z785
35,1,1
/710
50,1,1
z292
49,1,1
z623
46,1,1
z1404
40,1,1
/1198
58,2,1
z381
37,1,1
z718
31,1,1
z1378
47,1,1
z1638
55,2,1
/663
64,2,1
z813
63,2,1
z804
41,1,1
/556
69,2,1
z577
42,1,1
/688
70,2,1
z280
34,1,1
z441
32,1,1
z503
43,1,1
/676
52,2,1
z671
45,1,1
/618
65,2,1
z495
38,1,1
/611
66,2,1
z1055
54,2,1
/752
68,2,1
z609
62,2,1
z748
51,2,1
 949
0,0,0
/859
58,2,1
z829
44,1,1
/780
54,2,1
z308
45,1,1
z811
35,1,1
/587
67,2,1
z577
42,1,1
z443
37,1,1
z472
33,1,1
z517
43,1,1
/676
68,2,1
z350
38,1,1
z500
49,1,1
z1397
52,2,1
z757
56,2,1
/484
64,2,1
z496
50,1,1
z615
41,1,1
z802
32,1,1
/721
59,2,1
z1072
53,2,1
z655
60,2,1
z519
47,1,1
z830
70,2,1
z460
31,1,1
z480
40,1,1
z440
51,2,1
z558
69,2,1
z583
48,1,1
z933
61,2,1
z424
65,2,1
z383
63,2,1
z770
46,1,1
z449
57,2,1
z541
36,1,1
z560
66,2,1
z409
39,1,1
/1079
62,2,1
z391
55,2,1
z361
34,1,1
/511
0,0,0
/631
63,2,1
/645
61,2,1
z496
46,1,1
z545
31,1,1
z572
41,1,1
z2206
64,2,1
z670
34,1,1
/607
55,2,1
z424
69,2,1
z627
33,1,1
/561
62,2,1
z304
35,1,1
z354
37,1,1
z631
59,2,1
z528
56,2,1
z514
47,1,1
z587
43,1,1
/1306
53,2,1
z397
42,1,1
z462
38,1,1
/594
40,1,1
/576
65,2,1
z370
45,1,1
/700
68,2,1
z1671
54,2,1
z507
52,2,1
/618
70,2,1
z683
51,2,1
z680
66,2,1
z567
57,2,1
z416
50,1,1
z758
44,1,1
z971
58,2,1
z460
39,1,1
z676
48,1,1
z834
60,2,1
z550
49,1,1
z503
36,1,1
z1270
32,1,1
/1011
67,2,1
 1212
0,0,0
z1477
45,1,1
/1138
68,2,1
z1156
46,1,1
/923
67,2,1
z1833
47,1,1
z1221
56,2,1
/888
57,2,1
/1060
58,2,1
/667
70,2,1
/2603
63,2,1
z505
59,2,1
z467
49,1,1
z1054
51,2,1
z578
34,1,1
z452
33,1,1
/580
52,2,1
z1303
40,1,1
z486
43,1,1
z528
60,2,1
z453
37,1,1
z879
31,1,1
z483
42,1,1
z631
55,2,1
z1311
36,1,1
z3361
32,1,1
z617
41,1,1
z531
44,1,1
z1835
48,1,1
/640
62,2,1
z476
65,2,1
z463
35,1,1
z703
64,2,1
z811
50,1,1
z468
53,2,1
z808
61,2,1
/603
69,2,1
z1266
66,2,1
z1206
38,1,1
z1122
39,1,1
/1034
54,2,1
 1274
0,0,0
z842
47,1,1
z604
32,1,1
z602
42,1,1
z3481
55,2,1
z6695
67,2,1
z652
44,1,1
/599
57,2,1
/607
61,2,1
z514
52,2,1
/539
69,2,1
z521
34,1,1
/387
43,1,1
z508
45,1,1
z338
39,1,1
/573
66,2,1
z353
40,1,1
/587
49,1,1
z100
70,2,1
/520
64,2,1
z505
51,2,1
z1413
65,2,1
z497
48,1,1
z508
50,1,1
z738
33,1,1
/728
60,2,1
z252
58,2,1
z392
46,1,1
z552
35,1,1
z521
38,1,1
z730
37,1,1
/823
53,2,1
/729
63,2,1
/591
62,2,1
z369
36,1,1
/657
59,2,1
z411
31,1,1
/927
56,2,1
/576
68,2,1
z441
41,1,1
z658
54,2,1
 6766
0,0,0
/5846
67,2,1
z442
57,2,1
z482
42,1,1
z530
40,1,1
/907
64,2,1
z451
47,1,1
/745
69,2,1
z876
52,2,1
z489
37,1,1
/636
63,2,1
z620
48,1,1
z712
61,2,1
/783
66,2,1
z617
49,1,1
z485
44,1,1
z1668
35,1,1
z1422
50,1,1
z844
58,2,1
z508
46,1,1
z593
45,1,1
/684
65,2,1
z671
43,1,1
/592
60,2,1
z515
33,1,1
z475
41,1,1
/794
70,2,1
z1917
68,2,1
/568
59,2,1
z574
55,2,1
/1034
62,2,1
z643
38,1,1
z1744
36,1,1
z574
34,1,1
z825
31,1,1
z557
56,2,1
z628
32,1,1
z1590
51,2,1
z945
39,1,1
/729
53,2,1
z937
54,2,1
 869
0,0,0
/1213
54,2,1
z486
51,2,1
z591
44,1,1
/786
56,2,1
z643
50,1,1
/691
61,2,1
z1138
43,1,1
z1338
42,1,1
/755
67,2,1
z412
35,1,1
z622
40,1,1
z1194
31,1,1
/952
59,2,1
z630
32,1,1
z1696
41,1,1
z711
58,2,1
/524
65,2,1
z396
33,1,1
z482
38,1,1
z895
36,1,1
z1984
57,2,1
z896
45,1,1
z3216
48,1,1
z1183
47,1,1
/730
70,2,1
/680
63,2,1
z788
53,2,1
/1669
60,2,1
z407
39,1,1
z345
34,1,1
/622
68,2,1
z1023
46,1,1
/794
64,2,1
z1983
37,1,1
z876
66,2,1
/644
69,2,1
z724
55,2,1
/614
52,2,1
z461
49,1,1
z910
62,2,1
 854
0,0,0
z786
61,2,1
z1291
49,1,1
/701
55,2,1
z487
38,1,1
z642
43,1,1
z663
58,2,1
/573
60,2,1
z446
48,1,1
z517
35,1,1
z518
37,1,1
z401
40,1,1
z556
67,2,1
/702
56,2,1
z858
62,2,1
/67542
65,2,1
z531
54,2,1
/614
66,2,1
z880
45,1,1
z463
64,2,1
/622
63,2,1
z565
51,2,1
z516
36,1,1
z677
57,2,1
z420
41,1,1
z395
39,1,1
z565
46,1,1
z860
47,1,1
z440
59,2,1
z486
44,1,1
z468
33,1,1
z426
34,1,1
/728
69,2,1
z1642
32,1,1
z1282
50,1,1
z828
53,2,1
/657
70,2,1
z622
52,2,1
/1407
68,2,1
z396
42,1,1
z394
31,1,1
 857
0,0,0
z921
66,2,1
z441
65,2,1
/635
60,2,1
z499
52,2,1
z679
57,2,1
z473
31,1,1
z967
40,1,1
/658
63,2,1
z635
46,1,1
z626
47,1,1
z462
38,1,1
z346
32,1,1
z229
51,2,1
z337
49,1,1
/761
69,2,1
/548
67,2,1
z649
56,2,1
z1007
59,2,1
/908
61,2,1
z2606
34,1,1
z1003
36,1,1
/753
55,2,1
z497
62,2,1
z729
53,2,1
z612
33,1,1
z759
50,1,1
z1120
48,1,1
/491
70,2,1
z472
37,1,1
z959
35,1,1
/893
64,2,1
z371
41,1,1
z493
39,1,1
z1027
58,2,1
z662
44,1,1
/932
68,2,1
z550
43,1,1
z1694
54,2,1
z734
45,1,1
z574
42,1,1
END
Start of error log
End of error log
