/home/cogsys/aging/dtpbsy/dt16tl41b /home/cogsys/aging/dtpbsy/dt16bcy118
/23162
0,0,0
z712
43,1,1
/880
66,2,1
/1372
67,2,1
z1952
58,2,1
z757
47,1,1
z826
52,2,1
/843
68,2,1
z700
44,1,1
z944
46,1,1
z1604
60,2,1
/445
54,2,1
/1031
55,2,1
z509
38,1,1
z690
42,1,1
/642
59,2,1
z603
32,1,1
z727
34,1,1
z635
40,1,1
/1144
56,2,1
/843
62,2,1
/614
64,2,1
z465
45,1,1
z817
49,1,1
z1318
48,1,1
/534
35,1,1
z772
31,1,1
/1251
53,2,1
z728
37,1,1
z493
39,1,1
/666
70,2,1
z542
51,2,1
z722
36,1,1
/571
69,2,1
/468
65,2,1
z434
41,1,1
/687
61,2,1
z1040
57,2,1
/1222
63,2,1
z678
50,1,1
z1026
33,1,1
z1117
0,0,0
z1649
41,1,1
/884
59,2,1
/532
67,2,1
z700
40,1,1
z606
36,1,1
/931
51,2,1
/620
55,2,1
z377
37,1,1
z498
49,1,1
z464
33,1,1
/1314
52,2,1
z478
44,1,1
z1050
46,1,1
z450
34,1,1
z560
32,1,1
/917
47,1,1
z554
62,2,1
z1730
57,2,1
z775
58,2,1
z1192
42,1,1
/857
43,1,1
z772
50,1,1
/514
65,2,1
z622
48,1,1
/1081
54,2,1
/605
63,2,1
z610
45,1,1
/736
60,2,1
/783
61,2,1
/531
68,2,1
/742
66,2,1
z498
38,1,1
/710
64,2,1
z473
31,1,1
z498
56,2,1
z411
35,1,1
z445
39,1,1
/453
70,2,1
z1152
53,2,1
/416
69,2,1
/581
0,0,0
z709
66,2,1
z677
51,2,1
z627
41,1,1
z447
34,1,1
z432
40,1,1
/751
62,2,1
/524
57,2,1
/914
49,1,1
z494
37,1,1
z530
46,1,1
z733
38,1,1
/745
56,2,1
/719
54,2,1
/1015
59,2,1
/600
69,2,1
z588
52,2,1
z475
42,1,1
z521
44,1,1
z657
32,1,1
z615
47,1,1
/563
60,2,1
/792
50,1,1
/1062
70,2,1
/1043
68,2,1
/1010
65,2,1
z557
31,1,1
z924
33,1,1
z2763
48,1,1
z694
67,2,1
z611
45,1,1
/723
63,2,1
z825
39,1,1
/717
64,2,1
z894
35,1,1
/459
55,2,1
/636
58,2,1
/1619
61,2,1
/1970
43,1,1
/2091
53,2,1
z485
36,1,1
/1053
0,0,0
/917
69,2,1
z1433
35,1,1
/743
70,2,1
/506
66,2,1
z451
44,1,1
z458
52,2,1
z427
37,1,1
/476
67,2,1
/452
68,2,1
z408
45,1,1
/809
62,2,1
z579
38,1,1
/735
58,2,1
z578
32,1,1
z1056
34,1,1
/638
53,2,1
/1057
48,1,1
z441
39,1,1
/1606
33,1,1
z446
31,1,1
z757
51,2,1
z798
49,1,1
z620
42,1,1
/1048
56,2,1
z375
36,1,1
/469
63,2,1
z574
46,1,1
/511
64,2,1
z476
41,1,1
z717
55,2,1
z466
50,1,1
z540
65,2,1
z881
59,2,1
z421
47,1,1
z530
40,1,1
z515
54,2,1
/711
61,2,1
z714
43,1,1
/793
60,2,1
z861
57,2,1
z641
0,0,0
z3241
64,2,1
z526
49,1,1
z390
50,1,1
z366
51,2,1
z447
35,1,1
z756
44,1,1
z1000
38,1,1
/1079
70,2,1
z1086
39,1,1
z930
53,2,1
/702
46,1,1
z1050
52,2,1
z478
43,1,1
z456
57,2,1
/548
59,2,1
/769
61,2,1
z1238
32,1,1
z701
58,2,1
z446
41,1,1
/591
69,2,1
z459
31,1,1
z447
36,1,1
/489
67,2,1
z455
40,1,1
/545
60,2,1
z624
55,2,1
z616
47,1,1
/1248
63,2,1
z497
56,2,1
z478
33,1,1
z482
48,1,1
z511
45,1,1
/440
68,2,1
z491
37,1,1
/416
62,2,1
z434
42,1,1
/447
54,2,1
z395
34,1,1
/796
66,2,1
/693
65,2,1
/562
0,0,0
z620
53,2,1
/606
56,2,1
z1140
60,2,1
z364
31,1,1
/483
64,2,1
z428
38,1,1
z946
55,2,1
z455
59,2,1
z626
41,1,1
z740
54,2,1
z418
43,1,1
/681
57,2,1
/678
70,2,1
z547
45,1,1
z819
50,1,1
/730
67,2,1
z516
42,1,1
z535
34,1,1
/1038
49,1,1
z348
37,1,1
/649
61,2,1
z478
32,1,1
z672
36,1,1
z884
51,2,1
/600
69,2,1
/608
63,2,1
z760
46,1,1
z693
33,1,1
/620
65,2,1
z585
35,1,1
/616
58,2,1
/606
66,2,1
z603
52,2,1
z638
48,1,1
z849
44,1,1
z999
47,1,1
z1482
39,1,1
/734
68,2,1
z961
40,1,1
/591
62,2,1
/516
0,0,0
/775
63,2,1
/525
64,2,1
z394
39,1,1
z637
32,1,1
z1039
49,1,1
/772
61,2,1
z407
31,1,1
z653
48,1,1
/720
60,2,1
/761
56,2,1
z461
34,1,1
z2042
51,2,1
/600
67,2,1
z592
43,1,1
/548
55,2,1
z538
35,1,1
/617
50,1,1
z592
46,1,1
z497
37,1,1
/634
57,2,1
z485
41,1,1
z429
33,1,1
z530
45,1,1
/1278
52,2,1
z486
40,1,1
z579
36,1,1
/538
62,2,1
/530
68,2,1
z611
42,1,1
z541
44,1,1
/479
70,2,1
/606
66,2,1
z483
38,1,1
/440
69,2,1
/559
59,2,1
z576
53,2,1
/476
58,2,1
/536
65,2,1
z737
54,2,1
z822
47,1,1
z675
0,0,0
/774
61,2,1
z1642
36,1,1
z682
35,1,1
z2645
39,1,1
z1418
42,1,1
z497
40,1,1
z542
34,1,1
/697
55,2,1
z596
44,1,1
/530
45,1,1
/583
66,2,1
z884
57,2,1
z511
52,2,1
z671
43,1,1
/852
51,2,1
z345
33,1,1
/690
47,1,1
z686
41,1,1
/617
67,2,1
/518
65,2,1
/483
60,2,1
/802
59,2,1
/474
70,2,1
/477
64,2,1
/496
68,2,1
/474
69,2,1
z603
54,2,1
z788
50,1,1
z429
48,1,1
z482
38,1,1
z646
58,2,1
z657
53,2,1
z492
37,1,1
z640
62,2,1
z477
49,1,1
z536
56,2,1
z489
63,2,1
z509
32,1,1
z714
46,1,1
z537
31,1,1
z590
0,0,0
/1017
62,2,1
/459
58,2,1
/475
61,2,1
/406
66,2,1
/443
70,2,1
z472
32,1,1
z488
48,1,1
z384
40,1,1
z521
53,2,1
z468
45,1,1
z517
56,2,1
z581
36,1,1
/527
67,2,1
/412
47,1,1
z470
39,1,1
z520
52,2,1
z585
46,1,1
z653
43,1,1
z1334
51,2,1
/622
31,1,1
z499
38,1,1
z517
42,1,1
z611
49,1,1
z432
35,1,1
z437
44,1,1
/546
63,2,1
z641
55,2,1
z641
59,2,1
z515
41,1,1
/520
60,2,1
/548
64,2,1
z463
34,1,1
/719
65,2,1
/733
57,2,1
z736
50,1,1
/497
68,2,1
/3775
69,2,1
/516
54,2,1
z385
37,1,1
z606
33,1,1
z645
0,0,0
/2125
51,2,1
z388
33,1,1
/550
61,2,1
z465
31,1,1
z535
63,2,1
z502
37,1,1
z440
44,1,1
z521
40,1,1
z516
39,1,1
z443
34,1,1
z320
35,1,1
z321
48,1,1
z445
38,1,1
z351
62,2,1
z631
32,1,1
z470
45,1,1
/411
66,2,1
/451
58,2,1
z579
42,1,1
/660
70,2,1
z545
53,2,1
z2667
55,2,1
z448
36,1,1
z377
57,2,1
z409
59,2,1
/506
65,2,1
/531
60,2,1
z919
52,2,1
z549
50,1,1
z460
43,1,1
/445
64,2,1
z576
49,1,1
/502
67,2,1
z537
47,1,1
/647
54,2,1
/531
56,2,1
z678
46,1,1
/523
68,2,1
z556
41,1,1
/565
69,2,1
/637
0,0,0
/720
57,2,1
/599
63,2,1
z449
37,1,1
z464
40,1,1
z581
44,1,1
z445
41,1,1
z426
39,1,1
/736
49,1,1
/464
60,2,1
z416
38,1,1
/449
64,2,1
z1349
53,2,1
z669
47,1,1
/407
56,2,1
z401
46,1,1
/404
68,2,1
z458
43,1,1
z549
36,1,1
/744
70,2,1
/739
55,2,1
/574
67,2,1
z478
48,1,1
z427
32,1,1
/522
66,2,1
z607
42,1,1
z529
45,1,1
z572
34,1,1
/475
52,2,1
z708
58,2,1
z722
54,2,1
/566
33,1,1
z425
62,2,1
/530
69,2,1
/470
59,2,1
z500
51,2,1
z554
35,1,1
/444
65,2,1
z382
50,1,1
z625
31,1,1
z1199
61,2,1
z696
0,0,0
/1612
43,1,1
z656
42,1,1
z605
33,1,1
/578
67,2,1
z591
37,1,1
/615
52,2,1
z420
45,1,1
z633
50,1,1
z471
31,1,1
/509
57,2,1
/531
61,2,1
z359
32,1,1
/720
54,2,1
/518
69,2,1
/479
70,2,1
z398
36,1,1
z537
48,1,1
/780
62,2,1
/410
60,2,1
/556
66,2,1
z652
55,2,1
z677
68,2,1
z614
41,1,1
/609
59,2,1
z569
35,1,1
z661
38,1,1
/516
39,1,1
z359
49,1,1
z294
51,2,1
z742
56,2,1
/572
65,2,1
z542
58,2,1
z861
63,2,1
/638
64,2,1
z449
34,1,1
z480
53,2,1
z485
46,1,1
z359
44,1,1
z445
47,1,1
z417
40,1,1
z612
0,0,0
z779
43,1,1
/562
56,2,1
/505
57,2,1
/467
60,2,1
/448
66,2,1
z512
48,1,1
/604
69,2,1
z917
63,2,1
z641
39,1,1
z898
55,2,1
z556
32,1,1
z453
37,1,1
z1534
45,1,1
z414
61,2,1
z458
34,1,1
z573
64,2,1
/416
46,1,1
z480
33,1,1
/457
65,2,1
z415
44,1,1
z418
41,1,1
z596
68,2,1
z557
35,1,1
z702
51,2,1
z432
70,2,1
z508
53,2,1
z431
36,1,1
z409
49,1,1
/814
54,2,1
z683
47,1,1
/461
67,2,1
z460
42,1,1
z492
38,1,1
/1248
52,2,1
/714
62,2,1
z575
50,1,1
z457
40,1,1
z552
31,1,1
/646
58,2,1
z431
59,2,1
z790
0,0,0
/707
66,2,1
/557
65,2,1
/437
63,2,1
z457
51,2,1
z711
34,1,1
z1019
47,1,1
z1570
52,2,1
z380
42,1,1
z417
32,1,1
z760
44,1,1
/630
70,2,1
z498
46,1,1
z442
33,1,1
z533
60,2,1
/527
43,1,1
z446
64,2,1
/504
62,2,1
z555
56,2,1
z708
45,1,1
z703
57,2,1
z453
50,1,1
z607
40,1,1
z1022
54,2,1
z452
36,1,1
z564
37,1,1
z531
58,2,1
z507
55,2,1
z434
49,1,1
z461
69,2,1
z658
48,1,1
/560
68,2,1
/393
61,2,1
z385
35,1,1
z887
53,2,1
z410
39,1,1
/761
59,2,1
z458
41,1,1
z459
38,1,1
z511
31,1,1
z332
67,2,1
z523
0,0,0
/735
53,2,1
/1225
45,1,1
/611
58,2,1
/560
63,2,1
z406
40,1,1
/602
70,2,1
z1426
57,2,1
z509
31,1,1
/516
67,2,1
z483
37,1,1
z485
41,1,1
/530
69,2,1
z673
51,2,1
/376
54,2,1
/825
60,2,1
z328
39,1,1
/515
68,2,1
/529
66,2,1
z460
36,1,1
z457
38,1,1
/466
65,2,1
z507
56,2,1
z1086
59,2,1
/1525
64,2,1
z357
49,1,1
z570
34,1,1
z504
35,1,1
z648
55,2,1
z377
47,1,1
z357
50,1,1
z430
32,1,1
z1131
43,1,1
z453
62,2,1
z480
48,1,1
z502
33,1,1
/767
61,2,1
z698
44,1,1
z633
46,1,1
/520
52,2,1
z402
42,1,1
z665
0,0,0
z711
42,1,1
/1053
63,2,1
z1371
44,1,1
z580
33,1,1
/530
65,2,1
/955
53,2,1
z416
43,1,1
z457
45,1,1
/1005
57,2,1
z501
34,1,1
/566
69,2,1
/489
68,2,1
z501
37,1,1
/547
70,2,1
z578
60,2,1
/319
62,2,1
z522
59,2,1
/502
67,2,1
/880
56,2,1
z649
48,1,1
z770
49,1,1
z577
54,2,1
z515
39,1,1
z685
31,1,1
z468
35,1,1
z685
36,1,1
z469
38,1,1
z494
41,1,1
/519
66,2,1
/570
58,2,1
z642
55,2,1
z935
52,2,1
/526
61,2,1
z482
32,1,1
z511
46,1,1
z1342
51,2,1
/602
64,2,1
z528
40,1,1
z573
50,1,1
z830
47,1,1
z670
0,0,0
/613
35,1,1
z402
38,1,1
z522
40,1,1
z480
34,1,1
z386
48,1,1
/722
55,2,1
/600
59,2,1
/495
61,2,1
z564
44,1,1
z736
51,2,1
/655
65,2,1
z557
49,1,1
/619
66,2,1
z591
41,1,1
/598
57,2,1
/872
63,2,1
/638
70,2,1
z476
32,1,1
z930
53,2,1
z2272
64,2,1
z467
52,2,1
z578
37,1,1
z1771
56,2,1
/522
67,2,1
z472
33,1,1
z592
47,1,1
z667
54,2,1
z416
36,1,1
/580
58,2,1
/470
62,2,1
/405
68,2,1
z532
45,1,1
z468
43,1,1
z437
31,1,1
z428
46,1,1
/558
69,2,1
z1219
50,1,1
z432
39,1,1
z542
42,1,1
z721
60,2,1
z653
0,0,0
z498
45,1,1
z847
49,1,1
z552
37,1,1
z434
33,1,1
z420
38,1,1
/598
63,2,1
/441
62,2,1
/420
66,2,1
/405
55,2,1
z384
36,1,1
z320
50,1,1
z324
56,2,1
z297
43,1,1
z449
44,1,1
/454
59,2,1
z429
41,1,1
z442
32,1,1
z448
51,2,1
z308
42,1,1
z393
52,2,1
/499
65,2,1
z300
31,1,1
z480
54,2,1
z383
35,1,1
z403
46,1,1
z697
47,1,1
z1006
39,1,1
/933
57,2,1
z474
58,2,1
/409
64,2,1
z768
53,2,1
/569
69,2,1
/544
60,2,1
z513
40,1,1
z492
48,1,1
/637
70,2,1
z519
34,1,1
/552
68,2,1
/504
67,2,1
z614
61,2,1
z770
0,0,0
/645
64,2,1
z513
40,1,1
/1025
65,2,1
z655
50,1,1
z591
59,2,1
z767
36,1,1
/521
63,2,1
z527
38,1,1
z561
48,1,1
z786
52,2,1
/500
67,2,1
z693
56,2,1
z501
42,1,1
z464
31,1,1
z430
33,1,1
/560
66,2,1
/628
70,2,1
/592
60,2,1
z474
39,1,1
/484
58,2,1
z486
43,1,1
z328
47,1,1
z359
34,1,1
/596
68,2,1
z388
44,1,1
z433
57,2,1
z523
51,2,1
z536
41,1,1
z345
37,1,1
z397
69,2,1
z534
35,1,1
z561
46,1,1
z446
53,2,1
/490
62,2,1
/412
61,2,1
z393
32,1,1
z520
55,2,1
z565
54,2,1
z379
49,1,1
z582
45,1,1
z584
0,0,0
/585
67,2,1
/439
66,2,1
z463
32,1,1
z418
58,2,1
z645
45,1,1
z507
42,1,1
z432
51,2,1
z534
44,1,1
/565
61,2,1
/489
55,2,1
z600
39,1,1
z719
47,1,1
z465
31,1,1
z933
50,1,1
z441
54,2,1
z569
36,1,1
z489
43,1,1
z287
68,2,1
z510
49,1,1
/427
56,2,1
z453
60,2,1
/279
57,2,1
z2559
40,1,1
z355
37,1,1
/620
62,2,1
/596
69,2,1
/390
59,2,1
z418
64,2,1
z639
35,1,1
/526
70,2,1
z553
46,1,1
z448
33,1,1
z441
34,1,1
z816
53,2,1
/530
65,2,1
/755
63,2,1
/372
48,1,1
z308
41,1,1
z276
52,2,1
z654
38,1,1
z793
0,0,0
/647
70,2,1
/380
68,2,1
/333
61,2,1
/279
53,2,1
z1464
36,1,1
z330
32,1,1
z290
60,2,1
z866
40,1,1
/553
58,2,1
/414
57,2,1
z368
54,2,1
z530
45,1,1
z523
35,1,1
z305
47,1,1
z437
39,1,1
z350
55,2,1
z553
34,1,1
z385
43,1,1
z344
50,1,1
z432
42,1,1
/420
66,2,1
z501
37,1,1
/1677
64,2,1
z562
56,2,1
z522
38,1,1
/676
59,2,1
z327
52,2,1
z415
48,1,1
z311
41,1,1
/639
69,2,1
/427
63,2,1
/381
65,2,1
/302
62,2,1
z444
31,1,1
z487
46,1,1
/555
67,2,1
z327
33,1,1
z369
51,2,1
z426
44,1,1
z372
49,1,1
z1031
0,0,0
z520
50,1,1
z604
49,1,1
/452
48,1,1
/369
66,2,1
/479
67,2,1
/387
70,2,1
z438
32,1,1
z289
53,2,1
z482
57,2,1
z99
61,2,1
z602
58,2,1
z320
56,2,1
/365
43,1,1
z268
63,2,1
z972
60,2,1
z299
52,2,1
z493
35,1,1
/508
68,2,1
/486
64,2,1
/401
55,2,1
z366
42,1,1
z516
46,1,1
/648
62,2,1
z663
41,1,1
z358
44,1,1
z356
31,1,1
z306
51,2,1
z550
34,1,1
z411
45,1,1
z330
38,1,1
z386
37,1,1
z310
69,2,1
/399
65,2,1
/326
59,2,1
z637
33,1,1
z605
40,1,1
z566
47,1,1
z478
39,1,1
z418
54,2,1
z477
36,1,1
z684
0,0,0
z463
64,2,1
/454
65,2,1
z479
31,1,1
z707
52,2,1
z465
40,1,1
z447
60,2,1
/478
61,2,1
z472
48,1,1
z429
38,1,1
/573
51,2,1
z426
67,2,1
/354
35,1,1
z315
34,1,1
/680
55,2,1
/551
57,2,1
/565
68,2,1
z678
50,1,1
/625
63,2,1
/466
66,2,1
/366
69,2,1
/279
62,2,1
z1066
59,2,1
z337
45,1,1
z305
39,1,1
z325
42,1,1
z338
37,1,1
z307
43,1,1
z315
58,2,1
z354
41,1,1
z330
32,1,1
z922
56,2,1
z374
49,1,1
z450
53,2,1
z429
36,1,1
z412
54,2,1
z513
47,1,1
z468
44,1,1
z410
46,1,1
z310
33,1,1
/554
70,2,1
z632
0,0,0
z549
36,1,1
/493
70,2,1
z557
42,1,1
z393
52,2,1
/428
55,2,1
z450
33,1,1
z397
39,1,1
z447
46,1,1
/558
63,2,1
/435
60,2,1
z381
32,1,1
z851
45,1,1
z399
37,1,1
z390
48,1,1
z449
53,2,1
z296
38,1,1
z283
58,2,1
z381
56,2,1
z361
47,1,1
z505
51,2,1
z328
66,2,1
/458
62,2,1
/367
67,2,1
z699
57,2,1
z618
41,1,1
z468
61,2,1
z472
49,1,1
/527
64,2,1
z440
54,2,1
/577
59,2,1
z372
43,1,1
z1039
50,1,1
/531
69,2,1
z409
65,2,1
z575
40,1,1
z392
34,1,1
z352
68,2,1
z520
44,1,1
z406
31,1,1
z501
35,1,1
z521
0,0,0
z473
42,1,1
z497
40,1,1
z402
39,1,1
z416
34,1,1
z331
45,1,1
z406
59,2,1
z409
44,1,1
z274
37,1,1
/702
64,2,1
z462
32,1,1
/446
52,2,1
z358
46,1,1
z516
43,1,1
z423
31,1,1
z468
35,1,1
z318
48,1,1
z349
49,1,1
/601
68,2,1
z558
51,2,1
/696
62,2,1
z392
36,1,1
z345
50,1,1
/609
63,2,1
/429
57,2,1
z332
54,2,1
z842
58,2,1
z324
56,2,1
/573
66,2,1
z429
41,1,1
/614
70,2,1
z351
47,1,1
/546
69,2,1
/507
65,2,1
z417
53,2,1
z458
33,1,1
z551
55,2,1
z317
60,2,1
z506
38,1,1
z399
61,2,1
z276
67,2,1
z66
0,0,0
/887
58,2,1
z1230
40,1,1
z318
44,1,1
z325
61,2,1
/447
56,2,1
z333
46,1,1
/471
70,2,1
z297
64,2,1
z469
49,1,1
z309
39,1,1
z547
45,1,1
z285
47,1,1
z385
35,1,1
z303
53,2,1
z322
33,1,1
z497
42,1,1
/641
65,2,1
z402
41,1,1
z399
36,1,1
z307
63,2,1
z559
38,1,1
z395
66,2,1
z390
60,2,1
z582
55,2,1
z424
31,1,1
/902
57,2,1
z616
32,1,1
/589
62,2,1
z572
48,1,1
/848
34,1,1
z345
37,1,1
z462
51,2,1
/524
69,2,1
z355
59,2,1
z412
54,2,1
z398
43,1,1
/627
68,2,1
z328
52,2,1
/447
67,2,1
z574
50,1,1
z572
0,0,0
z379
57,2,1
z402
39,1,1
z488
32,1,1
z327
49,1,1
z285
59,2,1
/633
66,2,1
z259
33,1,1
z190
38,1,1
z321
46,1,1
z541
41,1,1
z281
40,1,1
/426
64,2,1
z437
37,1,1
/394
55,2,1
/414
63,2,1
/358
67,2,1
/361
50,1,1
/369
62,2,1
/323
47,1,1
z379
45,1,1
/650
61,2,1
z517
53,2,1
z444
31,1,1
z323
69,2,1
z369
44,1,1
z294
35,1,1
z307
34,1,1
z358
70,2,1
/427
68,2,1
/315
42,1,1
z242
43,1,1
z119
54,2,1
z701
48,1,1
z324
52,2,1
z338
60,2,1
z323
65,2,1
z331
58,2,1
/559
36,1,1
z276
56,2,1
z396
51,2,1
z629
0,0,0
/718
69,2,1
z416
54,2,1
/387
43,1,1
z493
50,1,1
z1246
62,2,1
z480
45,1,1
/498
65,2,1
/453
60,2,1
z408
39,1,1
z372
31,1,1
z418
55,2,1
z534
40,1,1
z354
35,1,1
/476
66,2,1
/616
67,2,1
z541
47,1,1
z364
58,2,1
/384
70,2,1
z367
41,1,1
z354
57,2,1
z488
49,1,1
z464
44,1,1
z323
32,1,1
z328
63,2,1
z408
34,1,1
z335
59,2,1
/427
68,2,1
/421
48,1,1
z257
33,1,1
z226
56,2,1
/645
61,2,1
z752
52,2,1
z342
42,1,1
/1004
64,2,1
z435
46,1,1
z355
38,1,1
z324
36,1,1
z400
51,2,1
z322
53,2,1
/485
37,1,1
z534
0,0,0
/905
46,1,1
z359
32,1,1
z484
53,2,1
z348
68,2,1
/389
70,2,1
/346
58,2,1
z565
44,1,1
z434
42,1,1
z383
45,1,1
z389
33,1,1
/587
51,2,1
/654
56,2,1
/469
62,2,1
z449
47,1,1
z498
41,1,1
/542
55,2,1
z381
40,1,1
z571
48,1,1
z383
50,1,1
/622
61,2,1
/618
67,2,1
z413
36,1,1
/490
54,2,1
z414
49,1,1
/538
69,2,1
z448
52,2,1
/610
59,2,1
z478
31,1,1
/409
64,2,1
/1109
65,2,1
z367
34,1,1
z434
39,1,1
z480
43,1,1
z420
37,1,1
z319
38,1,1
/642
57,2,1
/513
60,2,1
z415
35,1,1
/627
66,2,1
z456
63,2,1
z1215
0,0,0
/2253
68,2,1
z358
35,1,1
z413
40,1,1
z957
42,1,1
z345
34,1,1
z285
36,1,1
z334
33,1,1
z351
46,1,1
/535
63,2,1
/430
38,1,1
z324
66,2,1
/367
58,2,1
/511
54,2,1
z415
51,2,1
z568
44,1,1
z571
37,1,1
z1305
57,2,1
/588
48,1,1
z515
32,1,1
z535
41,1,1
z531
39,1,1
/590
59,2,1
z639
60,2,1
z419
61,2,1
z467
53,2,1
/642
69,2,1
z690
47,1,1
/584
62,2,1
/558
67,2,1
z723
55,2,1
z415
64,2,1
/483
50,1,1
z320
52,2,1
z412
45,1,1
z349
43,1,1
/557
56,2,1
z434
65,2,1
z508
31,1,1
z501
49,1,1
z330
70,2,1
END
Start of error log
End of error log
