dt16tl58b dt16bcy153
 7557
0,0,0
/1434
68,2,1
/754
70,2,1
/741
62,2,1
z651
44,1,1
z1022
66,2,1
/854
69,2,1
z525
39,1,1
z772
32,1,1
z631
41,1,1
z758
55,2,1
z975
57,2,1
z564
35,1,1
/783
64,2,1
/1313
54,2,1
z478
36,1,1
z1128
61,2,1
z911
42,1,1
/1022
47,1,1
z675
31,1,1
z744
38,1,1
/1250
63,2,1
z1442
48,1,1
/788
65,2,1
/808
58,2,1
/548
67,2,1
z608
37,1,1
z1027
49,1,1
z650
33,1,1
z742
43,1,1
z1016
45,1,1
z1010
50,1,1
/1210
59,2,1
z1877
56,2,1
/811
60,2,1
/844
52,2,1
z688
40,1,1
z1013
46,1,1
z1025
34,1,1
z1577
51,2,1
z1105
53,2,1
 1322
0,0,0
z638
32,1,1
/564
66,2,1
z510
43,1,1
z727
45,1,1
z474
31,1,1
/673
68,2,1
/664
64,2,1
z915
40,1,1
/675
60,2,1
/524
67,2,1
z587
41,1,1
z1059
65,2,1
/498
58,2,1
z531
44,1,1
z638
35,1,1
z2768
48,1,1
/638
56,2,1
/992
53,2,1
z897
50,1,1
z722
38,1,1
z1197
47,1,1
/575
70,2,1
z590
39,1,1
z539
36,1,1
z1050
49,1,1
/1275
57,2,1
z443
34,1,1
/590
59,2,1
z536
37,1,1
/1086
62,2,1
/509
54,2,1
z552
42,1,1
z800
46,1,1
/876
51,2,1
/580
55,2,1
/497
52,2,1
z465
33,1,1
/877
61,2,1
/655
63,2,1
/551
69,2,1
 1076
0,0,0
/1164
60,2,1
z793
46,1,1
z584
31,1,1
z771
39,1,1
/646
61,2,1
z1022
49,1,1
z485
38,1,1
z575
33,1,1
/686
66,2,1
/568
69,2,1
z632
50,1,1
z849
44,1,1
z733
34,1,1
z580
48,1,1
/885
52,2,1
z827
47,1,1
/1263
57,2,1
/406
68,2,1
/570
62,2,1
z499
32,1,1
z1032
55,2,1
/796
59,2,1
z843
43,1,1
z601
41,1,1
/1772
58,2,1
/669
67,2,1
z1219
51,2,1
z596
36,1,1
/1032
64,2,1
z463
35,1,1
z725
37,1,1
z1157
42,1,1
/656
65,2,1
z1221
70,2,1
/464
53,2,1
z611
40,1,1
z830
45,1,1
/509
56,2,1
/548
63,2,1
z1065
54,2,1
 1207
0,0,0
z1124
55,2,1
z687
41,1,1
z620
37,1,1
/1045
62,2,1
z504
45,1,1
z468
33,1,1
/651
67,2,1
/1133
69,2,1
z453
50,1,1
/767
64,2,1
z830
60,2,1
z722
48,1,1
/1078
66,2,1
z558
40,1,1
z832
35,1,1
z985
49,1,1
z656
52,2,1
z448
43,1,1
/651
58,2,1
/531
65,2,1
/1420
61,2,1
z509
38,1,1
z1324
34,1,1
/541
70,2,1
/699
57,2,1
z969
56,2,1
z713
31,1,1
/833
59,2,1
z787
47,1,1
z659
32,1,1
z511
39,1,1
z1496
53,2,1
z1892
44,1,1
z1430
36,1,1
/727
68,2,1
z1427
46,1,1
/1463
63,2,1
/465
51,2,1
/460
54,2,1
z680
42,1,1
 1181
0,0,0
/557
65,2,1
/468
63,2,1
/892
57,2,1
z860
33,1,1
z1008
31,1,1
z546
38,1,1
/845
58,2,1
z911
41,1,1
/619
70,2,1
z633
42,1,1
z1226
66,2,1
z665
35,1,1
/472
61,2,1
z806
39,1,1
z1585
48,1,1
z1195
37,1,1
z2449
56,2,1
z468
32,1,1
z484
36,1,1
/734
64,2,1
z1082
55,2,1
z1096
49,1,1
z721
51,2,1
z948
52,2,1
/777
69,2,1
z890
50,1,1
z499
53,2,1
z563
44,1,1
/530
62,2,1
/525
46,1,1
z946
45,1,1
/583
68,2,1
z455
40,1,1
/563
67,2,1
z1192
59,2,1
/745
54,2,1
/870
47,1,1
z468
34,1,1
/545
60,2,1
z1782
43,1,1
 949
0,0,0
z778
42,1,1
z1280
64,2,1
/650
58,2,1
/553
67,2,1
z1528
43,1,1
z632
54,2,1
z613
51,2,1
z847
32,1,1
z1496
50,1,1
z738
31,1,1
z402
49,1,1
z611
35,1,1
z711
37,1,1
z788
56,2,1
/543
61,2,1
z900
36,1,1
z691
47,1,1
/921
55,2,1
z665
39,1,1
/412
65,2,1
z846
53,2,1
/1260
45,1,1
/407
48,1,1
/1215
41,1,1
/446
68,2,1
/384
70,2,1
z575
46,1,1
z665
38,1,1
/511
62,2,1
/478
63,2,1
z708
44,1,1
z587
40,1,1
z564
34,1,1
/591
57,2,1
/758
66,2,1
/964
59,2,1
/678
60,2,1
z1836
52,2,1
z580
33,1,1
/492
69,2,1
 1048
0,0,0
/1412
51,2,1
/412
63,2,1
/454
56,2,1
/384
57,2,1
/395
70,2,1
/417
68,2,1
/578
69,2,1
z439
33,1,1
z532
39,1,1
z966
54,2,1
z542
43,1,1
z461
46,1,1
z706
45,1,1
z472
35,1,1
z395
37,1,1
z510
44,1,1
z583
50,1,1
z494
40,1,1
z487
47,1,1
z455
34,1,1
z532
42,1,1
z988
49,1,1
z509
48,1,1
/591
66,2,1
/625
55,2,1
/417
62,2,1
/440
61,2,1
/577
65,2,1
/537
64,2,1
z578
32,1,1
/914
60,2,1
/428
58,2,1
z509
52,2,1
z613
36,1,1
z506
41,1,1
z412
31,1,1
/536
67,2,1
z568
38,1,1
/789
53,2,1
/451
59,2,1
 1068
0,0,0
z567
49,1,1
/488
65,2,1
/444
55,2,1
/748
63,2,1
z367
33,1,1
z472
47,1,1
/846
52,2,1
z441
46,1,1
z523
31,1,1
z438
35,1,1
z409
54,2,1
z403
41,1,1
/888
64,2,1
z474
53,2,1
z505
50,1,1
z1128
56,2,1
/519
67,2,1
z610
61,2,1
/447
60,2,1
z455
34,1,1
z498
40,1,1
/703
59,2,1
/485
68,2,1
z1142
43,1,1
z1061
39,1,1
z717
42,1,1
/536
58,2,1
/401
62,2,1
z569
38,1,1
/627
70,2,1
z2107
57,2,1
z509
36,1,1
z827
44,1,1
z490
32,1,1
z1359
45,1,1
z772
51,2,1
z447
37,1,1
z870
48,1,1
/461
66,2,1
/451
69,2,1
 991
0,0,0
z391
44,1,1
z459
49,1,1
z520
42,1,1
/851
58,2,1
z440
32,1,1
/800
51,2,1
/466
63,2,1
/837
53,2,1
/354
56,2,1
/452
52,2,1
z525
61,2,1
z700
37,1,1
/501
68,2,1
z477
31,1,1
z454
47,1,1
/518
65,2,1
/1180
55,2,1
z500
36,1,1
/501
59,2,1
/423
64,2,1
z492
41,1,1
z773
34,1,1
z1279
43,1,1
z1263
50,1,1
/1125
48,1,1
/395
60,2,1
/415
69,2,1
z565
40,1,1
z474
46,1,1
z578
45,1,1
z1609
39,1,1
/692
66,2,1
/644
57,2,1
/612
62,2,1
z468
33,1,1
z724
54,2,1
z566
38,1,1
z1149
35,1,1
/521
67,2,1
/378
70,2,1
 1038
0,0,0
z608
46,1,1
/578
59,2,1
/343
48,1,1
/428
60,2,1
z479
44,1,1
z530
31,1,1
/588
69,2,1
z537
37,1,1
z558
39,1,1
z722
42,1,1
/509
58,2,1
z984
49,1,1
z875
36,1,1
z639
33,1,1
/513
65,2,1
/587
57,2,1
/563
66,2,1
z1382
55,2,1
/530
50,1,1
/1716
70,2,1
z740
43,1,1
/1975
67,2,1
/884
56,2,1
/1725
68,2,1
/341
62,2,1
/553
64,2,1
z498
32,1,1
z675
41,1,1
z1379
53,2,1
z569
47,1,1
z539
38,1,1
/716
63,2,1
z1032
54,2,1
z1003
35,1,1
/1042
61,2,1
z422
34,1,1
z878
51,2,1
z1270
40,1,1
z2671
52,2,1
z680
45,1,1
 1072
0,0,0
z2013
50,1,1
z448
32,1,1
z540
35,1,1
z537
45,1,1
/628
60,2,1
z521
44,1,1
z408
47,1,1
z499
31,1,1
/723
58,2,1
/610
51,2,1
z867
53,2,1
z1060
42,1,1
/487
61,2,1
z518
36,1,1
z522
39,1,1
/547
63,2,1
/554
67,2,1
/782
56,2,1
z1447
46,1,1
/754
64,2,1
z1112
43,1,1
z669
49,1,1
/742
68,2,1
/558
65,2,1
z914
41,1,1
z654
48,1,1
/447
62,2,1
/499
66,2,1
/718
59,2,1
z509
40,1,1
z496
34,1,1
z911
37,1,1
z690
52,2,1
z1220
57,2,1
/625
70,2,1
z506
54,2,1
z534
33,1,1
z473
38,1,1
/593
69,2,1
z2196
55,2,1
 1083
0,0,0
z566
46,1,1
z645
37,1,1
/665
66,2,1
/377
57,2,1
/353
70,2,1
/474
68,2,1
/737
60,2,1
z797
49,1,1
z509
34,1,1
z498
36,1,1
/878
63,2,1
z418
41,1,1
/595
59,2,1
/416
62,2,1
z451
42,1,1
/583
65,2,1
/561
61,2,1
z469
40,1,1
z501
43,1,1
z505
32,1,1
/425
67,2,1
z437
35,1,1
/495
69,2,1
/487
52,2,1
/578
54,2,1
/419
58,2,1
z419
33,1,1
z470
44,1,1
/605
64,2,1
/462
56,2,1
/431
55,2,1
/688
50,1,1
z564
38,1,1
z1188
48,1,1
z864
51,2,1
z2409
53,2,1
z673
31,1,1
z689
45,1,1
z1056
47,1,1
z516
39,1,1
 988
0,0,0
z674
59,2,1
z575
49,1,1
z494
38,1,1
z509
37,1,1
z1114
50,1,1
z455
45,1,1
z559
58,2,1
z423
34,1,1
/503
61,2,1
/490
65,2,1
/366
56,2,1
/787
51,2,1
/443
54,2,1
/420
55,2,1
z625
39,1,1
z815
41,1,1
/1345
63,2,1
/343
62,2,1
z554
35,1,1
/513
68,2,1
z1229
52,2,1
z685
47,1,1
z506
43,1,1
/541
70,2,1
z567
40,1,1
z448
36,1,1
/661
67,2,1
/623
60,2,1
z498
48,1,1
z586
46,1,1
z1041
44,1,1
z741
42,1,1
z785
57,2,1
z678
31,1,1
z716
53,2,1
z1184
64,2,1
/399
66,2,1
/312
69,2,1
z730
33,1,1
z503
32,1,1
 1059
0,0,0
/619
64,2,1
/425
66,2,1
/491
62,2,1
z590
35,1,1
/608
65,2,1
/954
63,2,1
/1930
67,2,1
z473
38,1,1
/557
56,2,1
z529
39,1,1
z1536
37,1,1
z512
50,1,1
/552
54,2,1
z413
42,1,1
z447
34,1,1
/588
45,1,1
/341
69,2,1
/368
57,2,1
z454
48,1,1
z430
36,1,1
z662
51,2,1
z473
31,1,1
z1076
33,1,1
z459
58,2,1
z641
47,1,1
/900
61,2,1
/368
68,2,1
z587
46,1,1
z554
40,1,1
z632
52,2,1
z366
43,1,1
z736
49,1,1
z1177
59,2,1
z449
32,1,1
/603
60,2,1
/322
41,1,1
/534
44,1,1
/440
70,2,1
/410
55,2,1
/419
53,2,1
z454
0,0,0
z785
40,1,1
z436
58,2,1
/579
60,2,1
z704
47,1,1
/1082
55,2,1
z686
50,1,1
z559
33,1,1
z623
44,1,1
/1391
68,2,1
z665
52,2,1
z702
37,1,1
z454
32,1,1
z496
38,1,1
/461
64,2,1
/448
66,2,1
/528
61,2,1
/819
53,2,1
/359
56,2,1
z511
46,1,1
/444
70,2,1
/660
67,2,1
z530
35,1,1
z500
31,1,1
/457
65,2,1
/412
62,2,1
/453
59,2,1
/611
69,2,1
z511
48,1,1
z544
42,1,1
z594
51,2,1
z440
43,1,1
/763
63,2,1
z493
34,1,1
z433
36,1,1
z1598
45,1,1
/905
54,2,1
z570
49,1,1
z650
39,1,1
/689
57,2,1
z792
41,1,1
 865
0,0,0
/608
68,2,1
z670
47,1,1
z507
36,1,1
z429
45,1,1
/498
59,2,1
/420
60,2,1
z485
35,1,1
z481
33,1,1
/523
70,2,1
z554
41,1,1
/494
67,2,1
/868
49,1,1
/448
55,2,1
z467
39,1,1
z992
46,1,1
/381
69,2,1
/442
65,2,1
/505
57,2,1
/419
63,2,1
/455
50,1,1
z504
32,1,1
/636
61,2,1
z395
34,1,1
z512
42,1,1
z978
52,2,1
z1557
53,2,1
z373
37,1,1
z1009
51,2,1
z1268
58,2,1
/409
64,2,1
z570
43,1,1
/462
66,2,1
/448
62,2,1
/832
56,2,1
z727
54,2,1
z628
38,1,1
z523
44,1,1
z576
48,1,1
z539
40,1,1
z495
31,1,1
 927
0,0,0
z1074
36,1,1
z682
49,1,1
z937
54,2,1
/881
64,2,1
/375
60,2,1
z402
38,1,1
/665
58,2,1
z515
33,1,1
/503
56,2,1
z468
48,1,1
z1850
53,2,1
z4312
45,1,1
/576
70,2,1
z5874
47,1,1
/1123
43,1,1
/606
65,2,1
z1228
46,1,1
z862
32,1,1
/534
59,2,1
z598
37,1,1
/633
62,2,1
z492
35,1,1
z746
42,1,1
/379
66,2,1
z697
34,1,1
/730
67,2,1
/636
51,2,1
z499
41,1,1
/648
61,2,1
z447
39,1,1
/612
55,2,1
/566
52,2,1
z572
40,1,1
/537
63,2,1
z340
31,1,1
/398
57,2,1
/505
50,1,1
z573
44,1,1
/470
68,2,1
/415
69,2,1
 1053
0,0,0
z1352
34,1,1
z586
41,1,1
z346
31,1,1
/453
65,2,1
/344
70,2,1
/343
68,2,1
/382
55,2,1
/356
51,2,1
/548
61,2,1
/375
48,1,1
/598
50,1,1
/427
46,1,1
z479
36,1,1
z420
47,1,1
/494
66,2,1
z401
39,1,1
/608
67,2,1
z1164
60,2,1
/1408
58,2,1
z620
59,2,1
z614
32,1,1
z436
33,1,1
z414
38,1,1
/508
54,2,1
/381
63,2,1
/448
56,2,1
/389
49,1,1
/512
69,2,1
z547
42,1,1
z467
44,1,1
z485
45,1,1
/513
57,2,1
/669
53,2,1
z395
35,1,1
z526
43,1,1
/506
62,2,1
z574
37,1,1
/511
64,2,1
z552
52,2,1
z497
40,1,1
 890
0,0,0
z397
45,1,1
/487
66,2,1
/373
61,2,1
z366
32,1,1
z417
31,1,1
z450
35,1,1
z473
47,1,1
/513
50,1,1
/345
40,1,1
z831
38,1,1
z521
42,1,1
z395
39,1,1
/498
57,2,1
z711
46,1,1
/484
65,2,1
z366
34,1,1
z499
62,2,1
z3324
64,2,1
z616
60,2,1
/658
63,2,1
z570
55,2,1
z515
53,2,1
z430
44,1,1
z508
43,1,1
z684
52,2,1
/695
69,2,1
z430
36,1,1
z580
56,2,1
z552
37,1,1
z440
54,2,1
z388
58,2,1
z449
49,1,1
z793
48,1,1
z432
41,1,1
z1294
51,2,1
z1492
59,2,1
/597
67,2,1
z655
33,1,1
/650
68,2,1
/545
70,2,1
 905
0,0,0
z564
44,1,1
z755
40,1,1
z680
34,1,1
z1013
47,1,1
/554
67,2,1
z621
43,1,1
z548
33,1,1
z1150
46,1,1
/483
70,2,1
/482
65,2,1
z654
42,1,1
/579
64,2,1
z635
68,2,1
/398
55,2,1
z448
53,2,1
z472
32,1,1
z1554
61,2,1
/1345
60,2,1
z447
38,1,1
z442
37,1,1
/805
56,2,1
z541
52,2,1
/477
58,2,1
z806
49,1,1
z1066
59,2,1
z488
31,1,1
z475
48,1,1
/430
66,2,1
z535
57,2,1
/789
54,2,1
/771
63,2,1
z406
41,1,1
/460
62,2,1
z403
39,1,1
z741
35,1,1
z1233
36,1,1
/687
69,2,1
z540
45,1,1
z1699
50,1,1
z1554
51,2,1
 887
0,0,0
/604
67,2,1
z564
38,1,1
/849
66,2,1
z1164
52,2,1
/652
55,2,1
z451
34,1,1
/472
59,2,1
z1318
56,2,1
/568
50,1,1
z622
48,1,1
z453
33,1,1
z637
41,1,1
z1161
49,1,1
/487
57,2,1
/514
45,1,1
z457
37,1,1
/447
69,2,1
z458
31,1,1
/534
70,2,1
/515
61,2,1
z404
42,1,1
/485
63,2,1
/554
47,1,1
/457
65,2,1
/439
60,2,1
z502
36,1,1
z406
39,1,1
z464
44,1,1
/508
62,2,1
/473
58,2,1
z441
43,1,1
z885
51,2,1
/417
68,2,1
z477
46,1,1
z576
35,1,1
/565
54,2,1
/525
53,2,1
z636
40,1,1
/456
64,2,1
z454
32,1,1
 1029
0,0,0
z1364
40,1,1
z2314
32,1,1
z974
53,2,1
/463
65,2,1
z369
43,1,1
z1578
39,1,1
z1399
37,1,1
z1671
34,1,1
/564
62,2,1
z1187
46,1,1
z536
35,1,1
z769
33,1,1
z1207
52,2,1
/500
58,2,1
z922
49,1,1
z948
38,1,1
/1706
64,2,1
/446
61,2,1
/1781
59,2,1
z2104
44,1,1
z509
31,1,1
z919
57,2,1
/460
51,2,1
/398
67,2,1
/833
66,2,1
/513
70,2,1
z746
47,1,1
z664
36,1,1
/539
63,2,1
z675
41,1,1
/1919
54,2,1
/511
50,1,1
/945
60,2,1
z658
45,1,1
/455
69,2,1
z420
48,1,1
/495
68,2,1
z423
42,1,1
/520
55,2,1
/577
56,2,1
 982
0,0,0
/880
64,2,1
z431
39,1,1
/1445
52,2,1
z502
42,1,1
/570
67,2,1
z666
33,1,1
/588
62,2,1
z648
47,1,1
z696
51,2,1
z457
40,1,1
z664
54,2,1
z517
34,1,1
z464
37,1,1
z606
35,1,1
/3204
66,2,1
/470
65,2,1
/573
59,2,1
/1123
61,2,1
z382
38,1,1
z476
44,1,1
z512
45,1,1
z332
41,1,1
/522
70,2,1
/335
68,2,1
z585
36,1,1
z1792
56,2,1
z467
48,1,1
z864
60,2,1
/691
69,2,1
z518
49,1,1
/1162
63,2,1
z404
31,1,1
z706
46,1,1
z409
43,1,1
z454
32,1,1
z761
50,1,1
/706
53,2,1
/388
55,2,1
/421
57,2,1
/394
58,2,1
 894
0,0,0
z392
50,1,1
/686
61,2,1
z466
54,2,1
z450
31,1,1
z382
55,2,1
z394
35,1,1
z438
40,1,1
z493
38,1,1
z702
42,1,1
z2012
59,2,1
z2073
56,2,1
z504
34,1,1
/351
68,2,1
/444
63,2,1
z614
45,1,1
z2155
44,1,1
/497
70,2,1
z581
32,1,1
z564
36,1,1
/709
62,2,1
z459
37,1,1
z534
43,1,1
/718
51,2,1
/397
46,1,1
/367
47,1,1
z429
33,1,1
/701
48,1,1
/482
69,2,1
/407
64,2,1
/317
65,2,1
z496
52,2,1
/309
58,2,1
z700
49,1,1
/911
57,2,1
/532
53,2,1
/446
66,2,1
/478
67,2,1
z785
41,1,1
/480
60,2,1
z452
39,1,1
 851
0,0,0
z532
41,1,1
z478
42,1,1
z419
31,1,1
/522
60,2,1
/416
53,2,1
/446
50,1,1
/434
69,2,1
/428
64,2,1
z467
37,1,1
z587
38,1,1
z547
36,1,1
/442
67,2,1
z962
47,1,1
/512
54,2,1
/470
56,2,1
z485
34,1,1
z924
48,1,1
z523
35,1,1
/407
70,2,1
/421
51,2,1
/370
65,2,1
z366
52,2,1
/412
43,1,1
z592
33,1,1
/457
62,2,1
/385
66,2,1
z485
59,2,1
z584
49,1,1
z502
32,1,1
/487
68,2,1
z581
45,1,1
z533
55,2,1
z579
44,1,1
z513
39,1,1
/535
63,2,1
/444
46,1,1
z825
58,2,1
z1354
57,2,1
z642
40,1,1
z708
61,2,1
 915
0,0,0
z465
34,1,1
z550
40,1,1
z513
33,1,1
z736
58,2,1
z473
35,1,1
/355
60,2,1
/395
50,1,1
/479
61,2,1
/444
66,2,1
/454
54,2,1
z649
51,2,1
/478
63,2,1
z511
62,2,1
z483
38,1,1
/768
64,2,1
/751
70,2,1
z658
48,1,1
z762
46,1,1
/740
57,2,1
/612
59,2,1
/474
65,2,1
z678
55,2,1
z2186
53,2,1
/460
67,2,1
z390
44,1,1
z654
41,1,1
z455
32,1,1
/544
49,1,1
z592
39,1,1
z424
43,1,1
z441
36,1,1
/491
45,1,1
/478
68,2,1
/333
69,2,1
z389
42,1,1
z378
47,1,1
/622
56,2,1
z387
37,1,1
z699
52,2,1
z389
31,1,1
 748
0,0,0
/461
61,2,1
z377
37,1,1
z411
43,1,1
/1034
52,2,1
/436
34,1,1
z603
40,1,1
/600
69,2,1
z2138
42,1,1
z544
51,2,1
z774
32,1,1
/521
66,2,1
/555
59,2,1
/651
60,2,1
z1039
35,1,1
z734
48,1,1
z604
58,2,1
/366
63,2,1
/378
54,2,1
z589
33,1,1
/613
64,2,1
z438
46,1,1
/679
57,2,1
/410
49,1,1
z371
31,1,1
/431
62,2,1
/550
67,2,1
/391
47,1,1
/456
55,2,1
z393
65,2,1
/411
70,2,1
z602
53,2,1
z509
38,1,1
z421
36,1,1
z488
39,1,1
/502
68,2,1
z538
45,1,1
z1193
44,1,1
z488
41,1,1
z487
50,1,1
/990
56,2,1
 826
0,0,0
/2052
64,2,1
/477
57,2,1
z534
32,1,1
z723
42,1,1
z443
49,1,1
/631
50,1,1
z323
39,1,1
z411
34,1,1
/625
69,2,1
/553
68,2,1
z607
51,2,1
z914
45,1,1
/483
65,2,1
z567
38,1,1
/578
60,2,1
/526
53,2,1
/746
55,2,1
z427
31,1,1
z1044
46,1,1
z891
56,2,1
/442
43,1,1
z685
47,1,1
z372
41,1,1
/474
70,2,1
/609
62,2,1
z1306
54,2,1
z454
58,2,1
z494
33,1,1
z1186
63,2,1
/619
66,2,1
/500
59,2,1
z600
48,1,1
/822
61,2,1
z473
36,1,1
z767
44,1,1
z713
35,1,1
z412
37,1,1
z757
40,1,1
z490
52,2,1
/534
67,2,1
 799
0,0,0
z576
48,1,1
z417
32,1,1
/566
58,2,1
z334
37,1,1
/532
69,2,1
/440
60,2,1
/402
68,2,1
z408
38,1,1
z432
50,1,1
/489
67,2,1
z517
47,1,1
/973
66,2,1
z402
40,1,1
/590
62,2,1
/532
59,2,1
z380
33,1,1
z484
45,1,1
z436
34,1,1
z882
43,1,1
z458
36,1,1
z537
49,1,1
z395
44,1,1
z387
39,1,1
z743
56,2,1
/603
64,2,1
z496
53,2,1
z678
57,2,1
z1017
52,2,1
z454
41,1,1
z694
46,1,1
/535
63,2,1
z434
35,1,1
z476
31,1,1
z694
42,1,1
z902
54,2,1
/1296
65,2,1
/546
61,2,1
/486
70,2,1
/416
55,2,1
/789
51,2,1
z439
0,0,0
z490
53,2,1
z353
36,1,1
/537
63,2,1
z286
50,1,1
/580
65,2,1
z406
43,1,1
z532
44,1,1
z587
55,2,1
z768
37,1,1
z434
42,1,1
z687
39,1,1
z733
46,1,1
z536
40,1,1
z408
57,2,1
z488
54,2,1
/602
67,2,1
/476
61,2,1
/422
56,2,1
z458
38,1,1
/497
49,1,1
/429
59,2,1
z370
41,1,1
z568
45,1,1
z547
51,2,1
z456
34,1,1
/545
60,2,1
/474
68,2,1
/714
58,2,1
z355
33,1,1
/656
64,2,1
z1447
48,1,1
/559
70,2,1
z437
35,1,1
z499
32,1,1
z488
31,1,1
/479
62,2,1
z747
52,2,1
/403
66,2,1
/572
69,2,1
z533
47,1,1
END
Start of error log
End of error log
