/home/cogsys/aging/../aging/dtpbsy/dt16tl33b /home/cogsys/aging/../aging/dtpbsy/dt16bcy108
/4186
0,0,0
z426
36,1,1
z449
42,1,1
z627
53,2,1
z1982
41,1,1
z1020
45,1,1
/528
62,2,1
z493
31,1,1
/471
54,2,1
/440
59,2,1
z578
37,1,1
/562
44,1,1
z1901
38,1,1
z526
69,2,1
/918
61,2,1
/507
65,2,1
z758
35,1,1
/2295
48,1,1
/634
56,2,1
/702
64,2,1
z704
43,1,1
/1532
46,1,1
/575
57,2,1
/3801
51,2,1
z578
39,1,1
/693
60,2,1
/709
50,1,1
/1061
52,2,1
/2601
47,1,1
/550
68,2,1
/523
67,2,1
/509
70,2,1
z838
33,1,1
z826
32,1,1
/638
63,2,1
z715
40,1,1
z1278
49,1,1
z653
34,1,1
/503
58,2,1
/435
66,2,1
/433
55,2,1
/1015
0,0,0
z2672
40,1,1
/504
69,2,1
z473
35,1,1
z727
32,1,1
/476
56,2,1
/532
70,2,1
/510
58,2,1
z516
39,1,1
/401
64,2,1
/775
41,1,1
/526
65,2,1
/1326
46,1,1
z510
42,1,1
z772
34,1,1
/495
61,2,1
/1134
49,1,1
/539
54,2,1
/413
68,2,1
/785
51,2,1
/383
59,2,1
/605
62,2,1
z1120
31,1,1
/835
50,1,1
z772
37,1,1
/594
66,2,1
z1622
57,2,1
z588
43,1,1
z538
47,1,1
z500
36,1,1
z537
33,1,1
/1037
45,1,1
/495
48,1,1
z647
38,1,1
/556
52,2,1
/605
60,2,1
/601
67,2,1
/406
63,2,1
/544
55,2,1
/2141
53,2,1
z522
44,1,1
/793
0,0,0
z868
47,1,1
/532
69,2,1
z651
50,1,1
z604
37,1,1
z424
35,1,1
z475
40,1,1
/440
63,2,1
/863
52,2,1
/695
66,2,1
/460
61,2,1
/802
51,2,1
z542
32,1,1
z783
46,1,1
/641
70,2,1
/495
60,2,1
z627
38,1,1
z1182
42,1,1
z632
34,1,1
z779
36,1,1
/493
43,1,1
/656
58,2,1
/431
55,2,1
z1140
48,1,1
z540
31,1,1
/755
65,2,1
/625
64,2,1
z551
33,1,1
/750
68,2,1
z644
45,1,1
z1036
56,2,1
/474
67,2,1
z1021
53,2,1
z1067
41,1,1
z656
44,1,1
z593
59,2,1
z592
39,1,1
/546
62,2,1
/790
54,2,1
/465
57,2,1
/665
49,1,1
/714
0,0,0
/883
65,2,1
z1094
45,1,1
z646
42,1,1
z578
40,1,1
/936
63,2,1
z623
37,1,1
z2130
53,2,1
z548
46,1,1
z537
39,1,1
/332
64,2,1
z522
38,1,1
z484
41,1,1
z552
43,1,1
/386
66,2,1
/359
57,2,1
/705
52,2,1
z810
49,1,1
z705
36,1,1
z1786
51,2,1
/419
62,2,1
/387
61,2,1
/383
56,2,1
/695
60,2,1
z769
31,1,1
z642
35,1,1
z748
48,1,1
/399
69,2,1
z474
33,1,1
z652
50,1,1
/307
55,2,1
/539
68,2,1
/383
67,2,1
/1500
47,1,1
/391
58,2,1
z438
32,1,1
z668
44,1,1
/416
59,2,1
/973
54,2,1
/422
70,2,1
z967
34,1,1
/930
0,0,0
z713
48,1,1
z1668
32,1,1
z521
35,1,1
z510
37,1,1
/470
68,2,1
z645
36,1,1
/416
62,2,1
/492
59,2,1
z520
47,1,1
/388
46,1,1
/454
63,2,1
z487
34,1,1
/652
53,2,1
/580
65,1,1
z797
33,1,1
/663
57,2,1
/1015
58,2,1
z505
38,1,1
z391
39,1,1
z561
31,1,1
/1427
61,2,1
/747
64,2,1
z488
56,2,1
/637
67,2,1
z1085
41,1,1
/538
70,2,1
z612
40,1,1
/476
55,2,1
z635
50,1,1
z1173
49,1,1
z1162
45,1,1
z460
43,1,1
z705
54,2,1
/418
69,2,1
/698
60,2,1
/445
51,2,1
z669
42,1,1
/526
52,2,1
z1674
44,1,1
/892
66,2,1
/2904
0,0,0
z920
37,1,1
z1545
38,1,1
z1141
31,1,1
z1157
34,1,1
/415
61,2,1
/360
69,2,1
z549
32,1,1
z483
48,1,1
z463
35,1,1
/396
64,2,1
/677
49,1,1
z559
33,1,1
/343
65,2,1
/397
46,1,1
/425
57,2,1
/393
59,2,1
/404
67,2,1
/385
70,2,1
z502
50,1,1
z992
54,2,1
z677
40,1,1
/623
66,2,1
/1577
53,2,1
/375
58,2,1
z500
55,2,1
z568
41,1,1
z591
43,1,1
/447
62,2,1
/796
51,2,1
/1950
52,2,1
z406
36,1,1
z690
44,1,1
/899
60,2,1
z404
63,2,1
/686
47,1,1
/496
68,2,1
/401
56,2,1
/444
39,1,1
z1086
45,1,1
z829
42,1,1
z1947
0,0,0
/1005
50,1,1
/683
49,1,1
z473
65,2,1
/629
56,2,1
/692
53,2,1
/441
62,2,1
z699
48,1,1
/348
42,1,1
/696
69,2,1
/457
68,2,1
/899
55,2,1
/409
67,2,1
z504
31,1,1
z459
38,1,1
z607
58,2,1
z736
37,1,1
z823
60,2,1
z684
35,1,1
/459
54,2,1
/544
52,2,1
/584
61,2,1
/379
51,2,1
/340
66,2,1
z1050
47,1,1
z831
39,1,1
/564
64,2,1
/1653
57,2,1
z522
41,1,1
z720
45,1,1
/484
70,2,1
z711
33,1,1
z594
46,1,1
/603
59,2,1
z921
40,1,1
z459
36,1,1
z482
34,1,1
z520
44,1,1
/511
63,2,1
z676
32,1,1
z1254
43,1,1
/845
0,0,0
z2777
40,1,1
/1423
56,2,1
/484
53,2,1
z769
34,1,1
z1075
38,1,1
z1104
49,1,1
z994
47,1,1
z516
48,1,1
/556
61,2,1
z775
41,1,1
/360
62,2,1
/385
66,2,1
/690
55,2,1
/541
70,2,1
z573
46,1,1
z516
60,2,1
z679
36,1,1
z609
42,1,1
/392
51,2,1
/821
54,2,1
z554
31,1,1
/1067
58,2,1
z484
44,1,1
/620
50,1,1
/526
64,2,1
/417
63,2,1
/478
68,2,1
z595
35,1,1
/416
69,2,1
z896
32,1,1
z851
39,1,1
/510
67,2,1
z883
45,1,1
/518
59,2,1
z489
33,1,1
z662
37,1,1
/418
65,2,1
/496
52,2,1
/416
57,2,1
/557
43,1,1
z2653
0,0,0
/3587
54,2,1
z479
55,2,1
z491
35,1,1
z538
32,1,1
/428
66,2,1
/1165
63,2,1
/1368
65,2,1
/713
67,2,1
/527
70,2,1
/410
68,2,1
z777
57,2,1
z728
38,1,1
z452
34,1,1
z426
45,1,1
/663
53,2,1
/477
51,2,1
z529
44,1,1
z508
39,1,1
/570
42,1,1
/512
58,2,1
z606
41,1,1
/467
43,1,1
z620
33,1,1
z439
59,2,1
z543
40,1,1
/512
69,2,1
/710
64,2,1
z1248
50,1,1
/698
61,2,1
/576
56,2,1
z549
37,1,1
z524
52,2,1
z503
46,1,1
/500
60,2,1
/595
48,1,1
/489
49,1,1
z668
31,1,1
z577
36,1,1
/513
47,1,1
/625
62,2,1
/3148
0,0,0
z632
33,1,1
/576
61,2,1
/435
65,2,1
z443
48,1,1
/462
45,1,1
/487
62,2,1
z1459
42,1,1
z722
44,1,1
/802
53,2,1
z1011
46,1,1
/554
57,2,1
z506
40,1,1
z1488
39,1,1
z378
38,1,1
z671
43,1,1
z480
41,1,1
/576
68,2,1
/611
64,2,1
z525
31,1,1
/1462
60,2,1
z583
35,1,1
/706
66,2,1
z567
37,1,1
z445
32,1,1
/571
49,1,1
/787
51,2,1
/649
59,2,1
z605
34,1,1
z888
52,2,1
z1202
58,2,1
/815
63,2,1
/638
55,2,1
/929
67,2,1
z1448
36,1,1
/721
50,1,1
/729
56,2,1
z2730
54,2,1
z532
47,1,1
/515
69,2,1
/701
70,2,1
/2400
0,0,0
/774
58,2,1
/534
51,2,1
z443
33,1,1
z507
34,1,1
/391
64,2,1
/453
48,1,1
z1197
41,1,1
/730
52,2,1
z487
37,1,1
z895
53,2,1
/504
63,2,1
/389
67,2,1
/640
56,2,1
/577
61,2,1
z483
44,1,1
z606
35,1,1
/650
68,2,1
/676
65,2,1
z439
46,1,1
z461
45,1,1
/535
70,2,1
z612
55,2,1
z632
42,1,1
z445
38,1,1
z444
31,1,1
/559
60,2,1
z475
32,1,1
z930
36,1,1
z484
49,1,1
/409
50,1,1
z803
54,2,1
z637
39,1,1
/528
66,2,1
/813
57,2,1
/647
62,2,1
z1202
47,1,1
/552
43,1,1
/702
59,2,1
z617
40,1,1
/508
69,2,1
/985
0,0,0
z645
46,1,1
/526
61,2,1
/462
51,2,1
/1184
50,1,1
z471
39,1,1
z506
38,1,1
/644
57,2,1
z559
33,1,1
/493
63,2,1
z3240
31,1,1
z467
34,1,1
/582
55,2,1
/560
65,2,1
/439
67,2,1
z545
35,1,1
/433
70,2,1
z581
48,1,1
/509
62,2,1
z525
42,1,1
z682
45,1,1
/403
66,2,1
z1164
49,1,1
/663
53,2,1
z617
54,2,1
/589
56,2,1
z1584
32,1,1
z2537
43,1,1
/409
60,2,1
/838
58,2,1
z1398
52,2,1
/564
68,2,1
/1073
40,1,1
/533
41,1,1
z688
36,1,1
/600
69,2,1
/1181
64,2,1
/779
59,2,1
z1138
37,1,1
z603
44,1,1
/1287
47,1,1
/1316
0,0,0
z754
37,1,1
z463
40,1,1
z423
41,1,1
/587
60,2,1
/601
59,2,1
z606
42,1,1
z417
57,2,1
/749
53,2,1
/624
66,2,1
z499
45,1,1
z1583
51,2,1
z428
39,1,1
z470
38,1,1
/586
56,2,1
/584
61,2,1
/589
64,2,1
/436
68,2,1
z516
33,1,1
/515
63,2,1
/682
55,2,1
z506
31,1,1
z487
36,1,1
/550
69,2,1
z576
34,1,1
z561
48,1,1
z410
35,1,1
/491
62,2,1
z471
54,2,1
/407
49,1,1
/497
65,2,1
z547
43,1,1
/578
70,2,1
z589
46,1,1
/519
67,2,1
z1316
58,2,1
/1439
50,1,1
z812
47,1,1
z1163
32,1,1
z836
44,1,1
z452
52,2,1
z1507
0,0,0
z910
59,2,1
z631
41,1,1
/913
50,1,1
/474
64,2,1
/455
61,2,1
z873
32,1,1
z732
34,1,1
z587
36,1,1
/864
49,1,1
/493
67,2,1
z520
40,1,1
/448
60,2,1
z723
44,1,1
/350
65,2,1
z696
38,1,1
/523
63,2,1
/551
70,2,1
z503
45,1,1
/440
56,2,1
z630
43,1,1
/543
58,2,1
z545
39,1,1
/892
62,2,1
/524
48,1,1
z452
33,1,1
z489
52,2,1
/412
55,2,1
/511
47,1,1
z524
42,1,1
z566
53,2,1
/459
57,2,1
/448
66,2,1
/340
54,2,1
z369
46,1,1
/747
69,2,1
z790
31,1,1
/681
51,2,1
z625
35,1,1
/550
68,2,1
z744
37,1,1
z1116
0,0,0
z2499
49,1,1
z414
70,2,1
z853
50,1,1
z545
34,1,1
/1100
60,2,1
/427
58,2,1
z910
43,1,1
/853
40,1,1
z701
35,1,1
z517
31,1,1
/501
57,2,1
/651
39,1,1
z499
46,1,1
/648
64,2,1
/681
51,2,1
z831
32,1,1
z1204
42,1,1
z414
47,1,1
z537
41,1,1
/511
62,2,1
z426
48,1,1
z507
33,1,1
/393
67,2,1
/614
55,2,1
/904
56,2,1
/845
65,2,1
z737
38,1,1
z540
37,1,1
/531
53,2,1
/820
59,2,1
/636
69,2,1
z607
36,1,1
/784
63,2,1
/782
52,2,1
z507
44,1,1
z675
45,1,1
/694
54,2,1
/638
61,2,1
/499
68,2,1
/413
66,2,1
/758
0,0,0
z533
39,1,1
z366
44,1,1
/438
41,1,1
/658
54,2,1
/539
58,2,1
/404
61,2,1
z660
42,1,1
z1116
62,2,1
z450
52,2,1
z833
43,1,1
/473
66,2,1
/439
64,2,1
z506
40,1,1
/503
70,2,1
/475
55,2,1
/597
67,2,1
z690
46,1,1
z755
38,1,1
/497
69,2,1
/1186
50,1,1
/623
65,2,1
/1004
45,1,1
z420
31,1,1
/729
60,2,1
/651
68,2,1
/456
57,2,1
z597
35,1,1
z1020
53,2,1
z559
37,1,1
z513
48,1,1
/426
51,2,1
/481
59,2,1
z421
32,1,1
/584
63,2,1
z759
36,1,1
z545
49,1,1
z607
33,1,1
/855
47,1,1
/587
56,2,1
z643
34,1,1
z684
0,0,0
z784
57,2,1
/581
65,2,1
/2190
47,1,1
/440
64,2,1
z533
37,1,1
/581
61,2,1
z757
43,1,1
/477
48,1,1
/560
56,2,1
/604
54,2,1
/812
40,1,1
/1000
67,2,1
z886
50,1,1
/436
35,1,1
/1084
69,2,1
z399
38,1,1
z384
32,1,1
z390
58,2,1
/391
51,2,1
/440
52,2,1
/560
46,1,1
/440
66,2,1
z562
33,1,1
z682
34,1,1
z447
41,1,1
/449
55,2,1
z488
49,1,1
/518
59,2,1
/452
68,2,1
/462
60,2,1
z550
31,1,1
z401
39,1,1
z943
53,2,1
/574
62,2,1
z595
45,1,1
z906
44,1,1
/788
63,2,1
z582
42,1,1
/645
70,2,1
z696
36,1,1
/2075
0,0,0
z2453
45,1,1
z476
47,1,1
z494
33,1,1
/512
59,2,1
z604
39,1,1
/632
53,2,1
/602
61,2,1
/825
57,2,1
z580
40,1,1
z571
32,1,1
/613
60,2,1
z640
49,1,1
z598
37,1,1
/496
48,1,1
z965
44,1,1
/478
65,2,1
z477
42,1,1
/517
58,2,1
z625
38,1,1
/519
69,2,1
z496
34,1,1
/459
50,1,1
z420
52,2,1
/484
66,2,1
/370
67,2,1
z662
55,2,1
/515
63,2,1
/687
56,2,1
/530
54,2,1
z624
31,1,1
z494
35,1,1
/483
51,2,1
/519
64,2,1
z906
43,1,1
z543
41,1,1
/528
70,2,1
/487
62,2,1
/532
68,2,1
z601
46,1,1
z480
36,1,1
z566
0,0,0
/877
64,2,1
z545
36,1,1
z488
43,1,1
/408
63,2,1
z645
35,1,1
z551
33,1,1
/536
60,2,1
z612
37,1,1
/451
57,2,1
/392
66,2,1
/544
45,1,1
z918
62,2,1
/860
55,2,1
/467
67,2,1
z2141
46,1,1
z424
32,1,1
z457
41,1,1
/635
53,2,1
/537
56,2,1
z1185
39,1,1
/503
58,2,1
/555
44,1,1
z689
40,1,1
/596
61,2,1
/541
69,2,1
/657
65,2,1
/449
68,2,1
z738
52,2,1
z685
38,1,1
/786
47,1,1
z572
59,2,1
z581
34,1,1
z426
31,1,1
/1116
48,1,1
/1188
51,2,1
/897
70,2,1
z672
54,2,1
z662
42,1,1
z780
49,1,1
z1505
50,1,1
z591
0,0,0
z1229
37,1,1
/712
67,2,1
z1364
49,1,1
z482
42,1,1
/622
66,2,1
z648
41,1,1
z481
48,1,1
z486
54,2,1
z487
35,1,1
/601
52,2,1
/403
43,1,1
/510
57,2,1
/582
65,2,1
/396
62,2,1
z535
40,1,1
z578
46,1,1
z679
44,1,1
/548
53,2,1
/515
60,2,1
z809
55,2,1
z630
47,1,1
z696
33,1,1
/501
56,2,1
/552
45,1,1
z508
38,1,1
z660
51,2,1
/401
64,2,1
/429
61,2,1
/648
50,1,1
z600
34,1,1
/471
58,2,1
z663
39,1,1
/728
59,2,1
/547
68,2,1
z521
32,1,1
z504
31,1,1
/396
70,2,1
/1181
63,2,1
/578
69,2,1
z597
36,1,1
z784
0,0,0
z1346
57,2,1
/485
65,2,1
z487
37,1,1
/574
67,2,1
z527
38,1,1
/503
58,2,1
z1354
42,1,1
z439
43,1,1
z440
48,1,1
z442
33,1,1
/531
60,2,1
z447
44,1,1
z513
34,1,1
z911
45,1,1
/420
54,2,1
z464
50,1,1
z525
40,1,1
/376
61,2,1
z682
49,1,1
/593
52,2,1
/511
55,2,1
z1085
51,2,1
/588
59,2,1
/469
66,2,1
/421
56,2,1
/507
69,2,1
/1732
62,2,1
/614
68,2,1
z495
41,1,1
z555
32,1,1
/641
63,2,1
z492
31,1,1
z618
39,1,1
/1760
46,1,1
/501
70,2,1
z399
36,1,1
z588
47,1,1
/670
64,2,1
z498
53,2,1
z525
35,1,1
z494
0,0,0
/1339
59,2,1
z372
36,1,1
/927
65,2,1
/659
53,2,1
z542
43,1,1
/904
49,1,1
z524
34,1,1
/507
69,2,1
z479
58,2,1
z718
35,1,1
/540
61,2,1
z534
33,1,1
z569
38,1,1
z771
46,1,1
/576
54,2,1
/1053
56,2,1
/518
68,2,1
z573
48,1,1
z552
32,1,1
z510
39,1,1
/580
52,2,1
/609
62,2,1
/550
66,2,1
/997
60,2,1
/765
57,2,1
/578
67,2,1
z513
40,1,1
z483
41,1,1
z569
47,1,1
/457
63,2,1
z618
50,1,1
z575
42,1,1
z524
45,1,1
z519
37,1,1
z1482
51,2,1
/727
55,2,1
/621
64,2,1
z993
44,1,1
/650
70,2,1
z484
31,1,1
z526
0,0,0
/762
67,2,1
z987
52,2,1
z402
46,1,1
/480
70,2,1
/593
63,2,1
z583
44,1,1
z537
36,1,1
/552
65,2,1
/667
59,2,1
z668
45,1,1
/632
66,2,1
z635
42,1,1
z431
34,1,1
z545
47,1,1
z433
54,2,1
/498
64,2,1
z598
49,1,1
z564
40,1,1
/509
68,2,1
z716
51,2,1
z578
39,1,1
/430
62,2,1
z442
48,1,1
z618
57,2,1
z488
38,1,1
z392
58,2,1
z402
41,1,1
z992
61,2,1
z462
32,1,1
z459
33,1,1
z647
56,2,1
/947
50,1,1
z607
37,1,1
z694
55,2,1
z431
31,1,1
z1669
53,2,1
/1031
60,2,1
/515
69,2,1
z650
43,1,1
z552
35,1,1
z537
0,0,0
/898
66,2,1
/1086
55,2,1
/1171
49,1,1
z467
31,1,1
/541
61,2,1
z399
42,1,1
/439
51,2,1
/1372
60,2,1
z1004
38,1,1
/1271
53,2,1
/501
68,2,1
/496
67,2,1
z524
36,1,1
/575
47,1,1
/720
63,2,1
z668
39,1,1
/1201
50,1,1
/476
58,2,1
/555
45,1,1
z441
44,1,1
/458
52,2,1
z537
48,1,1
z631
37,1,1
z650
43,1,1
z484
35,1,1
z480
34,1,1
/751
41,1,1
z451
40,1,1
/483
64,2,1
/619
62,2,1
z496
33,1,1
z782
46,1,1
/678
56,2,1
/562
65,2,1
/427
70,2,1
z567
32,1,1
z393
59,2,1
/424
69,2,1
z504
57,2,1
/374
54,2,1
z812
0,0,0
z599
50,1,1
z449
34,1,1
z466
31,1,1
/582
62,2,1
/511
57,2,1
/496
70,2,1
z498
46,1,1
z470
64,2,1
z603
40,1,1
/397
65,2,1
z610
37,1,1
/408
55,2,1
/473
69,2,1
z598
38,1,1
z657
44,1,1
/528
33,1,1
/416
63,2,1
/547
49,1,1
/490
66,2,1
/585
59,2,1
z467
35,1,1
/479
54,2,1
/573
58,2,1
z444
60,2,1
z864
47,1,1
z458
41,1,1
z445
39,1,1
z420
36,1,1
/399
61,2,1
/475
67,2,1
/416
53,2,1
z462
51,2,1
z629
32,1,1
z637
42,1,1
/660
45,1,1
/532
68,2,1
/755
52,2,1
z431
48,1,1
/1657
56,2,1
z625
43,1,1
z640
0,0,0
z1834
48,1,1
/407
68,2,1
z666
56,2,1
/438
51,2,1
z656
41,1,1
/472
52,2,1
z1452
37,1,1
/488
62,2,1
/514
70,2,1
/548
61,2,1
z648
42,1,1
z604
44,1,1
z518
36,1,1
z502
32,1,1
z757
47,1,1
z747
43,1,1
z580
31,1,1
/516
60,2,1
/809
45,1,1
z475
38,1,1
/487
46,1,1
z489
33,1,1
/658
50,1,1
/592
66,2,1
/840
53,2,1
z555
34,1,1
z650
39,1,1
/1432
65,2,1
/581
67,2,1
z452
64,2,1
/1353
57,2,1
z573
49,1,1
z487
55,2,1
z596
40,1,1
/712
58,2,1
/454
69,2,1
z558
35,1,1
z654
54,2,1
/560
59,2,1
/555
63,2,1
/651
0,0,0
/3761
58,2,1
/605
69,2,1
/612
53,2,1
/857
56,2,1
/581
61,2,1
/722
65,2,1
/592
55,2,1
z606
48,1,1
z810
31,1,1
z503
47,1,1
/1258
52,2,1
/609
62,2,1
/391
63,2,1
z603
46,1,1
z700
42,1,1
z985
35,1,1
z550
40,1,1
z490
38,1,1
/905
64,2,1
z562
51,2,1
z572
36,1,1
/551
59,2,1
/500
57,2,1
z540
34,1,1
/982
54,2,1
/836
67,2,1
/681
66,2,1
z564
43,1,1
/1497
60,2,1
z538
32,1,1
z451
44,1,1
/527
70,2,1
z483
41,1,1
z627
45,1,1
/519
68,2,1
z469
33,1,1
z519
39,1,1
/567
50,1,1
z716
37,1,1
/650
49,1,1
/532
0,0,0
/952
54,2,1
/595
61,2,1
/508
68,2,1
/415
67,2,1
z592
52,2,1
z637
40,1,1
/417
50,1,1
/593
49,1,1
z495
35,1,1
/865
51,2,1
/959
56,2,1
z1148
39,1,1
z524
42,1,1
/827
55,2,1
/559
57,2,1
/1411
47,1,1
z466
64,2,1
z739
37,1,1
/440
70,2,1
/1326
44,1,1
z513
36,1,1
/642
60,2,1
/480
69,2,1
/493
66,2,1
z893
43,1,1
z750
41,1,1
z1484
48,1,1
/863
53,2,1
/344
65,2,1
/312
63,2,1
z648
33,1,1
z1485
46,1,1
z540
31,1,1
z490
32,1,1
/571
58,2,1
z1267
34,1,1
z1035
38,1,1
/471
59,2,1
/435
62,2,1
z670
45,1,1
z606
0,0,0
z566
33,1,1
z383
58,2,1
z421
37,1,1
z586
43,1,1
/784
52,2,1
/501
54,2,1
/459
70,2,1
z485
36,1,1
z728
38,1,1
/538
44,1,1
/588
56,2,1
/774
59,2,1
z539
32,1,1
z1070
40,1,1
z634
31,1,1
z910
34,1,1
/895
50,1,1
z545
42,1,1
/455
66,2,1
z1771
39,1,1
z1096
47,1,1
/542
60,2,1
/439
61,2,1
/450
65,2,1
z614
46,1,1
/629
45,1,1
/488
67,2,1
z555
49,1,1
z516
48,1,1
/523
69,2,1
/378
64,2,1
/336
62,2,1
/455
51,2,1
/527
63,2,1
z991
53,2,1
/502
68,2,1
z938
41,1,1
z748
55,2,1
/578
57,2,1
z534
35,1,1
z525
0,0,0
z592
58,2,1
z1703
54,2,1
z567
43,1,1
/700
53,2,1
z476
37,1,1
/476
68,2,1
/433
48,1,1
z428
33,1,1
z472
45,1,1
/505
55,2,1
z493
41,1,1
z662
51,2,1
z508
36,1,1
z441
31,1,1
z706
47,1,1
z517
50,1,1
/396
65,2,1
z611
44,1,1
z549
42,1,1
/512
67,2,1
/548
70,2,1
z504
35,1,1
z655
38,1,1
/491
61,2,1
/521
64,2,1
z628
39,1,1
/631
62,2,1
z480
32,1,1
/580
63,2,1
z504
40,1,1
/756
57,2,1
z474
52,2,1
z622
49,1,1
/474
66,2,1
/1353
56,2,1
z545
59,2,1
z612
34,1,1
z870
46,1,1
/607
60,2,1
/626
69,2,1
END
Start of error log
End of error log
