/home/cogsys/aging/pn/../dtpbsy/dt16tl47b /home/cogsys/aging/pn/../dtpbsy/dt16bcy131
 41921
0,0,0
z1029
57,2,1
z894
39,1,1
z969
52,2,1
/1336
64,2,1
z571
31,1,1
z490
36,1,1
/786
58,2,1
z435
37,1,1
/519
67,2,1
/506
68,2,1
z459
35,1,1
z574
48,1,1
z543
43,1,1
z488
38,1,1
/500
69,2,1
/921
50,1,1
z570
46,1,1
z518
53,2,1
z1303
49,1,1
z695
34,1,1
/546
61,2,1
/494
66,2,1
z1415
47,1,1
z1380
42,1,1
z805
55,2,1
z726
33,1,1
z593
45,1,1
/525
70,2,1
/809
51,2,1
z652
32,1,1
/1087
60,2,1
/506
65,2,1
/454
62,2,1
/973
56,2,1
/581
63,2,1
z668
40,1,1
z1237
54,2,1
z1115
59,2,1
z629
44,1,1
z637
41,1,1
 2827
0,0,0
z4358
52,2,1
z629
42,1,1
z605
43,1,1
z477
48,1,1
z499
54,2,1
z987
61,2,1
z584
39,1,1
z470
38,1,1
z437
35,1,1
/1422
58,2,1
/657
51,2,1
/634
56,2,1
/514
67,2,1
/993
65,2,1
z565
47,1,1
/726
63,2,1
z470
37,1,1
/912
59,2,1
z465
49,1,1
z1114
45,1,1
/560
68,2,1
/1405
53,2,1
z1103
50,1,1
/514
69,2,1
z496
33,1,1
/1656
64,2,1
/581
66,2,1
z541
31,1,1
/3108
60,2,1
z1163
55,2,1
z617
41,1,1
z664
34,1,1
z470
32,1,1
z523
57,2,1
/547
62,2,1
z473
44,1,1
z562
36,1,1
/568
70,2,1
z905
40,1,1
z1304
46,1,1
 1143
0,0,0
/755
65,2,1
/755
49,1,1
/668
57,2,1
z514
31,1,1
z1724
48,1,1
z771
44,1,1
/615
68,2,1
/3115
63,2,1
z807
33,1,1
z6461
56,2,1
/696
66,2,1
/5330
58,2,1
/1546
62,2,1
z1548
38,1,1
z944
46,1,1
/2655
64,2,1
z4130
45,1,1
z668
39,1,1
z1638
40,1,1
/518
69,2,1
/5484
50,1,1
/569
55,2,1
z623
42,1,1
z4723
52,2,1
z544
47,1,1
z818
59,2,1
/541
67,2,1
z884
36,1,1
z1293
53,2,1
z672
34,1,1
z939
41,1,1
/550
70,2,1
/621
60,2,1
/479
54,2,1
z602
43,1,1
z592
37,1,1
z537
35,1,1
/895
61,2,1
z483
32,1,1
z930
51,2,1
 1065
0,0,0
/559
63,2,1
/541
70,2,1
/461
66,2,1
/465
65,2,1
/3635
58,2,1
z1993
50,1,1
z6677
54,2,1
/2586
56,2,1
z507
41,1,1
z604
40,1,1
z492
44,1,1
z491
31,1,1
/597
69,2,1
z626
37,1,1
z528
32,1,1
/2359
61,2,1
z468
39,1,1
z826
57,2,1
z2814
49,1,1
z577
45,1,1
z2381
38,1,1
z505
36,1,1
z1122
42,1,1
/2564
64,2,1
z470
35,1,1
/2937
60,2,1
z608
34,1,1
/1485
62,2,1
z471
33,1,1
z11527
52,2,1
z3445
43,1,1
z587
46,1,1
z692
53,2,1
/455
68,2,1
z892
47,1,1
/762
67,2,1
/7204
59,2,1
z494
48,1,1
z769
51,2,1
z5051
55,2,1
 1307
0,0,0
z1493
41,1,1
z478
47,1,1
z460
34,1,1
z411
42,1,1
z520
48,1,1
/3029
61,2,1
z2512
51,2,1
z902
57,2,1
/883
59,2,1
z1114
45,1,1
z446
31,1,1
z639
43,1,1
z737
58,2,1
z550
39,1,1
z2091
55,2,1
/575
69,2,1
/437
68,2,1
/899
65,2,1
z446
33,1,1
z526
46,1,1
/486
63,2,1
/547
66,2,1
/439
60,2,1
z438
56,2,1
z603
52,2,1
/441
62,2,1
/386
70,2,1
z409
36,1,1
z609
50,1,1
z533
53,2,1
z530
49,1,1
/473
67,2,1
z1132
44,1,1
z501
54,2,1
z433
35,1,1
z477
40,1,1
z463
32,1,1
z807
37,1,1
z489
38,1,1
z1057
64,2,1
 1014
0,0,0
/753
65,2,1
z546
52,2,1
/743
59,2,1
/772
67,2,1
z1468
47,1,1
z518
39,1,1
/638
61,2,1
z488
53,2,1
/655
43,1,1
z715
33,1,1
z1246
46,1,1
z433
44,1,1
z1994
58,2,1
/851
68,2,1
z914
36,1,1
z665
42,1,1
z1834
57,2,1
z2676
56,2,1
z457
37,1,1
z510
31,1,1
z431
62,2,1
z479
66,2,1
/966
60,2,1
/449
70,2,1
z418
40,1,1
z1229
50,1,1
/658
69,2,1
z1546
54,2,1
z602
34,1,1
z400
51,2,1
z346
32,1,1
z338
48,1,1
z338
49,1,1
z408
41,1,1
z516
35,1,1
z373
45,1,1
z341
55,2,1
z1024
38,1,1
/2490
64,2,1
/771
63,2,1
 939
0,0,0
/690
66,2,1
/2667
58,2,1
/1127
64,2,1
z378
31,1,1
z537
44,1,1
z407
50,1,1
z395
54,2,1
z388
47,1,1
z386
38,1,1
/1495
59,2,1
/648
67,2,1
z451
42,1,1
/734
68,2,1
/563
62,2,1
/426
61,2,1
/399
60,2,1
/352
69,2,1
z483
37,1,1
z954
49,1,1
z467
35,1,1
/481
65,2,1
z421
34,1,1
z1238
41,1,1
z847
55,2,1
z4267
57,2,1
/546
70,2,1
/512
63,2,1
z370
39,1,1
z526
52,2,1
z526
53,2,1
z404
45,1,1
z732
32,1,1
z407
43,1,1
z376
48,1,1
z557
51,2,1
z446
40,1,1
z434
46,1,1
z455
36,1,1
z383
33,1,1
z375
56,2,1
 1464
0,0,0
z980
57,2,1
z594
33,1,1
z391
35,1,1
z329
60,2,1
z372
54,2,1
z313
70,2,1
z539
48,1,1
z409
31,1,1
z283
47,1,1
z258
36,1,1
z5818
63,2,1
z555
50,1,1
z378
51,2,1
z282
53,2,1
z237
55,2,1
z570
40,1,1
z221
49,1,1
z241
68,2,1
z429
46,1,1
z438
58,2,1
z1435
62,2,1
z723
65,2,1
z445
38,1,1
z148
64,2,1
z304
59,2,1
z387
39,1,1
z385
34,1,1
z240
61,2,1
z414
52,2,1
z391
43,1,1
z273
56,2,1
z314
67,2,1
z453
45,1,1
z420
42,1,1
z332
32,1,1
z323
37,1,1
z274
69,2,1
z240
44,1,1
z225
66,2,1
z205
41,1,1
z216
0,0,0
/1239
68,2,1
/1530
70,2,1
/424
65,2,1
/329
69,2,1
/295
46,1,1
z420
39,1,1
/874
67,2,1
z381
37,1,1
/978
66,2,1
z480
32,1,1
z937
52,2,1
/1826
64,2,1
z348
36,1,1
z429
35,1,1
z389
50,1,1
z219
38,1,1
z202
62,2,1
z231
47,1,1
z363
41,1,1
z331
40,1,1
z336
31,1,1
z288
53,2,1
z262
34,1,1
z783
56,2,1
z445
55,2,1
z1790
48,1,1
/924
61,2,1
z421
33,1,1
z300
59,2,1
z657
49,1,1
z465
43,1,1
z419
44,1,1
z419
45,1,1
z829
51,2,1
z361
54,2,1
z497
60,2,1
z401
42,1,1
z268
63,2,1
z470
57,2,1
z478
58,2,1
 1076
0,0,0
/806
67,2,1
z988
42,1,1
z449
39,1,1
/801
63,2,1
/693
62,2,1
z563
40,1,1
z952
44,1,1
z1322
35,1,1
z1618
56,2,1
z970
52,2,1
z566
36,1,1
z388
38,1,1
z566
54,2,1
z448
59,2,1
z337
57,2,1
z3193
51,2,1
z364
34,1,1
z716
32,1,1
/1102
60,2,1
z645
49,1,1
z1430
45,1,1
/712
70,2,1
z3477
58,2,1
z594
50,1,1
z406
46,1,1
z488
43,1,1
z585
33,1,1
z510
48,1,1
z478
41,1,1
/742
64,2,1
/702
65,2,1
z2509
53,2,1
/902
68,2,1
z2279
31,1,1
z454
47,1,1
z455
55,2,1
z1583
66,2,1
/1041
69,2,1
z531
37,1,1
/1070
61,2,1
 2043
0,0,0
z657
46,1,1
/8334
62,2,1
z2902
42,1,1
/24086
64,2,1
z3042
39,1,1
/15588
61,2,1
z14131
44,1,1
/25612
55,2,1
z1593
45,1,1
/32106
53,2,1
/21801
50,1,1
z812
32,1,1
z683
40,1,1
z512
31,1,1
/2338
69,2,1
/24226
54,2,1
/26700
51,2,1
/9905
56,2,1
/690
60,2,1
z696
33,1,1
z1141
41,1,1
z665
35,1,1
/1072
59,2,1
/657
34,1,1
z2130
37,1,1
z8710
49,1,1
/708
65,2,1
/502
63,2,1
/1816
48,1,1
/778
68,2,1
z23087
47,1,1
/28737
66,2,1
/1152
52,2,1
/898
58,2,1
/26352
57,2,1
z2028
43,1,1
z527
36,1,1
/592
70,2,1
/480
67,2,1
z546
38,1,1
 1196
0,0,0
z709
39,1,1
z526
34,1,1
/23863
58,2,1
/688
60,2,1
/22468
57,2,1
z630
43,1,1
/580
69,2,1
z1169
52,2,1
z641
31,1,1
/34477
55,2,1
z853
40,1,1
/544
68,2,1
z41920
51,2,1
/529
70,2,1
/1306
54,2,1
/614
67,2,1
/945
62,2,1
z528
44,1,1
z620
41,1,1
z893
46,1,1
/1796
59,2,1
z485
47,1,1
z704
32,1,1
z22279
48,1,1
z489
38,1,1
/23812
50,1,1
/550
64,2,1
z570
36,1,1
/612
65,2,1
/1518
45,1,1
/603
61,2,1
/886
56,2,1
z515
49,1,1
z552
37,1,1
/559
63,2,1
z5380
53,2,1
z600
35,1,1
z494
42,1,1
/1221
66,2,1
z725
33,1,1
 1322
0,0,0
z632
32,1,1
z2534
51,2,1
z606
43,1,1
z499
38,1,1
z835
57,2,1
z566
52,2,1
/1000
61,2,1
z525
34,1,1
/969
62,2,1
z1246
45,1,1
z761
39,1,1
z6997
49,1,1
/676
66,2,1
z22180
46,1,1
/1033
58,2,1
/750
55,2,1
/1156
67,2,1
/1803
59,2,1
z446
33,1,1
z534
40,1,1
z6489
42,1,1
z816
41,1,1
/542
63,2,1
/5277
56,2,1
z499
37,1,1
/552
69,2,1
z518
31,1,1
z614
36,1,1
z972
48,1,1
z635
53,2,1
z442
54,2,1
/2380
50,1,1
/453
60,2,1
/432
65,2,1
z1821
47,1,1
/596
64,2,1
z616
35,1,1
/658
68,2,1
/553
70,2,1
z1362
44,1,1
 941
0,0,0
z945
38,1,1
z924
49,1,1
/615
69,2,1
z2760
51,2,1
z764
46,1,1
z643
31,1,1
/1216
70,2,1
/994
62,2,1
/733
63,2,1
/592
61,2,1
z777
41,1,1
z824
52,1,1
z669
43,1,1
z705
40,1,1
z828
42,1,1
z1459
44,1,1
/656
67,2,1
/581
68,2,1
z636
45,1,1
z932
47,1,1
/57458
54,2,1
/856
59,2,1
z1105
37,1,1
/567
64,2,1
z462
34,1,1
z640
39,1,1
z483
36,1,1
z3449
50,1,1
/1186
53,2,1
z556
33,1,1
/833
66,2,1
/3523
55,2,1
/669
58,2,1
/723
56,2,1
/577
65,2,1
z497
32,1,1
z646
48,1,1
/869
60,2,1
z530
57,2,1
z527
35,1,1
 1000
0,0,0
/1114
54,2,1
z5055
53,2,1
z564
38,1,1
z592
31,1,1
/691
57,2,1
z6567
59,2,1
z954
33,1,1
z1806
50,1,1
/766
68,2,1
z4248
39,1,1
z662
46,1,1
z536
48,1,1
z674
32,1,1
z504
41,1,1
/2993
58,2,1
z507
45,1,1
z958
44,1,1
/803
63,2,1
z947
42,1,1
/554
66,2,1
z964
51,2,1
/586
61,2,1
/511
65,2,1
/429
67,2,1
z563
36,1,1
/491
64,2,1
/943
56,2,1
z483
37,1,1
/2552
55,2,1
z484
40,1,1
/545
60,2,1
/535
62,2,1
z590
47,1,1
z700
35,1,1
z593
34,1,1
/552
69,2,1
/5918
52,2,1
/563
70,2,1
z882
43,1,1
z1408
49,1,1
 1020
0,0,0
/647
57,2,1
/23312
51,2,1
z36103
48,1,1
z1294
31,1,1
z3660
41,1,1
z4968
42,1,1
z2049
36,1,1
/1392
67,2,1
z5060
46,1,1
z3928
47,1,1
/787
66,2,1
z1262
38,1,1
/706
64,2,1
z6083
43,1,1
/3622
59,2,1
/12560
50,1,1
/7454
54,2,1
/953
63,2,1
z989
40,1,1
z771
37,1,1
z491
33,1,1
z6463
45,1,1
/1838
62,2,1
/5990
60,2,1
/510
70,2,1
z3631
49,1,1
z670
44,1,1
/20093
55,2,1
/588
58,2,1
/646
61,2,1
z460
34,1,1
z483
39,1,1
z439
35,1,1
/514
69,2,1
z426
32,1,1
/4756
53,2,1
/494
65,2,1
z479
52,2,1
/1705
56,2,1
/2172
68,2,1
 1813
0,0,0
/898
69,2,1
z891
35,1,1
z1491
59,2,1
/3504
57,2,1
z6479
40,1,1
z7213
52,2,1
z720
38,1,1
z452
34,1,1
z434
41,1,1
/669
66,2,1
z644
32,1,1
z551
37,1,1
z757
44,1,1
/1324
55,2,1
/639
60,2,1
/444
70,2,1
/422
68,2,1
/532
67,2,1
z1592
36,1,1
z4298
48,1,1
z2780
56,2,1
z726
46,1,1
z1018
39,1,1
/692
49,1,1
/611
54,2,1
/1747
64,2,1
/3738
51,2,1
z968
63,2,1
z730
33,1,1
z507
43,1,1
/520
65,2,1
z4829
47,1,1
z578
45,1,1
/6856
53,2,1
/635
61,2,1
/606
62,2,1
/535
58,2,1
z933
50,1,1
z529
31,1,1
z2607
42,1,1
 1326
0,0,0
z907
36,1,1
/695
58,2,1
/659
59,2,1
z636
34,1,1
/1489
48,1,1
/824
54,2,1
/456
68,2,1
z471
32,1,1
z572
40,1,1
z412
43,1,1
/1164
56,2,1
/430
55,2,1
z621
50,1,1
z530
38,1,1
z944
51,2,1
z495
39,1,1
z398
57,2,1
/433
69,2,1
z506
33,1,1
/414
70,2,1
z492
35,1,1
z598
31,1,1
z505
45,1,1
z482
42,1,1
/555
64,2,1
/507
61,2,1
z501
44,1,1
/1560
46,1,1
/751
53,2,1
z1215
47,1,1
/594
60,2,1
/1085
49,1,1
/845
66,2,1
/505
67,2,1
z3354
52,2,1
z499
37,1,1
/645
65,2,1
/547
62,2,1
z482
41,1,1
/415
63,2,1
 68904
0,0,0
z1164
47,1,1
z537
35,1,1
/623
67,2,1
/2120
65,2,1
/636
59,2,1
/513
64,2,1
/724
62,2,1
z603
38,1,1
z487
52,2,1
z502
36,1,1
z1211
49,1,1
z570
40,1,1
/533
61,2,1
z536
31,1,1
/465
70,2,1
z650
44,1,1
/459
66,2,1
z475
37,1,1
z531
39,1,1
/1383
53,2,1
z3952
48,1,1
z523
50,1,1
z577
45,1,1
z587
33,1,1
z728
43,1,1
/677
63,2,1
z553
42,1,1
/520
58,2,1
/505
60,2,1
z468
32,1,1
z573
34,1,1
/529
51,2,1
/509
56,2,1
/533
57,2,1
/497
54,2,1
z704
41,1,1
/578
69,2,1
/627
68,2,1
z2464
46,1,1
/1376
55,2,1
 2765
0,0,0
z7625
45,1,1
z8452
57,2,1
/6195
61,2,1
z5034
54,2,1
z576
49,1,1
z620
44,1,1
/719
65,2,1
/552
69,2,1
z552
42,1,1
/461
31,1,1
/866
63,2,1
z455
38,1,1
/7394
43,1,1
z795
40,1,1
/666
59,2,1
/567
62,2,1
z1207
47,1,1
z554
41,1,1
z613
35,1,1
z1150
46,1,1
z482
36,1,1
z408
33,1,1
z346
39,1,1
z480
32,1,1
/613
70,2,1
z7356
48,1,1
/703
68,2,1
/470
64,2,1
z2328
50,1,1
/749
67,2,1
/1081
58,2,1
z1145
52,2,1
/8673
53,2,1
/1853
60,2,1
/535
66,2,1
z559
34,1,1
z11293
55,2,1
z1624
51,2,1
z603
37,1,1
z5325
56,2,1
 1778
0,0,0
/1471
64,2,1
z6225
51,2,1
z552
38,1,1
/645
67,2,1
z1329
44,1,1
/561
63,2,1
/553
69,2,1
/23374
53,2,1
/679
56,2,1
/511
60,2,1
z573
35,1,1
/2447
58,2,1
z459
36,1,1
/7525
52,2,1
z504
31,1,1
/496
65,2,1
z560
39,1,1
z496
37,1,1
/998
49,1,1
z455
34,1,1
z604
40,1,1
/638
62,2,1
z666
32,1,1
/684
66,2,1
/7838
57,2,1
z682
47,1,1
/549
70,2,1
/1106
55,2,1
z574
45,1,1
/1725
61,2,1
/570
68,2,1
/809
50,1,1
/3053
59,2,1
z835
46,1,1
z539
33,1,1
z508
48,1,1
z492
54,2,1
z478
43,1,1
z416
41,1,1
z451
42,1,1
 2035
0,0,0
z732
31,1,1
/662
67,2,1
/2590
68,2,1
/10040
70,2,1
/700
65,2,1
z654
45,1,1
/729
69,2,1
z1828
54,2,1
z2821
52,2,1
z2407
58,2,1
z522
47,1,1
z391
42,1,1
/703
66,2,1
z965
44,1,1
z447
35,1,1
z612
50,1,1
z401
51,2,1
z432
36,1,1
z566
40,1,1
z4755
56,2,1
/20335
63,2,1
z585
33,1,1
z5225
53,2,1
z526
41,1,1
z525
46,1,1
z416
32,1,1
z553
38,1,1
/614
57,2,1
/563
60,2,1
/675
55,2,1
/597
49,1,1
z509
39,1,1
z421
43,1,1
z1387
48,1,1
z451
59,2,1
/623
62,2,1
/1570
64,2,1
/369
61,2,1
z367
37,1,1
z382
34,1,1
 914
0,0,0
z555
36,1,1
z350
58,2,1
/455
69,2,1
/383
57,2,1
/503
52,2,1
/467
68,2,1
/511
61,2,1
z478
39,1,1
/979
59,2,1
/537
55,2,1
z440
41,1,1
/1021
63,2,1
z520
49,1,1
/476
32,1,1
z514
43,1,1
z433
48,1,1
z415
33,1,1
/638
70,2,1
/1119
60,2,1
/533
64,2,1
z463
37,1,1
z417
42,1,1
z624
38,1,1
z490
50,1,1
z3181
45,1,1
z522
31,1,1
z1226
47,1,1
z611
40,1,1
/488
62,2,1
z1795
46,1,1
z558
35,1,1
/802
66,2,1
/485
67,2,1
/450
54,2,1
z5329
53,2,1
/1693
56,2,1
z1470
51,2,1
z505
44,1,1
/908
65,2,1
z529
34,1,1
 809
0,0,0
z1443
50,1,1
/567
67,2,1
z2430
52,2,1
/5459
59,2,1
z414
42,1,1
z747
49,1,1
/676
68,2,1
z797
34,1,1
/9057
62,2,1
z516
45,1,1
z20642
53,2,1
/824
61,2,1
z572
43,1,1
z1890
46,1,1
z496
37,1,1
/697
64,2,1
z2927
51,2,1
/1021
55,2,1
z148
40,1,1
z552
41,1,1
z359
33,1,1
z278
36,1,1
z417
66,2,1
z516
56,2,1
z1081
47,1,1
/550
65,2,1
/827
60,2,1
z477
32,1,1
/575
69,2,1
/500
63,2,1
/431
58,2,1
z420
44,1,1
z468
35,1,1
z438
31,1,1
z390
38,1,1
z295
48,1,1
/1710
57,2,1
z447
39,1,1
z712
54,2,1
/525
70,2,1
 1073
0,0,0
z605
48,1,1
z411
35,1,1
/549
68,2,1
/495
58,2,1
z481
37,1,1
/507
64,2,1
/526
56,2,1
/472
62,2,1
z759
47,1,1
z793
38,1,1
z422
34,1,1
z739
51,2,1
z397
39,1,1
z964
49,1,1
/859
69,2,1
z2123
59,2,1
z758
31,1,1
z618
43,1,1
/2202
63,2,1
z431
50,1,1
/1100
52,2,1
z1077
45,1,1
/663
65,2,1
z526
40,1,1
z480
53,2,1
z595
42,1,1
z352
32,1,1
z324
33,1,1
/611
70,2,1
z674
44,1,1
z621
55,2,1
z435
46,1,1
z366
60,2,1
/844
54,2,1
/555
61,2,1
/505
67,2,1
/23
66,2,1
z554
36,1,1
/812
57,2,1
z460
41,1,1
 808
0,0,0
z523
58,2,1
z499
36,1,1
/488
32,1,1
z683
31,1,1
/568
67,2,1
z628
48,1,1
z3155
50,1,1
/775
66,2,1
/2171
56,2,1
/530
60,2,1
z477
44,1,1
z802
45,1,1
/814
65,2,1
z639
43,1,1
z593
33,1,1
/1350
61,2,1
z3337
52,2,1
z617
40,1,1
/14102
53,2,1
/609
64,2,1
/681
68,2,1
x434
38,1,1
/1515
69,2,1
x584
42,1,1
/786
63,2,1
x558
35,1,1
x2432
51,2,1
x559
47,1,1
/1113
57,2,1
x766
41,1,1
x774
49,1,1
/568
70,2,1
/6083
55,2,1
/531
59,2,1
/474
62,2,1
x1140
46,1,1
x609
39,1,1
x548
34,1,1
/754
54,2,1
x1596
37,1,1
 1444
0,0,0
x710
35,1,1
x342
42,1,1
/1816
61,2,1
/604
64,2,1
/778
51,2,1
/621
68,2,1
/1444
50,1,1
x505
37,1,1
x432
36,1,1
x418
41,1,1
x1008
54,2,1
/494
60,2,1
/586
55,2,1
/552
65,2,1
x476
48,1,1
x566
40,1,1
x427
39,1,1
x405
49,1,1
/657
57,2,1
/618
66,2,1
x454
34,1,1
/617
63,2,1
x547
43,1,1
x910
56,2,1
x449
45,1,1
x462
38,1,1
/582
70,2,1
/561
67,2,1
x382
47,1,1
x452
53,2,1
/1332
69,2,1
x511
52,2,1
/1217
62,2,1
x494
44,1,1
x337
32,1,1
x378
31,1,1
x316
59,2,1
x364
58,2,1
x472
46,1,1
x309
33,1,1
 2163
0,0,0
x512
39,1,1
x406
48,1,1
x407
57,2,1
x775
52,2,1
x359
41,1,1
x539
50,1,1
x379
40,1,1
x495
32,1,1
x4354
59,2,1
x444
31,1,1
/692
69,2,1
x464
43,1,1
x495
42,1,1
x10002
64,2,1
/965
61,2,1
x547
45,1,1
x530
44,1,1
x564
35,1,1
x3130
51,2,1
x594
37,1,1
x664
36,1,1
x415
53,2,1
/3556
65,2,1
x494
46,1,1
/1216
58,2,1
/658
67,2,1
/1132
63,2,1
/505
68,2,1
x1148
49,1,1
x507
47,1,1
x643
33,1,1
x320
56,2,1
/481
70,2,1
/588
60,2,1
/907
54,2,1
x564
34,1,1
x560
38,1,1
x386
55,2,1
/738
66,2,1
/726
62,2,1
 206073
0,0,0
/919
69,2,1
z833
49,1,1
z1315
56,2,1
/621
67,2,1
/1596
59,2,1
z432
46,1,1
z733
53,2,1
z1786
38,1,1
/697
60,2,1
z607
44,1,1
z476
32,1,1
z609
51,2,1
z438
35,1,1
/621
57,2,1
z2764
52,2,1
z543
43,1,1
/586
62,2,1
z532
40,1,1
z437
36,1,1
/600
65,2,1
/717
61,2,1
z394
33,1,1
z419
34,1,1
/577
64,2,1
z457
37,1,1
z1114
55,2,1
z543
47,1,1
/522
66,2,1
z508
42,1,1
/503
68,2,1
z2579
50,1,1
z676
48,1,1
z733
54,2,1
/1160
63,2,1
z526
41,1,1
z13141
58,2,1
z635
45,1,1
z479
31,1,1
/1151
70,2,1
z2294
39,1,1
 1310
0,0,0
/805
62,2,1
/542
70,2,1
z1587
47,1,1
/708
58,2,1
z340
46,1,1
z427
37,1,1
z367
35,1,1
/1047
55,2,1
z692
44,1,1
/1081
60,2,1
z455
42,1,1
z2426
43,1,1
z525
33,1,1
/490
63,2,1
z535
39,1,1
z627
54,2,1
/463
66,2,1
z502
34,1,1
z2042
48,1,1
z485
36,1,1
/529
69,2,1
z430
64,2,1
/1274
57,2,1
/599
59,2,1
z400
38,1,1
z532
50,1,1
z433
51,2,1
z490
31,1,1
/446
67,2,1
/575
45,1,1
/488
68,2,1
z446
32,1,1
z427
40,1,1
/448
61,2,1
/1058
53,2,1
z728
49,1,1
z761
56,2,1
/656
65,2,1
z4934
41,1,1
/1473
52,2,1
END
Start of error log
End of error log
