dt16tl52b dt16bcy141
 14126
0,0,0
/1657
58,2,1
/698
69,2,1
z1161
38,1,1
/790
60,2,1
z823
39,1,1
/806
59,2,1
z610
40,1,1
/724
65,2,1
z636
32,1,1
z673
52,2,1
z664
49,1,1
/614
63,2,1
/577
70,2,1
z529
37,1,1
/630
64,2,1
z1383
43,1,1
z740
46,1,1
/534
67,2,1
z686
31,1,1
/787
54,2,1
z616
35,1,1
/1154
55,2,1
/921
53,2,1
z523
36,1,1
/604
68,2,1
z945
50,1,1
z704
33,1,1
/717
56,2,1
z1063
42,1,1
/693
62,2,1
z1044
47,1,1
/1174
48,1,1
/765
57,2,1
z514
41,1,1
z510
44,1,1
/740
66,2,1
/616
61,2,1
z650
45,1,1
z674
34,1,1
/709
51,2,1
 1267
0,0,0
z775
33,1,1
/1286
55,2,1
z1484
51,2,1
/515
65,2,1
/532
57,2,1
z562
39,1,1
/653
61,2,1
/505
67,2,1
/508
58,2,1
/587
60,2,1
/588
56,2,1
z1170
52,2,1
z1071
45,1,1
/642
37,1,1
/815
69,2,1
z923
35,1,1
z573
32,1,1
z953
40,1,1
z682
41,1,1
z482
36,1,1
z1380
54,2,1
/524
68,2,1
/501
70,2,1
z1154
48,1,1
z642
43,1,1
/762
64,2,1
z854
31,1,1
/608
63,2,1
/917
59,2,1
z1609
50,1,1
z2048
53,2,1
z702
38,1,1
z566
34,1,1
/673
66,2,1
z999
44,1,1
/634
62,2,1
z926
47,1,1
z777
49,1,1
z1348
46,1,1
z789
42,1,1
 876
0,0,0
/1082
61,2,1
/957
49,1,1
z610
44,1,1
/937
63,2,1
z1244
40,1,1
/1150
51,2,1
z603
31,1,1
z1664
48,1,1
z1174
36,1,1
z427
34,1,1
z580
35,1,1
z494
38,1,1
/633
65,2,1
z1190
45,1,1
/1135
54,2,1
z1259
39,1,1
/603
70,2,1
z1874
46,1,1
/552
64,2,1
/541
62,2,1
z513
33,1,1
z1566
50,1,1
/570
67,2,1
/570
60,2,1
z647
43,1,1
/673
69,2,1
z1050
56,2,1
z732
32,1,1
z466
41,1,1
z678
47,1,1
/960
52,2,1
z813
42,1,1
/598
66,2,1
/744
58,2,1
/589
59,2,1
/797
57,2,1
/729
68,2,1
z839
55,2,1
z1361
53,2,1
z1370
37,1,1
 849
0,0,0
z1059
41,1,1
z1160
54,2,1
z1880
43,1,1
/865
60,2,1
z853
42,1,1
/848
64,2,1
z617
34,1,1
z1415
47,1,1
/549
69,2,1
z615
49,1,1
z678
32,1,1
z962
48,1,1
z1416
52,2,1
/777
57,2,1
z617
45,1,1
/630
61,2,1
z1753
59,2,1
z921
35,1,1
/635
70,2,1
z903
33,1,1
z1911
46,1,1
z1546
56,2,1
z1889
40,1,1
z577
36,1,1
z773
38,1,1
/662
66,2,1
/792
58,2,1
/955
63,2,1
/3439
62,2,1
/691
65,2,1
/1151
53,2,1
/812
50,1,1
z1724
51,2,1
z1188
39,1,1
z540
31,1,1
z451
37,1,1
z2202
55,2,1
/499
67,2,1
/430
68,2,1
z749
44,1,1
 984
0,0,0
/1166
57,2,1
/938
58,2,1
/685
66,2,1
/768
55,2,1
z2137
43,1,1
z955
32,1,1
z1940
46,1,1
/614
64,2,1
/1769
63,2,1
/929
52,2,1
z765
44,1,1
z469
48,1,1
z1600
51,2,1
z1878
53,2,1
/1949
61,2,1
z1361
54,2,1
/845
68,2,1
z534
35,1,1
z567
40,1,1
z710
47,1,1
z794
33,1,1
z437
37,1,1
z482
49,1,1
/1226
59,2,1
/1718
45,1,1
/581
70,2,1
z826
36,1,1
z1756
56,2,1
z994
41,1,1
/525
62,2,1
/680
50,1,1
/545
69,2,1
/784
65,2,1
/1667
67,2,1
z2746
60,2,1
z936
31,1,1
z470
34,1,1
z1165
39,1,1
z417
42,1,1
z644
38,1,1
 840
0,0,0
/814
62,2,1
z757
35,1,1
z977
40,1,1
z885
34,1,1
z551
41,1,1
/931
47,1,1
/542
58,2,1
/651
60,2,1
/558
69,2,1
/567
66,2,1
z1292
46,1,1
z530
52,2,1
/517
70,2,1
/535
65,2,1
/869
67,2,1
/1412
56,2,1
z1516
49,1,1
z514
38,1,1
/738
68,2,1
/463
55,2,1
z1192
32,1,1
z900
50,1,1
z711
33,1,1
/807
59,2,1
z932
44,1,1
z467
42,1,1
z539
31,1,1
z464
39,1,1
z706
48,1,1
/624
63,2,1
z624
43,1,1
z777
45,1,1
/1436
53,2,1
/596
57,2,1
/5273
51,2,1
/562
54,2,1
/715
64,2,1
z556
36,1,1
z563
37,1,1
/821
61,2,1
 859
0,0,0
/656
70,2,1
z481
38,1,1
/888
69,2,1
/828
67,2,1
z1235
47,1,1
/1903
61,2,1
/626
65,2,1
z540
51,2,1
z1069
39,1,1
z1224
46,1,1
z664
40,1,1
z467
35,1,1
z1205
52,2,1
/3554
50,1,1
/834
66,2,1
z725
43,1,1
/853
53,2,1
/1270
63,2,1
/604
58,2,1
/662
60,2,1
/1551
57,2,1
z1762
49,1,1
z635
41,1,1
z514
34,1,1
/702
64,2,1
z609
33,1,1
/570
59,2,1
/579
62,2,1
z1840
45,1,1
z698
44,1,1
/556
36,1,1
z651
48,1,1
z558
32,1,1
/575
68,2,1
/526
55,2,1
z651
42,1,1
z444
31,1,1
z711
37,1,1
/2276
56,2,1
/970
54,2,1
 786
0,0,0
z916
50,1,1
z1396
49,1,1
/525
64,2,1
/604
60,2,1
z841
43,1,1
z625
32,1,1
/514
62,2,1
z1441
38,1,1
z881
53,2,1
z722
33,1,1
/480
69,2,1
/702
48,1,1
/757
68,2,1
z500
35,1,1
/924
58,2,1
z1264
39,1,1
/578
70,2,1
z535
47,1,1
z600
41,1,1
z432
36,1,1
z441
31,1,1
z588
34,1,1
/657
56,2,1
/633
65,2,1
z2118
44,1,1
z638
42,1,1
/539
66,2,1
/734
67,2,1
/775
59,2,1
/568
61,2,1
z610
52,2,1
z666
37,1,1
z533
40,1,1
/1623
55,2,1
/795
57,2,1
z1255
46,1,1
/3198
51,2,1
z1455
54,2,1
/736
63,2,1
z821
45,1,1
 741
0,0,0
z699
35,1,1
z520
45,1,1
z914
34,1,1
z1047
47,1,1
/621
46,1,1
z658
52,2,1
/1457
53,2,1
/1722
48,1,1
z610
41,1,1
z1028
37,1,1
/1716
51,2,1
z898
36,1,1
/779
59,2,1
/668
68,2,1
/486
70,2,1
/721
67,2,1
z760
44,1,1
z1540
58,2,1
z828
54,2,1
z722
38,1,1
/1056
57,2,1
z2125
55,2,1
z1617
50,1,1
z531
43,1,1
z469
31,1,1
/942
66,2,1
/2138
60,2,1
/1202
62,2,1
z3828
32,1,1
/1225
64,2,1
/1544
61,2,1
z3359
39,1,1
/1106
69,2,1
/2116
63,2,1
/1785
56,2,1
z757
33,1,1
z1279
40,1,1
/4020
49,1,1
/1237
65,2,1
z1775
42,1,1
 804
0,0,0
/1071
60,2,1
z633
33,1,1
/743
67,2,1
z634
39,1,1
/1818
59,2,1
/1994
63,2,1
z1822
44,1,1
z533
37,1,1
/686
69,2,1
z699
41,1,1
z1263
48,1,1
z613
36,1,1
/982
61,2,1
/1628
55,2,1
/3335
56,2,1
z790
42,1,1
/2527
53,2,1
/1603
58,2,1
z635
32,1,1
z1946
46,1,1
z1697
54,2,1
z695
35,1,1
z699
49,1,1
z1797
43,1,1
/889
62,2,1
z1381
40,1,1
z1434
47,1,1
z1705
50,1,1
/723
70,2,1
z649
31,1,1
/869
65,2,1
z805
38,1,1
z1230
45,1,1
/747
64,2,1
z1713
52,2,1
z619
34,1,1
/1087
57,2,1
/555
68,2,1
/525
66,2,1
z1758
51,2,1
 892
0,0,0
z1797
39,1,1
z1535
50,1,1
z655
41,1,1
/1393
53,2,1
/627
58,2,1
/1179
62,2,1
/1581
56,2,1
z658
46,1,1
z566
35,1,1
/2582
52,2,1
/1354
54,2,1
/2867
57,2,1
/3265
55,2,1
z418
34,1,1
/1012
49,1,1
/788
59,2,1
/968
67,2,1
/565
69,2,1
/1592
42,1,1
z508
51,2,1
z539
32,1,1
/1187
61,2,1
/2072
63,2,1
/586
70,2,1
z1844
47,1,1
/664
65,2,1
z3124
43,1,1
/943
60,2,1
/1642
66,2,1
/669
68,2,1
z643
33,1,1
z753
37,1,1
z551
36,1,1
z451
31,1,1
z2603
48,1,1
z1670
40,1,1
z2528
38,1,1
z1391
44,1,1
/1037
64,2,1
z1622
45,1,1
 760
0,0,0
z926
44,1,1
/1031
57,2,1
/1387
47,1,1
/603
69,2,1
/1274
51,2,1
z555
36,1,1
z1265
50,1,1
/1221
52,2,1
/669
66,2,1
/559
67,2,1
/2319
63,2,1
z712
42,1,1
/2096
58,2,1
z1710
55,2,1
/1649
68,2,1
/683
64,2,1
z537
37,1,1
z496
32,1,1
z1394
38,1,1
/618
62,2,1
z696
33,1,1
/2570
46,1,1
z1773
35,1,1
/1814
61,2,1
z510
40,1,1
z2275
43,1,1
/656
70,2,1
/1403
53,2,1
z875
45,1,1
z1141
54,2,1
z1313
59,2,1
z923
49,1,1
/2103
56,2,1
z1221
60,2,1
z821
31,1,1
/841
65,2,1
z804
41,1,1
z622
34,1,1
z1494
48,1,1
z1109
39,1,1
 765
0,0,0
/475
64,2,1
/487
68,2,1
z441
41,1,1
/921
58,2,1
z681
37,1,1
/564
67,2,1
/1208
48,1,1
/1831
47,1,1
z576
33,1,1
z530
34,1,1
z535
36,1,1
z793
40,1,1
/593
66,2,1
z1228
38,1,1
z747
43,1,1
z1790
35,1,1
/933
51,2,1
/798
62,2,1
z610
31,1,1
/678
56,2,1
/904
49,1,1
/703
59,2,1
/2775
54,2,1
z2062
50,1,1
/614
55,2,1
/659
65,2,1
z1129
52,2,1
z569
39,1,1
z1418
45,1,1
/592
70,2,1
/964
57,2,1
/4051
53,2,1
/771
60,2,1
z516
61,2,1
z838
44,1,1
/544
69,2,1
z1257
42,1,1
z563
46,1,1
z1726
32,1,1
/684
63,2,1
 944
0,0,0
/594
70,2,1
z625
32,1,1
/982
52,2,1
z666
33,1,1
z2192
35,1,1
z1549
44,1,1
/497
69,2,1
/393
58,2,1
z847
39,1,1
/1894
48,1,1
/723
62,2,1
z1689
46,1,1
/514
66,2,1
/797
53,2,1
/533
68,2,1
/1476
63,2,1
z827
36,1,1
z1224
41,1,1
z488
40,1,1
z552
31,1,1
/1061
51,2,1
/2223
55,2,1
/1211
60,2,1
/501
65,2,1
/608
64,2,1
/642
61,2,1
z614
45,1,1
z518
34,1,1
/2081
57,2,1
z2605
43,1,1
/613
67,2,1
z2254
54,2,1
z1910
56,2,1
z843
38,1,1
/1219
59,2,1
z842
42,1,1
/2368
49,1,1
/3234
50,1,1
z1153
47,1,1
z610
37,1,1
 730
0,0,0
/536
66,2,1
z1980
50,1,1
z941
52,2,1
/497
67,2,1
/456
65,2,1
z680
36,1,1
/620
69,2,1
/435
60,2,1
z580
38,1,1
z497
32,1,1
/816
57,2,1
/1673
64,2,1
z589
47,1,1
/1396
43,1,1
z2026
33,1,1
/997
56,2,1
z1577
49,1,1
/718
68,2,1
z1203
34,1,1
/1312
55,2,1
/1319
70,2,1
/976
53,2,1
z977
48,1,1
z623
37,1,1
z1325
45,1,1
/1532
62,2,1
z2869
54,2,1
z562
44,1,1
/1578
59,2,1
z1628
46,1,1
/780
58,2,1
/1053
61,2,1
z1296
40,1,1
z555
41,1,1
/2209
51,2,1
z1544
42,1,1
z989
35,1,1
z566
31,1,1
z856
39,1,1
/995
63,2,1
 873
0,0,0
z512
33,1,1
/1594
47,1,1
z991
32,1,1
/694
57,2,1
/494
60,2,1
z536
38,1,1
/535
59,2,1
/575
62,2,1
/492
66,2,1
/1222
61,2,1
z607
36,1,1
z964
35,1,1
/1589
58,2,1
/503
63,2,1
/1293
49,1,1
/1101
64,2,1
z688
43,1,1
/2210
52,2,1
/1260
56,2,1
z2824
40,1,1
/1176
54,2,1
z2295
48,1,1
z699
42,1,1
z1123
55,2,1
/1265
51,2,1
z541
31,1,1
z3795
37,1,1
/689
68,2,1
/521
67,2,1
/539
70,2,1
/1274
50,1,1
z629
39,1,1
/710
65,2,1
z702
34,1,1
/1307
53,2,1
/2313
46,1,1
z2018
41,1,1
z1358
44,1,1
/480
69,2,1
z1330
45,1,1
 633
0,0,0
/533
62,2,1
/567
53,2,1
z541
36,1,1
/1366
46,1,1
/1048
45,1,1
/2001
47,1,1
/530
69,2,1
/715
51,2,1
/590
63,2,1
z1477
41,1,1
/644
57,2,1
/1489
48,1,1
z611
34,1,1
/611
67,2,1
/580
60,2,1
/695
56,2,1
/905
49,1,1
/623
64,2,1
/467
68,2,1
/3008
52,2,1
/1788
54,2,1
z2377
43,1,1
z1944
39,1,1
z1603
50,1,1
z1644
44,1,1
z486
32,1,1
z1089
35,1,1
z733
37,1,1
/772
65,2,1
/521
61,2,1
z595
31,1,1
/1032
66,2,1
z1272
40,1,1
/691
55,2,1
/946
58,2,1
z854
38,1,1
z487
33,1,1
z1442
42,1,1
/708
70,2,1
/1267
59,2,1
 711
0,0,0
/2174
50,1,1
z885
41,1,1
z437
37,1,1
/484
66,2,1
z868
35,1,1
/654
54,2,1
/542
62,2,1
/537
68,2,1
/546
70,2,1
/475
61,2,1
/504
64,2,1
/2100
55,2,1
/1419
49,1,1
/1527
60,2,1
z679
31,1,1
z2169
46,1,1
z776
36,1,1
z1824
59,2,1
/480
67,2,1
/877
47,1,1
z1886
45,1,1
/630
69,2,1
z1658
52,2,1
z1097
39,1,1
z573
44,1,1
z620
40,1,1
/755
58,2,1
/685
63,2,1
z557
34,1,1
z1188
57,2,1
z1335
33,1,1
z2900
42,1,1
z1832
43,1,1
/858
65,2,1
/880
56,2,1
z746
48,1,1
z705
38,1,1
z616
53,2,1
z619
32,1,1
z1682
51,2,1
 667
0,0,0
/572
69,2,1
/664
52,2,1
/539
62,2,1
/451
59,2,1
/637
63,2,1
/654
57,2,1
/687
61,2,1
z657
42,1,1
/1380
53,2,1
/537
68,2,1
/733
47,1,1
z570
44,1,1
/1216
55,2,1
z859
38,1,1
/929
56,2,1
z1247
50,1,1
z515
32,1,1
z1081
48,1,1
/1256
58,2,1
/657
64,2,1
z614
35,1,1
z805
36,1,1
z789
37,1,1
/906
45,1,1
/1683
43,1,1
/710
60,2,1
z2371
54,2,1
z1729
41,1,1
z910
31,1,1
z1348
40,1,1
/1327
49,1,1
z1529
46,1,1
z561
33,1,1
z947
34,1,1
/922
65,2,1
z851
39,1,1
/623
66,2,1
z1203
51,2,1
z580
67,2,1
/550
70,2,1
 631
0,0,0
z849
45,1,1
/665
63,2,1
/533
70,2,1
/680
55,2,1
z568
38,1,1
/549
69,2,1
z995
52,2,1
z702
42,1,1
/1516
60,2,1
/537
65,2,1
z516
43,1,1
z591
36,1,1
z1206
48,1,1
z568
41,1,1
/475
67,2,1
/487
58,2,1
/770
49,1,1
/843
54,2,1
/1057
35,1,1
z622
31,1,1
/548
66,2,1
z765
50,1,1
z588
32,1,1
z1413
40,1,1
/1746
47,1,1
/660
61,2,1
z1970
44,1,1
z1398
46,1,1
/609
68,2,1
/913
59,2,1
/2553
51,2,1
z2194
34,1,1
z679
37,1,1
z501
39,1,1
/617
56,2,1
/688
53,2,1
/1099
64,2,1
z522
33,1,1
/2076
57,2,1
/922
62,2,1
 644
0,0,0
z493
44,1,1
z543
47,1,1
z564
31,1,1
z996
43,1,1
z827
39,1,1
/1083
48,1,1
/702
64,2,1
/566
58,2,1
z1322
34,1,1
/600
67,2,1
z727
49,1,1
/597
53,2,1
/1785
61,2,1
/977
70,2,1
/828
63,2,1
z1397
35,1,1
z456
38,1,1
z920
37,1,1
/581
56,2,1
/466
66,2,1
z621
32,1,1
/531
69,2,1
z647
40,1,1
/587
62,2,1
/504
51,2,1
/565
68,2,1
/765
57,2,1
z1397
42,1,1
z751
50,1,1
/518
59,2,1
/966
45,1,1
z2197
46,1,1
z468
41,1,1
z547
33,1,1
z636
36,1,1
/452
65,2,1
/652
54,2,1
z1038
55,2,1
/667
52,2,1
/1302
60,2,1
 631
0,0,0
/693
66,2,1
/935
54,2,1
/469
62,2,1
/484
65,2,1
z461
42,1,1
/1032
63,2,1
z563
41,1,1
z845
53,2,1
/505
68,2,1
z647
40,1,1
z908
49,1,1
z765
38,1,1
/632
64,2,1
z579
33,1,1
z584
47,1,1
z1242
35,1,1
/629
57,2,1
z1636
45,1,1
z724
56,2,1
z425
34,1,1
/1200
46,1,1
/545
55,2,1
/668
61,2,1
/535
67,2,1
z856
43,1,1
z1131
50,1,1
/832
48,1,1
z1344
31,1,1
z1414
44,1,1
z1145
37,1,1
/608
69,2,1
/442
60,2,1
/729
52,2,1
/904
51,2,1
/2045
59,2,1
z806
36,1,1
/606
70,2,1
z1183
39,1,1
z628
32,1,1
/882
58,2,1
 663
0,0,0
/529
63,2,1
z736
31,1,1
z555
36,1,1
/972
50,1,1
/492
47,1,1
/577
66,2,1
z1960
52,2,1
z740
44,1,1
z2475
42,1,1
/573
51,2,1
/477
67,2,1
/432
64,2,1
/624
55,2,1
z650
34,1,1
z1603
35,1,1
/718
57,2,1
z611
38,1,1
/501
68,2,1
/489
70,2,1
z515
41,1,1
/474
69,2,1
z1445
49,1,1
/528
60,2,1
/990
45,1,1
z546
32,1,1
/526
59,2,1
z721
37,1,1
/688
65,2,1
/659
46,1,1
/532
58,2,1
z634
33,1,1
z771
40,1,1
z882
39,1,1
/517
62,2,1
/477
61,2,1
/709
54,2,1
z656
43,1,1
/1348
56,2,1
z2581
48,1,1
z1092
53,2,1
 631
0,0,0
z695
37,1,1
/536
53,2,1
z1132
45,1,1
z590
40,1,1
z512
39,1,1
/1035
64,2,1
/1508
58,2,1
/455
63,2,1
z2330
35,1,1
z1394
48,1,1
/1010
51,2,1
/1898
56,2,1
z1175
43,1,1
/568
68,2,1
/869
52,2,1
/1357
49,1,1
z495
32,1,1
/2257
54,2,1
z628
31,1,1
z1883
59,2,1
z735
41,1,1
z4035
55,2,1
/685
70,2,1
z865
36,1,1
/1853
61,2,1
z1944
47,1,1
z621
44,1,1
z592
34,1,1
/556
69,2,1
/479
50,1,1
/1809
42,1,1
/523
65,2,1
/432
66,2,1
/488
60,2,1
z563
38,1,1
z1053
62,2,1
z673
33,1,1
/1250
46,1,1
/608
67,2,1
/539
57,2,1
 588
0,0,0
z1084
40,1,1
/643
57,2,1
z1101
41,1,1
/780
55,2,1
/917
62,2,1
/526
66,2,1
z629
38,1,1
z757
37,1,1
z706
33,1,1
z529
42,1,1
z2186
45,1,1
/1114
58,2,1
z1414
50,1,1
z380
31,1,1
/486
64,2,1
/518
52,2,1
z961
39,1,1
/636
60,2,1
/568
69,2,1
z953
43,1,1
z572
35,1,1
/544
63,2,1
/646
48,1,1
z1068
44,1,1
z636
32,1,1
z1477
49,1,1
/681
68,2,1
/457
70,2,1
z1147
47,1,1
/1328
61,2,1
/528
67,2,1
z580
36,1,1
/584
65,2,1
/1128
56,2,1
z1053
46,1,1
/613
59,2,1
z630
34,1,1
z1192
54,2,1
/3513
53,2,1
/1801
51,2,1
 586
0,0,0
/889
65,2,1
/508
62,2,1
/563
70,2,1
z488
33,1,1
/964
54,2,1
z750
32,1,1
z725
34,1,1
z944
39,1,1
/590
66,2,1
z709
42,1,1
z1092
46,1,1
/532
63,2,1
z1018
52,2,1
z929
50,1,1
/1223
49,1,1
/692
58,2,1
z767
48,1,1
z1907
51,2,1
z590
36,1,1
/880
55,2,1
/677
64,2,1
z625
45,1,1
z575
31,1,1
/680
60,2,1
/588
61,2,1
z914
43,1,1
/893
57,2,1
/997
44,1,1
/2078
40,1,1
/572
56,2,1
z1198
47,1,1
/586
68,2,1
/1372
67,2,1
/1052
69,2,1
z845
38,1,1
z548
37,1,1
/1016
53,2,1
/1614
59,2,1
z990
35,1,1
z1631
41,1,1
 662
0,0,0
/527
54,2,1
/474
67,2,1
/641
55,2,1
z568
34,1,1
z755
38,1,1
/562
58,2,1
/511
63,2,1
z1367
46,1,1
z520
31,1,1
/610
41,1,1
/833
47,1,1
/1753
53,2,1
z2359
40,1,1
z624
37,1,1
z745
44,1,1
z506
33,1,1
/637
61,2,1
/443
65,2,1
/406
60,2,1
z520
36,1,1
z1089
42,1,1
/556
56,2,1
/1139
48,1,1
/602
57,2,1
/1076
52,2,1
/599
70,2,1
z551
35,1,1
z734
43,1,1
/634
59,2,1
/778
64,2,1
z614
32,1,1
/579
69,2,1
/557
68,2,1
/463
66,2,1
/1974
62,2,1
z629
45,1,1
/2387
49,1,1
z1239
51,2,1
z1294
50,1,1
z1426
39,1,1
 637
0,0,0
z1751
31,1,1
/751
55,2,1
/807
61,2,1
/472
62,2,1
z448
33,1,1
z912
34,1,1
/541
52,2,1
/451
65,2,1
z1306
35,1,1
/585
51,2,1
z990
46,1,1
/587
64,2,1
/720
60,2,1
/1212
49,1,1
z1930
44,1,1
z937
41,1,1
/588
70,2,1
z785
39,1,1
z733
42,1,1
/1223
56,2,1
/1608
48,1,1
z1834
37,1,1
z2864
38,1,1
z603
32,1,1
/514
59,2,1
/630
67,2,1
z1194
54,2,1
z670
47,1,1
z583
43,1,1
z486
40,1,1
/609
57,2,1
z671
36,1,1
/1139
50,1,1
/642
58,2,1
/612
68,2,1
/609
53,2,1
/1202
63,2,1
/599
69,2,1
/514
66,2,1
z695
45,1,1
 1225
0,0,0
/482
69,2,1
/428
60,2,1
/421
58,2,1
z533
37,1,1
/611
65,2,1
/1014
48,1,1
z657
46,1,1
/548
63,2,1
/717
57,2,1
z786
42,1,1
z534
47,1,1
z730
33,1,1
/1231
55,2,1
z1545
36,1,1
/688
67,2,1
/2191
45,1,1
/601
66,2,1
/1507
61,2,1
/1985
44,1,1
z512
32,1,1
/877
52,2,1
/746
56,2,1
/547
64,2,1
/789
59,2,1
z623
38,1,1
z722
40,1,1
z868
35,1,1
/3157
53,2,1
/938
62,2,1
/597
68,2,1
z903
43,1,1
/1000
70,2,1
z792
39,1,1
z597
31,1,1
/1016
50,1,1
z2288
41,1,1
/1426
51,2,1
/921
49,1,1
z548
34,1,1
z1712
54,2,1
 707
0,0,0
/431
70,2,1
z657
36,1,1
z755
34,1,1
/542
62,2,1
/760
50,1,1
/506
63,2,1
/1133
58,2,1
z1674
49,1,1
z777
37,1,1
z1295
51,2,1
/947
52,2,1
z755
44,1,1
z566
31,1,1
/594
55,2,1
z1610
38,1,1
z1479
56,2,1
z507
46,1,1
z524
43,1,1
z1346
41,1,1
z1423
45,1,1
/687
61,2,1
/2911
42,1,1
/678
65,2,1
z2900
32,1,1
/1068
69,2,1
/534
67,2,1
/419
68,2,1
/477
66,2,1
/1381
53,2,1
/466
64,2,1
/2016
48,1,1
z816
39,1,1
/873
60,2,1
z795
35,1,1
/665
54,2,1
/640
59,2,1
z537
33,1,1
z483
47,1,1
/596
57,2,1
/534
40,1,1
END
Start of error log
End of error log
