/home/cogsys/aging/dtpbsy/dt16tl42b /home/cogsys/aging/dtpbsy/dt16bcy121
z3008
0,0,0
z1041
56,2,1
/856
69,2,1
z476
35,1,1
z459
45,1,1
z431
42,1,1
z487
44,1,1
z450
50,1,1
z560
52,2,1
/573
66,2,1
z623
46,1,1
z466
36,1,1
/561
64,2,1
z587
39,1,1
z806
55,2,1
/826
65,2,1
z943
47,1,1
/990
59,2,1
/1409
70,2,1
z673
40,1,1
/566
67,2,1
z913
48,1,1
/604
57,2,1
/541
51,2,1
/566
68,2,1
z512
32,1,1
/657
54,2,1
/577
63,2,1
z619
41,1,1
z911
61,2,1
z531
33,1,1
z474
37,1,1
z341
38,1,1
/594
62,2,1
z1360
49,1,1
z885
53,2,1
z846
31,1,1
/554
60,2,1
/2593
58,2,1
z822
43,1,1
z555
34,1,1
/762
0,0,0
z958
39,1,1
z337
35,1,1
/487
67,2,1
z441
37,1,1
/635
56,2,1
/943
70,2,1
/546
57,2,1
/397
66,2,1
/328
65,2,1
z448
40,1,1
z872
50,1,1
z627
55,2,1
z467
36,1,1
z484
46,1,1
z368
44,1,1
z402
52,2,1
/488
60,2,1
z470
48,1,1
z377
31,1,1
z334
41,1,1
z344
63,2,1
/354
43,1,1
/766
68,2,1
z422
33,1,1
/412
59,2,1
z844
51,2,1
/1632
53,2,1
/478
69,2,1
z485
42,1,1
z370
34,1,1
/434
61,2,1
/955
47,1,1
/529
54,2,1
/434
58,2,1
z458
38,1,1
/686
45,1,1
z857
32,1,1
/471
62,2,1
/429
64,2,1
/340
49,1,1
z626
0,0,0
/1259
65,2,1
z546
53,2,1
/748
57,2,1
z480
42,1,1
z904
52,2,1
z878
34,1,1
z712
43,1,1
/676
70,2,1
/356
69,2,1
z607
32,1,1
z676
38,1,1
z506
44,1,1
z498
46,1,1
/470
63,2,1
/402
67,2,1
z484
31,1,1
/636
58,2,1
/507
35,1,1
z470
47,1,1
z934
36,1,1
/492
66,2,1
/558
55,2,1
z1141
39,1,1
/457
64,2,1
z485
33,1,1
/698
51,2,1
/412
54,2,1
z540
41,1,1
/470
56,2,1
/450
68,2,1
z872
48,1,1
z796
49,1,1
z518
45,1,1
z501
50,1,1
/712
62,2,1
/447
60,2,1
/456
59,2,1
z521
40,1,1
z1291
37,1,1
/644
61,2,1
/485
0,0,0
z1395
49,1,1
/639
55,2,1
/369
54,2,1
/346
44,1,1
z585
35,1,1
/627
64,2,1
/502
48,1,1
/712
65,2,1
z1926
38,1,1
/560
69,2,1
z836
31,1,1
/595
62,2,1
z517
45,1,1
/584
42,1,1
/955
57,2,1
/415
59,2,1
z544
36,1,1
z1024
41,1,1
/446
66,2,1
z494
34,1,1
z548
40,1,1
/654
58,2,1
/517
67,2,1
/617
61,2,1
/478
60,2,1
z613
37,1,1
z523
32,1,1
/505
68,2,1
z1107
39,1,1
/490
56,2,1
/690
50,1,1
z581
43,1,1
/1622
52,2,1
z1399
46,1,1
/473
53,2,1
/644
47,1,1
/495
70,2,1
z510
33,1,1
/498
51,2,1
z493
63,2,1
z701
0,0,0
/1014
56,2,1
/369
64,2,1
z447
40,1,1
z1284
44,1,1
/512
68,2,1
z476
37,1,1
z992
46,1,1
/524
66,2,1
/454
59,2,1
z677
41,1,1
/431
65,2,1
/338
63,2,1
z537
34,1,1
/579
62,2,1
z603
33,1,1
z524
32,1,1
z460
38,1,1
z752
45,1,1
z490
55,2,1
z487
50,1,1
z519
52,2,1
z480
54,2,1
z516
49,1,1
z387
35,1,1
z396
43,1,1
/774
61,2,1
/606
51,2,1
/419
67,2,1
z512
31,1,1
/445
70,2,1
/340
48,1,1
/634
60,2,1
/453
69,2,1
z595
36,1,1
/507
57,2,1
z652
39,1,1
/888
53,2,1
/482
58,2,1
/744
47,1,1
z891
42,1,1
z679
0,0,0
/921
65,2,1
/397
68,2,1
z576
41,1,1
z546
46,1,1
z705
32,1,1
z518
37,1,1
z493
40,1,1
/580
55,2,1
/855
42,1,1
/476
54,2,1
/713
49,1,1
/435
61,2,1
/911
51,2,1
/457
60,2,1
/474
52,2,1
/781
45,1,1
/465
59,2,1
/634
48,1,1
/433
47,1,1
/473
62,2,1
/501
50,1,1
z618
36,1,1
/760
63,2,1
/479
70,2,1
z602
38,1,1
/497
69,2,1
z597
35,1,1
/589
57,2,1
/401
34,1,1
/973
53,2,1
z1635
43,1,1
z675
33,1,1
z882
39,1,1
/609
56,2,1
/535
66,2,1
z689
31,1,1
/640
64,2,1
/760
44,1,1
/530
58,2,1
/364
67,2,1
z483
0,0,0
/495
57,2,1
/345
50,1,1
/473
43,1,1
/382
66,2,1
/342
61,2,1
/392
59,2,1
/331
54,2,1
/852
52,2,1
/593
47,1,1
/351
63,2,1
z593
32,1,1
z1149
48,1,1
z568
33,1,1
z453
36,1,1
z491
42,1,1
/726
56,2,1
/478
60,2,1
z775
38,1,1
z583
49,1,1
/600
68,2,1
/542
62,2,1
/405
65,2,1
z833
53,2,1
/569
40,1,1
/1293
69,2,1
z559
37,1,1
z809
34,1,1
/584
55,2,1
/454
64,2,1
z644
46,1,1
/1151
58,2,1
z563
35,1,1
z909
39,1,1
z717
45,1,1
z563
41,1,1
/588
70,2,1
/593
67,2,1
z687
44,1,1
z544
31,1,1
/1001
51,2,1
/711
0,0,0
z1083
39,1,1
/1183
70,2,1
/460
54,2,1
/471
47,1,1
/582
45,1,1
/487
46,1,1
/664
62,2,1
/550
69,2,1
/442
66,2,1
/440
65,2,1
/442
67,2,1
z663
38,1,1
/517
64,2,1
z946
44,1,1
z571
52,2,1
/447
36,1,1
/586
42,1,1
/389
55,2,1
/458
49,1,1
z682
31,1,1
/477
63,2,1
/555
58,2,1
z768
37,1,1
/1138
57,2,1
/487
53,2,1
/386
43,1,1
/442
61,2,1
/412
68,2,1
/399
32,1,1
/378
56,2,1
/463
60,2,1
z557
40,1,1
z752
34,1,1
/685
48,1,1
z1528
33,1,1
/524
50,1,1
z564
41,1,1
/510
59,2,1
/536
51,2,1
z622
35,1,1
z970
0,0,0
z1164
41,1,1
/445
60,2,1
/686
43,1,1
/860
37,1,1
/573
50,1,1
/621
58,2,1
/442
49,1,1
/499
57,2,1
/641
55,2,1
/441
66,2,1
/430
65,2,1
/546
64,2,1
z619
39,1,1
z824
51,2,1
z758
42,1,1
/873
69,2,1
/457
70,2,1
/637
47,1,1
/378
45,1,1
/378
56,2,1
/449
54,2,1
/728
48,1,1
z1446
44,1,1
z1388
52,2,1
z647
38,1,1
/504
59,2,1
z642
32,1,1
/538
63,2,1
z754
33,1,1
/549
62,2,1
/394
67,2,1
/372
61,2,1
z490
35,1,1
/513
36,1,1
/634
68,2,1
/510
53,2,1
z608
40,1,1
/413
31,1,1
z1505
46,1,1
z525
34,1,1
/571
0,0,0
z3971
35,1,1
/597
57,2,1
z923
38,1,1
/503
60,2,1
/801
41,1,1
/566
40,1,1
z840
43,1,1
/1002
55,2,1
/551
56,2,1
/543
46,1,1
z591
37,1,1
/594
69,2,1
z592
33,1,1
z880
34,1,1
z495
39,1,1
z477
50,1,1
/615
63,2,1
/539
67,2,1
/419
61,2,1
/410
42,1,1
/616
66,2,1
/386
52,2,1
z566
36,1,1
/506
59,2,1
/470
64,2,1
/453
68,2,1
z850
44,1,1
z707
53,2,1
z590
49,1,1
z543
45,1,1
z370
32,1,1
/485
47,1,1
/418
62,2,1
/385
58,2,1
/350
48,1,1
/440
70,2,1
z508
31,1,1
/404
65,2,1
/244
51,2,1
z3939
54,2,1
z676
0,0,0
z1473
41,1,1
/451
64,2,1
/418
62,2,1
/429
45,1,1
/421
44,1,1
z676
32,1,1
/494
65,2,1
/468
59,2,1
/382
54,2,1
/367
49,1,1
/370
47,1,1
/411
60,2,1
/418
42,1,1
/669
70,2,1
z484
31,1,1
/946
46,1,1
z1344
33,1,1
z619
52,2,1
/426
66,2,1
z590
36,1,1
/493
69,2,1
/402
68,2,1
/434
39,1,1
/740
57,2,1
z720
40,1,1
z1008
43,1,1
/1063
55,2,1
z468
34,1,1
z662
38,1,1
/516
67,2,1
/494
61,2,1
/643
53,2,1
/602
63,2,1
/477
56,2,1
z620
35,1,1
z1139
51,2,1
z476
37,1,1
z573
48,1,1
/632
50,1,1
/632
58,2,1
/1061
0,0,0
z847
58,2,1
/449
68,2,1
z602
47,1,1
/567
67,2,1
z828
38,1,1
/552
64,2,1
z888
36,1,1
z607
41,1,1
z707
48,1,1
z658
50,1,1
z759
39,1,1
z575
43,1,1
z554
52,2,1
z531
49,1,1
/1116
69,2,1
/713
53,2,1
/433
61,2,1
/498
62,2,1
/447
56,2,1
z1152
37,1,1
z681
31,1,1
z557
42,1,1
z595
32,1,1
z691
33,1,1
/464
59,2,1
z729
34,1,1
z720
46,1,1
/651
55,2,1
z546
40,1,1
z878
57,2,1
z528
60,2,1
z716
44,1,1
z427
70,2,1
/540
66,2,1
/803
51,2,1
z932
54,2,1
z590
35,1,1
/776
45,1,1
/492
65,2,1
/422
63,2,1
/1278
0,0,0
z1928
50,1,1
/608
60,2,1
/633
47,1,1
/1024
52,2,1
/395
65,2,1
/493
51,2,1
/445
34,1,1
z1592
46,1,1
z1061
57,2,1
/1143
58,2,1
z8123
41,1,1
z1011
49,1,1
/674
64,2,1
z541
35,1,1
/513
69,2,1
z634
44,1,1
/668
68,2,1
z1054
48,1,1
z538
36,1,1
z441
32,1,1
/579
43,1,1
z484
33,1,1
/508
70,2,1
z539
45,1,1
/682
67,2,1
z560
42,1,1
/619
61,2,1
/541
55,2,1
z1057
56,2,1
z1031
54,2,1
z455
40,1,1
z470
38,1,1
/598
66,2,1
z745
39,1,1
/554
63,2,1
/471
62,2,1
z696
37,1,1
z844
53,2,1
z504
31,1,1
/889
59,2,1
z605
0,0,0
z561
41,1,1
z409
50,1,1
z357
49,1,1
z385
32,1,1
/598
65,2,1
z1038
38,1,1
z4680
56,2,1
/759
70,2,1
/815
66,2,1
z627
42,1,1
z612
51,2,1
z682
57,2,1
z611
34,1,1
z614
47,1,1
z964
62,2,1
z529
31,1,1
z1344
60,2,1
z623
64,2,1
z515
52,2,1
/1025
61,2,1
z538
59,2,1
z466
37,1,1
/579
63,2,1
/685
68,2,1
z597
44,1,1
z453
48,1,1
z379
45,1,1
z467
33,1,1
z415
43,1,1
z406
40,1,1
z562
36,1,1
z451
39,1,1
z590
55,2,1
z465
53,2,1
z459
35,1,1
/588
69,2,1
/542
67,2,1
/461
54,2,1
/549
58,2,1
/584
46,1,1
z578
0,0,0
z2511
38,1,1
z379
43,1,1
z460
48,1,1
z384
67,2,1
z701
31,1,1
/901
58,2,1
z716
49,1,1
/2979
62,2,1
z554
45,1,1
z425
44,1,1
z588
50,1,1
z774
59,2,1
z449
39,1,1
/573
61,2,1
/516
66,2,1
/1234
51,2,1
/504
69,2,1
z570
37,1,1
z589
42,1,1
z418
36,1,1
/1112
57,2,1
/471
60,2,1
/708
65,2,1
/569
68,2,1
z583
34,1,1
z723
46,1,1
z914
47,1,1
z654
41,1,1
z404
32,1,1
z403
56,2,1
z294
52,2,1
/564
63,2,1
/713
54,2,1
z694
40,1,1
/578
70,2,1
/530
64,2,1
/695
55,2,1
/506
53,2,1
z765
35,1,1
z765
33,1,1
z784
0,0,0
z582
32,1,1
/644
63,2,1
/664
46,1,1
z975
41,1,1
/1944
48,1,1
/507
67,2,1
z536
35,1,1
z526
61,2,1
z486
44,1,1
z541
54,2,1
z582
55,2,1
z1763
31,1,1
z450
36,1,1
z618
37,1,1
/551
69,2,1
/493
70,2,1
z769
56,2,1
z634
45,1,1
z493
50,1,1
z465
62,2,1
z422
52,2,1
z414
40,1,1
/5489
53,2,1
/425
60,2,1
/492
68,2,1
/412
65,2,1
z582
38,1,1
z674
39,1,1
z476
33,1,1
/565
66,2,1
/470
64,2,1
z1205
47,1,1
/568
58,2,1
/618
57,2,1
z641
42,1,1
z603
51,2,1
z584
43,1,1
/987
49,1,1
z473
59,2,1
z1069
34,1,1
z578
0,0,0
z689
42,1,1
z828
63,2,1
z1041
32,1,1
/529
55,2,1
/2494
57,2,1
/453
69,2,1
z479
34,1,1
z1239
37,1,1
z616
31,1,1
z668
46,1,1
z475
53,2,1
z427
47,1,1
z378
36,1,1
z512
49,1,1
z468
33,1,1
z1303
48,1,1
/838
56,2,1
z1917
44,1,1
z721
54,2,1
/721
65,2,1
/2964
50,1,1
/837
35,1,1
z883
41,1,1
z523
61,2,1
/554
60,2,1
z1647
52,2,1
/546
70,2,1
z972
43,1,1
z604
45,1,1
/889
62,2,1
/486
67,2,1
/803
59,2,1
/594
64,2,1
/459
68,2,1
z455
38,1,1
/750
66,2,1
/427
58,2,1
z517
51,2,1
z657
40,1,1
z444
39,1,1
z576
0,0,0
z1329
33,1,1
z1297
43,1,1
z473
48,1,1
z550
46,1,1
z680
58,2,1
z472
41,1,1
z423
40,1,1
z418
42,1,1
z1949
51,2,1
z649
39,1,1
z454
35,1,1
/630
70,2,1
/547
64,2,1
/541
54,2,1
/547
59,2,1
/1412
55,2,1
/560
53,2,1
z538
31,1,1
/790
63,2,1
/507
66,2,1
/930
62,2,1
z530
38,1,1
z628
50,1,1
/584
60,2,1
/646
56,2,1
/433
69,2,1
z687
47,1,1
z569
37,1,1
z361
36,1,1
z457
34,1,1
/628
68,2,1
z1864
45,1,1
/747
61,2,1
z532
32,1,1
/664
67,2,1
z2245
49,1,1
/489
57,2,1
/592
65,2,1
z638
44,1,1
z2555
52,2,1
z508
0,0,0
z675
37,1,1
/500
53,2,1
z677
31,1,1
z738
49,1,1
/520
66,2,1
z1063
47,1,1
z548
46,1,1
/574
69,2,1
/536
60,2,1
z494
44,1,1
z494
32,1,1
z565
58,2,1
/612
70,2,1
z951
48,1,1
/662
62,2,1
z565
34,1,1
z550
43,1,1
/663
67,2,1
z582
41,1,1
z665
50,1,1
/627
64,2,1
/488
51,2,1
z951
63,2,1
z457
35,1,1
z398
33,1,1
/762
54,2,1
z533
38,1,1
z639
39,1,1
/639
52,2,1
z1723
57,2,1
/642
55,2,1
z1454
45,1,1
/1223
59,2,1
z943
36,1,1
z569
56,2,1
z533
65,2,1
/1071
61,2,1
z532
40,1,1
z703
42,1,1
/482
68,2,1
z933
0,0,0
/634
68,2,1
/783
53,2,1
z495
34,1,1
z534
59,2,1
z462
48,1,1
z1069
40,1,1
/627
66,2,1
z576
38,1,1
/1111
54,2,1
z676
35,1,1
z516
36,1,1
/1221
56,2,1
/845
70,2,1
z686
52,2,1
z705
42,1,1
/1090
60,2,1
z439
33,1,1
/1970
61,2,1
z465
55,2,1
z609
49,1,1
z483
39,1,1
z1504
51,2,1
/546
64,2,1
z1432
47,1,1
z1186
57,2,1
z855
63,2,1
/939
65,2,1
z574
44,1,1
z904
45,1,1
z480
32,1,1
z437
37,1,1
/1116
58,2,1
z746
50,1,1
z3351
43,1,1
/561
67,2,1
/483
69,2,1
/459
62,2,1
z444
41,1,1
z348
31,1,1
z538
46,1,1
z537
0,0,0
/658
62,2,1
z449
37,1,1
z417
39,1,1
/790
57,2,1
z1225
48,1,1
z810
50,1,1
/494
70,2,1
z584
34,1,1
z427
53,2,1
z442
35,1,1
z427
38,1,1
/504
55,2,1
z886
41,1,1
/592
67,2,1
z1038
47,1,1
z696
54,2,1
z756
33,1,1
z708
45,1,1
z670
49,1,1
/659
63,2,1
/632
61,2,1
/434
59,2,1
z539
36,1,1
/620
68,2,1
/704
60,2,1
z551
44,1,1
z625
58,2,1
z734
31,1,1
z428
32,1,1
z635
51,2,1
/589
66,2,1
/645
52,2,1
/411
64,2,1
/369
69,2,1
z604
46,1,1
z691
42,1,1
/568
65,2,1
z569
40,1,1
z2126
56,2,1
z504
43,1,1
z487
0,0,0
z888
44,1,1
z904
56,2,1
z430
39,1,1
/599
59,2,1
/568
48,1,1
/625
53,2,1
z884
60,2,1
z445
61,2,1
z555
33,1,1
/583
67,2,1
z522
36,1,1
/578
57,2,1
z729
35,1,1
z867
50,1,1
z436
49,1,1
z401
46,1,1
z367
40,1,1
/1119
58,2,1
z524
37,1,1
z472
31,1,1
z443
47,1,1
z385
55,2,1
/658
64,2,1
/1914
63,2,1
z427
41,1,1
/1755
69,2,1
z445
42,1,1
/1581
70,2,1
z431
34,1,1
z668
32,1,1
z558
43,1,1
z644
52,2,1
z724
45,1,1
/681
65,2,1
z435
38,1,1
/1246
66,2,1
/480
54,2,1
/517
68,2,1
z590
62,2,1
z537
51,2,1
z550
0,0,0
/739
58,2,1
z1525
44,1,1
z483
54,2,1
z408
45,1,1
z385
35,1,1
/569
67,2,1
z1344
42,1,1
z437
37,1,1
z354
33,1,1
z392
43,1,1
/538
68,2,1
z493
38,1,1
z459
49,1,1
z407
52,2,1
z1855
56,2,1
/703
64,2,1
z884
50,1,1
z460
41,1,1
z488
32,1,1
z569
59,2,1
z573
53,2,1
z1644
60,2,1
z439
47,1,1
/616
70,2,1
z558
31,1,1
z418
40,1,1
z476
51,2,1
/560
69,2,1
z522
48,1,1
/699
61,2,1
/546
65,2,1
/439
63,2,1
z589
46,1,1
z592
57,2,1
z451
36,1,1
/568
66,2,1
z621
39,1,1
z2795
62,2,1
z505
55,2,1
z594
34,1,1
z450
0,0,0
/482
63,2,1
/461
61,2,1
z471
46,1,1
z427
31,1,1
z374
41,1,1
/543
64,2,1
z538
34,1,1
z1233
55,2,1
/556
69,2,1
z566
33,1,1
/523
62,2,1
z507
35,1,1
z397
37,1,1
/544
59,2,1
/681
56,2,1
/674
47,1,1
z1650
43,1,1
/459
53,2,1
z470
42,1,1
z763
38,1,1
z457
40,1,1
/536
65,2,1
z642
45,1,1
/514
68,2,1
/691
54,2,1
z680
52,2,1
z513
70,2,1
z1210
51,2,1
/483
66,2,1
/674
57,2,1
z528
50,1,1
z608
44,1,1
/589
58,2,1
z560
39,1,1
z603
48,1,1
/694
60,2,1
z723
49,1,1
z989
36,1,1
z1043
32,1,1
/537
67,2,1
z520
0,0,0
z785
45,1,1
/577
68,2,1
z1219
46,1,1
/445
67,2,1
z648
47,1,1
/828
56,2,1
/709
57,2,1
/532
58,2,1
/423
70,2,1
/483
63,2,1
/1417
59,2,1
z1214
49,1,1
/1069
51,2,1
z446
34,1,1
z527
33,1,1
/525
52,2,1
z698
40,1,1
z652
43,1,1
z719
60,2,1
/1007
37,1,1
/489
31,1,1
/661
42,1,1
/1738
55,2,1
z702
36,1,1
z432
32,1,1
z590
41,1,1
z441
44,1,1
z943
48,1,1
z1730
62,2,1
z1599
65,2,1
z516
35,1,1
/611
64,2,1
z476
50,1,1
z442
53,2,1
z701
61,2,1
/780
69,2,1
/568
66,2,1
z553
38,1,1
z450
39,1,1
z714
54,2,1
z557
0,0,0
/1287
47,1,1
z530
32,1,1
z1540
42,1,1
z387
55,2,1
z381
67,2,1
z874
44,1,1
/471
57,2,1
/569
61,2,1
/643
52,2,1
/519
69,2,1
z529
34,1,1
z469
43,1,1
z421
45,1,1
z371
39,1,1
/577
66,2,1
z598
40,1,1
z568
49,1,1
/615
70,2,1
/843
64,2,1
z970
51,2,1
/505
65,2,1
/443
48,1,1
z1124
50,1,1
z499
33,1,1
/616
60,2,1
/488
58,2,1
z697
46,1,1
z682
35,1,1
z421
38,1,1
z401
37,1,1
z496
53,2,1
/572
63,2,1
/922
62,2,1
z573
36,1,1
/1592
59,2,1
z404
31,1,1
/549
56,2,1
/435
68,2,1
z548
41,1,1
/1102
54,2,1
/519
0,0,0
/510
67,2,1
/580
57,2,1
z568
42,1,1
z463
40,1,1
/548
64,2,1
z636
47,1,1
/475
69,2,1
z637
52,2,1
z424
37,1,1
/571
63,2,1
z1178
48,1,1
/505
61,2,1
/565
66,2,1
/482
49,1,1
z944
44,1,1
z444
35,1,1
z742
50,1,1
z412
58,2,1
z384
46,1,1
z477
45,1,1
z364
65,2,1
z576
43,1,1
/405
60,2,1
z535
33,1,1
z666
41,1,1
/1048
70,2,1
/744
68,2,1
/360
59,2,1
/494
55,2,1
/396
62,2,1
z1740
38,1,1
z389
36,1,1
z552
34,1,1
z1005
31,1,1
/437
56,2,1
z428
32,1,1
z464
51,2,1
z406
39,1,1
/588
53,2,1
z474
54,2,1
z473
0,0,0
/530
54,2,1
/360
51,2,1
z876
44,1,1
/1103
56,2,1
z471
50,1,1
z468
61,2,1
z1135
43,1,1
z407
42,1,1
/520
67,2,1
z420
35,1,1
z383
40,1,1
z367
31,1,1
z430
59,2,1
z654
32,1,1
z387
41,1,1
z358
58,2,1
/418
65,2,1
/440
33,1,1
z796
38,1,1
z521
36,1,1
/446
57,2,1
z679
45,1,1
/432
48,1,1
/598
47,1,1
/484
70,2,1
/440
63,2,1
/632
53,2,1
/511
60,2,1
z1800
39,1,1
z456
34,1,1
/527
68,2,1
z637
46,1,1
/1457
64,2,1
z573
37,1,1
/1198
66,2,1
/431
69,2,1
/495
55,2,1
/829
52,2,1
z558
49,1,1
/600
62,2,1
/579
0,0,0
/540
61,2,1
/435
49,1,1
z681
55,2,1
z859
38,1,1
z505
43,1,1
/630
58,2,1
/495
60,2,1
/451
48,1,1
z498
35,1,1
z442
37,1,1
z389
40,1,1
/527
67,2,1
z2624
56,2,1
/916
62,2,1
/362
65,2,1
/1183
54,2,1
z483
66,2,1
z1056
45,1,1
/531
64,2,1
/718
63,2,1
z1516
51,2,1
z449
36,1,1
/456
57,2,1
/469
41,1,1
/490
39,1,1
z508
46,1,1
z995
47,1,1
/753
59,2,1
/502
44,1,1
z614
33,1,1
z532
34,1,1
/472
69,2,1
z583
32,1,1
z3170
50,1,1
z408
53,2,1
/503
70,2,1
/472
52,2,1
/396
68,2,1
z634
42,1,1
z599
31,1,1
z541
0,0,0
/568
66,2,1
/497
65,2,1
/409
60,2,1
/430
52,2,1
/463
57,2,1
z562
31,1,1
z606
40,1,1
/488
63,2,1
/921
46,1,1
z2059
47,1,1
z386
38,1,1
z413
32,1,1
/585
51,2,1
/635
49,1,1
/450
69,2,1
/559
67,2,1
/657
56,2,1
z586
59,2,1
/566
61,2,1
z519
34,1,1
z864
36,1,1
/526
55,2,1
z550
62,2,1
z1093
53,2,1
z376
33,1,1
z479
50,1,1
z497
48,1,1
/577
70,2,1
z570
37,1,1
z1631
35,1,1
/481
64,2,1
z525
41,1,1
z635
39,1,1
/604
58,2,1
z1294
44,1,1
/548
68,2,1
z479
43,1,1
/450
54,2,1
z864
45,1,1
/458
42,1,1
END
Start of error log
End of error log
