dt16tl51b dt16bcy138
 324293
0,0,0
/911
63,2,1
/577
65,2,1
/477
51,2,1
/467
52,2,1
/2280
67,2,1
z629
53,2,1
z855
46,1,1
/575
68,2,1
/1051
66,2,1
/1521
64,2,1
/547
70,2,1
z419
36,1,1
/1959
48,1,1
/1324
62,2,1
z427
32,1,1
z488
37,1,1
/457
55,2,1
z611
40,1,1
z875
50,1,1
z911
33,1,1
/706
60,2,1
z649
42,1,1
z762
34,1,1
z2237
44,1,1
/478
59,2,1
z1969
61,2,1
/704
56,2,1
z456
58,2,1
z511
35,1,1
z724
54,2,1
z1015
47,1,1
z665
41,1,1
z738
43,1,1
z832
39,1,1
/443
69,2,1
z584
38,1,1
/684
49,1,1
/518
57,2,1
z613
45,1,1
z430
31,1,1
 932
0,0,0
z685
38,1,1
z570
56,2,1
z484
45,1,1
/830
66,2,1
z645
53,2,1
z1074
69,2,1
/454
60,2,1
z490
58,2,1
z735
70,2,1
/1087
63,2,1
z482
36,1,1
/442
68,2,1
z583
43,1,1
z665
35,1,1
/452
65,2,1
z521
46,1,1
z589
34,1,1
/524
67,2,1
z580
42,1,1
z557
37,1,1
z1636
54,2,1
/765
51,2,1
z805
39,1,1
z887
40,1,1
/615
50,1,1
z2278
48,1,1
/502
47,1,1
z826
49,1,1
/683
57,2,1
z528
41,1,1
/592
64,2,1
/1511
59,2,1
z495
62,2,1
z636
32,1,1
/555
61,2,1
z1512
52,2,1
z633
55,2,1
z568
31,1,1
z810
44,1,1
z528
33,1,1
 4115
0,0,0
z928
39,1,1
/1062
57,2,1
z446
67,2,1
/554
59,2,1
z596
45,1,1
z631
46,1,1
z459
63,2,1
/1194
69,2,1
z803
48,1,1
z441
44,1,1
/658
66,2,1
/843
64,2,1
/1052
50,1,1
z1027
40,1,1
z916
38,1,1
/1090
60,2,1
z1070
55,2,1
z499
62,2,1
z1476
35,1,1
z530
37,1,1
/895
54,2,1
/373
51,2,1
z937
47,1,1
z1307
49,1,1
z560
36,1,1
z632
56,2,1
z490
41,1,1
z519
33,1,1
/553
70,2,1
z510
52,2,1
z603
43,1,1
z577
65,2,1
z551
42,1,1
/2041
68,2,1
z911
53,2,1
z902
58,2,1
z1035
32,1,1
z497
34,1,1
z825
61,2,1
z837
31,1,1
 1554
0,0,0
z1130
51,2,1
/624
61,2,1
z781
46,1,1
z1527
53,2,1
z2192
44,1,1
/1500
70,2,1
/887
66,2,1
z601
32,1,1
z516
33,1,1
z537
41,1,1
z655
52,2,1
z449
38,1,1
z600
34,1,1
z490
39,1,1
z445
50,1,1
z922
58,2,1
/536
63,2,1
/740
54,2,1
z601
45,1,1
z1230
48,1,1
z1729
62,2,1
/577
59,2,1
/576
68,2,1
z463
57,2,1
/606
55,2,1
z519
60,2,1
z789
49,1,1
z667
36,1,1
z688
40,1,1
z1244
43,1,1
/973
69,2,1
/751
64,2,1
z1242
56,2,1
z414
31,1,1
/669
65,2,1
z491
37,1,1
z671
42,1,1
z880
47,1,1
/1755
67,2,1
z564
35,1,1
 4794
0,0,0
z511
40,1,1
/893
61,2,1
/646
56,2,1
/512
55,2,1
/870
68,2,1
z581
37,1,1
z704
46,1,1
/511
45,1,1
/2068
36,1,1
z949
35,1,1
z941
34,1,1
/930
65,2,1
z503
49,1,1
/488
66,2,1
/432
58,2,1
z516
67,2,1
z498
42,1,1
/645
62,2,1
/594
57,2,1
/589
69,2,1
z406
41,1,1
/432
52,2,1
z574
31,1,1
/621
59,2,1
z462
38,1,1
/517
48,1,1
/599
60,2,1
z478
39,1,1
/892
63,2,1
z461
32,1,1
z692
50,1,1
/1079
43,1,1
z695
53,2,1
/667
64,2,1
/495
54,2,1
/757
44,1,1
z1084
33,1,1
/875
47,1,1
/546
51,2,1
/486
70,2,1
 1105
0,0,0
z481
52,2,1
/543
70,2,1
z1145
38,1,1
z424
37,1,1
z548
43,1,1
z586
63,2,1
/714
62,2,1
/368
58,2,1
/466
47,1,1
z1201
40,1,1
z518
41,1,1
z817
60,2,1
/680
53,2,1
/429
65,2,1
/532
57,2,1
z609
48,1,1
z644
34,1,1
z1502
33,1,1
z620
32,1,1
z930
61,2,1
/848
69,2,1
z1361
44,1,1
z1222
56,2,1
/1263
68,2,1
/1416
67,2,1
z1409
36,1,1
/1316
54,2,1
/891
39,1,1
z1319
42,1,1
z664
35,1,1
z889
45,1,1
z864
66,2,1
/566
59,2,1
/948
50,1,1
z2332
49,1,1
z1711
51,2,1
/521
64,2,1
z2596
55,2,1
z510
31,1,1
z1647
46,1,1
 1574
0,0,0
/863
70,2,1
/2173
55,2,1
/758
58,2,1
z602
38,1,1
z3902
48,1,1
z467
32,1,1
z1047
41,1,1
z2167
35,1,1
z1239
37,1,1
/1331
64,2,1
/750
68,2,1
/1830
62,2,1
z577
59,2,1
z1104
31,1,1
/837
69,2,1
/1459
66,2,1
/583
56,2,1
/701
65,2,1
z828
57,2,1
z1086
54,2,1
z745
50,1,1
z645
49,1,1
z685
47,1,1
z884
53,2,1
/1151
63,2,1
z627
34,1,1
/675
67,2,1
z570
39,1,1
z1257
46,1,1
z525
43,1,1
z796
51,2,1
z664
42,1,1
/1410
52,2,1
z680
40,1,1
z742
61,2,1
z504
44,1,1
z548
45,1,1
z606
33,1,1
z922
36,1,1
z797
60,2,1
 1615
0,0,0
z676
54,2,1
/658
55,2,1
z929
44,1,1
/1419
64,2,1
z825
35,1,1
z1233
51,2,1
/622
69,2,1
/834
60,2,1
z496
32,1,1
/888
56,2,1
/2125
59,2,1
z1089
41,1,1
/678
65,2,1
/860
57,2,1
z867
58,2,1
/683
63,2,1
z520
42,1,1
/777
61,2,1
z533
34,1,1
z654
50,1,1
/617
67,2,1
z506
47,1,1
/1175
33,1,1
/528
66,2,1
z465
40,1,1
z762
52,2,1
/1153
53,2,1
z1079
45,1,1
z680
46,1,1
/1226
62,2,1
z652
31,1,1
z1256
36,1,1
z977
37,1,1
z674
39,1,1
/499
43,1,1
z796
49,1,1
/638
70,2,1
z687
48,1,1
/636
68,2,1
z598
38,1,1
 1217
0,0,0
z557
53,2,1
z457
42,1,1
z640
48,1,1
/2214
44,1,1
z640
46,1,1
z1468
54,2,1
z834
45,1,1
z958
33,1,1
z738
55,2,1
/647
70,2,1
z1142
59,2,1
z1065
43,1,1
z1001
31,1,1
z619
37,1,1
z621
52,2,1
z2306
61,2,1
/837
69,2,1
z837
36,1,1
/3544
56,2,1
z500
64,2,1
/757
65,2,1
/486
62,2,1
/1881
51,2,1
z734
47,1,1
/2690
41,1,1
z540
38,1,1
z749
49,1,1
/1478
60,2,1
z740
32,1,1
z667
39,1,1
z621
34,1,1
/753
50,1,1
z392
57,2,1
/528
58,2,1
/984
63,2,1
z468
35,1,1
/810
66,2,1
/788
68,2,1
z681
40,1,1
z1042
67,2,1
 2047
0,0,0
z802
66,2,1
z927
38,1,1
z759
33,1,1
z1170
42,1,1
z979
54,2,1
z854
44,1,1
z1040
49,1,1
z578
53,2,1
z628
52,2,1
z784
39,1,1
z539
35,1,1
/1166
62,2,1
/497
63,2,1
z785
43,1,1
z1386
40,1,1
z570
60,2,1
z545
37,1,1
/561
65,2,1
/463
69,2,1
z785
45,1,1
z658
50,1,1
/475
64,2,1
/724
67,2,1
z741
48,1,1
/792
61,2,1
z608
58,2,1
/509
57,2,1
/509
68,2,1
/689
70,2,1
z508
36,1,1
/641
51,2,1
z587
46,1,1
/477
56,2,1
z623
47,1,1
z558
41,1,1
/570
59,2,1
z478
55,2,1
/478
32,1,1
z563
34,1,1
z433
31,1,1
 1106
0,0,0
/615
60,2,1
z444
57,2,1
/686
54,2,1
z950
59,2,1
z721
33,1,1
/1037
58,2,1
z694
43,1,1
/1110
46,1,1
z1473
47,1,1
/810
55,2,1
z1183
37,1,1
/1187
50,1,1
z927
32,1,1
/793
65,2,1
z1098
40,1,1
/865
68,2,1
z1038
56,2,1
/804
51,2,1
/1537
70,2,1
z524
48,1,1
z958
34,1,1
z474
31,1,1
/861
69,2,1
/837
63,2,1
z560
42,1,1
z352
62,2,1
z813
41,1,1
/664
64,2,1
z730
35,1,1
/561
61,2,1
z436
39,1,1
z588
38,1,1
z581
49,1,1
z633
53,2,1
z613
45,1,1
z583
66,2,1
z722
52,2,1
z581
44,1,1
/420
67,2,1
z493
36,1,1
 1280
0,0,0
/851
70,2,1
z656
31,1,1
z759
43,1,1
z640
39,1,1
z753
49,1,1
/550
63,2,1
/678
65,2,1
z488
50,1,1
/479
59,2,1
z678
53,2,1
z554
34,1,1
z1488
48,1,1
z554
38,1,1
/848
42,1,1
/612
51,2,1
z526
37,1,1
/564
60,2,1
/1266
46,1,1
z481
58,2,1
/652
64,2,1
z878
45,1,1
/492
69,2,1
/767
61,2,1
z424
41,1,1
z742
52,2,1
/951
68,2,1
/741
55,2,1
z506
62,2,1
/510
33,1,1
/544
67,2,1
/487
66,2,1
z385
32,1,1
/566
56,2,1
/862
57,2,1
z493
35,1,1
/867
47,1,1
z452
36,1,1
z698
44,1,1
z534
54,2,1
z702
40,1,1
 860
0,0,0
/756
65,2,1
z824
44,1,1
z706
37,1,1
/751
58,2,1
/703
69,2,1
z510
31,1,1
/431
55,2,1
/501
49,1,1
/496
66,2,1
z420
34,1,1
/686
68,2,1
z1010
52,2,1
z878
54,2,1
/429
51,2,1
/698
46,1,1
/593
62,2,1
/523
60,2,1
z503
41,1,1
z681
45,1,1
z523
39,1,1
z608
56,2,1
/880
57,2,1
/557
63,2,1
/666
70,2,1
/673
67,2,1
z827
61,2,1
/513
42,1,1
/693
47,1,1
z587
59,2,1
/590
36,1,1
z718
40,1,1
z541
32,1,1
z475
43,1,1
z517
35,1,1
/692
64,2,1
z747
33,1,1
/652
38,1,1
z796
50,1,1
/621
48,1,1
/1062
53,2,1
 723
0,0,0
z573
45,1,1
/712
67,2,1
/635
70,2,1
z571
39,1,1
/618
63,2,1
/617
66,2,1
z665
52,2,1
z804
43,1,1
z463
38,1,1
z410
46,1,1
z617
48,1,1
z512
49,1,1
z543
68,2,1
/757
57,2,1
z1230
42,1,1
/675
58,2,1
z488
32,1,1
z525
33,1,1
/755
61,2,1
z577
55,2,1
z577
34,1,1
z565
53,2,1
z947
56,2,1
z1258
50,1,1
/407
62,2,1
/550
44,1,1
/616
51,2,1
z523
47,1,1
/656
40,1,1
/644
65,2,1
/505
60,2,1
/500
64,2,1
z607
37,1,1
z508
31,1,1
z468
35,1,1
z424
59,2,1
z599
36,1,1
/633
54,2,1
z877
41,1,1
/553
69,2,1
 1010
0,0,0
/788
69,2,1
/601
60,2,1
/440
54,2,1
z530
36,1,1
/674
39,1,1
/580
61,2,1
/564
58,2,1
/530
65,2,1
/808
53,2,1
z649
33,1,1
z763
34,1,1
z1817
38,1,1
z786
47,1,1
z538
37,1,1
z1382
41,1,1
/677
59,2,1
z546
32,1,1
/1900
40,1,1
/703
49,1,1
/624
67,2,1
/647
50,1,1
z724
55,2,1
z536
43,1,1
/552
64,2,1
z837
44,1,1
z454
51,2,1
z570
42,1,1
z492
52,2,1
/602
63,2,1
z612
45,1,1
z812
56,2,1
z599
57,2,1
/1051
62,2,1
/688
46,1,1
/889
70,2,1
/854
66,2,1
/572
68,2,1
z425
35,1,1
z470
31,1,1
z610
48,1,1
 820
0,0,0
/913
46,1,1
z465
33,1,1
/447
59,2,1
/543
69,2,1
/647
45,1,1
/507
50,1,1
z908
41,1,1
/617
52,2,1
/607
43,1,1
z629
58,2,1
z446
35,1,1
/531
66,2,1
z544
32,1,1
z523
37,1,1
/901
68,2,1
z1245
63,2,1
z779
53,2,1
z1433
39,1,1
z925
54,2,1
z392
38,1,1
/694
60,2,1
/588
64,2,1
z574
51,2,1
z570
42,1,1
z548
61,2,1
z486
34,1,1
z512
44,1,1
/1647
62,2,1
/662
65,2,1
z647
48,1,1
z586
31,1,1
/800
67,2,1
z695
55,2,1
z1374
57,2,1
z581
40,1,1
z979
47,1,1
z747
56,2,1
z610
49,1,1
z644
36,1,1
/400
70,2,1
 931
0,0,0
/750
51,2,1
z854
53,2,1
z627
50,1,1
/506
41,1,1
/644
61,2,1
z665
40,1,1
z577
35,1,1
/823
38,1,1
/1270
57,2,1
/763
56,2,1
/532
69,2,1
z645
60,2,1
z676
46,1,1
z497
42,1,1
/818
68,2,1
z550
36,1,1
/677
63,2,1
z628
44,1,1
z1554
58,2,1
/822
62,2,1
z630
34,1,1
/564
52,2,1
z1271
39,1,1
/514
59,2,1
z682
67,2,1
z537
33,1,1
z539
32,1,1
/527
65,2,1
z1744
43,1,1
/694
54,2,1
/535
55,2,1
z603
31,1,1
/554
47,1,1
/494
48,1,1
/559
49,1,1
/402
64,2,1
/524
66,2,1
/472
70,2,1
z479
45,1,1
z615
37,1,1
 843
0,0,0
z605
44,1,1
/507
70,2,1
z1341
31,1,1
/1011
48,1,1
/585
68,2,1
/1015
42,1,1
/629
56,2,1
z879
36,1,1
/589
57,2,1
/583
60,2,1
/724
45,1,1
/710
67,2,1
z778
49,1,1
/571
65,2,1
z759
46,1,1
/503
51,2,1
z719
58,2,1
/521
69,2,1
z525
43,1,1
z514
32,1,1
/482
61,2,1
/1225
38,1,1
z757
47,1,1
/464
64,2,1
z563
33,1,1
/987
50,1,1
/579
59,2,1
/512
62,2,1
z636
35,1,1
/483
55,2,1
z619
40,1,1
/617
52,2,1
z691
34,1,1
/819
37,1,1
z1059
54,2,1
z914
41,1,1
/845
63,2,1
/496
66,2,1
z533
53,2,1
z664
39,1,1
 837
0,0,0
/655
70,2,1
z680
41,1,1
z647
31,1,1
/852
65,2,1
/462
63,2,1
z474
34,1,1
z444
52,2,1
z433
51,2,1
z503
47,1,1
z550
35,1,1
z483
60,2,1
/498
57,2,1
/381
56,2,1
z709
45,1,1
/478
59,2,1
z734
48,1,1
/457
42,1,1
/557
58,2,1
z513
44,1,1
/639
61,2,1
z1855
46,1,1
z853
33,1,1
/1132
53,2,1
z660
38,1,1
/1386
43,1,1
/633
55,2,1
z729
49,1,1
/1155
67,2,1
/1807
50,1,1
/784
62,2,1
/607
66,2,1
z653
40,1,1
/598
68,2,1
z554
37,1,1
/455
69,2,1
/715
64,2,1
z518
39,1,1
z695
32,1,1
z596
36,1,1
/514
54,2,1
 901
0,0,0
z601
34,1,1
z594
37,1,1
z599
36,1,1
/895
60,2,1
/574
55,2,1
/599
62,2,1
/443
57,2,1
/483
65,2,1
z525
41,1,1
z602
46,1,1
/742
31,1,1
/1094
63,2,1
z630
53,2,1
z519
45,1,1
/614
64,2,1
z468
39,1,1
/1906
59,2,1
/698
54,2,1
z567
42,1,1
/480
69,2,1
z510
52,2,1
z575
35,1,1
/576
58,2,1
/669
70,2,1
/981
44,1,1
z648
33,1,1
z585
47,1,1
/859
67,2,1
z532
38,1,1
/574
49,1,1
/891
66,2,1
z466
32,1,1
z966
50,1,1
/448
56,2,1
/524
51,2,1
/529
68,2,1
/537
61,2,1
z516
40,1,1
z567
43,1,1
z469
48,1,1
 905
0,0,0
/691
66,2,1
z718
55,2,1
z498
31,1,1
/422
53,2,1
z536
42,1,1
/697
52,2,1
/1026
67,2,1
z580
48,1,1
z756
45,1,1
z488
62,2,1
/932
64,2,1
z618
35,1,1
/426
47,1,1
/512
63,2,1
z728
58,2,1
/491
56,2,1
/552
44,1,1
/858
65,2,1
z555
38,1,1
z584
46,1,1
z698
50,1,1
/509
54,2,1
/753
61,2,1
/390
68,2,1
/562
57,2,1
z457
32,1,1
/631
34,1,1
z812
33,1,1
/818
39,1,1
/557
49,1,1
z598
37,1,1
/433
70,2,1
z776
41,1,1
/885
51,2,1
/621
59,2,1
z452
36,1,1
/508
69,2,1
z727
40,1,1
z731
43,1,1
/498
60,2,1
 876
0,0,0
z1048
45,1,1
/638
59,2,1
/901
57,2,1
/801
69,2,1
/870
58,2,1
/792
61,2,1
/595
63,2,1
/930
53,2,1
z426
41,1,1
/722
43,1,1
/1016
46,1,1
/638
42,1,1
/518
54,2,1
z1087
37,1,1
/589
52,2,1
/783
66,2,1
z432
39,1,1
z679
48,1,1
z445
50,1,1
z621
34,1,1
/687
56,2,1
/588
60,2,1
/749
40,1,1
/637
65,2,1
/519
70,2,1
z474
36,1,1
z569
32,1,1
z567
51,2,1
/437
68,2,1
/446
47,1,1
z525
44,1,1
z443
35,1,1
z478
31,1,1
z726
62,2,1
z669
55,2,1
z499
33,1,1
/927
67,2,1
/455
49,1,1
/701
38,1,1
/674
64,2,1
 776
0,0,0
z696
52,2,1
/565
69,2,1
z602
49,1,1
z713
35,1,1
z509
36,1,1
z423
64,2,1
z576
37,1,1
z403
38,1,1
z431
39,1,1
z512
34,1,1
/697
67,2,1
z678
54,2,1
z747
41,1,1
z470
55,2,1
/498
31,1,1
/466
53,2,1
/1202
45,1,1
/644
62,2,1
z547
56,2,1
/425
68,2,1
z615
46,1,1
/477
66,2,1
/699
63,2,1
/1233
59,2,1
/521
65,2,1
z460
60,2,1
/541
58,2,1
z594
57,2,1
z537
32,1,1
/684
70,2,1
z586
33,1,1
z1185
47,1,1
/790
44,1,1
z809
43,1,1
z833
51,2,1
/712
40,1,1
/728
50,1,1
z695
42,1,1
/462
48,1,1
/792
61,2,1
/824
0,0,0
/686
52,2,1
/778
58,2,1
z466
41,1,1
/597
57,2,1
z576
44,1,1
/659
53,2,1
z692
36,1,1
z1014
47,1,1
/552
54,2,1
/643
40,1,1
/435
55,2,1
/573
60,2,1
/537
63,2,1
z831
65,2,1
/757
38,1,1
z534
33,1,1
z701
51,2,1
/511
34,1,1
/541
59,2,1
z721
67,2,1
z1168
48,1,1
z478
31,1,1
/598
70,2,1
/565
62,2,1
z797
64,2,1
z590
32,1,1
z519
43,1,1
/478
69,2,1
z552
56,2,1
z586
39,1,1
/608
66,2,1
z610
68,2,1
z548
42,1,1
/585
61,2,1
z567
45,1,1
z673
37,1,1
/906
46,1,1
/644
50,1,1
z508
35,1,1
/700
49,1,1
 854
0,0,0
z635
59,2,1
z982
37,1,1
z796
44,1,1
/1531
63,2,1
z536
43,1,1
z877
42,1,1
/779
62,2,1
z646
39,1,1
/663
66,2,1
/517
69,2,1
z699
34,1,1
z515
45,1,1
z718
49,1,1
/584
64,2,1
z642
57,2,1
z515
31,1,1
/583
46,1,1
z525
61,2,1
z751
41,1,1
/450
70,2,1
/406
65,2,1
/426
56,2,1
z722
68,2,1
z885
47,1,1
/579
55,2,1
z779
50,1,1
/695
48,1,1
/575
52,2,1
/1270
67,2,1
/1104
35,1,1
/1402
38,1,1
/546
33,1,1
/743
58,2,1
z925
36,1,1
/706
51,2,1
/534
53,2,1
/488
60,2,1
/898
40,1,1
/668
54,2,1
z595
32,1,1
 946
0,0,0
z1231
41,1,1
/791
54,2,1
/646
52,2,1
z876
56,2,1
/680
50,1,1
z891
40,1,1
/488
65,2,1
z671
46,1,1
z723
51,2,1
/533
68,2,1
z491
38,1,1
z1386
53,2,1
z535
32,1,1
/1098
62,2,1
z2109
47,1,1
z768
43,1,1
z431
34,1,1
/602
66,2,1
z448
35,1,1
z470
49,1,1
/650
60,2,1
z692
31,1,1
z619
33,1,1
/464
55,2,1
z570
39,1,1
/537
70,2,1
/1230
58,2,1
/678
63,2,1
z979
36,1,1
/476
64,2,1
z539
48,1,1
/561
61,2,1
/568
44,1,1
z603
45,1,1
z851
57,2,1
/442
59,2,1
z661
42,1,1
/516
69,2,1
z532
37,1,1
/817
67,2,1
 854
0,0,0
z1616
36,1,1
z1459
31,1,1
z738
47,1,1
/462
56,2,1
/800
43,1,1
/584
49,1,1
z441
35,1,1
/438
54,2,1
z470
52,2,1
z766
38,1,1
/702
61,2,1
/944
55,2,1
/663
66,2,1
/565
65,2,1
z520
39,1,1
/551
51,2,1
z523
45,1,1
z652
40,1,1
z663
33,1,1
z455
32,1,1
z829
42,1,1
/701
63,2,1
/613
58,2,1
/497
59,2,1
z535
67,2,1
/466
53,2,1
/816
68,2,1
z658
46,1,1
z680
37,1,1
z561
34,1,1
/894
60,2,1
/574
69,2,1
/810
70,2,1
/521
50,1,1
/852
57,2,1
z385
44,1,1
/471
62,2,1
z481
41,1,1
/448
64,2,1
z678
48,1,1
 936
0,0,0
z635
41,1,1
z522
38,1,1
/792
67,2,1
/379
70,2,1
z690
53,2,1
/847
52,2,1
z541
55,2,1
z772
57,2,1
/545
56,2,1
/536
47,1,1
/593
49,1,1
/721
64,2,1
z1033
51,2,1
/750
68,2,1
/853
46,1,1
/699
37,1,1
z432
32,1,1
z687
44,1,1
z493
34,1,1
z690
61,2,1
/995
65,2,1
/540
69,2,1
/1626
54,2,1
z512
31,1,1
z542
40,1,1
z1094
36,1,1
z463
33,1,1
z395
58,2,1
/524
48,1,1
/750
39,1,1
/566
62,2,1
/550
45,1,1
z1142
63,2,1
/596
50,1,1
/610
59,2,1
/503
66,2,1
z569
42,1,1
z575
43,1,1
z359
60,2,1
z473
35,1,1
 13339
0,0,0
/3133
57,2,1
/546
65,2,1
/466
69,2,1
x661
37,1,1
/953
64,2,1
/1011
41,1,1
/422
51,2,1
/567
62,2,1
/406
67,2,1
x657
70,2,1
/344
39,1,1
/570
52,2,1
/504
54,2,1
/669
66,2,1
x453
35,1,1
/473
55,2,1
/608
68,2,1
x743
47,1,1
/552
59,2,1
x528
43,1,1
x570
42,1,1
x684
50,1,1
/475
32,1,1
x584
33,1,1
x358
31,1,1
/631
40,1,1
/533
61,2,1
x633
36,1,1
x528
63,2,1
x604
60,2,1
/363
53,2,1
x533
34,1,1
x641
49,1,1
/425
56,2,1
x569
45,1,1
x583
38,1,1
x522
44,1,1
x570
48,1,1
x533
58,2,1
/373
46,1,1
 990
0,0,0
x906
42,1,1
x779
56,2,1
/439
69,2,1
x494
33,1,1
x611
39,1,1
x433
31,1,1
x480
36,1,1
x401
61,2,1
/377
62,2,1
x865
38,1,1
x533
47,1,1
/450
52,2,1
/473
54,2,1
/616
48,1,1
/468
55,2,1
/449
59,2,1
/593
70,2,1
x934
58,2,1
/510
63,2,1
/800
43,1,1
/856
51,2,1
x587
41,1,1
x418
37,1,1
x756
34,1,1
x661
45,1,1
/574
35,1,1
x721
49,1,1
/670
67,2,1
/707
64,2,1
/608
60,2,1
x713
44,1,1
x551
57,2,1
x483
40,1,1
x451
53,2,1
/1074
46,1,1
/655
65,2,1
x657
32,1,1
/495
66,2,1
/604
68,2,1
/768
50,1,1
END
Start of error log
End of error log
