/home/cogsys/aging/dtpbsy/dt16tl40b /home/cogsys/aging/dtpbsy/dt16bcy117
/11024
0,0,0
z1010
57,2,1
z849
54,2,1
z641
31,1,1
z766
47,1,1
/975
66,2,1
z551
46,1,1
z801
40,1,1
/889
63,2,1
z535
34,1,1
/750
64,2,1
z597
36,1,1
/816
58,2,1
z552
33,1,1
z981
52,2,1
/894
48,1,1
/691
56,2,1
/820
59,2,1
/755
69,2,1
z762
53,2,1
/625
65,2,1
z697
43,1,1
/818
61,2,1
/743
60,2,1
z584
51,2,1
/665
67,2,1
/611
55,2,1
z582
39,1,1
z586
50,1,1
/632
62,2,1
z612
44,1,1
z654
49,1,1
z687
38,1,1
z513
45,1,1
z737
42,1,1
z554
32,1,1
z1614
41,1,1
/476
68,2,1
/569
70,2,1
z443
35,1,1
z555
37,1,1
/20961
0,0,0
z829
48,1,1
/585
68,2,1
z465
46,1,1
/415
53,2,1
z609
37,1,1
z629
43,1,1
z468
33,1,1
z422
31,1,1
/608
63,2,1
z514
41,1,1
/420
64,2,1
z484
40,1,1
/415
65,2,1
/552
61,2,1
/631
55,2,1
/616
54,2,1
/900
58,2,1
/567
59,2,1
z530
34,1,1
z1016
57,2,1
/485
70,2,1
z469
32,1,1
z468
36,1,1
/495
52,2,1
z962
49,1,1
z480
42,1,1
/635
62,2,1
z1259
47,1,1
/652
67,2,1
z481
38,1,1
z539
51,2,1
/483
66,2,1
/461
69,2,1
/505
56,2,1
z580
44,1,1
z656
45,1,1
z546
50,1,1
z575
39,1,1
/600
60,2,1
z502
35,1,1
/1300
0,0,0
z1122
56,2,1
z598
43,1,1
/575
61,2,1
/572
70,2,1
z628
48,1,1
/558
68,2,1
z539
63,2,1
/543
60,2,1
z635
55,2,1
z499
37,1,1
z1109
58,2,1
z576
49,1,1
z509
42,1,1
/461
69,2,1
z458
39,1,1
/551
47,1,1
/509
64,2,1
z447
41,1,1
z484
45,1,1
z502
57,2,1
/542
65,2,1
z471
34,1,1
z495
50,1,1
z504
44,1,1
z454
52,2,1
z515
35,1,1
z515
62,2,1
z462
32,1,1
z530
36,1,1
/467
67,2,1
/437
46,1,1
z508
33,1,1
z491
31,1,1
/559
66,2,1
/679
51,2,1
z467
40,1,1
/606
54,2,1
/798
53,2,1
z544
38,1,1
/671
59,2,1
z8475
0,0,0
z831
49,1,1
z548
39,1,1
z522
34,1,1
/458
65,2,1
/557
44,1,1
/540
68,2,1
z485
38,1,1
/466
66,2,1
z426
33,1,1
z495
35,1,1
z354
40,1,1
z567
50,1,1
/615
46,1,1
/452
63,2,1
/473
67,2,1
/436
61,2,1
z561
32,1,1
/646
59,2,1
/515
55,2,1
/513
62,2,1
z460
36,1,1
/522
60,2,1
z462
43,1,1
z470
37,1,1
z656
54,2,1
/475
57,2,1
/527
52,2,1
z442
45,1,1
z444
41,1,1
/511
69,2,1
/485
70,2,1
/654
53,2,1
/482
64,2,1
z584
51,2,1
z455
42,1,1
z477
31,1,1
z670
48,1,1
z449
47,1,1
z657
56,2,1
/671
58,2,1
z1049
0,0,0
z613
62,2,1
/895
57,2,1
z518
32,1,1
z496
43,1,1
/785
49,1,1
/517
66,2,1
z437
35,1,1
z597
53,2,1
/758
63,2,1
/483
61,2,1
z491
44,1,1
z487
51,2,1
z547
40,1,1
/463
70,2,1
z463
38,1,1
z465
46,1,1
z392
36,1,1
/851
56,2,1
/462
67,2,1
z417
37,1,1
z497
33,1,1
/834
64,2,1
/430
65,2,1
/635
55,2,1
/682
69,2,1
z463
41,1,1
/795
58,2,1
/570
60,2,1
z623
52,2,1
z566
45,1,1
z630
48,1,1
z576
47,1,1
z850
54,2,1
/459
68,2,1
z403
42,1,1
z418
31,1,1
z485
59,2,1
z412
39,1,1
z599
50,1,1
z891
34,1,1
z1194
0,0,0
/776
69,2,1
/658
58,2,1
z473
39,1,1
z528
49,1,1
z524
48,1,1
z486
31,1,1
z659
41,1,1
z431
38,1,1
/421
67,2,1
/449
63,2,1
/1020
40,1,1
/654
55,2,1
/785
51,2,1
z641
53,2,1
/815
61,2,1
z598
59,2,1
/655
62,2,1
z673
57,2,1
z583
47,1,1
z438
46,1,1
z482
36,1,1
z463
34,1,1
/654
66,2,1
/1119
56,2,1
/716
64,2,1
z374
37,1,1
/563
70,2,1
z663
54,2,1
/687
52,2,1
z502
50,1,1
z597
44,1,1
z1005
33,1,1
z680
43,1,1
z378
35,1,1
/670
60,2,1
/476
65,2,1
z453
45,1,1
z483
42,1,1
z517
32,1,1
/634
68,2,1
/3174
0,0,0
z784
47,1,1
z509
32,1,1
/459
65,2,1
z559
45,1,1
z471
35,1,1
z500
39,1,1
/372
69,2,1
z474
46,1,1
/452
70,2,1
z459
49,1,1
z498
48,1,1
/471
62,2,1
z494
50,1,1
z421
36,1,1
/610
54,2,1
z439
37,1,1
z473
33,1,1
z520
43,1,1
/434
68,2,1
/453
66,2,1
/514
67,2,1
/502
58,2,1
/604
60,2,1
/591
57,2,1
z571
41,1,1
/684
42,1,1
/615
53,2,1
/541
59,2,1
z442
31,1,1
z542
44,1,1
z462
40,1,1
z556
52,2,1
/415
61,2,1
/466
63,2,1
/469
56,2,1
/514
64,2,1
z747
55,2,1
z473
34,1,1
/679
51,2,1
z415
38,1,1
z1101
0,0,0
/827
68,2,1
/419
70,2,1
z460
39,1,1
z589
42,1,1
/403
59,2,1
z392
40,1,1
z440
57,2,1
/410
66,2,1
z491
37,1,1
/444
64,2,1
z784
61,2,1
z572
44,1,1
z453
31,1,1
z385
32,1,1
z439
36,1,1
/747
63,2,1
z361
41,1,1
/615
67,2,1
z360
35,1,1
z583
48,1,1
z378
52,2,1
/661
69,2,1
z621
56,2,1
z491
47,1,1
z509
53,2,1
/404
34,1,1
z791
51,2,1
z529
60,2,1
z433
49,1,1
z386
50,1,1
z533
65,2,1
z476
55,2,1
z463
58,2,1
z438
54,2,1
/521
62,2,1
z383
46,1,1
z401
38,1,1
z420
43,1,1
z439
33,1,1
z463
45,1,1
z1000
0,0,0
z527
38,1,1
z383
35,1,1
z390
37,1,1
z456
50,1,1
z394
32,1,1
z585
65,2,1
z382
45,1,1
z400
44,1,1
/464
70,2,1
/367
69,2,1
z487
40,1,1
/450
63,2,1
/517
57,2,1
/508
55,2,1
z572
39,1,1
z452
53,2,1
z535
51,2,1
/431
66,2,1
z496
49,1,1
z571
41,1,1
/422
62,2,1
/503
67,2,1
/505
64,2,1
z480
42,1,1
/593
61,2,1
/689
54,2,1
z434
31,1,1
/423
68,2,1
z640
33,1,1
z480
52,2,1
/551
58,2,1
z512
34,1,1
/829
56,2,1
z880
43,1,1
z365
47,1,1
z371
46,1,1
z430
60,2,1
/522
59,2,1
z482
48,1,1
z428
36,1,1
z820
0,0,0
z414
47,1,1
z344
54,2,1
z445
43,1,1
/519
68,2,1
z369
53,2,1
z411
31,1,1
/455
42,1,1
z462
51,2,1
z489
35,1,1
z471
57,2,1
/775
52,2,1
/478
69,2,1
z481
49,1,1
z507
55,2,1
/436
59,2,1
/429
62,2,1
z525
39,1,1
z758
64,2,1
/465
65,2,1
/891
63,2,1
z286
44,1,1
/705
66,2,1
z795
41,1,1
z360
56,2,1
z411
50,1,1
z422
37,1,1
z452
36,1,1
z425
40,1,1
/626
45,1,1
z468
48,1,1
z533
58,2,1
z440
32,1,1
/471
70,2,1
z491
33,1,1
z521
38,1,1
z914
46,1,1
z354
34,1,1
z490
67,2,1
/447
61,2,1
/431
60,2,1
z2478
0,0,0
z596
50,1,1
z496
32,1,1
/646
69,2,1
/408
57,2,1
/396
65,2,1
/592
70,2,1
/394
64,2,1
z461
43,1,1
z390
39,1,1
z594
55,2,1
z538
41,1,1
/1016
59,2,1
/576
63,2,1
/696
46,1,1
/290
56,2,1
/436
47,1,1
/477
62,2,1
z658
49,1,1
/720
45,1,1
z1356
48,1,1
z271
53,2,1
z1593
61,2,1
z542
34,1,1
z597
38,1,1
z550
44,1,1
/644
52,2,1
z697
42,1,1
z752
51,2,1
z544
37,1,1
z471
35,1,1
z460
33,1,1
z497
40,1,1
z511
36,1,1
z600
54,2,1
/471
68,2,1
/454
67,2,1
/491
60,2,1
/433
58,2,1
z481
31,1,1
/555
66,2,1
/1166
0,0,0
z744
47,1,1
/608
59,2,1
/491
55,2,1
z554
45,1,1
/374
65,2,1
/439
67,2,1
/517
53,2,1
z476
42,1,1
/451
52,2,1
z620
40,1,1
z428
34,1,1
z421
31,1,1
/504
64,2,1
/534
57,2,1
/565
61,2,1
z627
51,2,1
/494
68,2,1
z432
33,1,1
z450
32,1,1
/568
66,2,1
z462
39,1,1
z1011
58,2,1
z305
35,1,1
z384
36,1,1
z469
43,1,1
z373
37,1,1
/651
50,1,1
/627
49,1,1
z1031
41,1,1
/672
63,2,1
z470
44,1,1
/474
62,2,1
/468
70,2,1
/461
60,2,1
/365
56,2,1
z424
38,1,1
/485
69,2,1
z489
46,1,1
/588
54,2,1
z501
48,1,1
z1010
0,0,0
/714
60,2,1
z1549
38,1,1
/614
63,2,1
z392
32,1,1
/477
52,2,1
/434
57,2,1
/447
48,1,1
z479
34,1,1
z440
43,1,1
z546
53,2,1
z355
50,1,1
/485
68,2,1
/550
59,2,1
z614
31,1,1
/496
69,2,1
/456
61,2,1
z416
41,1,1
z475
45,1,1
z462
47,1,1
z459
39,1,1
/468
67,2,1
z385
55,2,1
z582
49,1,1
/523
66,2,1
/438
65,2,1
/505
51,2,1
z399
36,1,1
z453
37,1,1
/545
64,2,1
z472
44,1,1
z479
42,1,1
/475
62,2,1
z365
35,1,1
/520
56,2,1
z561
40,1,1
z418
33,1,1
z461
46,1,1
z518
54,2,1
/477
70,2,1
/784
58,2,1
z1138
0,0,0
z626
44,1,1
z394
36,1,1
/459
64,2,1
/438
57,2,1
/496
54,2,1
/358
69,2,1
/481
58,2,1
/473
65,2,1
z452
31,1,1
/533
66,2,1
/425
67,2,1
z470
34,1,1
z524
49,1,1
z425
43,1,1
z476
38,1,1
/476
63,2,1
z456
35,1,1
z684
48,1,1
/480
61,2,1
/641
52,2,1
z413
37,1,1
z484
32,1,1
z586
42,1,1
/576
50,1,1
z413
45,1,1
z1284
53,2,1
z369
56,2,1
/389
60,2,1
z400
41,1,1
z567
40,1,1
/527
70,2,1
/696
59,2,1
/361
62,2,1
z649
46,1,1
z432
33,1,1
/405
68,2,1
z457
47,1,1
/401
55,2,1
z530
39,1,1
/415
51,2,1
z1306
0,0,0
z705
40,1,1
/652
57,2,1
/360
65,2,1
/423
46,1,1
/458
59,2,1
/462
54,2,1
z420
32,1,1
/892
61,2,1
/467
53,2,1
z417
43,1,1
z515
37,1,1
z386
38,1,1
z508
49,1,1
/562
52,2,1
z421
58,2,1
/466
68,2,1
/413
67,2,1
/378
48,1,1
z534
41,1,1
/411
51,2,1
/525
69,2,1
z401
47,1,1
z488
36,1,1
/426
70,2,1
/371
64,2,1
z402
31,1,1
/505
55,2,1
/564
50,1,1
z316
56,2,1
/497
63,2,1
z474
34,1,1
z528
33,1,1
z667
44,1,1
z364
35,1,1
z323
39,1,1
z272
62,2,1
z838
42,1,1
/576
66,2,1
/545
60,2,1
z444
45,1,1
z1019
0,0,0
z861
62,2,1
z609
49,1,1
z400
41,1,1
/908
69,2,1
/508
67,2,1
/399
59,2,1
z535
48,1,1
/651
45,1,1
z389
36,1,1
z540
52,2,1
/537
63,2,1
z472
31,1,1
/518
70,2,1
z417
35,1,1
/494
64,2,1
/630
55,2,1
/471
61,2,1
z793
51,2,1
z539
44,1,1
z509
46,1,1
/538
60,2,1
z435
42,1,1
z484
47,1,1
z459
32,1,1
z381
38,1,1
z482
50,1,1
z413
34,1,1
z403
43,1,1
z403
58,2,1
/509
68,2,1
/414
57,2,1
/362
56,2,1
z487
37,1,1
/401
66,2,1
/434
54,2,1
z407
39,1,1
/535
65,2,1
z392
40,1,1
/385
53,2,1
z437
33,1,1
z1087
0,0,0
z575
35,1,1
z655
44,1,1
z465
34,1,1
z560
33,1,1
/398
61,2,1
z464
39,1,1
z451
45,1,1
/409
70,2,1
z423
41,1,1
z472
32,1,1
/418
66,2,1
/514
67,2,1
/362
59,2,1
/803
53,2,1
/693
46,1,1
/494
65,2,1
z792
58,2,1
z615
36,1,1
/576
56,2,1
/599
57,2,1
z538
43,1,1
/475
68,2,1
z665
48,1,1
z537
40,1,1
/482
60,2,1
z539
52,2,1
z574
47,1,1
z668
51,2,1
/417
49,1,1
/458
69,2,1
/495
55,2,1
/463
63,2,1
/493
62,2,1
/419
54,2,1
z424
31,1,1
z422
38,1,1
z390
42,1,1
z364
37,1,1
z502
50,1,1
/470
64,2,1
z7389
0,0,0
z418
32,1,1
z537
47,1,1
z372
50,1,1
/361
56,2,1
/387
60,2,1
/887
53,2,1
z330
35,1,1
z355
57,2,1
/374
61,2,1
z386
48,1,1
/453
69,2,1
z342
36,1,1
z597
41,1,1
z364
34,1,1
/479
54,2,1
/434
51,2,1
/461
31,1,1
z335
39,1,1
z412
33,1,1
z596
55,2,1
/624
45,1,1
z302
38,1,1
/569
58,2,1
/528
70,2,1
/491
66,2,1
z472
49,1,1
/471
59,2,1
z504
43,1,1
z391
37,1,1
/428
67,2,1
/403
46,1,1
z313
44,1,1
/524
65,2,1
z565
62,2,1
z787
42,1,1
/716
52,2,1
/492
63,2,1
z956
40,1,1
/566
64,2,1
/546
68,2,1
/1144
0,0,0
z527
51,2,1
z440
41,1,1
z437
32,1,1
/439
61,2,1
/437
68,2,1
/445
42,1,1
/466
45,1,1
/591
50,1,1
z726
43,1,1
z470
52,2,1
z489
46,1,1
/673
55,2,1
/501
70,2,1
/483
56,2,1
z492
33,1,1
z416
38,1,1
/546
64,2,1
z412
40,1,1
/465
63,2,1
/505
57,2,1
z471
44,1,1
/471
49,1,1
z557
36,1,1
/526
66,2,1
/538
54,2,1
/436
69,2,1
z473
31,1,1
z447
37,1,1
/542
60,2,1
/625
58,2,1
/455
65,2,1
/456
62,2,1
/382
39,1,1
/585
67,2,1
z440
47,1,1
z456
34,1,1
/1014
59,2,1
/534
53,2,1
z366
48,1,1
z423
35,1,1
z531
0,0,0
z592
42,1,1
/473
58,2,1
/434
63,2,1
z610
43,1,1
z382
49,1,1
z501
41,1,1
z377
35,1,1
/563
61,2,1
z588
47,1,1
/506
59,2,1
z565
54,2,1
z466
52,2,1
z449
40,1,1
/441
70,2,1
z556
45,1,1
z414
33,1,1
z399
46,1,1
/454
60,2,1
z372
31,1,1
z551
37,1,1
z503
56,2,1
z448
32,1,1
z406
38,1,1
z403
53,2,1
z381
44,1,1
z405
57,2,1
z402
62,2,1
z511
39,1,1
/429
68,2,1
/417
64,2,1
z468
55,2,1
z473
50,1,1
z541
51,2,1
/560
65,2,1
z519
48,1,1
z440
36,1,1
/588
66,2,1
/387
69,2,1
/438
67,2,1
z464
34,1,1
z969
0,0,0
/857
55,2,1
z352
37,1,1
/456
60,2,1
/501
57,2,1
/381
56,2,1
/371
50,1,1
z380
51,2,1
z433
35,1,1
z545
38,1,1
z363
62,2,1
z547
47,1,1
z469
44,1,1
z422
32,1,1
/971
45,1,1
z518
34,1,1
z575
48,1,1
/442
67,2,1
/395
66,2,1
z572
46,1,1
z490
36,1,1
z643
52,2,1
/506
63,2,1
/450
69,2,1
/430
64,2,1
z446
33,1,1
z421
40,1,1
/558
61,2,1
z474
39,1,1
/382
68,2,1
/453
58,2,1
/457
65,2,1
z529
31,1,1
z830
49,1,1
z577
42,1,1
/408
59,2,1
/420
70,2,1
z618
41,1,1
z517
43,1,1
/495
54,2,1
/541
53,2,1
z1098
0,0,0
z617
49,1,1
/482
53,2,1
/394
70,2,1
/624
57,2,1
/450
67,2,1
z619
55,2,1
z425
37,1,1
z388
32,1,1
z461
46,1,1
z552
36,1,1
z328
43,1,1
z504
42,1,1
/663
63,2,1
z501
45,1,1
/433
60,2,1
z425
47,1,1
z493
39,1,1
/549
62,2,1
/614
66,2,1
z1028
40,1,1
z474
52,2,1
/495
65,2,1
z371
34,1,1
z427
41,1,1
z516
44,1,1
z354
31,1,1
z366
38,1,1
/516
69,2,1
z550
51,2,1
z526
50,1,1
z330
59,2,1
/436
64,2,1
z562
56,2,1
/481
68,2,1
z412
35,1,1
z758
48,1,1
z511
58,2,1
z347
33,1,1
/492
61,2,1
/528
54,2,1
z3190
0,0,0
z417
56,2,1
z527
46,1,1
/1124
54,2,1
/545
70,2,1
/397
38,1,1
z587
48,1,1
z509
31,1,1
z585
64,2,1
/621
62,2,1
z447
34,1,1
z483
40,1,1
z484
49,1,1
z473
51,2,1
z498
44,1,1
z483
42,1,1
z375
32,1,1
z539
57,2,1
/426
67,2,1
/444
55,2,1
z564
52,2,1
/504
61,2,1
z381
43,1,1
/471
65,2,1
z446
35,1,1
/481
66,2,1
/450
69,2,1
z521
39,1,1
/769
53,2,1
z441
50,1,1
z506
37,1,1
/748
60,2,1
z444
41,1,1
z521
36,1,1
/522
59,2,1
z413
45,1,1
/395
63,2,1
z488
58,2,1
z460
33,1,1
/446
68,2,1
z635
47,1,1
/799
0,0,0
z507
45,1,1
/402
62,2,1
z470
37,1,1
z958
40,1,1
z686
50,1,1
z381
47,1,1
z844
46,1,1
z392
33,1,1
z332
56,2,1
z485
44,1,1
/485
57,2,1
z414
39,1,1
z402
36,1,1
/437
70,2,1
/792
48,1,1
z517
35,1,1
/425
69,2,1
/451
65,2,1
/461
63,2,1
/555
51,2,1
z495
49,1,1
z631
55,2,1
/474
64,2,1
z500
42,1,1
/474
67,2,1
z507
32,1,1
/482
54,2,1
/1001
53,2,1
z470
38,1,1
/552
58,2,1
z334
41,1,1
z435
31,1,1
/485
59,2,1
/482
68,2,1
/523
60,2,1
z463
43,1,1
/474
66,2,1
/515
52,2,1
/474
61,2,1
z551
34,1,1
z774
0,0,0
z542
40,1,1
/812
68,2,1
z619
41,1,1
z496
48,1,1
/437
60,2,1
z358
46,1,1
/613
57,2,1
z480
37,1,1
z441
42,1,1
/460
62,2,1
z372
35,1,1
/421
65,2,1
z412
38,1,1
z469
47,1,1
z448
31,1,1
/540
54,2,1
/528
59,2,1
/425
63,2,1
/456
55,2,1
z533
34,1,1
/324
66,2,1
/448
56,2,1
/404
50,1,1
z372
49,1,1
/486
61,2,1
/419
67,2,1
z530
44,1,1
z633
64,2,1
z407
52,2,1
z428
51,2,1
/438
69,2,1
z393
32,1,1
z410
36,1,1
z446
43,1,1
/364
70,2,1
z426
39,1,1
z436
33,1,1
/721
58,2,1
/510
53,2,1
z412
45,1,1
z864
0,0,0
z381
39,1,1
z442
51,2,1
z333
55,2,1
z440
34,1,1
/500
70,2,1
/1302
60,2,1
/439
62,2,1
/347
69,2,1
/378
65,2,1
z482
49,1,1
z500
53,2,1
z502
41,1,1
z388
54,2,1
z409
50,1,1
/577
64,2,1
z402
43,1,1
z491
36,1,1
z437
45,1,1
/478
68,2,1
z388
52,2,1
/390
61,2,1
/483
63,2,1
z432
37,1,1
z1082
35,1,1
z314
38,1,1
/457
58,2,1
/390
59,2,1
/350
56,2,1
z358
48,1,1
z412
46,1,1
z392
44,1,1
z436
47,1,1
z395
32,1,1
z397
42,1,1
z348
31,1,1
z374
33,1,1
z328
57,2,1
z391
40,1,1
/540
66,2,1
/396
67,2,1
z779
0,0,0
z440
47,1,1
/386
68,2,1
z325
39,1,1
z519
42,1,1
z496
51,2,1
/407
60,2,1
z424
62,2,1
/375
55,2,1
z991
49,1,1
z405
56,2,1
z323
34,1,1
z363
41,1,1
/439
70,2,1
z403
46,1,1
z521
45,1,1
z364
36,1,1
z533
33,1,1
/464
50,1,1
/426
57,2,1
/537
58,2,1
z525
40,1,1
z406
38,1,1
/505
61,2,1
/468
63,2,1
z1017
44,1,1
z512
54,2,1
/403
69,2,1
z351
37,1,1
z471
43,1,1
/357
66,2,1
/399
64,2,1
/331
67,2,1
/456
32,1,1
/676
59,2,1
z322
31,1,1
z361
52,2,1
z461
48,1,1
/415
65,2,1
z667
53,2,1
z411
35,1,1
z713
0,0,0
z403
36,1,1
z408
32,1,1
/630
57,2,1
/499
58,2,1
z428
44,1,1
z411
37,1,1
/1009
56,2,1
z608
45,1,1
z428
61,2,1
/489
66,2,1
z603
52,2,1
z442
48,1,1
/482
62,2,1
z439
50,1,1
z413
38,1,1
/483
64,2,1
/465
63,2,1
z514
53,2,1
/412
69,2,1
z602
51,2,1
z512
39,1,1
/450
59,2,1
z464
31,1,1
z844
60,2,1
z354
33,1,1
/410
70,2,1
z382
35,1,1
z385
41,1,1
z429
40,1,1
/455
55,2,1
/1103
54,2,1
/631
65,2,1
/459
68,2,1
z533
47,1,1
z382
49,1,1
/419
67,2,1
z417
43,1,1
z416
34,1,1
z405
46,1,1
z381
42,1,1
z468
0,0,0
/613
67,2,1
z396
49,1,1
/590
63,2,1
/362
45,1,1
z351
40,1,1
z404
37,1,1
/1043
57,2,1
z385
34,1,1
/408
68,2,1
/465
62,2,1
/399
64,2,1
/414
53,2,1
z402
54,2,1
/458
69,2,1
z423
38,1,1
z578
44,1,1
/396
70,2,1
z428
36,1,1
z760
47,1,1
z463
48,1,1
z418
39,1,1
z375
43,1,1
z543
52,2,1
z414
42,1,1
z478
46,1,1
/473
66,2,1
z383
33,1,1
/407
60,2,1
/412
65,2,1
z411
41,1,1
z515
32,1,1
z404
35,1,1
/481
59,2,1
/412
61,2,1
/410
55,2,1
z390
31,1,1
/518
56,2,1
z506
51,2,1
/493
58,2,1
z364
50,1,1
z686
0,0,0
z485
65,2,1
z469
68,2,1
z521
39,1,1
z409
35,1,1
z380
41,1,1
/431
61,2,1
z391
44,1,1
/351
70,2,1
z564
46,1,1
/391
57,2,1
z562
51,2,1
z389
33,1,1
/480
62,2,1
z408
40,1,1
/451
60,2,1
z428
43,1,1
z435
38,1,1
z413
37,1,1
z375
42,1,1
/498
56,2,1
/390
64,2,1
z441
47,1,1
z621
54,2,1
/501
67,2,1
z456
50,1,1
/382
52,2,1
z489
31,1,1
/446
58,2,1
/525
66,2,1
z444
32,1,1
z747
49,1,1
z407
36,1,1
z339
45,1,1
z450
55,2,1
z500
48,1,1
z458
53,2,1
/494
69,2,1
z418
59,2,1
z458
63,2,1
z449
34,1,1
END
Start of error log
End of error log
