/home/cogsys/../cogsys/aging/training/dt16/../../am/am01/../../training/dt16/../../dtpbsy/dt16tl31b /home/cogsys/../cogsys/aging/training/dt16/../../am/am01/../../training/dt16/../../dtpbsy/dt16bcy104
/19107
0,0,0
/2661
63,2,1
z777
65,2,1
z1158
51,2,1
z9454
52,2,1
z2095
67,2,1
z610
53,2,1
z605
46,1,1
/863
68,2,1
/1249
66,2,1
/1019
64,2,1
/9812
70,2,1
z504
36,1,1
z678
48,1,1
/11359
62,2,1
z628
32,1,1
z508
37,1,1
/12399
55,2,1
z637
40,1,1
z1202
50,1,1
z533
33,1,1
/743
60,2,1
z526
42,1,1
z661
34,1,1
z4111
44,1,1
/1084
59,2,1
/542
61,2,1
/1306
56,2,1
/656
58,2,1
z439
35,1,1
/712
54,2,1
z1171
47,1,1
z466
41,1,1
z453
43,1,1
z2089
39,1,1
/524
69,2,1
z499
38,1,1
/11504
49,1,1
z707
57,2,1
z416
45,1,1
z434
31,1,1
/2054
0,0,0
z642
38,1,1
/830
56,2,1
z809
45,1,1
/1317
66,2,1
/12431
53,2,1
/10180
69,2,1
/651
60,2,1
z1161
58,2,1
/856
70,2,1
/421
63,2,1
z430
36,1,1
/432
68,2,1
z463
43,1,1
z546
35,1,1
/687
65,2,1
z772
46,1,1
z540
34,1,1
/537
67,2,1
z857
42,1,1
z484
37,1,1
/10761
54,2,1
/11564
51,2,1
z493
39,1,1
z6623
40,1,1
z408
50,1,1
z1575
48,1,1
z520
47,1,1
z2044
49,1,1
/570
57,2,1
z538
41,1,1
/568
64,2,1
/547
59,2,1
/456
62,2,1
z517
32,1,1
/12928
61,2,1
z537
52,2,1
z3588
55,2,1
z590
31,1,1
z10592
44,1,1
z510
33,1,1
/1428
0,0,0
z6613
39,1,1
z1367
57,2,1
/453
67,2,1
/569
59,2,1
z1245
45,1,1
/547
46,1,1
/638
63,2,1
/422
69,2,1
z668
48,1,1
z877
44,1,1
/847
66,2,1
/807
64,2,1
z1792
50,1,1
z688
40,1,1
z416
38,1,1
/410
60,2,1
/355
55,2,1
/452
62,2,1
z557
35,1,1
z621
37,1,1
z597
54,2,1
/519
51,2,1
z877
47,1,1
/478
49,1,1
z661
36,1,1
/10799
56,2,1
z497
41,1,1
z476
33,1,1
/420
70,2,1
/521
52,2,1
z8890
43,1,1
/474
65,2,1
z518
42,1,1
/463
68,2,1
z671
53,2,1
/520
58,2,1
z503
32,1,1
z472
34,1,1
/898
61,2,1
z3374
31,1,1
/808
0,0,0
/14108
51,2,1
/2310
61,2,1
z473
46,1,1
z533
53,2,1
z533
44,1,1
/481
70,2,1
/580
66,2,1
z519
32,1,1
z704
33,1,1
z396
41,1,1
/15383
52,2,1
z515
38,1,1
z578
34,1,1
z9466
39,1,1
z442
50,1,1
/1272
58,2,1
/473
63,2,1
z397
54,2,1
z427
45,1,1
z14462
48,1,1
z4243
62,2,1
/646
59,2,1
/582
68,2,1
z2531
57,2,1
z2531
55,2,1
z8087
60,2,1
z468
49,1,1
z517
36,1,1
z339
40,1,1
z328
43,1,1
/476
69,2,1
/729
64,2,1
/1929
56,2,1
z524
31,1,1
/501
65,2,1
z571
37,1,1
z631
42,1,1
z1050
47,1,1
/514
67,2,1
z380
35,1,1
/619
0,0,0
z853
40,1,1
/12855
61,2,1
/11695
56,2,1
/2267
55,2,1
/1057
68,2,1
z450
37,1,1
z437
46,1,1
z359
45,1,1
z458
36,1,1
z475
35,1,1
z420
34,1,1
/556
65,2,1
z1706
49,1,1
/448
66,2,1
z1476
58,2,1
/421
67,2,1
z589
42,1,1
/1893
62,2,1
/669
57,2,1
/435
69,2,1
z489
41,1,1
/564
52,2,1
z453
31,1,1
/725
59,2,1
z548
38,1,1
z778
48,1,1
/446
60,2,1
z480
39,1,1
/521
63,2,1
z473
32,1,1
/450
50,1,1
z503
43,1,1
z1118
53,2,1
/550
64,2,1
z443
54,2,1
/1876
44,1,1
z512
33,1,1
z1083
47,1,1
z687
51,2,1
/615
70,2,1
/922
0,0,0
/16172
52,2,1
/780
70,2,1
z551
38,1,1
z513
37,1,1
z497
43,1,1
/396
63,2,1
z416
62,2,1
/616
58,2,1
z575
47,1,1
z515
40,1,1
z440
41,1,1
/409
60,2,1
/417
53,2,1
/420
65,2,1
/408
57,2,1
z523
48,1,1
z509
34,1,1
z508
33,1,1
z484
32,1,1
/654
61,2,1
/468
69,2,1
/818
44,1,1
/691
56,2,1
/407
68,2,1
/371
67,2,1
z478
36,1,1
/435
54,2,1
z521
39,1,1
z484
42,1,1
z513
35,1,1
z415
45,1,1
/1160
66,2,1
/1247
59,2,1
/2479
50,1,1
z586
49,1,1
/523
51,2,1
/531
64,2,1
z578
55,2,1
z523
31,1,1
z403
46,1,1
/673
0,0,0
/529
70,2,1
/488
55,2,1
/428
58,2,1
z596
38,1,1
z1047
48,1,1
z547
32,1,1
z569
41,1,1
z4410
35,1,1
z480
37,1,1
/350
64,2,1
/883
68,2,1
/514
62,2,1
/565
59,2,1
z475
31,1,1
/421
69,2,1
/478
66,2,1
/661
56,2,1
/565
65,2,1
/445
57,2,1
/669
54,2,1
z1169
50,1,1
z490
49,1,1
z520
47,1,1
z489
53,2,1
/510
63,2,1
z510
34,1,1
/404
67,2,1
z407
39,1,1
/477
46,1,1
z469
43,1,1
/508
51,2,1
z447
42,1,1
/462
52,2,1
z1043
40,1,1
/889
61,2,1
z513
44,1,1
z566
45,1,1
z452
33,1,1
z401
36,1,1
/618
60,2,1
/819
0,0,0
/642
54,2,1
/744
55,2,1
z40316
44,1,1
/824
64,2,1
z1059
35,1,1
/1630
51,2,1
/444
69,2,1
/316
60,2,1
z925
32,1,1
/10826
56,2,1
/649
59,2,1
z1400
41,1,1
/812
65,2,1
/394
57,2,1
/836
58,2,1
/422
63,2,1
z859
42,1,1
/540
61,2,1
z786
34,1,1
/11514
50,1,1
/390
67,2,1
z1413
47,1,1
z3007
33,1,1
/3429
66,2,1
z440
40,1,1
/862
52,2,1
/517
53,2,1
/442
45,1,1
/632
46,1,1
/576
62,2,1
z447
31,1,1
z416
36,1,1
z369
37,1,1
z455
39,1,1
z405
43,1,1
/655
49,1,1
/620
70,2,1
/570
48,1,1
/452
68,2,1
z510
38,1,1
/730
0,0,0
/13007
53,2,1
z578
42,1,1
z13668
48,1,1
z470
44,1,1
z472
46,1,1
/679
54,2,1
z557
45,1,1
z520
33,1,1
/15975
55,2,1
/410
70,2,1
/509
59,2,1
z387
43,1,1
z373
31,1,1
z281
37,1,1
z297
52,2,1
/1080
61,2,1
/412
69,2,1
z468
36,1,1
z1039
56,2,1
z493
64,2,1
/528
65,2,1
/595
62,2,1
z593
51,2,1
z562
47,1,1
z385
41,1,1
z390
38,1,1
z390
49,1,1
z410
60,2,1
z498
32,1,1
z394
39,1,1
z386
34,1,1
z448
50,1,1
/539
57,2,1
/595
58,2,1
/553
63,2,1
z452
35,1,1
/598
66,2,1
/517
68,2,1
z521
40,1,1
/452
67,2,1
/620
0,0,0
/535
66,2,1
z710
38,1,1
z488
33,1,1
z432
42,1,1
/424
54,2,1
z699
44,1,1
/451
49,1,1
/2340
53,2,1
/927
52,2,1
z550
39,1,1
z1396
35,1,1
/379
62,2,1
/396
63,2,1
/1586
43,1,1
/668
40,1,1
/459
60,2,1
z1603
37,1,1
/1260
65,2,1
/417
69,2,1
z582
45,1,1
z1130
50,1,1
/423
64,2,1
/413
67,2,1
/440
48,1,1
/437
61,2,1
z522
58,2,1
/596
57,2,1
/429
68,2,1
/476
70,2,1
z550
36,1,1
z398
51,2,1
z484
46,1,1
z1025
56,2,1
z528
47,1,1
z440
41,1,1
z434
59,2,1
z543
55,2,1
z322
32,1,1
z325
34,1,1
z291
31,1,1
/733
0,0,0
/548
60,2,1
/1673
57,2,1
/442
54,2,1
/496
59,2,1
z295
33,1,1
z289
58,2,1
z389
43,1,1
z408
46,1,1
z634
47,1,1
z310
55,2,1
z296
37,1,1
z492
50,1,1
z368
32,1,1
/497
65,2,1
/695
40,1,1
/500
68,2,1
/408
56,2,1
/439
51,2,1
/371
70,2,1
/729
48,1,1
z752
34,1,1
z381
31,1,1
/405
69,2,1
/396
63,2,1
/679
42,1,1
/498
62,2,1
z532
41,1,1
/458
64,2,1
z457
35,1,1
/395
61,2,1
z418
39,1,1
/287
38,1,1
/710
49,1,1
/456
53,2,1
/490
45,1,1
/384
66,2,1
/621
52,2,1
/481
44,1,1
/603
67,2,1
z465
36,1,1
/583
0,0,0
/384
70,2,1
z382
31,1,1
z434
43,1,1
z297
39,1,1
z283
49,1,1
/368
63,2,1
/339
65,2,1
/340
50,1,1
/343
59,2,1
/369
53,2,1
z564
34,1,1
/494
48,1,1
z523
38,1,1
z706
42,1,1
z544
51,2,1
z345
37,1,1
/687
60,2,1
/596
46,1,1
z480
58,2,1
/421
64,2,1
/438
45,1,1
/436
69,2,1
/433
61,2,1
z483
41,1,1
z536
52,2,1
/478
68,2,1
/532
55,2,1
/458
62,2,1
z443
33,1,1
/483
67,2,1
z403
66,2,1
z780
32,1,1
/527
56,2,1
/448
57,2,1
z586
35,1,1
/433
47,1,1
/429
36,1,1
z13562
44,1,1
z563
54,2,1
z582
40,1,1
/657
0,0,0
/458
65,2,1
/414
44,1,1
z431
37,1,1
/1286
58,2,1
/457
69,2,1
z484
31,1,1
/575
55,2,1
/1053
49,1,1
/491
66,2,1
z457
34,1,1
/450
68,2,1
/1175
52,2,1
/470
54,2,1
/716
51,2,1
/458
46,1,1
/434
62,2,1
/512
60,2,1
z598
41,1,1
z451
45,1,1
z384
39,1,1
z427
56,2,1
/619
57,2,1
/386
63,2,1
/357
70,2,1
/406
67,2,1
/407
61,2,1
z1091
42,1,1
z575
47,1,1
z3159
59,2,1
z454
36,1,1
z575
40,1,1
z421
32,1,1
z685
43,1,1
z584
35,1,1
/403
64,2,1
/620
33,1,1
z11938
38,1,1
z465
50,1,1
z478
48,1,1
z393
53,2,1
/676
0,0,0
z585
45,1,1
/610
67,2,1
/418
70,2,1
/362
39,1,1
/423
63,2,1
/342
66,2,1
/594
52,2,1
z437
43,1,1
z541
38,1,1
z364
46,1,1
z456
48,1,1
z401
49,1,1
/403
68,2,1
/356
57,2,1
z541
42,1,1
/506
58,2,1
z416
32,1,1
z597
33,1,1
/372
61,2,1
z472
55,2,1
z584
34,1,1
/518
53,2,1
/400
56,2,1
/326
50,1,1
/281
62,2,1
/299
44,1,1
/390
51,2,1
/919
47,1,1
z523
40,1,1
/551
65,2,1
/425
60,2,1
/494
64,2,1
z609
37,1,1
z545
31,1,1
z462
35,1,1
/422
59,2,1
z519
36,1,1
/411
54,2,1
/536
41,1,1
/438
69,2,1
/1398
0,0,0
/617
69,2,1
/1422
60,2,1
/4220
54,2,1
z538
36,1,1
z486
39,1,1
/644
61,2,1
/494
58,2,1
/466
65,2,1
/466
53,2,1
z555
33,1,1
z328
34,1,1
z263
38,1,1
z984
47,1,1
z754
37,1,1
z1529
41,1,1
/755
59,2,1
z508
32,1,1
/604
40,1,1
z3676
49,1,1
/464
67,2,1
/347
50,1,1
/3840
55,2,1
z608
43,1,1
/520
64,2,1
z609
44,1,1
/1211
51,2,1
z469
42,1,1
/401
52,2,1
/446
63,2,1
/546
45,1,1
/479
56,2,1
/482
57,2,1
/458
62,2,1
/489
46,1,1
/431
70,2,1
/414
66,2,1
/415
68,2,1
z524
35,1,1
z3588
31,1,1
/472
48,1,1
/656
0,0,0
z13923
46,1,1
z370
33,1,1
/457
59,2,1
/494
69,2,1
z509
45,1,1
/450
50,1,1
z545
41,1,1
z663
52,2,1
z466
43,1,1
/1265
58,2,1
z747
35,1,1
/438
66,2,1
z469
32,1,1
z641
37,1,1
/393
68,2,1
/354
63,2,1
/391
53,2,1
z474
39,1,1
/694
54,2,1
z1268
38,1,1
/476
60,2,1
/790
64,2,1
z2340
51,2,1
z370
42,1,1
/467
61,2,1
z501
34,1,1
z511
44,1,1
/530
62,2,1
/520
65,2,1
/715
48,1,1
z437
31,1,1
/438
67,2,1
/463
55,2,1
/531
57,2,1
z415
40,1,1
z426
47,1,1
z491
56,2,1
/502
49,1,1
z1428
36,1,1
/561
70,2,1
/1045
0,0,0
/794
51,2,1
/1855
53,2,1
/658
50,1,1
z466
41,1,1
/609
61,2,1
z459
40,1,1
z449
35,1,1
z395
38,1,1
z469
57,2,1
/447
56,2,1
/442
69,2,1
/371
60,2,1
/347
46,1,1
z574
42,1,1
/524
68,2,1
z378
36,1,1
/549
63,2,1
/508
44,1,1
/677
58,2,1
/398
62,2,1
z593
34,1,1
/530
52,2,1
z472
39,1,1
z3224
59,2,1
/538
67,2,1
z448
33,1,1
z601
32,1,1
/541
65,2,1
z567
43,1,1
/451
54,2,1
z581
55,2,1
z612
31,1,1
/5723
47,1,1
/515
48,1,1
/419
49,1,1
/411
64,2,1
/402
66,2,1
/321
70,2,1
/640
45,1,1
z396
37,1,1
/1909031
0,0,0
/6190
44,1,1
/380
70,2,1
z975
31,1,1
/543
48,1,1
/47546
68,2,1
/744
42,1,1
/406
56,2,1
/453
36,1,1
/364
57,2,1
/381
60,2,1
z1676
45,1,1
/447
67,2,1
z694
49,1,1
/362
65,2,1
z435
46,1,1
/442
51,2,1
/372
58,2,1
/364
69,2,1
/726
43,1,1
z443
32,1,1
/435
61,2,1
/443
38,1,1
z401
47,1,1
/406
64,2,1
z412
33,1,1
/398
50,1,1
/403
59,2,1
/358
62,2,1
z461
35,1,1
/461
55,2,1
z493
40,1,1
/408
52,2,1
z418
34,1,1
z388
37,1,1
/441
54,2,1
/450
41,1,1
/395
63,2,1
/350
66,2,1
/400
53,2,1
z528
39,1,1
/838
0,0,0
/903
70,2,1
/413
41,1,1
z1067
31,1,1
z46552
65,2,1
z598
63,2,1
z1109
34,1,1
/344
52,2,1
/530
51,2,1
z553
47,1,1
z449
35,1,1
/437
60,2,1
/418
57,2,1
/384
56,2,1
z503
45,1,1
/409
59,2,1
z574
48,1,1
z369
42,1,1
/447
58,2,1
z697
44,1,1
/12401
61,2,1
/885
46,1,1
z531
33,1,1
z660
53,2,1
z496
38,1,1
/710
43,1,1
/425
55,2,1
z443
49,1,1
/435
67,2,1
/434
50,1,1
/622
62,2,1
/514
66,2,1
z446
40,1,1
/814
68,2,1
z411
37,1,1
/777
69,2,1
/546
64,2,1
z434
39,1,1
z354
32,1,1
z382
36,1,1
z539
54,2,1
/718
0,0,0
z781
34,1,1
z478
37,1,1
z436
36,1,1
/490
60,2,1
/702
55,2,1
/588
62,2,1
/483
57,2,1
/538
65,2,1
z726
41,1,1
z616
46,1,1
z449
31,1,1
/515
63,2,1
/653
53,2,1
z493
45,1,1
/2026
64,2,1
z843
39,1,1
/782
59,2,1
z887
54,2,1
z628
42,1,1
/582
69,2,1
z964
52,2,1
z457
35,1,1
z391
58,2,1
/396
70,2,1
z446
44,1,1
z458
33,1,1
z433
47,1,1
/522
67,2,1
z360
38,1,1
z521
49,1,1
z871
66,2,1
z334
32,1,1
z307
50,1,1
z519
56,2,1
z416
51,2,1
/666
68,2,1
/492
61,2,1
z438
40,1,1
z386
43,1,1
z313
48,1,1
/994
0,0,0
/591
66,2,1
/679
55,2,1
z556
31,1,1
/975
53,2,1
z820
42,1,1
z947
52,2,1
/482
67,2,1
z383
48,1,1
z430
45,1,1
/532
62,2,1
z490
64,2,1
z483
35,1,1
z562
47,1,1
z592
63,2,1
z607
58,2,1
z664
56,2,1
z404
44,1,1
/531
65,2,1
z462
38,1,1
z507
46,1,1
z372
50,1,1
z444
54,2,1
z375
61,2,1
z381
68,2,1
z630
57,2,1
z458
32,1,1
z358
34,1,1
z347
33,1,1
z485
39,1,1
z1279
49,1,1
z368
37,1,1
/512
70,2,1
z833
41,1,1
z846
51,2,1
z594
59,2,1
z521
36,1,1
/531
69,2,1
z537
40,1,1
z595
43,1,1
/520
60,2,1
/584
0,0,0
z1162
45,1,1
/566
59,2,1
/645
57,2,1
/370
69,2,1
/406
58,2,1
/460
61,2,1
/458
63,2,1
/329
53,2,1
z481
41,1,1
z444
43,1,1
z853
46,1,1
z391
42,1,1
z477
54,2,1
z285
37,1,1
z356
52,2,1
z294
66,2,1
z299
39,1,1
z285
48,1,1
z364
50,1,1
z263
34,1,1
/1417
56,2,1
/609
60,2,1
z539
40,1,1
/416
65,2,1
/380
70,2,1
z431
36,1,1
z457
32,1,1
/467
51,2,1
z364
68,2,1
/1135
47,1,1
z992
44,1,1
z348
35,1,1
z303
31,1,1
z1225
62,2,1
z992
55,2,1
z500
33,1,1
/562
67,2,1
/666
49,1,1
z561
38,1,1
/478
64,2,1
/598
0,0,0
/743
52,2,1
/687
69,2,1
z564
49,1,1
z438
35,1,1
z304
36,1,1
z455
64,2,1
z340
37,1,1
z307
38,1,1
z277
39,1,1
z489
34,1,1
/626
67,2,1
/968
54,2,1
/419
41,1,1
/344
55,2,1
z495
31,1,1
z684
53,2,1
z378
45,1,1
/603
62,2,1
z526
56,2,1
/464
68,2,1
/541
46,1,1
/851
66,2,1
/514
63,2,1
/455
59,2,1
/481
65,2,1
/593
60,2,1
/526
58,2,1
/567
57,2,1
z420
32,1,1
/606
70,2,1
z377
33,1,1
z354
47,1,1
z285
44,1,1
z258
43,1,1
z240
51,2,1
z259
40,1,1
z549
50,1,1
z450
42,1,1
z470
48,1,1
/491
61,2,1
/916
0,0,0
/498
52,2,1
/1301
58,2,1
z38749
41,1,1
/1250
57,2,1
z403
44,1,1
z1319
53,2,1
z532
36,1,1
z510
47,1,1
/594
54,2,1
z569
40,1,1
/421
55,2,1
/399
60,2,1
/411
63,2,1
/441
65,2,1
/319
38,1,1
z322
33,1,1
z523
51,2,1
z406
34,1,1
/447
59,2,1
/363
67,2,1
z528
48,1,1
z406
31,1,1
/460
70,2,1
/356
62,2,1
/401
64,2,1
z485
32,1,1
z293
43,1,1
z261
69,2,1
/473
56,2,1
z559
39,1,1
/395
66,2,1
/475
68,2,1
z1368
42,1,1
/2082
61,2,1
z977
45,1,1
z759
37,1,1
/436
46,1,1
/566
50,1,1
z1951
35,1,1
z2736
49,1,1
/3851
0,0,0
/565
59,2,1
z558
37,1,1
z435
44,1,1
/511
63,2,1
z490
43,1,1
z498
42,1,1
/720
62,2,1
/588
39,1,1
/592
66,2,1
/502
69,2,1
z560
34,1,1
z413
45,1,1
z517
49,1,1
/585
64,2,1
z913
57,2,1
z537
31,1,1
z1051
46,1,1
/611
61,2,1
z560
41,1,1
/482
70,2,1
/771
65,2,1
z846
56,2,1
z1287
68,2,1
z1022
47,1,1
z558
55,2,1
z387
50,1,1
z393
48,1,1
z1337
52,2,1
/1023
67,2,1
z451
35,1,1
z465
38,1,1
z387
33,1,1
z424
58,2,1
z530
36,1,1
z572
51,2,1
z596
53,2,1
z568
60,2,1
z479
40,1,1
z507
54,2,1
z380
32,1,1
/645
0,0,0
z536
41,1,1
z654
54,2,1
/453
52,2,1
/412
56,2,1
z874
50,1,1
z37437
40,1,1
/553
65,2,1
z497
46,1,1
z371
51,2,1
z709
68,2,1
z372
38,1,1
z412
53,2,1
z292
32,1,1
z253
62,2,1
z393
47,1,1
z408
43,1,1
z358
34,1,1
/553
66,2,1
z463
35,1,1
z562
49,1,1
/633
60,2,1
z453
31,1,1
z398
33,1,1
/557
55,2,1
z359
39,1,1
/451
70,2,1
/544
58,2,1
/487
63,2,1
z562
36,1,1
/3713
64,2,1
z369
48,1,1
/477
61,2,1
z462
44,1,1
z380
45,1,1
/574
57,2,1
z4391
59,2,1
z488
42,1,1
/569
69,2,1
z1166
37,1,1
/624
67,2,1
/983
0,0,0
z545
36,1,1
z434
31,1,1
z421
47,1,1
z570
56,2,1
z404
43,1,1
z508
49,1,1
z374
35,1,1
z374
54,2,1
z419
52,2,1
z551
38,1,1
z366
61,2,1
z532
55,2,1
/429
66,2,1
/470
65,2,1
z544
39,1,1
z437
51,2,1
z472
45,1,1
z412
40,1,1
z310
33,1,1
z355
32,1,1
z526
42,1,1
/769
63,2,1
/1197
58,2,1
/441
59,2,1
/522
67,2,1
/383
53,2,1
/410
68,2,1
z526
46,1,1
z376
37,1,1
z341
34,1,1
/593
60,2,1
/519
69,2,1
/417
70,2,1
/354
50,1,1
/494
57,2,1
z535
44,1,1
/536
62,2,1
z416
41,1,1
/462
64,2,1
z458
48,1,1
/686
0,0,0
z510
41,1,1
z388
38,1,1
/565
67,2,1
/581
70,2,1
z511
53,2,1
z1792
52,2,1
z627
55,2,1
z487
57,2,1
z396
56,2,1
z358
47,1,1
z311
49,1,1
z399
64,2,1
z954
51,2,1
/4757
68,2,1
z687
46,1,1
z856
37,1,1
z707
32,1,1
z423
44,1,1
z385
34,1,1
z492
61,2,1
z1306
65,2,1
z873
69,2,1
z541
54,2,1
z534
31,1,1
z346
40,1,1
z364
36,1,1
z362
33,1,1
z380
58,2,1
z474
48,1,1
z349
39,1,1
/751
62,2,1
z555
45,1,1
/626
63,2,1
/472
50,1,1
/441
59,2,1
/471
66,2,1
z606
42,1,1
z430
43,1,1
z372
60,2,1
z276
35,1,1
z253
0,0,0
/622
57,2,1
/591
65,2,1
/406
69,2,1
z530
37,1,1
z384
64,2,1
z608
41,1,1
z386
51,2,1
z609
62,2,1
z421
67,2,1
/661
70,2,1
z600
39,1,1
z491
52,2,1
z463
54,2,1
z342
66,2,1
z605
35,1,1
z1231
55,2,1
z469
68,2,1
z582
47,1,1
/512
59,2,1
z450
43,1,1
z490
42,1,1
z391
50,1,1
z431
32,1,1
z398
33,1,1
z360
31,1,1
z331
40,1,1
z309
61,2,1
z294
36,1,1
z289
63,2,1
/420
60,2,1
z502
53,2,1
z407
34,1,1
z532
49,1,1
z1088
56,2,1
z889
45,1,1
z496
38,1,1
z536
44,1,1
z444
48,1,1
/1738
58,2,1
z489
46,1,1
/664
0,0,0
z503
42,1,1
/395
56,2,1
/408
69,2,1
z440
33,1,1
z999
39,1,1
z466
31,1,1
z458
36,1,1
/506
61,2,1
/477
62,2,1
/594
38,1,1
/475
47,1,1
z1023
52,2,1
/685
54,2,1
z515
48,1,1
/652
55,2,1
/559
59,2,1
/472
70,2,1
/476
58,2,1
/523
63,2,1
/2088
43,1,1
/433
51,2,1
z611
41,1,1
z429
37,1,1
z492
34,1,1
/620
45,1,1
/765
35,1,1
z443
49,1,1
/539
67,2,1
/345
64,2,1
/309
60,2,1
/361
44,1,1
/375
57,2,1
z633
40,1,1
/578
53,2,1
z388
46,1,1
/467
65,2,1
z460
32,1,1
/434
66,2,1
/414
68,2,1
/364
50,1,1
END
Start of error log
End of error log
