/home/cogsys/aging/dtpbsy/dt16tl43b /home/cogsys/aging/dtpbsy/dt16bcy122
 13948
0,0,0
z855
35,1,1
z570
43,1,1
/790
64,2,1
/724
38,1,1
/798
51,2,1
/786
63,2,1
z679
41,1,1
z805
50,1,1
/703
66,2,1
z641
45,1,1
/942
68,2,1
z504
33,1,1
/923
57,2,1
/679
65,2,1
z533
42,1,1
/766
62,2,1
/550
61,2,1
/733
60,2,1
z452
67,2,1
/884
58,2,1
z895
52,2,1
z562
40,1,1
z778
49,1,1
z483
39,1,1
z533
34,1,1
z695
44,1,1
/944
56,2,1
/580
59,2,1
z640
48,1,1
z524
31,1,1
z514
46,1,1
z466
36,1,1
z443
37,1,1
/469
70,2,1
/533
54,2,1
/413
69,2,1
z545
55,2,1
z508
47,1,1
/584
53,2,1
z585
32,1,1
 1781
0,0,0
/936
50,1,1
z514
40,1,1
/568
56,2,1
z542
37,1,1
/466
58,2,1
/706
62,2,1
/861
52,2,1
/511
70,2,1
z518
38,1,1
/598
57,2,1
z870
54,2,1
z622
35,1,1
/556
42,1,1
/568
43,1,1
z699
34,1,1
/455
64,2,1
/644
46,1,1
/525
47,1,1
/419
55,2,1
/427
61,2,1
z572
32,1,1
z595
31,1,1
/472
65,2,1
z535
36,1,1
/409
60,2,1
/526
68,2,1
/639
63,2,1
/443
59,2,1
z555
33,1,1
/515
66,2,1
/581
48,1,1
/492
53,2,1
/396
67,2,1
z664
49,1,1
z508
51,2,1
/533
69,2,1
z477
44,1,1
z575
41,1,1
z525
39,1,1
z489
45,1,1
 1417
0,0,0
/545
67,2,1
/426
56,2,1
z472
43,1,1
z456
47,1,1
z517
41,1,1
/466
64,2,1
z531
40,1,1
/727
61,2,1
z909
46,1,1
z654
37,1,1
/543
62,2,1
/550
50,1,1
z662
35,1,1
z575
44,1,1
/549
68,2,1
/534
60,2,1
z1094
49,1,1
z712
36,1,1
z852
34,1,1
/546
51,2,1
/543
65,2,1
z1143
42,1,1
/612
70,2,1
z632
31,1,1
z514
54,2,1
/394
48,1,1
/566
66,2,1
/536
45,1,1
/589
59,2,1
/571
52,2,1
/505
57,2,1
z579
32,1,1
z419
38,1,1
/610
58,2,1
/574
69,2,1
/536
63,2,1
z589
39,1,1
z452
33,1,1
/441
53,2,1
/552
55,2,1
 932
0,0,0
/678
65,2,1
/423
59,2,1
/454
35,1,1
/304
68,2,1
/463
39,1,1
/503
67,2,1
/493
51,2,1
z533
33,1,1
/565
56,2,1
z499
31,1,1
/458
70,2,1
z463
36,1,1
/352
52,2,1
z415
47,1,1
z606
40,1,1
/549
57,2,1
/398
54,2,1
z539
38,1,1
/516
43,1,1
z622
45,1,1
/618
42,1,1
/500
64,2,1
/446
63,2,1
/456
58,2,1
/431
48,1,1
/441
66,2,1
/364
62,2,1
/373
69,2,1
/369
50,1,1
/350
49,1,1
/365
53,2,1
z494
32,1,1
/594
60,2,1
z1113
46,1,1
z661
37,1,1
z476
44,1,1
/687
61,2,1
z595
41,1,1
z626
34,1,1
/886
55,2,1
 897
0,0,0
z978
37,1,1
z499
33,1,1
/547
68,2,1
/406
62,2,1
/575
69,2,1
z614
43,1,1
z531
50,1,1
z393
54,2,1
z419
36,1,1
/526
70,2,1
/678
59,2,1
z698
65,2,1
/524
61,2,1
z560
41,1,1
z576
52,2,1
/824
42,1,1
z974
38,1,1
/785
58,2,1
/424
48,1,1
z407
64,2,1
z843
34,1,1
/1018
63,2,1
/498
53,2,1
z475
46,1,1
/486
57,2,1
/520
60,2,1
/1068
56,2,1
z1001
47,1,1
z632
44,1,1
/446
51,2,1
z473
32,1,1
z440
35,1,1
/595
67,2,1
z523
39,1,1
/499
66,2,1
/558
55,2,1
z576
49,1,1
z631
40,1,1
/691
45,1,1
/838
31,1,1
 1019
0,0,0
/643
34,1,1
/425
51,2,1
/405
70,2,1
/460
46,1,1
/440
62,2,1
/348
39,1,1
z286
44,1,1
/475
47,1,1
z437
35,1,1
z590
50,1,1
z640
56,2,1
/374
42,1,1
/762
52,2,1
/551
65,2,1
/515
61,2,1
/614
66,2,1
/409
68,2,1
/552
57,2,1
/431
67,2,1
z605
40,1,1
z543
32,1,1
z460
48,1,1
z472
31,1,1
/554
69,2,1
/520
63,2,1
/953
55,2,1
z604
37,1,1
z454
43,1,1
z610
49,1,1
z466
41,1,1
z411
36,1,1
/456
60,2,1
/354
45,1,1
/452
33,1,1
/584
54,2,1
/436
58,2,1
/374
53,2,1
/338
59,2,1
z674
38,1,1
/396
64,2,1
 880
0,0,0
/448
70,2,1
/512
56,2,1
z603
31,1,1
/608
45,1,1
/471
50,1,1
/499
49,1,1
z426
42,1,1
/393
41,1,1
z571
35,1,1
/483
69,2,1
/1010
40,1,1
/508
52,2,1
/442
62,2,1
z586
37,1,1
/389
55,2,1
/610
47,1,1
/519
53,2,1
/458
61,2,1
z529
51,2,1
/350
48,1,1
/397
67,2,1
/347
58,2,1
/355
63,2,1
z497
33,1,1
z484
32,1,1
/750
65,2,1
/527
60,2,1
z1438
44,1,1
z591
38,1,1
/499
59,2,1
z782
36,1,1
/405
66,2,1
/557
64,2,1
z633
34,1,1
/642
57,2,1
z552
68,2,1
/492
46,1,1
z680
43,1,1
/543
54,2,1
z852
39,1,1
 808
0,0,0
/602
50,1,1
/424
66,2,1
/536
47,1,1
z539
36,1,1
/736
52,2,1
z496
38,1,1
/466
69,2,1
/785
58,2,1
/523
56,2,1
/641
57,2,1
/435
62,2,1
/403
42,1,1
/429
41,1,1
z398
60,2,1
/370
31,1,1
/555
64,2,1
/454
55,2,1
/502
68,2,1
z815
35,1,1
/512
70,2,1
/544
63,2,1
/503
46,1,1
z870
40,1,1
z370
44,1,1
z531
32,1,1
/495
48,1,1
z944
45,1,1
/453
51,2,1
/508
37,1,1
/452
33,1,1
/474
65,2,1
/581
53,2,1
/392
67,2,1
z511
43,1,1
/452
59,2,1
z608
34,1,1
/466
61,2,1
z764
39,1,1
/385
49,1,1
/521
54,2,1
 860
0,0,0
/406
50,1,1
/405
67,2,1
z566
35,1,1
/418
64,2,1
/419
53,2,1
/354
66,2,1
z503
34,1,1
/343
59,2,1
z505
36,1,1
/568
47,1,1
z677
38,1,1
/533
42,1,1
z484
41,1,1
/541
63,2,1
/636
70,2,1
/419
65,2,1
/427
33,1,1
z365
32,1,1
/521
58,2,1
z547
46,1,1
/634
68,2,1
/605
57,2,1
/447
56,2,1
/509
51,2,1
/509
62,2,1
/481
39,1,1
z456
54,2,1
/429
40,1,1
/746
69,2,1
/463
49,1,1
z655
48,1,1
/487
55,2,1
/526
43,1,1
/477
60,2,1
/430
52,2,1
/644
45,1,1
/836
44,1,1
z815
31,1,1
/514
37,1,1
/738
61,2,1
 815
0,0,0
/582
42,1,1
/541
61,2,1
/476
50,1,1
/436
52,2,1
/534
54,2,1
/440
59,2,1
/731
39,1,1
z714
34,1,1
z531
31,1,1
/438
66,2,1
/582
67,2,1
z459
32,1,1
/545
70,2,1
z440
38,1,1
z563
35,1,1
z621
36,1,1
z620
48,1,1
/450
53,2,1
/409
44,1,1
/540
43,1,1
/466
56,2,1
/431
41,1,1
/410
55,2,1
/381
45,1,1
/431
62,2,1
/462
64,2,1
/572
57,2,1
/584
65,2,1
/389
63,2,1
/457
49,1,1
/298
37,1,1
z435
40,1,1
z674
46,1,1
/504
68,2,1
z710
47,1,1
/630
69,2,1
z509
51,2,1
/374
58,2,1
/487
60,2,1
/456
33,1,1
 815
0,0,0
z640
46,1,1
z643
33,1,1
z546
38,1,1
z773
47,1,1
/420
60,2,1
z372
70,2,1
/510
67,2,1
z671
49,1,1
z497
36,1,1
z476
51,2,1
z554
44,1,1
z680
39,1,1
z401
34,1,1
z454
43,1,1
/471
64,2,1
/531
58,2,1
z509
35,1,1
z519
53,2,1
/415
50,1,1
/468
40,1,1
/490
41,1,1
/569
48,1,1
/496
56,2,1
/428
42,1,1
/367
63,2,1
/370
45,1,1
z596
37,1,1
z422
32,1,1
/495
65,2,1
/507
62,2,1
/723
54,2,1
/376
66,2,1
z637
31,1,1
/608
61,2,1
/629
68,2,1
/454
57,2,1
z445
52,2,1
/405
69,2,1
/356
59,2,1
z813
55,2,1
 1016
0,0,0
/1015
43,1,1
/502
35,1,1
z354
45,1,1
/338
64,2,1
/371
56,2,1
/411
46,1,1
/309
37,1,1
/392
55,2,1
/357
47,1,1
/363
32,1,1
/370
41,1,1
/344
33,1,1
/416
48,1,1
/650
34,1,1
/369
36,1,1
/380
68,2,1
/386
54,2,1
/342
40,1,1
/396
60,2,1
/402
69,2,1
z559
38,1,1
/503
61,2,1
z556
57,2,1
/500
39,1,1
z429
53,2,1
/581
59,2,1
/596
67,2,1
/574
62,2,1
/465
66,2,1
/511
31,1,1
/425
52,2,1
/672
51,2,1
/577
63,2,1
/456
49,1,1
/415
65,2,1
z448
58,2,1
z593
42,1,1
/1124
44,1,1
/466
50,1,1
z429
70,2,1
 1062
0,0,0
z765
37,1,1
/650
64,2,1
/466
60,2,1
/431
58,2,1
/406
34,1,1
z533
69,2,1
/701
54,2,1
z455
61,2,1
/453
68,2,1
/413
65,2,1
/564
43,1,1
/603
57,2,1
z735
48,1,1
z499
45,1,1
/542
62,2,1
/364
41,1,1
z653
50,1,1
/848
39,1,1
z755
42,1,1
/412
46,1,1
z429
40,1,1
z534
31,1,1
z542
47,1,1
/901
51,2,1
/964
44,1,1
/723
49,1,1
/519
59,2,1
z656
55,2,1
/359
56,2,1
z489
63,2,1
z456
32,1,1
z664
38,1,1
/455
70,2,1
z464
33,1,1
z515
36,1,1
z540
52,2,1
/479
53,2,1
/495
67,2,1
z596
35,1,1
/730
66,2,1
 1853
0,0,0
z494
41,1,1
z520
32,1,1
/598
64,2,1
/513
70,2,1
z519
44,1,1
z816
54,2,1
z722
39,1,1
z635
33,1,1
/500
47,1,1
/491
68,2,1
/470
60,2,1
z530
37,1,1
z605
63,2,1
z599
38,1,1
z583
45,1,1
/475
52,2,1
z632
48,1,1
z591
53,2,1
/604
61,2,1
z513
34,1,1
z501
31,1,1
z526
40,1,1
/460
62,2,1
z479
42,1,1
z562
50,1,1
z463
55,2,1
z502
43,1,1
z441
51,2,1
/488
67,2,1
z459
36,1,1
/483
57,2,1
z628
49,1,1
/552
58,2,1
z494
46,1,1
/559
66,2,1
z453
56,2,1
/485
65,2,1
z461
35,1,1
/532
69,2,1
/568
59,2,1
 8056
0,0,0
/843
67,2,1
/350
57,2,1
z437
44,1,1
z514
38,1,1
z528
40,1,1
z432
39,1,1
/592
43,1,1
/621
69,2,1
/744
47,1,1
z510
34,1,1
/502
32,1,1
/546
56,2,1
z486
31,1,1
/559
60,2,1
z550
42,1,1
/381
54,2,1
z546
46,1,1
z603
48,1,1
z388
41,1,1
z429
35,1,1
/517
65,2,1
/698
45,1,1
/438
59,2,1
/373
53,2,1
z283
49,1,1
z439
33,1,1
z815
51,2,1
z548
70,2,1
/943
58,2,1
/606
50,1,1
/578
66,2,1
/493
68,2,1
z603
36,1,1
/440
55,2,1
/566
37,1,1
/439
61,2,1
/464
63,2,1
/382
62,2,1
/332
64,2,1
/750
52,2,1
 967
0,0,0
/596
63,2,1
/555
38,1,1
z508
41,1,1
/461
56,2,1
z579
31,1,1
/523
34,1,1
z568
37,1,1
z457
32,1,1
z513
44,1,1
/453
65,2,1
/707
49,1,1
/565
62,2,1
z539
51,2,1
/486
57,2,1
z803
47,1,1
/581
42,1,1
z451
35,1,1
/623
60,2,1
/564
61,2,1
/598
55,2,1
z473
36,1,1
/416
69,2,1
/464
54,2,1
/469
53,2,1
/499
68,2,1
z534
40,1,1
/486
66,2,1
/511
48,1,1
z502
46,1,1
/489
45,1,1
z476
43,1,1
/486
52,2,1
/563
50,1,1
/458
67,2,1
/454
58,2,1
/409
39,1,1
z457
33,1,1
/463
59,2,1
/505
70,2,1
/419
64,2,1
 3110
0,0,0
z533
34,1,1
z556
41,1,1
/429
70,2,1
z725
37,1,1
/730
52,2,1
z727
48,1,1
z1291
33,1,1
/496
51,2,1
/710
49,1,1
/544
59,2,1
/491
69,2,1
/408
64,2,1
z644
58,2,1
/424
62,2,1
z517
40,1,1
z448
35,1,1
/472
67,2,1
/646
68,2,1
/387
56,2,1
/454
63,2,1
/360
65,2,1
/310
44,1,1
/428
66,2,1
/536
45,1,1
z431
31,1,1
z372
39,1,1
z433
38,1,1
z519
42,1,1
z482
53,2,1
z487
43,1,1
/524
54,2,1
/376
46,1,1
/554
50,1,1
/346
57,2,1
/311
60,2,1
/337
55,2,1
/286
47,1,1
/319
32,1,1
/350
61,2,1
/307
36,1,1
 1463
0,0,0
/732
59,2,1
/438
65,2,1
/479
61,2,1
/530
45,1,1
z534
53,2,1
z755
55,2,1
/555
67,2,1
z489
38,1,1
z545
48,1,1
z588
51,2,1
/572
68,2,1
z505
36,1,1
/530
56,2,1
z430
46,1,1
/887
62,2,1
z457
44,1,1
/437
69,2,1
/715
60,2,1
/877
41,1,1
/678
43,1,1
z722
40,1,1
/475
66,2,1
z540
58,2,1
/500
64,2,1
z677
37,1,1
z611
32,1,1
z946
42,1,1
/956
57,2,1
/416
35,1,1
/549
63,2,1
/1535
39,1,1
z373
34,1,1
/537
54,2,1
/511
50,1,1
z516
33,1,1
z759
52,2,1
/565
70,2,1
z442
31,1,1
z500
47,1,1
/478
49,1,1
 902
0,0,0
/379
45,1,1
/483
53,2,1
/446
60,2,1
/427
62,2,1
z488
38,1,1
/428
55,2,1
/476
54,2,1
/357
59,2,1
z709
31,1,1
/502
63,2,1
/456
46,1,1
/457
50,1,1
/423
70,2,1
/381
44,1,1
/751
41,1,1
/444
67,2,1
/583
65,2,1
/589
57,2,1
/488
58,2,1
/436
69,2,1
z1147
43,1,1
/500
49,1,1
z457
56,2,1
z610
37,1,1
z539
32,1,1
z668
33,1,1
z427
35,1,1
z427
34,1,1
z311
39,1,1
/533
48,1,1
/468
66,2,1
/406
47,1,1
/432
52,2,1
/503
40,1,1
z328
51,2,1
/560
68,2,1
/484
61,2,1
/608
64,2,1
z728
36,1,1
z622
42,1,1
 1116
0,0,0
z644
37,1,1
z564
45,1,1
/482
52,2,1
/418
66,2,1
/519
61,2,1
z669
43,1,1
z650
31,1,1
/503
65,2,1
/502
59,2,1
/462
41,1,1
z706
44,1,1
z451
58,2,1
/340
55,2,1
z593
36,1,1
/1310
57,2,1
/546
68,2,1
/458
48,1,1
/477
54,2,1
/411
53,2,1
/435
46,1,1
/386
62,2,1
/435
60,2,1
z469
33,1,1
/504
69,2,1
z611
34,1,1
/477
67,2,1
/566
56,2,1
/555
47,1,1
z538
42,1,1
/1146
32,1,1
/666
39,1,1
/416
70,2,1
/494
63,2,1
/372
51,2,1
/395
40,1,1
z454
35,1,1
/470
50,1,1
z459
38,1,1
/525
64,2,1
/478
49,1,1
 1012
0,0,0
/464
40,1,1
/466
31,1,1
/537
58,2,1
/885
43,1,1
z557
50,1,1
/566
46,1,1
/868
48,1,1
/402
60,2,1
/454
37,1,1
/727
33,1,1
/610
64,2,1
/393
32,1,1
/460
57,2,1
/593
52,2,1
/458
34,1,1
/417
67,2,1
/367
65,2,1
/363
56,2,1
z533
36,1,1
z619
54,2,1
/602
62,2,1
/567
70,2,1
z769
59,2,1
z512
41,1,1
/835
55,2,1
z2076
66,2,1
z1336
35,1,1
z2675
39,1,1
z1917
53,2,1
z1291
49,1,1
z951
69,2,1
/1308
61,2,1
z577
44,1,1
z495
45,1,1
z847
51,2,1
z1399
38,1,1
z676
63,2,1
/464
68,2,1
z455
47,1,1
z474
42,1,1
 943
0,0,0
z756
48,1,1
z778
58,2,1
z647
67,2,1
z959
47,1,1
/503
54,2,1
z435
61,2,1
/646
55,2,1
z541
41,1,1
/1642
69,2,1
z646
39,1,1
/1214
62,2,1
z752
46,1,1
z440
43,1,1
z440
34,1,1
/862
59,2,1
/420
65,2,1
/389
60,2,1
/326
64,2,1
/341
56,2,1
/311
52,2,1
/298
49,1,1
/297
63,2,1
z488
42,1,1
z422
32,1,1
/535
70,2,1
z491
37,1,1
/407
68,2,1
z440
33,1,1
z584
44,1,1
z421
31,1,1
z395
57,2,1
/550
51,2,1
z509
45,1,1
z524
35,1,1
/494
53,2,1
/666
50,1,1
z540
40,1,1
z396
38,1,1
/473
66,2,1
/694
36,1,1
 1351
0,0,0
/644
69,2,1
z543
59,2,1
/505
57,2,1
/451
63,2,1
z529
46,1,1
z673
45,1,1
/461
52,2,1
z611
54,2,1
z478
34,1,1
z396
38,1,1
/542
62,2,1
z479
36,1,1
z602
40,1,1
/499
66,2,1
/595
44,1,1
z618
39,1,1
z483
41,1,1
/486
68,2,1
/405
67,2,1
/348
56,2,1
z483
42,1,1
z366
50,1,1
z479
35,1,1
/622
70,2,1
z623
43,1,1
/511
58,2,1
/533
53,2,1
/493
60,2,1
z559
33,1,1
/459
64,2,1
/418
65,2,1
/528
49,1,1
/340
55,2,1
/479
51,2,1
z624
48,1,1
/362
37,1,1
z1069
32,1,1
/416
61,2,1
z394
31,1,1
/539
47,1,1
 944
0,0,0
z511
47,1,1
/401
55,2,1
/544
67,2,1
z545
36,1,1
/402
66,2,1
z555
60,2,1
/476
46,1,1
/546
68,2,1
z345
32,1,1
/529
57,2,1
z969
43,1,1
z662
39,1,1
z539
42,1,1
/539
65,2,1
/535
61,2,1
z586
38,1,1
/553
70,2,1
/565
54,2,1
z558
33,1,1
/422
64,2,1
/601
53,2,1
/573
51,2,1
/444
45,1,1
/455
52,2,1
/423
48,1,1
/347
49,1,1
z405
37,1,1
/559
59,2,1
z504
44,1,1
/458
35,1,1
/708
56,2,1
/520
63,2,1
z467
31,1,1
z483
34,1,1
/610
62,2,1
z577
41,1,1
z746
40,1,1
/778
69,2,1
/886
50,1,1
/471
58,2,1
 1205
0,0,0
z605
44,1,1
/408
41,1,1
/388
63,2,1
/398
64,2,1
z587
36,1,1
z479
45,1,1
z420
60,2,1
/442
67,2,1
/498
53,2,1
/427
66,2,1
/560
43,1,1
/433
51,2,1
/422
49,1,1
z633
35,1,1
/455
32,1,1
/522
59,2,1
z646
42,1,1
/516
70,2,1
z949
47,1,1
z1092
58,2,1
/542
37,1,1
/544
65,2,1
/479
69,2,1
z673
46,1,1
z715
56,2,1
/633
50,1,1
z514
31,1,1
/651
68,2,1
/691
55,2,1
/556
54,2,1
/413
62,2,1
z626
48,1,1
z648
33,1,1
z453
39,1,1
/469
34,1,1
/701
40,1,1
z546
38,1,1
/505
61,2,1
z685
57,2,1
z901
52,2,1
 912
0,0,0
/531
69,2,1
z722
51,2,1
z629
43,1,1
/761
52,2,1
z471
44,1,1
z512
39,1,1
/600
67,2,1
/525
50,1,1
z570
49,1,1
/519
58,2,1
/503
62,2,1
/506
65,2,1
/384
66,2,1
z618
38,1,1
z585
34,1,1
/1247
64,2,1
/462
46,1,1
/524
54,2,1
z530
41,1,1
/684
61,2,1
/563
63,2,1
z580
42,1,1
/1044
48,1,1
/722
60,2,1
z552
45,1,1
/501
59,2,1
z471
32,1,1
z550
35,1,1
/684
68,2,1
/565
56,2,1
/526
57,2,1
z453
33,1,1
/567
53,2,1
z437
37,1,1
z502
31,1,1
z520
36,1,1
/603
55,2,1
/515
70,2,1
/478
47,1,1
z387
40,1,1
 901
0,0,0
/435
70,2,1
/454
56,2,1
/437
51,2,1
/391
67,2,1
z428
32,1,1
z1069
65,2,1
/419
68,2,1
/501
61,2,1
/583
45,1,1
z512
53,2,1
/728
52,2,1
/458
66,2,1
/381
62,2,1
/481
46,1,1
/612
41,1,1
/435
40,1,1
/510
58,2,1
z457
39,1,1
z517
50,1,1
/819
55,2,1
z525
35,1,1
z351
31,1,1
z436
42,1,1
z981
47,1,1
/515
33,1,1
z527
54,2,1
z483
57,2,1
z385
36,1,1
z780
63,2,1
z559
37,1,1
/541
59,2,1
z579
44,1,1
z479
43,1,1
/495
69,2,1
/446
64,2,1
/426
48,1,1
z512
38,1,1
/631
60,2,1
z584
49,1,1
z445
34,1,1
 919
0,0,0
/607
58,2,1
/845
54,2,1
/671
69,2,1
/492
64,2,1
z786
45,1,1
z647
42,1,1
/825
56,2,1
/643
67,2,1
z550
38,1,1
z1097
39,1,1
/556
55,2,1
/444
68,2,1
z524
32,1,1
/488
50,1,1
/694
52,2,1
/1175
41,1,1
/637
60,2,1
/666
35,1,1
/578
66,2,1
/455
61,2,1
/548
65,2,1
z502
37,1,1
z473
40,1,1
z418
59,2,1
/478
46,1,1
z488
36,1,1
z507
33,1,1
z500
34,1,1
z362
31,1,1
/529
62,2,1
z447
43,1,1
/498
44,1,1
z435
53,2,1
/638
63,2,1
/498
70,2,1
/621
47,1,1
/692
49,1,1
/520
57,2,1
/419
51,2,1
z371
48,1,1
 1101
0,0,0
/442
58,2,1
/385
56,2,1
/419
51,2,1
z593
40,1,1
/634
68,2,1
z429
37,1,1
/592
49,1,1
z572
61,2,1
/485
55,2,1
z442
36,1,1
/477
46,1,1
z362
44,1,1
/696
59,2,1
/456
69,2,1
z526
34,1,1
/485
64,2,1
z475
41,1,1
/356
43,1,1
/453
62,2,1
/380
67,2,1
/345
32,1,1
z418
60,2,1
z528
38,1,1
z483
31,1,1
z524
45,1,1
z723
39,1,1
/712
63,2,1
/374
54,2,1
/383
48,1,1
/337
50,1,1
z625
47,1,1
z432
57,2,1
/472
53,2,1
/452
65,2,1
/395
66,2,1
z541
33,1,1
z521
35,1,1
/519
52,2,1
/426
70,2,1
/947
42,1,1
 848
0,0,0
/667
38,1,1
/375
47,1,1
/333
69,2,1
/396
53,2,1
/344
59,2,1
/309
56,2,1
/310
46,1,1
/383
35,1,1
z354
43,1,1
/367
70,2,1
/375
51,2,1
/314
67,2,1
/387
62,2,1
/303
40,1,1
/389
41,1,1
/321
63,2,1
/351
58,2,1
/347
68,2,1
/333
44,1,1
/400
64,2,1
/327
39,1,1
z303
50,1,1
/500
57,2,1
/459
48,1,1
/418
54,2,1
/384
60,2,1
/299
31,1,1
z337
34,1,1
/444
49,1,1
/424
65,2,1
/400
52,2,1
z519
33,1,1
z491
32,1,1
/789
55,2,1
/589
61,2,1
/402
66,2,1
z653
37,1,1
/516
42,1,1
/432
36,1,1
/463
45,1,1
END
Start of error log
End of error log
