dt16tl50b dt16bcy137
 18323
0,0,0
z1326
52,2,1
z731
44,1,1
z921
48,1,1
/851
50,1,1
/878
49,1,1
/667
68,2,1
z607
57,2,1
/609
64,2,1
z673
36,1,1
/591
58,2,1
/608
67,2,1
z562
37,1,1
z618
39,1,1
z1459
51,2,1
z675
47,1,1
/1463
59,2,1
/584
55,2,1
/703
54,2,1
/606
70,2,1
/704
62,2,1
z587
41,1,1
/656
65,2,1
z621
38,1,1
/2226
53,2,1
z540
45,1,1
z620
32,1,1
z545
31,1,1
z497
56,2,1
z498
35,1,1
z514
61,2,1
z512
43,1,1
/518
63,2,1
/496
66,2,1
/505
69,2,1
z558
33,1,1
z809
40,1,1
z534
34,1,1
/547
60,2,1
z645
42,1,1
z819
46,1,1
 3687
0,0,0
z1700
51,2,1
/620
55,2,1
z529
37,1,1
/585
63,2,1
z575
46,1,1
z554
36,1,1
/472
60,2,1
/545
58,2,1
z555
34,1,1
z565
35,1,1
z704
43,1,1
z1085
54,2,1
z665
40,1,1
z626
42,1,1
z569
44,1,1
/722
48,1,1
/703
38,1,1
/579
70,2,1
/457
68,2,1
z639
52,2,1
/658
62,2,1
/672
61,2,1
/1270
49,1,1
/595
57,2,1
z850
39,1,1
/595
67,2,1
/829
53,2,1
z644
50,1,1
/733
65,2,1
z664
31,1,1
z844
64,2,1
/501
69,2,1
/819
59,2,1
/575
66,2,1
/782
56,2,1
/574
47,1,1
z1163
41,1,1
z682
33,1,1
z829
32,1,1
z680
45,1,1
 1835
0,0,0
/2443
53,2,1
/598
52,2,1
z647
32,1,1
/445
43,1,1
/487
64,2,1
z1823
45,1,1
z656
47,1,1
/586
41,1,1
/623
60,2,1
/632
66,2,1
/1007
48,1,1
z1120
40,1,1
/739
68,2,1
/1003
55,2,1
z530
34,1,1
/625
70,2,1
/809
46,1,1
z481
42,1,1
z1414
59,2,1
/606
35,1,1
/1122
67,2,1
z633
31,1,1
/964
50,1,1
/803
69,2,1
z637
33,1,1
z1377
51,2,1
z736
36,1,1
/446
61,2,1
/647
63,2,1
z533
56,2,1
/653
65,2,1
z558
37,1,1
z827
49,1,1
/784
57,2,1
/639
54,2,1
z581
44,1,1
/1013
62,2,1
z576
39,1,1
/589
58,2,1
z614
38,1,1
 1492
0,0,0
/748
62,2,1
/513
69,2,1
z463
35,1,1
z799
44,1,1
z728
37,1,1
z677
33,1,1
/686
65,2,1
/656
61,2,1
z611
32,1,1
/524
46,1,1
z2264
53,2,1
z658
48,1,1
z1241
52,2,1
z694
40,1,1
/494
67,2,1
z666
45,1,1
z1113
38,1,1
/451
70,2,1
/554
63,2,1
/460
55,2,1
/647
54,2,1
/729
66,2,1
/544
68,2,1
z632
43,1,1
z959
47,1,1
/540
60,2,1
/657
51,2,1
/918
56,2,1
z460
39,1,1
/826
64,2,1
/955
41,1,1
z528
42,1,1
/583
58,2,1
z656
31,1,1
z2024
36,1,1
/743
49,1,1
z555
50,1,1
/509
59,2,1
/641
57,2,1
z800
34,1,1
 1520
0,0,0
/672
68,2,1
/553
67,2,1
z564
33,1,1
z855
52,2,1
z745
35,1,1
z812
38,1,1
/647
55,2,1
z579
34,1,1
/550
51,2,1
/694
63,2,1
/537
61,2,1
z510
44,1,1
/480
57,2,1
z811
32,1,1
/579
47,1,1
/477
42,1,1
/563
39,1,1
z879
36,1,1
z552
40,1,1
/896
45,1,1
/715
65,2,1
/616
69,2,1
z631
41,1,1
/630
66,2,1
/906
62,2,1
z1057
48,1,1
z525
37,1,1
z953
50,1,1
z622
59,2,1
/796
58,2,1
z723
56,2,1
z993
49,1,1
z1353
54,2,1
z786
43,1,1
z737
46,1,1
z668
31,1,1
/637
70,2,1
/629
53,2,1
/568
60,2,1
/655
64,2,1
 1404
0,0,0
/2593
66,2,1
/859
50,1,1
/604
54,2,1
/723
36,1,1
/700
58,2,1
z768
37,1,1
/750
67,2,1
/844
70,2,1
z596
35,1,1
/862
57,2,1
z645
40,1,1
z1074
34,1,1
z691
45,1,1
/503
68,2,1
/899
51,2,1
/601
52,2,1
z753
39,1,1
z966
33,1,1
z576
42,1,1
z510
46,1,1
/439
64,2,1
z601
62,2,1
/466
69,2,1
z712
32,1,1
/804
65,2,1
z1018
61,2,1
z1777
60,2,1
z642
38,1,1
z1012
47,1,1
z847
48,1,1
z1322
49,1,1
z2429
63,2,1
z669
43,1,1
z704
44,1,1
z739
41,1,1
/1337
59,2,1
/844
56,2,1
/745
55,2,1
z776
31,1,1
/457
53,2,1
 1221
0,0,0
z1803
33,1,1
/556
70,2,1
z735
32,1,1
/1321
41,1,1
z515
39,1,1
/512
48,1,1
/636
49,1,1
/607
42,1,1
z641
50,1,1
/461
57,2,1
/477
58,2,1
z1013
59,2,1
/488
63,2,1
/1059
54,2,1
z644
47,1,1
/574
60,2,1
z1045
40,1,1
/601
52,2,1
/488
55,2,1
/428
46,1,1
/492
62,2,1
/489
53,2,1
/452
69,2,1
/521
51,2,1
/491
45,1,1
/867
44,1,1
z817
38,1,1
/713
65,2,1
z654
36,1,1
/505
66,2,1
z624
34,1,1
/508
56,2,1
z2974
35,1,1
/568
68,2,1
/817
43,1,1
z1693
37,1,1
/548
67,2,1
/727
31,1,1
/689
61,2,1
/607
64,2,1
 1347
0,0,0
z1541
54,2,1
/655
62,2,1
/458
47,1,1
z1061
52,2,1
/966
51,2,1
z719
33,1,1
z520
31,1,1
z630
50,1,1
z730
42,1,1
/534
58,2,1
/687
59,2,1
/4852
55,2,1
z1490
44,1,1
/661
64,2,1
z997
41,1,1
/806
61,2,1
/2035
57,2,1
z1334
48,1,1
z1172
40,1,1
/1196
63,2,1
/3513
68,2,1
/526
70,2,1
z535
37,1,1
/781
69,2,1
/711
66,2,1
z603
49,1,1
z1021
46,1,1
z622
35,1,1
z747
32,1,1
z847
39,1,1
z603
45,1,1
/384
43,1,1
/494
65,2,1
/421
56,2,1
/485
67,2,1
/674
60,2,1
/960
53,2,1
/828
36,1,1
z684
38,1,1
z1275
34,1,1
 1262
0,0,0
z2244
44,1,1
/500
62,2,1
/504
70,2,1
z490
38,1,1
z595
36,1,1
z1039
57,2,1
/635
55,2,1
z600
31,1,1
/981
49,1,1
z648
33,1,1
/708
61,2,1
z905
50,1,1
z769
37,1,1
z536
35,1,1
z532
46,1,1
/821
54,2,1
/545
65,2,1
/654
69,2,1
/647
56,2,1
/474
66,2,1
z603
52,2,1
z776
40,1,1
z795
39,1,1
z951
42,1,1
/544
68,2,1
z665
48,1,1
/610
67,2,1
z798
45,1,1
z975
41,1,1
/577
51,2,1
z1146
43,1,1
/743
58,2,1
z729
32,1,1
/580
60,2,1
/700
59,2,1
z465
34,1,1
z895
53,2,1
/744
63,2,1
z520
64,2,1
z665
47,1,1
 1274
0,0,0
/853
51,2,1
/829
56,2,1
/451
62,2,1
/606
41,1,1
/478
65,2,1
/650
60,2,1
/648
70,2,1
z7969
47,1,1
/525
66,2,1
/540
68,2,1
z729
40,1,1
z957
43,1,1
/437
59,2,1
z623
35,1,1
/636
37,1,1
z1144
38,1,1
/513
32,1,1
z496
31,1,1
/1130
53,2,1
z895
48,1,1
z785
45,1,1
z481
44,1,1
/691
61,2,1
z457
39,1,1
z683
54,2,1
z545
33,1,1
z767
46,1,1
/645
63,2,1
z891
52,2,1
z2234
49,1,1
z746
34,1,1
z988
42,1,1
/707
58,2,1
/1239
55,2,1
/739
69,2,1
/631
67,2,1
z648
50,1,1
/667
64,2,1
z600
36,1,1
z952
57,2,1
 2641
0,0,0
z653
46,1,1
/743
50,1,1
/623
65,2,1
z651
39,1,1
z531
32,1,1
/555
70,2,1
z714
48,1,1
z635
41,1,1
/498
64,2,1
z547
52,2,1
/623
47,1,1
/614
60,2,1
z787
61,2,1
/470
33,1,1
z927
31,1,1
z960
57,2,1
z877
54,2,1
z989
34,1,1
/764
66,2,1
/772
68,2,1
z558
53,2,1
/797
62,2,1
/736
67,2,1
z743
51,2,1
z1024
58,2,1
/490
49,1,1
z702
43,1,1
/919
45,1,1
/647
63,2,1
z757
37,1,1
z612
35,1,1
z532
44,1,1
/515
69,2,1
z431
40,1,1
z481
36,1,1
/553
59,2,1
z400
38,1,1
z464
42,1,1
z584
56,2,1
z557
55,2,1
 1504
0,0,0
z756
32,1,1
z785
56,2,1
z680
38,1,1
z989
47,1,1
z612
46,1,1
/634
50,1,1
/634
60,2,1
z485
35,1,1
z593
40,1,1
z892
31,1,1
/624
69,2,1
z861
42,1,1
z675
33,1,1
/901
63,2,1
z337
66,2,1
/891
64,2,1
z331
49,1,1
z941
48,1,1
/574
62,2,1
z499
53,2,1
z699
41,1,1
/703
59,2,1
z334
39,1,1
z709
55,2,1
z590
54,2,1
z611
34,1,1
/658
58,2,1
z332
37,1,1
z640
51,2,1
z515
36,1,1
z402
52,2,1
z450
43,1,1
/685
68,2,1
/676
70,2,1
z730
67,2,1
z759
57,2,1
z727
44,1,1
z812
61,2,1
z892
65,2,1
z826
45,1,1
 1373
0,0,0
z1152
44,1,1
/570
63,2,1
z855
49,1,1
z448
46,1,1
/1095
66,2,1
z459
34,1,1
z673
64,2,1
z576
36,1,1
z613
58,2,1
z545
52,2,1
z657
48,1,1
/680
62,2,1
z784
60,2,1
/721
67,2,1
z446
38,1,1
z481
50,1,1
z633
57,2,1
z437
40,1,1
z500
54,2,1
z463
43,1,1
z494
33,1,1
z457
56,2,1
z435
42,1,1
z529
31,1,1
z468
51,2,1
z490
55,2,1
z465
35,1,1
z426
39,1,1
z436
45,1,1
z523
61,2,1
z588
53,2,1
/718
68,2,1
z621
47,1,1
/510
70,2,1
z486
32,1,1
/438
69,2,1
z427
37,1,1
/439
59,2,1
z389
65,2,1
z764
41,1,1
 1211
0,0,0
/990
67,2,1
/702
63,2,1
/430
44,1,1
z504
37,1,1
z529
38,1,1
z468
50,1,1
z468
57,2,1
z494
53,2,1
/629
60,2,1
/711
59,2,1
/668
66,2,1
z655
65,2,1
z694
52,2,1
z628
69,2,1
z557
49,1,1
z534
34,1,1
z458
41,1,1
z850
54,2,1
z559
43,1,1
z564
58,2,1
/757
68,2,1
z632
35,1,1
/738
64,2,1
z350
42,1,1
z590
31,1,1
z683
55,2,1
z498
46,1,1
z487
33,1,1
z460
62,2,1
z496
61,2,1
z792
40,1,1
z613
45,1,1
/449
47,1,1
z535
36,1,1
z452
48,1,1
z529
32,1,1
/745
56,2,1
z282
70,2,1
z1293
51,2,1
z1682
39,1,1
 1180
0,0,0
z729
44,1,1
/593
69,2,1
/503
52,2,1
z753
36,1,1
z536
46,1,1
/625
64,2,1
z618
49,1,1
z535
40,1,1
z614
45,1,1
z647
38,1,1
z734
48,1,1
z728
42,1,1
z595
41,1,1
/801
66,2,1
/465
62,2,1
/477
60,2,1
/391
51,2,1
/462
43,1,1
z903
56,2,1
z722
47,1,1
z469
34,1,1
z489
35,1,1
/562
67,2,1
/702
50,1,1
/717
70,2,1
z424
32,1,1
z563
65,2,1
/484
53,2,1
z287
31,1,1
z588
37,1,1
z482
55,2,1
z711
59,2,1
/467
58,2,1
z524
68,2,1
/469
54,2,1
/701
57,2,1
/1067
63,2,1
z481
33,1,1
/758
61,2,1
z446
39,1,1
 1344
0,0,0
/666
57,2,1
z3173
56,2,1
z673
49,1,1
/836
58,2,1
z338
39,1,1
z767
54,2,1
z596
34,1,1
z1826
61,2,1
/375
60,2,1
/418
68,2,1
z526
43,1,1
/448
70,2,1
z393
51,2,1
z643
48,1,1
/301
37,1,1
z416
69,2,1
z752
31,1,1
/653
65,2,1
z656
50,1,1
z832
33,1,1
/1475
41,1,1
z780
53,2,1
/579
42,1,1
/1276
59,2,1
/378
63,2,1
/399
67,2,1
z554
47,1,1
z723
38,1,1
/554
64,2,1
z686
35,1,1
z603
32,1,1
z782
36,1,1
z985
52,2,1
z583
45,1,1
z486
44,1,1
z1286
40,1,1
/935
66,2,1
/760
55,2,1
/478
62,2,1
z462
46,1,1
 1314
0,0,0
z1525
56,2,1
z526
38,1,1
z477
35,1,1
z431
61,2,1
/605
60,2,1
z702
39,1,1
z680
47,1,1
/807
62,2,1
/685
70,2,1
z516
49,1,1
z666
63,2,1
/1007
42,1,1
z530
48,1,1
z710
46,1,1
z598
41,1,1
z665
37,1,1
z1153
34,1,1
/780
66,2,1
z634
40,1,1
z998
55,2,1
z546
33,1,1
/620
69,2,1
z392
36,1,1
/565
64,2,1
z454
44,1,1
/654
58,2,1
z427
32,1,1
z475
50,1,1
z679
57,2,1
z1117
67,2,1
z768
59,2,1
z653
54,2,1
/521
68,2,1
z453
51,2,1
z573
31,1,1
z1072
65,2,1
z546
45,1,1
z533
53,2,1
z545
43,1,1
z625
52,2,1
 1342
0,0,0
/799
61,2,1
/388
66,2,1
/434
64,2,1
z585
54,2,1
/438
69,2,1
z497
48,1,1
/565
60,2,1
z292
45,1,1
/723
63,2,1
z458
65,2,1
z525
59,2,1
z521
37,1,1
z513
62,2,1
/718
67,2,1
z219
56,2,1
z5544
33,1,1
/754
57,2,1
/494
47,1,1
z457
34,1,1
/634
44,1,1
/520
51,2,1
z360
42,1,1
/618
70,2,1
z902
52,2,1
z544
38,1,1
z518
35,1,1
z495
32,1,1
z411
39,1,1
z452
53,2,1
z440
50,1,1
/575
43,1,1
z381
40,1,1
z397
49,1,1
z623
55,2,1
z587
36,1,1
z550
58,2,1
z520
41,1,1
/683
46,1,1
z396
31,1,1
/600
68,2,1
 1920
0,0,0
/763
69,2,1
/476
51,2,1
z826
44,1,1
z480
33,1,1
/535
66,2,1
z505
41,1,1
/735
59,2,1
z569
45,1,1
/975
49,1,1
z676
46,1,1
z692
55,2,1
z558
62,2,1
z636
32,1,1
/502
39,1,1
z357
34,1,1
z459
63,2,1
/611
68,2,1
z564
65,2,1
/537
61,2,1
z470
52,2,1
/461
53,2,1
z526
35,1,1
/406
37,1,1
z395
40,1,1
z1065
60,2,1
z592
47,1,1
z515
31,1,1
z483
38,1,1
/494
58,2,1
z498
50,1,1
/674
67,2,1
z457
54,2,1
z592
36,1,1
/740
57,2,1
z370
48,1,1
/591
64,2,1
/1453
70,2,1
z487
56,2,1
z514
42,1,1
z542
43,1,1
 1419
0,0,0
z1115
45,1,1
z421
31,1,1
z477
43,1,1
z526
46,1,1
/623
63,2,1
/840
56,2,1
/925
69,2,1
z1176
60,2,1
z475
67,2,1
z680
61,2,1
z477
51,2,1
z565
52,2,1
z593
47,1,1
z464
33,1,1
z451
38,1,1
z711
62,2,1
z884
68,2,1
z620
64,2,1
z498
54,2,1
z523
59,2,1
z545
49,1,1
z525
35,1,1
z452
42,1,1
z521
36,1,1
z510
34,1,1
z530
32,1,1
z847
65,2,1
z457
37,1,1
z341
40,1,1
z501
57,2,1
z1004
58,2,1
z701
70,2,1
z668
50,1,1
z555
39,1,1
z478
53,2,1
/858
66,2,1
z544
48,1,1
/849
55,2,1
z378
44,1,1
z481
41,1,1
 1432
0,0,0
z1566
41,1,1
z543
44,1,1
z518
56,2,1
z753
53,2,1
z416
45,1,1
z404
47,1,1
z470
48,1,1
z422
68,2,1
z469
49,1,1
z423
64,2,1
z416
40,1,1
z494
36,1,1
/3575
62,2,1
/851
69,2,1
z505
35,1,1
z425
32,1,1
z477
34,1,1
z2080
67,2,1
z645
31,1,1
/450
70,2,1
z412
39,1,1
/545
63,2,1
/600
66,2,1
/673
65,2,1
z616
60,2,1
z682
59,2,1
z628
42,1,1
z622
50,1,1
z517
43,1,1
z543
58,2,1
z494
52,2,1
z664
46,1,1
z855
55,2,1
z607
38,1,1
z518
33,1,1
/968
61,2,1
z380
51,2,1
z3378
54,2,1
/722
57,2,1
z472
37,1,1
 1118
0,0,0
z1479
32,1,1
/684
67,2,1
z499
36,1,1
z475
42,1,1
z424
33,1,1
z398
66,2,1
/731
43,1,1
/514
51,2,1
/540
68,2,1
/392
61,2,1
/1215
53,2,1
z600
55,2,1
z686
44,1,1
z505
38,1,1
z670
47,1,1
z676
52,2,1
z430
37,1,1
z593
41,1,1
z1241
49,1,1
/583
70,2,1
z467
57,2,1
z633
56,2,1
z465
39,1,1
z478
35,1,1
z1225
58,2,1
z477
45,1,1
z430
50,1,1
z525
34,1,1
z380
48,1,1
/535
64,2,1
z406
31,1,1
/598
60,2,1
/528
65,2,1
z853
54,2,1
/573
59,2,1
/906
69,2,1
z679
62,2,1
z5660
63,2,1
z487
46,1,1
z463
40,1,1
 1353
0,0,0
z1131
49,1,1
z600
33,1,1
z490
39,1,1
/429
57,2,1
z487
47,1,1
z1178
70,2,1
z685
34,1,1
/546
61,2,1
/548
67,2,1
z425
43,1,1
z696
32,1,1
z853
60,2,1
z484
38,1,1
/625
69,2,1
z325
52,2,1
z502
45,1,1
z557
58,2,1
z869
65,2,1
z543
46,1,1
z565
53,2,1
z420
62,2,1
z449
37,1,1
z669
44,1,1
z877
54,2,1
z1257
55,2,1
z716
51,2,1
/573
68,2,1
z355
66,2,1
z580
36,1,1
z633
50,1,1
z568
40,1,1
z672
56,2,1
z1243
59,2,1
z786
63,2,1
z471
31,1,1
z683
48,1,1
z499
35,1,1
z513
42,1,1
z532
41,1,1
/1043
64,2,1
 1262
0,0,0
/967
61,2,1
z494
48,1,1
z663
41,1,1
/607
67,2,1
/702
59,2,1
/565
66,2,1
/595
68,2,1
/1117
60,2,1
z490
46,1,1
z554
33,1,1
z702
31,1,1
/681
70,2,1
z782
44,1,1
/825
52,2,1
z2607
35,1,1
/656
49,1,1
/1427
64,2,1
/848
56,2,1
/847
58,2,1
z625
45,1,1
z753
57,2,1
/645
65,2,1
z676
40,1,1
z632
34,1,1
z869
50,1,1
z757
47,1,1
z736
36,1,1
z779
42,1,1
z690
43,1,1
z591
55,2,1
z654
39,1,1
/793
69,2,1
z713
51,2,1
z639
38,1,1
z519
32,1,1
z497
37,1,1
/693
54,2,1
/634
62,2,1
/613
53,2,1
z714
63,2,1
 10432
0,0,0
/750
58,2,1
/421
57,2,1
z439
32,1,1
z751
53,2,1
z568
31,1,1
z861
52,2,1
z590
34,1,1
z513
39,1,1
z546
44,1,1
z478
48,1,1
z457
62,2,1
z481
42,1,1
/826
46,1,1
/539
63,2,1
z648
43,1,1
/710
56,2,1
z625
41,1,1
/512
66,2,1
z533
51,2,1
/501
61,2,1
/541
59,2,1
/468
67,2,1
/489
69,2,1
z639
37,1,1
/577
38,1,1
z766
35,1,1
/508
70,2,1
z993
54,2,1
/434
65,2,1
z552
33,1,1
z691
49,1,1
/625
45,1,1
z514
47,1,1
z476
55,2,1
/680
64,2,1
z486
36,1,1
/846
60,2,1
z562
40,1,1
z669
50,1,1
/669
68,2,1
 1144
0,0,0
z1077
57,2,1
/556
69,2,1
z530
38,1,1
/698
59,2,1
z440
42,1,1
/792
62,2,1
z588
65,2,1
z567
44,1,1
z467
35,1,1
z546
31,1,1
z460
34,1,1
z688
53,2,1
z669
50,1,1
z548
39,1,1
z562
33,1,1
z564
43,1,1
z553
40,1,1
z429
37,1,1
z613
58,2,1
z504
41,1,1
/729
68,2,1
z424
32,1,1
/829
63,2,1
z740
56,2,1
z833
66,2,1
z636
49,1,1
z636
54,2,1
z493
45,1,1
z510
61,2,1
z517
55,2,1
z509
47,1,1
z786
60,2,1
z776
36,1,1
z1694
67,2,1
z528
51,2,1
z537
46,1,1
z519
52,2,1
/590
64,2,1
z502
48,1,1
z739
70,2,1
 1289
0,0,0
z2278
43,1,1
z483
39,1,1
/1084
70,2,1
/6089
61,2,1
z707
57,2,1
z572
53,2,1
z595
54,2,1
/870
67,2,1
/899
68,2,1
z455
44,1,1
z565
49,1,1
z576
45,1,1
/632
65,2,1
z714
64,2,1
z936
31,1,1
z1403
40,1,1
z500
55,2,1
z1225
58,2,1
z447
47,1,1
z704
41,1,1
z680
34,1,1
/459
69,2,1
/568
56,2,1
z531
52,2,1
/505
60,2,1
z432
51,2,1
/618
66,2,1
z928
63,2,1
z747
37,1,1
z557
35,1,1
z511
33,1,1
z586
32,1,1
z650
42,1,1
z652
46,1,1
z561
36,1,1
z568
62,2,1
z542
48,1,1
z443
38,1,1
/564
59,2,1
z466
50,1,1
 1049
0,0,0
z2759
54,2,1
z494
62,2,1
z482
53,2,1
z977
64,2,1
z2198
55,2,1
z738
33,1,1
/641
66,2,1
/755
47,1,1
z675
46,1,1
z653
34,1,1
z556
51,2,1
/1114
57,2,1
z525
39,1,1
z4496
56,2,1
z549
37,1,1
/577
60,2,1
z518
31,1,1
/1094
52,2,1
z574
68,2,1
z1208
45,1,1
z850
44,1,1
/555
58,2,1
z307
35,1,1
z406
32,1,1
z410
48,1,1
z553
70,2,1
z1029
67,2,1
z792
69,2,1
z743
61,2,1
z4851
42,1,1
z415
36,1,1
z489
43,1,1
z2804
59,2,1
z1182
40,1,1
z673
38,1,1
z936
49,1,1
z794
50,1,1
/785
63,2,1
z521
41,1,1
/1180
65,2,1
 1190
0,0,0
z5999
48,1,1
z442
32,1,1
z405
51,2,1
z425
54,2,1
z676
61,2,1
z529
35,1,1
z411
41,1,1
/666
68,2,1
z574
40,1,1
z743
47,1,1
z641
45,1,1
z753
37,1,1
z610
49,1,1
z543
55,2,1
z561
46,1,1
/755
70,2,1
/684
63,2,1
z442
33,1,1
z589
57,2,1
z530
43,1,1
/643
66,2,1
/693
64,2,1
/529
52,2,1
z412
60,2,1
z807
38,1,1
z621
44,1,1
z550
39,1,1
z617
50,1,1
z556
31,1,1
z512
42,1,1
z556
36,1,1
z699
58,2,1
/939
69,2,1
z575
34,1,1
z1267
56,2,1
/847
62,2,1
z296
53,2,1
z779
65,2,1
/746
67,2,1
z331
59,2,1
 1086
0,0,0
/1722
64,2,1
z572
40,1,1
z473
37,1,1
/614
52,2,1
z721
41,1,1
z639
31,1,1
z496
46,1,1
z318
70,2,1
/626
62,2,1
/531
59,2,1
z416
33,1,1
z541
53,2,1
/611
51,2,1
z293
43,1,1
z490
65,2,1
/441
34,1,1
z1324
55,2,1
z1008
49,1,1
z565
47,1,1
z611
48,1,1
/699
61,2,1
z536
39,1,1
/737
63,2,1
/704
69,2,1
z576
32,1,1
z919
60,2,1
z6600
44,1,1
z827
54,2,1
/673
66,2,1
z1750
50,1,1
/485
67,2,1
z357
57,2,1
z567
42,1,1
z561
68,2,1
z432
36,1,1
z702
56,2,1
z489
35,1,1
z1435
58,2,1
z486
45,1,1
z528
38,1,1
END
Start of error log
End of error log
