dt16tl51b dt16bcy139
 12809
0,0,0
/1294
63,2,1
/741
65,2,1
z514
51,2,1
z443
52,2,1
/531
67,2,1
z361
53,2,1
z515
46,1,1
/378
68,2,1
/334
66,2,1
z565
64,2,1
/446
70,2,1
z455
36,1,1
z498
48,1,1
/461
62,2,1
z371
32,1,1
z507
37,1,1
/508
55,2,1
z465
40,1,1
z445
50,1,1
/583
33,1,1
/537
60,2,1
z439
42,1,1
z445
34,1,1
z509
44,1,1
/649
59,2,1
/481
61,2,1
z442
56,2,1
/573
58,2,1
z493
35,1,1
z835
54,2,1
z452
47,1,1
z771
41,1,1
z426
43,1,1
/407
39,1,1
/469
69,2,1
z470
38,1,1
z576
49,1,1
z416
57,2,1
/770
45,1,1
z414
31,1,1
 1484
0,0,0
z877
38,1,1
/1219
56,2,1
z467
45,1,1
/413
66,2,1
/523
53,2,1
/439
69,2,1
/631
60,2,1
/528
58,2,1
/565
70,2,1
/539
63,2,1
z496
36,1,1
/450
68,2,1
z632
43,1,1
z495
35,1,1
/399
65,2,1
z831
46,1,1
z582
34,1,1
/468
67,2,1
z618
42,1,1
z607
37,1,1
/882
54,2,1
z568
51,2,1
z505
39,1,1
z446
40,1,1
/828
50,1,1
z480
48,1,1
z693
47,1,1
/1230
49,1,1
/455
57,2,1
z502
41,1,1
/528
64,2,1
/474
59,2,1
/351
62,2,1
z375
32,1,1
/364
61,2,1
/364
52,2,1
/728
55,2,1
/386
31,1,1
z505
44,1,1
z484
33,1,1
 998
0,0,0
z1839
39,1,1
/361
57,2,1
/392
67,2,1
/409
59,2,1
z390
45,1,1
/358
46,1,1
/416
63,2,1
/340
69,2,1
z477
48,1,1
z508
44,1,1
/675
66,2,1
z578
64,2,1
z502
50,1,1
z515
40,1,1
z431
38,1,1
/589
60,2,1
z876
55,2,1
z524
62,2,1
z638
35,1,1
z523
37,1,1
z455
54,2,1
z607
51,2,1
/543
47,1,1
z1337
49,1,1
/702
36,1,1
/629
56,2,1
z576
41,1,1
z645
33,1,1
/552
70,2,1
z647
52,2,1
z1166
43,1,1
/666
65,2,1
z437
42,1,1
/588
68,2,1
z581
53,2,1
/614
58,2,1
z434
32,1,1
z483
34,1,1
/489
61,2,1
z434
31,1,1
 961
0,0,0
z534
51,2,1
z468
61,2,1
z790
46,1,1
/735
53,2,1
z429
44,1,1
/351
70,2,1
/398
66,2,1
z348
32,1,1
z361
33,1,1
z352
41,1,1
/384
52,2,1
z438
38,1,1
z506
34,1,1
z464
39,1,1
/439
50,1,1
/367
58,2,1
/353
63,2,1
/569
54,2,1
/585
45,1,1
/454
48,1,1
/658
62,2,1
/608
59,2,1
/336
68,2,1
/784
57,2,1
/658
55,2,1
z573
60,2,1
z445
49,1,1
z576
36,1,1
z386
40,1,1
z769
43,1,1
/432
69,2,1
/492
64,2,1
/359
56,2,1
z377
31,1,1
/490
65,2,1
z584
37,1,1
z703
42,1,1
z708
47,1,1
/567
67,2,1
z380
35,1,1
 854
0,0,0
z1109
40,1,1
/477
61,2,1
/988
56,2,1
/940
55,2,1
/457
68,2,1
z457
37,1,1
z1010
46,1,1
z374
45,1,1
z448
36,1,1
z447
35,1,1
z548
34,1,1
/390
65,2,1
z667
49,1,1
/531
66,2,1
z861
58,2,1
/580
67,2,1
z489
42,1,1
z459
62,2,1
z697
57,2,1
z867
69,2,1
z1267
41,1,1
z375
52,2,1
z327
31,1,1
/407
59,2,1
z360
38,1,1
z506
48,1,1
/543
60,2,1
z431
39,1,1
/512
63,2,1
z788
32,1,1
/491
50,1,1
z962
43,1,1
z947
53,2,1
/354
64,2,1
/481
54,2,1
z489
44,1,1
z383
33,1,1
/500
47,1,1
z721
51,2,1
/536
70,2,1
 861
0,0,0
z1052
52,2,1
/425
70,2,1
z324
38,1,1
/465
37,1,1
z700
43,1,1
/404
63,2,1
/550
62,2,1
z430
58,2,1
z859
47,1,1
z566
40,1,1
z2239
41,1,1
/619
60,2,1
/517
53,2,1
/473
65,2,1
/704
57,2,1
z685
48,1,1
z393
34,1,1
z770
33,1,1
z801
32,1,1
z766
61,2,1
/600
69,2,1
z475
44,1,1
/419
56,2,1
/392
68,2,1
/386
67,2,1
z398
36,1,1
z521
54,2,1
z596
39,1,1
z479
42,1,1
z565
35,1,1
z312
45,1,1
/406
66,2,1
/352
59,2,1
/415
50,1,1
/365
49,1,1
/429
51,2,1
z418
64,2,1
/666
55,2,1
z571
31,1,1
z376
46,1,1
 784
0,0,0
/753
70,2,1
z475
55,2,1
/559
58,2,1
z485
38,1,1
z732
48,1,1
z362
32,1,1
z436
41,1,1
z418
35,1,1
z457
37,1,1
/471
64,2,1
/390
68,2,1
/347
62,2,1
/457
59,2,1
z544
31,1,1
/462
69,2,1
/485
66,2,1
z691
56,2,1
/603
65,2,1
/444
57,2,1
z642
54,2,1
z411
50,1,1
/634
49,1,1
z378
47,1,1
z419
53,2,1
/603
63,2,1
z355
34,1,1
/584
67,2,1
z386
39,1,1
z512
46,1,1
z414
43,1,1
z494
51,2,1
z733
42,1,1
z851
52,2,1
z348
40,1,1
/309
61,2,1
z416
44,1,1
z406
45,1,1
z346
33,1,1
z308
36,1,1
/581
60,2,1
 847
0,0,0
/767
54,2,1
z568
55,2,1
z1001
44,1,1
/366
64,2,1
z484
35,1,1
/438
51,2,1
/983
69,2,1
/365
60,2,1
z398
32,1,1
z687
56,2,1
/400
59,2,1
z346
41,1,1
/355
65,2,1
/461
57,2,1
/479
58,2,1
z533
63,2,1
z915
42,1,1
/363
61,2,1
z387
34,1,1
z330
50,1,1
/419
67,2,1
z409
47,1,1
z498
33,1,1
/330
66,2,1
z281
40,1,1
z312
52,2,1
z493
53,2,1
z439
45,1,1
z367
46,1,1
/386
62,2,1
z473
31,1,1
z508
36,1,1
z361
37,1,1
z519
39,1,1
z406
43,1,1
z479
49,1,1
/370
70,2,1
z354
48,1,1
/426
68,2,1
z309
38,1,1
 892
0,0,0
z566
53,2,1
/861
42,1,1
/691
48,1,1
z409
44,1,1
z615
46,1,1
/381
54,2,1
z310
45,1,1
z387
33,1,1
/381
55,2,1
/410
70,2,1
/296
59,2,1
z441
43,1,1
z689
31,1,1
z460
37,1,1
z757
52,2,1
z717
61,2,1
z483
69,2,1
z934
36,1,1
/829
56,2,1
/421
64,2,1
/341
65,2,1
/303
62,2,1
/359
51,2,1
z349
47,1,1
z375
41,1,1
z382
38,1,1
/468
49,1,1
/470
60,2,1
z414
32,1,1
z436
39,1,1
z441
34,1,1
z590
50,1,1
z448
57,2,1
z327
58,2,1
/470
63,2,1
z503
35,1,1
/662
66,2,1
z1513
68,2,1
z589
40,1,1
/429
67,2,1
 833
0,0,0
/760
66,2,1
z333
38,1,1
z352
33,1,1
z313
42,1,1
z323
54,2,1
z345
44,1,1
/407
49,1,1
z400
53,2,1
/477
52,2,1
z435
39,1,1
z356
35,1,1
/372
62,2,1
/375
63,2,1
z368
43,1,1
z390
40,1,1
/437
60,2,1
z427
37,1,1
/443
65,2,1
/468
69,2,1
z418
45,1,1
/450
50,1,1
/447
64,2,1
/415
67,2,1
z407
48,1,1
/544
61,2,1
z496
58,2,1
/485
57,2,1
/410
68,2,1
/364
70,2,1
z425
36,1,1
/477
51,2,1
z340
46,1,1
z503
56,2,1
z453
47,1,1
z702
41,1,1
/633
59,2,1
/418
55,2,1
z647
32,1,1
z394
34,1,1
z419
31,1,1
 868
0,0,0
/783
60,2,1
/639
57,2,1
/458
54,2,1
/580
59,2,1
z509
33,1,1
/597
58,2,1
z522
43,1,1
z551
46,1,1
z447
47,1,1
/434
55,2,1
z418
37,1,1
z374
50,1,1
z454
32,1,1
/458
65,2,1
z368
40,1,1
/586
68,2,1
z384
56,2,1
z567
51,2,1
/559
70,2,1
z445
48,1,1
z598
34,1,1
z451
31,1,1
/523
69,2,1
/577
63,2,1
z399
42,1,1
/461
62,2,1
z414
41,1,1
/429
64,2,1
z410
35,1,1
/340
61,2,1
z809
39,1,1
z528
38,1,1
z401
49,1,1
/351
53,2,1
z374
45,1,1
/369
66,2,1
z312
52,2,1
/379
44,1,1
z347
67,2,1
z1083
36,1,1
 934
0,0,0
/841
70,2,1
z344
31,1,1
z423
43,1,1
z406
39,1,1
/351
49,1,1
/362
63,2,1
/329
65,2,1
z342
50,1,1
z384
59,2,1
z807
53,2,1
/541
34,1,1
z900
48,1,1
z485
38,1,1
z524
42,1,1
z364
51,2,1
z438
37,1,1
/458
60,2,1
z428
46,1,1
/780
58,2,1
/2232
64,2,1
z385
45,1,1
/443
69,2,1
/377
61,2,1
z326
41,1,1
z664
52,2,1
/517
68,2,1
/291
55,2,1
/604
62,2,1
z416
33,1,1
/486
67,2,1
/511
66,2,1
z436
32,1,1
/363
56,2,1
/508
57,2,1
z518
35,1,1
/586
47,1,1
z493
36,1,1
z362
44,1,1
z312
54,2,1
z320
40,1,1
 879
0,0,0
/620
65,2,1
/358
44,1,1
/1050
37,1,1
/484
58,2,1
z245
69,2,1
z2910
31,1,1
/1220
55,2,1
/463
49,1,1
/523
66,2,1
z395
34,1,1
/450
68,2,1
/505
52,2,1
/395
54,2,1
z603
51,2,1
/419
46,1,1
/735
62,2,1
z690
60,2,1
z519
41,1,1
z377
45,1,1
z313
39,1,1
z365
56,2,1
/431
57,2,1
z443
63,2,1
/374
70,2,1
/331
67,2,1
z387
61,2,1
z614
42,1,1
z557
47,1,1
/719
59,2,1
z540
36,1,1
z357
40,1,1
z446
32,1,1
z354
43,1,1
z343
35,1,1
z298
64,2,1
z433
33,1,1
z373
38,1,1
/458
50,1,1
/370
48,1,1
/410
53,2,1
 1673
0,0,0
z740
45,1,1
/373
67,2,1
/345
70,2,1
z355
39,1,1
/328
63,2,1
/354
66,2,1
/358
52,2,1
z366
43,1,1
/341
38,1,1
z283
46,1,1
z307
48,1,1
z306
49,1,1
/364
68,2,1
z438
57,2,1
z557
42,1,1
/334
58,2,1
z326
32,1,1
/244
33,1,1
/849
61,2,1
z504
55,2,1
z552
34,1,1
z319
53,2,1
z342
56,2,1
z310
50,1,1
z289
62,2,1
z355
44,1,1
z350
51,2,1
z485
47,1,1
z585
40,1,1
/408
65,2,1
/439
60,2,1
z309
64,2,1
z634
37,1,1
z484
31,1,1
z411
35,1,1
/531
59,2,1
z730
36,1,1
z653
54,2,1
z467
41,1,1
/518
69,2,1
 979
0,0,0
/522
69,2,1
/391
60,2,1
/351
54,2,1
z331
36,1,1
z400
39,1,1
/414
61,2,1
/473
58,2,1
z374
65,2,1
z453
53,2,1
z557
33,1,1
z410
34,1,1
z664
38,1,1
z610
47,1,1
z433
37,1,1
/479
41,1,1
/447
59,2,1
z340
32,1,1
/440
40,1,1
/1046
49,1,1
/454
67,2,1
z437
50,1,1
/795
55,2,1
z437
43,1,1
/699
64,2,1
z631
44,1,1
/601
51,2,1
/308
42,1,1
/414
52,2,1
/461
63,2,1
z670
45,1,1
/639
56,2,1
/635
57,2,1
/641
62,2,1
z441
46,1,1
/461
70,2,1
z282
66,2,1
/532
68,2,1
z389
35,1,1
z395
31,1,1
/481
48,1,1
 4609
0,0,0
z463
46,1,1
z329
33,1,1
/410
59,2,1
/372
69,2,1
z379
45,1,1
/388
50,1,1
z478
41,1,1
/779
52,2,1
z586
43,1,1
z375
58,2,1
z414
35,1,1
/456
66,2,1
z366
32,1,1
z368
37,1,1
/366
68,2,1
/377
63,2,1
z521
53,2,1
z612
39,1,1
/387
54,2,1
/338
38,1,1
/518
60,2,1
/400
64,2,1
z779
51,2,1
z573
42,1,1
/505
61,2,1
z424
34,1,1
/366
44,1,1
/539
62,2,1
/512
65,2,1
z535
48,1,1
z645
31,1,1
/481
67,2,1
/510
55,2,1
z403
57,2,1
z371
40,1,1
z376
47,1,1
z598
56,2,1
z465
49,1,1
z348
36,1,1
/420
70,2,1
 900
0,0,0
z516
51,2,1
/1291
53,2,1
z494
50,1,1
z483
41,1,1
/435
61,2,1
z540
40,1,1
z629
35,1,1
z504
38,1,1
/456
57,2,1
/462
56,2,1
/430
69,2,1
/534
60,2,1
/399
46,1,1
z435
42,1,1
/465
68,2,1
z341
36,1,1
/381
63,2,1
/363
44,1,1
/492
58,2,1
/565
62,2,1
z448
34,1,1
/463
52,2,1
z393
39,1,1
z295
59,2,1
/439
67,2,1
z452
33,1,1
z307
32,1,1
/307
65,2,1
z386
43,1,1
z347
54,2,1
z380
55,2,1
z321
31,1,1
z349
47,1,1
z317
48,1,1
/390
49,1,1
/440
64,2,1
/348
66,2,1
/352
70,2,1
z370
45,1,1
z448
37,1,1
 2331
0,0,0
z570
44,1,1
/356
70,2,1
z306
31,1,1
z406
48,1,1
/364
68,2,1
z302
42,1,1
z443
56,2,1
z423
36,1,1
/320
57,2,1
/348
60,2,1
z408
45,1,1
/326
67,2,1
z392
49,1,1
/440
65,2,1
/321
46,1,1
/442
51,2,1
/386
58,2,1
/421
69,2,1
z356
43,1,1
/422
32,1,1
/396
61,2,1
z404
38,1,1
z401
47,1,1
/597
64,2,1
z471
33,1,1
/526
50,1,1
z526
59,2,1
/420
62,2,1
z375
35,1,1
/378
55,2,1
z433
40,1,1
/484
52,2,1
z358
34,1,1
z528
37,1,1
/441
54,2,1
z470
41,1,1
/479
63,2,1
/473
66,2,1
/406
53,2,1
z512
39,1,1
 954
0,0,0
/784
70,2,1
z276
41,1,1
/1910
31,1,1
/662
65,2,1
/377
63,2,1
z332
34,1,1
z322
52,2,1
z414
51,2,1
z419
47,1,1
z445
35,1,1
/417
60,2,1
/431
57,2,1
z579
56,2,1
z413
45,1,1
/473
59,2,1
z433
48,1,1
z572
42,1,1
/329
58,2,1
z334
44,1,1
/430
61,2,1
z398
46,1,1
z902
33,1,1
/495
53,2,1
z560
38,1,1
z316
43,1,1
/296
55,2,1
/290
49,1,1
/370
67,2,1
/363
50,1,1
z374
62,2,1
/407
66,2,1
z568
40,1,1
/448
68,2,1
z633
37,1,1
/469
69,2,1
/426
64,2,1
z420
39,1,1
z334
32,1,1
/413
36,1,1
/488
54,2,1
 1108
0,0,0
z1277
34,1,1
/898
37,1,1
/521
36,1,1
/363
60,2,1
/357
55,2,1
/358
62,2,1
/346
57,2,1
/348
65,2,1
z366
41,1,1
/436
46,1,1
z520
31,1,1
/337
63,2,1
/483
53,2,1
z260
45,1,1
/825
64,2,1
z416
39,1,1
/654
59,2,1
z471
54,2,1
z394
42,1,1
z354
69,2,1
z415
52,2,1
z519
35,1,1
/309
58,2,1
/421
70,2,1
z329
44,1,1
/687
33,1,1
z377
47,1,1
/453
67,2,1
z490
38,1,1
z1087
49,1,1
/609
66,2,1
z415
32,1,1
z686
50,1,1
/322
56,2,1
z257
51,2,1
z324
68,2,1
/559
61,2,1
z588
40,1,1
z497
43,1,1
z565
48,1,1
 778
0,0,0
/526
66,2,1
/468
55,2,1
z537
31,1,1
z337
53,2,1
z481
42,1,1
/388
52,2,1
/340
67,2,1
/426
48,1,1
z370
45,1,1
z341
62,2,1
/650
64,2,1
z438
35,1,1
/733
47,1,1
z284
63,2,1
z361
58,2,1
/514
56,2,1
z679
44,1,1
/513
65,2,1
z344
38,1,1
z421
46,1,1
z510
50,1,1
z477
54,2,1
/436
61,2,1
/377
68,2,1
z325
57,2,1
z541
32,1,1
z444
34,1,1
z411
33,1,1
z394
39,1,1
/1347
49,1,1
z370
37,1,1
/521
70,2,1
z423
41,1,1
z377
51,2,1
/1180
59,2,1
z982
36,1,1
/431
69,2,1
z380
40,1,1
z545
43,1,1
z302
60,2,1
 978
0,0,0
z793
45,1,1
/377
59,2,1
z344
57,2,1
/510
69,2,1
/328
58,2,1
/389
61,2,1
/373
63,2,1
/351
53,2,1
z427
41,1,1
z304
43,1,1
z407
46,1,1
z355
42,1,1
z278
54,2,1
/633
37,1,1
/434
52,2,1
/414
66,2,1
z567
39,1,1
z390
48,1,1
z457
50,1,1
/358
34,1,1
/415
56,2,1
/314
60,2,1
z352
40,1,1
z429
65,2,1
/366
70,2,1
z1522
36,1,1
/654
32,1,1
/588
51,2,1
/311
68,2,1
z447
47,1,1
z777
44,1,1
z495
35,1,1
z343
31,1,1
/494
62,2,1
z351
55,2,1
z575
33,1,1
/534
67,2,1
z503
49,1,1
z686
38,1,1
/508
64,2,1
 9114
0,0,0
z654
52,2,1
/483
69,2,1
z848
49,1,1
z497
35,1,1
z276
36,1,1
z382
64,2,1
z479
37,1,1
z388
38,1,1
z447
39,1,1
z521
34,1,1
/306
67,2,1
z315
54,2,1
z512
41,1,1
/313
55,2,1
z420
31,1,1
/564
53,2,1
/442
45,1,1
/421
62,2,1
/310
56,2,1
/369
68,2,1
/302
46,1,1
/538
66,2,1
/310
63,2,1
/384
59,2,1
/310
65,2,1
/278
60,2,1
/484
58,2,1
z469
57,2,1
z579
32,1,1
/355
70,2,1
z353
33,1,1
z726
47,1,1
z473
44,1,1
z437
43,1,1
/400
51,2,1
/397
40,1,1
/430
50,1,1
z536
42,1,1
z346
48,1,1
/473
61,2,1
 1033
0,0,0
/850
52,2,1
/354
58,2,1
z402
41,1,1
/335
57,2,1
/358
44,1,1
z353
53,2,1
z486
36,1,1
z484
47,1,1
/427
54,2,1
z530
40,1,1
/506
55,2,1
z354
60,2,1
/436
63,2,1
/433
65,2,1
/478
38,1,1
z396
33,1,1
/645
51,2,1
z425
34,1,1
/531
59,2,1
/499
67,2,1
z569
48,1,1
z803
31,1,1
/564
70,2,1
/421
62,2,1
/368
64,2,1
z520
32,1,1
z1168
43,1,1
z375
69,2,1
/581
56,2,1
/329
39,1,1
/356
66,2,1
/279
68,2,1
/279
42,1,1
z525
61,2,1
/607
45,1,1
/528
37,1,1
z500
46,1,1
/673
50,1,1
z413
35,1,1
z325
49,1,1
 1088
0,0,0
/842
59,2,1
z391
37,1,1
z487
44,1,1
/381
63,2,1
z501
43,1,1
z420
42,1,1
/411
62,2,1
z389
39,1,1
/471
66,2,1
/395
69,2,1
z360
34,1,1
z342
45,1,1
z409
49,1,1
/392
64,2,1
z345
57,2,1
z490
31,1,1
z389
46,1,1
/384
61,2,1
z370
41,1,1
/410
70,2,1
/364
65,2,1
/364
56,2,1
/399
68,2,1
z707
47,1,1
z370
55,2,1
z421
50,1,1
z309
48,1,1
z342
52,2,1
/405
67,2,1
z349
35,1,1
z412
38,1,1
z326
33,1,1
/412
58,2,1
z254
36,1,1
z346
51,2,1
z420
53,2,1
/495
60,2,1
z419
40,1,1
z424
54,2,1
z337
32,1,1
 4848
0,0,0
z745
41,1,1
/368
54,2,1
/497
52,2,1
z530
56,2,1
z565
50,1,1
z755
40,1,1
/372
65,2,1
z373
46,1,1
z590
51,2,1
/375
68,2,1
z376
38,1,1
z406
53,2,1
z340
32,1,1
/418
62,2,1
z341
47,1,1
z528
43,1,1
z319
34,1,1
/432
66,2,1
z523
35,1,1
z276
49,1,1
/469
60,2,1
z431
31,1,1
z365
33,1,1
z1706
55,2,1
z443
39,1,1
/381
70,2,1
z299
58,2,1
z1022
63,2,1
z863
36,1,1
/740
64,2,1
z1778
48,1,1
/550
61,2,1
z721
44,1,1
z1461
45,1,1
/463
57,2,1
/694
59,2,1
z445
42,1,1
/575
69,2,1
z724
37,1,1
/542
67,2,1
 1100
0,0,0
z966
36,1,1
z1325
31,1,1
z738
47,1,1
/635
56,2,1
z512
43,1,1
z389
49,1,1
z473
35,1,1
/399
54,2,1
/815
52,2,1
z446
38,1,1
/832
61,2,1
z942
55,2,1
z346
66,2,1
/318
65,2,1
/333
39,1,1
z544
51,2,1
z461
45,1,1
z307
40,1,1
z322
33,1,1
z307
32,1,1
z335
42,1,1
z365
63,2,1
/391
58,2,1
/515
59,2,1
/470
67,2,1
z473
53,2,1
/364
68,2,1
z321
46,1,1
z310
37,1,1
z351
34,1,1
/443
60,2,1
z275
69,2,1
/260
70,2,1
/310
50,1,1
/808
57,2,1
/355
44,1,1
z411
62,2,1
z619
41,1,1
/472
64,2,1
z741
48,1,1
 979
0,0,0
z1134
41,1,1
/519
38,1,1
/417
67,2,1
/313
70,2,1
z468
53,2,1
z468
52,2,1
/441
55,2,1
/406
57,2,1
z760
56,2,1
z372
47,1,1
z383
49,1,1
/440
64,2,1
z276
51,2,1
z470
68,2,1
z909
46,1,1
z426
37,1,1
z351
32,1,1
z424
44,1,1
z436
34,1,1
/810
61,2,1
/886
65,2,1
/891
69,2,1
z741
54,2,1
z570
31,1,1
z1096
40,1,1
z685
36,1,1
z543
33,1,1
/542
58,2,1
z335
48,1,1
z445
39,1,1
/386
62,2,1
z315
45,1,1
/434
63,2,1
z266
50,1,1
z569
59,2,1
/552
66,2,1
z490
42,1,1
z482
43,1,1
/509
60,2,1
z282
35,1,1
 1013
0,0,0
/745
57,2,1
/487
65,2,1
/343
69,2,1
z366
37,1,1
/335
64,2,1
/446
41,1,1
/511
51,2,1
/583
62,2,1
/388
67,2,1
z447
70,2,1
z683
39,1,1
/493
52,2,1
z453
54,2,1
z442
66,2,1
z411
35,1,1
z318
55,2,1
/491
68,2,1
z437
47,1,1
/428
59,2,1
z418
43,1,1
z400
42,1,1
z437
50,1,1
z484
32,1,1
z456
33,1,1
z397
31,1,1
z307
40,1,1
z339
61,2,1
z411
36,1,1
z314
63,2,1
/407
60,2,1
z405
53,2,1
z339
34,1,1
z427
49,1,1
/535
56,2,1
z488
45,1,1
z332
38,1,1
z809
44,1,1
z319
48,1,1
/781
58,2,1
z331
46,1,1
 984
0,0,0
z738
42,1,1
z498
56,2,1
/395
69,2,1
z325
33,1,1
z398
39,1,1
z548
31,1,1
z363
36,1,1
/537
61,2,1
/348
62,2,1
z441
38,1,1
/437
47,1,1
/429
52,2,1
z641
54,2,1
z467
48,1,1
/409
55,2,1
/492
59,2,1
/316
70,2,1
/335
58,2,1
/362
63,2,1
z377
43,1,1
/436
51,2,1
z348
41,1,1
z332
37,1,1
z375
34,1,1
z353
45,1,1
z418
35,1,1
z356
49,1,1
/476
67,2,1
z308
64,2,1
z521
60,2,1
z315
44,1,1
z313
57,2,1
z317
40,1,1
z321
53,2,1
z378
46,1,1
/497
65,2,1
z391
32,1,1
/472
66,2,1
/578
68,2,1
z300
50,1,1
END
Start of error log
End of error log
