/home/cogsys/aging/training/dt16/../../../aging/am/am01/../../../aging/training/dt16/../../dtpbsy/dt16tl32b /home/cogsys/aging/training/dt16/../../../aging/am/am01/../../../aging/training/dt16/../../dtpbsy/dt16bcy105
/24990
0,0,0
/636
58,2,1
/556
69,2,1
z450
38,1,1
/711
60,2,1
z535
39,1,1
/901
59,2,1
z481
40,1,1
/698
65,2,1
z526
32,1,1
z846
52,2,1
z496
49,1,1
/564
63,2,1
/513
70,2,1
z768
37,1,1
z1217
64,2,1
z969
43,1,1
z440
46,1,1
/489
67,2,1
z785
31,1,1
z1233
54,2,1
z469
35,1,1
/546
55,2,1
z1238
53,2,1
z884
36,1,1
/485
68,2,1
z543
50,1,1
z526
33,1,1
/731
56,2,1
z1090
42,1,1
/602
62,2,1
z446
47,1,1
z486
48,1,1
z748
57,2,1
z480
41,1,1
z620
44,1,1
/586
66,2,1
/678
61,2,1
z3354
45,1,1
z459
34,1,1
z638
51,2,1
/7121
0,0,0
z715
33,1,1
z529
55,2,1
z650
51,2,1
z692
65,2,1
z587
57,2,1
z635
39,1,1
/581
61,2,1
/530
67,2,1
/611
58,2,1
/561
60,2,1
z1055
56,2,1
z501
52,2,1
z606
45,1,1
z614
37,1,1
/537
69,2,1
z424
35,1,1
/824
32,1,1
z717
40,1,1
z434
41,1,1
z470
36,1,1
z664
54,2,1
/390
68,2,1
/565
70,2,1
z875
48,1,1
z431
43,1,1
/467
64,2,1
z633
31,1,1
/432
63,2,1
z750
59,2,1
z552
50,1,1
z495
53,2,1
z441
38,1,1
z459
34,1,1
/486
66,2,1
z461
44,1,1
/499
62,2,1
z829
47,1,1
z912
49,1,1
z403
46,1,1
z458
42,1,1
/1404
0,0,0
/1131
61,2,1
/560
49,1,1
z551
44,1,1
/498
63,2,1
z591
40,1,1
z570
51,2,1
z454
31,1,1
z499
48,1,1
z496
36,1,1
z415
34,1,1
z460
35,1,1
z482
38,1,1
/440
65,2,1
z555
45,1,1
z470
54,2,1
z405
39,1,1
/412
70,2,1
z464
46,1,1
/471
64,2,1
/421
62,2,1
z520
33,1,1
z768
50,1,1
/387
67,2,1
/590
60,2,1
z830
43,1,1
/713
69,2,1
/643
56,2,1
z484
32,1,1
z628
41,1,1
z682
47,1,1
/516
52,2,1
z602
42,1,1
/394
66,2,1
/464
58,2,1
/548
59,2,1
/716
57,2,1
/524
68,2,1
/785
55,2,1
z1060
53,2,1
z706
37,1,1
/4090
0,0,0
z708
41,1,1
z482
54,2,1
z528
43,1,1
z432
60,2,1
z547
42,1,1
/628
64,2,1
z454
34,1,1
z461
47,1,1
/544
69,2,1
z904
49,1,1
z428
32,1,1
z454
48,1,1
z571
52,2,1
z679
57,2,1
z505
45,1,1
z1470
61,2,1
/1069
59,2,1
z656
35,1,1
/498
70,2,1
z724
33,1,1
z579
46,1,1
z681
56,2,1
z379
40,1,1
z383
36,1,1
z414
38,1,1
/472
66,2,1
/407
58,2,1
/409
63,2,1
/458
62,2,1
/538
65,2,1
/1241
53,2,1
z565
50,1,1
z709
51,2,1
z691
39,1,1
z441
31,1,1
z402
37,1,1
z3447
55,2,1
/528
67,2,1
/417
68,2,1
z513
44,1,1
/8371
0,0,0
/511
57,2,1
/598
58,2,1
/478
66,2,1
/651
55,2,1
z487
43,1,1
z370
32,1,1
z328
46,1,1
/456
64,2,1
/512
63,2,1
z428
52,2,1
z386
44,1,1
z391
48,1,1
z451
51,2,1
z385
53,2,1
z704
61,2,1
z383
54,2,1
/601
68,2,1
z395
35,1,1
z725
40,1,1
z449
47,1,1
z358
33,1,1
z382
37,1,1
z501
49,1,1
/418
59,2,1
/441
45,1,1
z421
70,2,1
z742
36,1,1
/739
56,2,1
z385
41,1,1
/463
62,2,1
z372
50,1,1
z493
69,2,1
z493
65,2,1
/838
67,2,1
z638
60,2,1
z533
31,1,1
z442
34,1,1
z462
39,1,1
z701
42,1,1
z481
38,1,1
/702
0,0,0
/487
62,2,1
z488
35,1,1
z424
40,1,1
z342
34,1,1
z391
41,1,1
z409
47,1,1
/410
58,2,1
/367
60,2,1
/360
69,2,1
/397
66,2,1
/656
46,1,1
z372
52,2,1
/447
70,2,1
/789
65,2,1
/368
67,2,1
/588
56,2,1
z1264
49,1,1
z551
38,1,1
/588
68,2,1
z891
55,2,1
z755
32,1,1
z627
50,1,1
z833
33,1,1
/471
59,2,1
z480
44,1,1
z553
42,1,1
z586
31,1,1
z485
39,1,1
z417
48,1,1
z490
63,2,1
z436
43,1,1
z415
45,1,1
z486
53,2,1
/1091
57,2,1
/932
51,2,1
z1073
54,2,1
/352
64,2,1
z575
36,1,1
z338
37,1,1
/641
61,2,1
/3808
0,0,0
/525
70,2,1
z484
38,1,1
/468
69,2,1
/519
67,2,1
z619
47,1,1
/419
61,2,1
/480
65,2,1
z443
51,2,1
z409
39,1,1
z395
46,1,1
z358
40,1,1
z426
35,1,1
z416
52,2,1
z469
50,1,1
/436
66,2,1
z425
43,1,1
/375
53,2,1
/434
63,2,1
/486
58,2,1
/520
60,2,1
z826
57,2,1
z482
49,1,1
z393
41,1,1
z458
34,1,1
/614
64,2,1
z577
33,1,1
/598
59,2,1
/722
62,2,1
z1055
45,1,1
z531
44,1,1
z473
36,1,1
z461
48,1,1
z446
32,1,1
/519
68,2,1
z911
55,2,1
z436
42,1,1
z463
31,1,1
z857
37,1,1
z668
56,2,1
/463
54,2,1
/1614
0,0,0
z1211
50,1,1
z349
49,1,1
/454
64,2,1
/398
60,2,1
z386
43,1,1
z315
32,1,1
/538
62,2,1
z456
38,1,1
/454
53,2,1
z691
33,1,1
/593
69,2,1
z957
48,1,1
/556
68,2,1
z412
35,1,1
z427
58,2,1
z454
39,1,1
/482
70,2,1
z456
47,1,1
z406
41,1,1
z471
36,1,1
z434
31,1,1
z478
34,1,1
/454
56,2,1
/489
65,2,1
z441
44,1,1
z552
42,1,1
/488
66,2,1
/500
67,2,1
z800
59,2,1
z577
61,2,1
z444
52,2,1
z384
37,1,1
z400
40,1,1
z449
55,2,1
z416
57,2,1
z373
46,1,1
z354
51,2,1
z688
54,2,1
z396
63,2,1
z426
45,1,1
/686
0,0,0
z510
35,1,1
z436
45,1,1
z375
34,1,1
z422
47,1,1
z412
46,1,1
z460
52,2,1
z488
53,2,1
z459
48,1,1
z452
41,1,1
z423
37,1,1
z688
51,2,1
z377
36,1,1
/912
59,2,1
/369
68,2,1
/367
70,2,1
/471
67,2,1
/453
44,1,1
z388
58,2,1
z824
54,2,1
z580
38,1,1
z438
57,2,1
z461
55,2,1
z454
50,1,1
z417
43,1,1
z479
31,1,1
z475
66,2,1
z502
60,2,1
z525
62,2,1
z563
32,1,1
/692
64,2,1
/497
61,2,1
z480
39,1,1
/550
69,2,1
z458
63,2,1
z499
56,2,1
z570
33,1,1
z466
40,1,1
z513
49,1,1
/665
65,2,1
z473
42,1,1
/2963
0,0,0
/398
60,2,1
z434
33,1,1
/415
67,2,1
z493
39,1,1
/381
59,2,1
/357
63,2,1
/362
44,1,1
z525
37,1,1
z311
69,2,1
z380
41,1,1
z378
48,1,1
z386
36,1,1
z368
61,2,1
/520
55,2,1
z592
56,2,1
z316
42,1,1
z413
53,2,1
z418
58,2,1
z402
32,1,1
z425
46,1,1
z443
54,2,1
z452
35,1,1
z388
49,1,1
z389
43,1,1
z416
62,2,1
z426
40,1,1
z496
47,1,1
z437
50,1,1
/600
70,2,1
z429
31,1,1
/722
65,2,1
z539
38,1,1
z717
45,1,1
z475
64,2,1
/715
52,2,1
z583
34,1,1
/524
57,2,1
/590
68,2,1
/428
66,2,1
z489
51,2,1
/533
0,0,0
z540
39,1,1
z466
50,1,1
z500
41,1,1
z477
53,2,1
/562
58,2,1
/423
62,2,1
/520
56,2,1
z490
46,1,1
/659
35,1,1
z437
52,2,1
z387
54,2,1
z456
57,2,1
z569
55,2,1
z486
34,1,1
z492
49,1,1
z851
59,2,1
/488
67,2,1
/1255
69,2,1
z593
42,1,1
z901
51,2,1
z784
32,1,1
z1162
61,2,1
/834
63,2,1
/427
70,2,1
/461
47,1,1
/578
65,2,1
z640
43,1,1
z1729
60,2,1
/707
66,2,1
/384
68,2,1
z584
33,1,1
z431
37,1,1
z414
36,1,1
z477
31,1,1
z503
48,1,1
z424
40,1,1
z606
38,1,1
z973
44,1,1
/613
64,2,1
z750
45,1,1
/10010
0,0,0
z736
44,1,1
z409
57,2,1
z427
47,1,1
/640
69,2,1
z585
51,2,1
z495
36,1,1
z513
50,1,1
z458
52,2,1
z575
66,2,1
z531
67,2,1
z707
63,2,1
z444
42,1,1
z494
58,2,1
z668
55,2,1
/630
68,2,1
/399
64,2,1
z454
37,1,1
z448
32,1,1
z412
38,1,1
z514
62,2,1
z400
33,1,1
z432
46,1,1
z405
35,1,1
/688
61,2,1
z601
40,1,1
z507
43,1,1
/398
70,2,1
/473
53,2,1
z596
45,1,1
/410
54,2,1
/608
59,2,1
/491
49,1,1
/474
56,2,1
/711
60,2,1
z460
31,1,1
/625
65,2,1
z590
41,1,1
z470
34,1,1
z500
48,1,1
z465
39,1,1
/25978
0,0,0
/434
64,2,1
/342
68,2,1
z432
41,1,1
z519
58,2,1
z367
37,1,1
/487
67,2,1
z339
48,1,1
z371
47,1,1
z365
33,1,1
z361
34,1,1
z344
36,1,1
z309
40,1,1
z338
66,2,1
z400
38,1,1
z417
43,1,1
z326
35,1,1
z350
51,2,1
z367
62,2,1
z380
31,1,1
/642
56,2,1
z756
49,1,1
/473
59,2,1
/391
54,2,1
z407
50,1,1
/544
55,2,1
/428
65,2,1
/460
52,2,1
z399
39,1,1
z392
45,1,1
/466
70,2,1
z472
57,2,1
z693
53,2,1
z761
60,2,1
/612
61,2,1
z412
44,1,1
/480
69,2,1
z639
42,1,1
z575
46,1,1
z498
32,1,1
/741
63,2,1
/711
0,0,0
/459
70,2,1
z466
32,1,1
z538
52,2,1
z445
33,1,1
z562
35,1,1
z477
44,1,1
/795
69,2,1
/610
58,2,1
z435
39,1,1
z561
48,1,1
/520
62,2,1
z786
46,1,1
/717
66,2,1
z903
53,2,1
/708
68,2,1
/964
63,2,1
z662
36,1,1
z589
41,1,1
z702
40,1,1
z663
31,1,1
z891
51,2,1
z854
55,2,1
/746
60,2,1
/516
65,2,1
/754
64,2,1
z853
61,2,1
z821
45,1,1
z1795
34,1,1
z669
57,2,1
z601
43,1,1
/631
67,2,1
z629
54,2,1
z637
56,2,1
z681
38,1,1
z840
59,2,1
z545
42,1,1
z514
49,1,1
z431
50,1,1
z379
47,1,1
z362
37,1,1
/630
0,0,0
/428
66,2,1
z752
50,1,1
z586
52,2,1
/545
67,2,1
/479
65,2,1
z513
36,1,1
/485
69,2,1
z565
60,2,1
z505
38,1,1
z548
32,1,1
z744
57,2,1
z695
64,2,1
z1291
47,1,1
z482
43,1,1
z504
33,1,1
z1685
56,2,1
z522
49,1,1
/637
68,2,1
z447
34,1,1
z446
55,2,1
/663
70,2,1
z550
53,2,1
/608
48,1,1
z555
37,1,1
z983
45,1,1
z557
62,2,1
z674
54,2,1
z818
44,1,1
z1241
59,2,1
z535
46,1,1
z508
58,2,1
/466
61,2,1
z507
40,1,1
z457
41,1,1
z666
51,2,1
z597
42,1,1
z781
35,1,1
z482
31,1,1
z668
39,1,1
/628
63,2,1
/26694
0,0,0
z551
33,1,1
z587
47,1,1
z395
32,1,1
z365
57,2,1
z550
60,2,1
z398
38,1,1
z411
59,2,1
z469
62,2,1
z398
66,2,1
z558
61,2,1
z413
36,1,1
z360
35,1,1
z565
58,2,1
/647
63,2,1
z549
49,1,1
z800
64,2,1
z494
43,1,1
z899
52,2,1
z577
56,2,1
z753
40,1,1
z694
54,2,1
z569
48,1,1
z524
42,1,1
z541
55,2,1
z774
51,2,1
z551
31,1,1
z596
37,1,1
z789
68,2,1
/787
67,2,1
/668
70,2,1
z544
50,1,1
z420
39,1,1
z435
65,2,1
z418
34,1,1
z398
53,2,1
z479
46,1,1
z377
41,1,1
z441
44,1,1
z493
69,2,1
z531
45,1,1
/31903
0,0,0
/766
62,2,1
/451
53,2,1
/454
36,1,1
/786
46,1,1
z646
45,1,1
z442
47,1,1
/479
69,2,1
z701
51,2,1
/427
63,2,1
z479
41,1,1
z849
57,2,1
z462
48,1,1
z446
34,1,1
/514
67,2,1
z455
60,2,1
z475
56,2,1
z529
49,1,1
z468
64,2,1
/391
68,2,1
z444
52,2,1
z729
54,2,1
z505
43,1,1
z398
39,1,1
z456
50,1,1
z576
44,1,1
z1172
32,1,1
z436
35,1,1
z633
37,1,1
/1041
65,2,1
/467
61,2,1
z380
31,1,1
/475
66,2,1
z291
40,1,1
z399
55,2,1
z536
58,2,1
z441
38,1,1
z389
33,1,1
z403
42,1,1
/619
70,2,1
z463
59,2,1
/663
0,0,0
z412
50,1,1
z369
41,1,1
z354
37,1,1
/818
66,2,1
z3137
35,1,1
z492
54,2,1
z1254
62,2,1
/355
68,2,1
/370
70,2,1
/454
61,2,1
/430
64,2,1
z626
55,2,1
z379
49,1,1
/535
60,2,1
z421
31,1,1
z537
46,1,1
z366
36,1,1
z375
59,2,1
z562
67,2,1
z452
47,1,1
z726
45,1,1
/1209
69,2,1
z1658
52,2,1
z626
39,1,1
z386
44,1,1
z437
40,1,1
z1151
58,2,1
/870
63,2,1
z396
34,1,1
z676
57,2,1
z407
33,1,1
z595
42,1,1
z539
43,1,1
/798
65,2,1
z845
56,2,1
z1106
48,1,1
z477
38,1,1
z411
53,2,1
z500
32,1,1
z712
51,2,1
/20071
0,0,0
/541
69,2,1
/346
52,2,1
/446
62,2,1
z438
59,2,1
/368
63,2,1
/350
57,2,1
/574
61,2,1
z475
42,1,1
/433
53,2,1
/406
68,2,1
z411
47,1,1
z363
44,1,1
/352
55,2,1
z401
38,1,1
z343
56,2,1
z464
50,1,1
z398
32,1,1
z371
48,1,1
z409
58,2,1
/339
64,2,1
z439
35,1,1
z462
36,1,1
z431
37,1,1
/564
45,1,1
z577
43,1,1
/627
60,2,1
z1936
54,2,1
z455
41,1,1
z512
31,1,1
z524
40,1,1
z722
49,1,1
/514
46,1,1
z409
33,1,1
z376
34,1,1
/506
65,2,1
z390
39,1,1
/568
66,2,1
z468
51,2,1
/478
67,2,1
/497
70,2,1
/19217
0,0,0
z666
45,1,1
z340
63,2,1
z311
70,2,1
z565
55,2,1
z446
38,1,1
/659
69,2,1
z701
52,2,1
z438
42,1,1
z579
60,2,1
/484
65,2,1
z435
43,1,1
z383
36,1,1
z578
48,1,1
z398
41,1,1
/812
67,2,1
/376
58,2,1
z540
49,1,1
z398
54,2,1
z352
35,1,1
z363
31,1,1
/474
66,2,1
z522
50,1,1
z464
32,1,1
z398
40,1,1
z578
47,1,1
z393
61,2,1
z462
44,1,1
z375
46,1,1
z885
68,2,1
z913
59,2,1
z521
51,2,1
z854
34,1,1
z747
37,1,1
z336
39,1,1
/1528
56,2,1
z462
53,2,1
z363
64,2,1
z422
33,1,1
z469
57,2,1
z623
62,2,1
/964
0,0,0
z636
44,1,1
z407
47,1,1
z531
31,1,1
z856
43,1,1
z399
39,1,1
z334
48,1,1
/967
64,2,1
z1603
58,2,1
z637
34,1,1
z1405
67,2,1
z356
49,1,1
z496
53,2,1
z621
61,2,1
/556
70,2,1
/342
63,2,1
z426
35,1,1
z471
38,1,1
z400
37,1,1
z485
56,2,1
/652
66,2,1
z458
32,1,1
/454
69,2,1
z493
40,1,1
z731
62,2,1
z554
51,2,1
/411
68,2,1
z385
57,2,1
z558
42,1,1
z408
50,1,1
/640
59,2,1
z423
45,1,1
z461
46,1,1
z387
41,1,1
z373
33,1,1
z426
36,1,1
/622
65,2,1
z426
54,2,1
z454
55,2,1
z562
52,2,1
z799
60,2,1
/36428
0,0,0
/443
66,2,1
/416
54,2,1
/382
62,2,1
/421
65,2,1
z361
42,1,1
z361
63,2,1
z464
41,1,1
z348
53,2,1
/425
68,2,1
z398
40,1,1
z610
49,1,1
z353
38,1,1
/519
64,2,1
z389
33,1,1
z352
47,1,1
z320
35,1,1
/430
57,2,1
z297
45,1,1
z376
56,2,1
z326
34,1,1
z507
46,1,1
z323
55,2,1
/557
61,2,1
/428
67,2,1
z418
43,1,1
z633
50,1,1
z577
48,1,1
z419
31,1,1
z680
44,1,1
z499
37,1,1
/541
69,2,1
z496
60,2,1
z448
52,2,1
z416
51,2,1
z421
59,2,1
z379
36,1,1
/393
70,2,1
z395
39,1,1
z383
32,1,1
/798
58,2,1
/778
0,0,0
/369
63,2,1
/390
31,1,1
z534
36,1,1
z250
50,1,1
z636
47,1,1
/713
66,2,1
z828
52,2,1
z747
44,1,1
z505
42,1,1
z499
51,2,1
/417
67,2,1
/746
64,2,1
z539
55,2,1
z721
34,1,1
z556
35,1,1
z765
57,2,1
z1053
38,1,1
/837
68,2,1
/533
70,2,1
/434
41,1,1
/458
69,2,1
z540
49,1,1
/948
60,2,1
z378
45,1,1
z423
32,1,1
z772
59,2,1
z422
37,1,1
/871
65,2,1
z526
46,1,1
z568
58,2,1
z756
33,1,1
z708
40,1,1
z1045
39,1,1
z1354
62,2,1
z2261
61,2,1
z1016
54,2,1
z518
43,1,1
z899
56,2,1
z1072
48,1,1
z492
53,2,1
/2453
0,0,0
z646
37,1,1
z517
53,2,1
z377
45,1,1
z344
40,1,1
z416
39,1,1
/499
64,2,1
/408
58,2,1
/519
63,2,1
z404
35,1,1
z417
48,1,1
z372
51,2,1
z402
56,2,1
z356
43,1,1
z370
68,2,1
z341
52,2,1
z330
49,1,1
z372
32,1,1
z302
54,2,1
z283
31,1,1
z521
59,2,1
z325
41,1,1
z318
55,2,1
/681
70,2,1
z417
36,1,1
z738
61,2,1
z320
47,1,1
z356
44,1,1
z407
34,1,1
/634
69,2,1
z470
50,1,1
z490
42,1,1
/809
65,2,1
/1637
66,2,1
/985
60,2,1
z545
38,1,1
/742
62,2,1
z337
33,1,1
z493
46,1,1
/647
67,2,1
z627
57,2,1
/912
0,0,0
z1256
40,1,1
z1348
57,2,1
z324
41,1,1
z401
55,2,1
/367
62,2,1
/363
66,2,1
z392
38,1,1
z449
37,1,1
z388
33,1,1
z687
42,1,1
z394
45,1,1
/561
58,2,1
/411
50,1,1
z308
31,1,1
/463
64,2,1
z438
52,2,1
z472
39,1,1
z463
60,2,1
/628
69,2,1
z501
43,1,1
z706
35,1,1
/687
63,2,1
z473
48,1,1
z559
44,1,1
z434
32,1,1
z444
49,1,1
/620
68,2,1
/658
70,2,1
z868
47,1,1
z925
61,2,1
/562
67,2,1
z754
36,1,1
z715
65,2,1
z328
56,2,1
z420
46,1,1
z604
59,2,1
z380
34,1,1
z1194
54,2,1
z2703
53,2,1
z442
51,2,1
/835
0,0,0
/358
65,2,1
/353
62,2,1
/525
70,2,1
z483
33,1,1
/450
54,2,1
z398
32,1,1
z494
34,1,1
z390
39,1,1
z385
66,2,1
z477
42,1,1
z460
46,1,1
z441
63,2,1
z414
52,2,1
z547
50,1,1
z1275
49,1,1
z1348
58,2,1
z1269
48,1,1
z780
51,2,1
z929
36,1,1
/704
55,2,1
/468
64,2,1
z988
45,1,1
z1034
31,1,1
/587
60,2,1
/365
61,2,1
z472
43,1,1
/726
57,2,1
z463
44,1,1
z1463
40,1,1
/572
56,2,1
z377
47,1,1
/615
68,2,1
z459
67,2,1
/461
69,2,1
z434
38,1,1
z525
37,1,1
z401
53,2,1
/365
59,2,1
z411
35,1,1
z455
41,1,1
/21228
0,0,0
z519
54,2,1
/364
67,2,1
z317
55,2,1
z448
34,1,1
z304
38,1,1
z340
58,2,1
/354
63,2,1
z332
46,1,1
z336
31,1,1
z313
41,1,1
z347
47,1,1
z325
53,2,1
z325
40,1,1
z312
37,1,1
z345
44,1,1
z364
33,1,1
/584
61,2,1
/316
65,2,1
/355
60,2,1
z498
36,1,1
z461
42,1,1
/409
56,2,1
/601
48,1,1
/563
57,2,1
z537
52,2,1
/337
70,2,1
z1245
35,1,1
z359
43,1,1
/495
59,2,1
/856
64,2,1
z381
32,1,1
/443
69,2,1
/512
68,2,1
/399
66,2,1
/478
62,2,1
z552
45,1,1
z473
49,1,1
z822
51,2,1
z390
50,1,1
z1550
39,1,1
/464
0,0,0
z384
31,1,1
z516
55,2,1
z350
61,2,1
/351
62,2,1
z406
33,1,1
z371
34,1,1
/390
52,2,1
z265
65,2,1
/319
35,1,1
/764
51,2,1
z755
46,1,1
/555
64,2,1
z779
60,2,1
z554
49,1,1
z427
44,1,1
z447
41,1,1
/598
70,2,1
z502
39,1,1
z725
42,1,1
/668
56,2,1
z504
48,1,1
z418
37,1,1
z467
38,1,1
z402
32,1,1
z575
59,2,1
/505
67,2,1
z527
54,2,1
z482
47,1,1
z460
43,1,1
z437
40,1,1
z1065
57,2,1
z463
36,1,1
z528
50,1,1
z941
58,2,1
/695
68,2,1
z778
53,2,1
z1845
63,2,1
z1683
69,2,1
/852
66,2,1
/1089
45,1,1
/7256
0,0,0
/504
69,2,1
z498
60,2,1
z372
58,2,1
z332
37,1,1
/455
65,2,1
z296
48,1,1
z346
46,1,1
z316
63,2,1
z388
57,2,1
z338
42,1,1
z336
47,1,1
z355
33,1,1
z463
55,2,1
z356
36,1,1
/460
67,2,1
z433
45,1,1
/531
66,2,1
/485
61,2,1
z358
44,1,1
z379
32,1,1
z419
52,2,1
z437
56,2,1
/575
64,2,1
z370
59,2,1
z391
38,1,1
z362
40,1,1
z397
35,1,1
z455
53,2,1
z466
62,2,1
/650
68,2,1
z370
43,1,1
z336
70,2,1
z398
39,1,1
z522
31,1,1
z401
50,1,1
z416
41,1,1
z481
51,2,1
z438
49,1,1
z351
34,1,1
z543
54,2,1
/522
0,0,0
/337
70,2,1
/402
36,1,1
z481
34,1,1
z343
62,2,1
z647
50,1,1
/488
63,2,1
z494
58,2,1
z461
49,1,1
z386
37,1,1
z439
51,2,1
z443
52,2,1
z443
44,1,1
z474
31,1,1
/910
55,2,1
z418
38,1,1
z494
56,2,1
z484
46,1,1
z468
43,1,1
z376
41,1,1
z312
45,1,1
z377
61,2,1
z399
42,1,1
z515
65,2,1
z322
32,1,1
z378
69,2,1
/429
67,2,1
z344
68,2,1
/558
66,2,1
z341
53,2,1
z526
64,2,1
z338
48,1,1
z399
39,1,1
z388
60,2,1
z432
35,1,1
z416
54,2,1
/620
59,2,1
z387
33,1,1
z588
47,1,1
z335
57,2,1
z341
40,1,1
END
Start of error log
End of error log
