dt16tl53b dt16bcy142
 11017
0,0,0
z1597
36,1,1
z1675
42,1,1
z1827
53,2,1
z1131
41,1,1
z963
45,1,1
/750
62,2,1
z823
31,1,1
/1255
54,2,1
/970
59,2,1
z695
37,1,1
z1202
44,1,1
z1163
38,1,1
/807
69,2,1
/1347
61,2,1
/1106
65,2,1
z1151
35,1,1
z1235
48,1,1
/1134
56,2,1
/1084
64,2,1
z1302
43,1,1
z1467
46,1,1
/1646
57,2,1
z694
51,2,1
z1739
39,1,1
/935
60,2,1
/1218
50,1,1
/2363
52,2,1
z743
47,1,1
/703
68,2,1
/682
67,2,1
/906
70,2,1
z751
33,1,1
z842
32,1,1
/1678
63,2,1
z1399
40,1,1
z962
49,1,1
z1547
34,1,1
/1607
58,2,1
/3202
66,2,1
/1659
55,2,1
 2322
0,0,0
z1893
40,1,1
/983
69,2,1
z1702
35,1,1
z851
32,1,1
/838
56,2,1
/867
70,2,1
/1130
58,2,1
z1671
39,1,1
/1182
64,2,1
z1687
41,1,1
/623
65,2,1
z2174
46,1,1
z3491
42,1,1
z3403
34,1,1
/1086
61,2,1
/1347
49,1,1
/5387
54,2,1
/811
68,2,1
z4206
51,2,1
/1086
59,2,1
/3618
62,2,1
z599
31,1,1
z2106
50,1,1
z1523
37,1,1
/1947
66,2,1
/6019
57,2,1
z1119
43,1,1
z3363
47,1,1
z659
36,1,1
z1050
33,1,1
z3115
45,1,1
/1958
48,1,1
z687
38,1,1
z5052
52,2,1
/863
60,2,1
/754
67,2,1
/955
63,2,1
/2450
55,2,1
z6367
53,2,1
/1470
44,1,1
 12228
0,0,0
z7926
47,1,1
/1318
69,2,1
z4783
50,1,1
z1195
37,1,1
z1035
35,1,1
z4155
40,1,1
/735
63,2,1
/1915
52,2,1
/826
66,2,1
/1563
61,2,1
z5840
51,2,1
z883
32,1,1
z4139
46,1,1
/679
70,2,1
/1979
60,2,1
z5079
38,1,1
z1091
42,1,1
z1651
34,1,1
z3827
36,1,1
z2587
43,1,1
/5695
58,2,1
z1087
55,2,1
z4171
48,1,1
z818
31,1,1
/887
65,2,1
/1683
64,2,1
z727
33,1,1
z4995
68,2,1
z1315
45,1,1
z6123
56,2,1
/903
67,2,1
z5623
53,2,1
z1099
41,1,1
z2714
44,1,1
/903
59,2,1
z1518
39,1,1
/975
62,2,1
/995
54,2,1
z4183
57,2,1
/1766
49,1,1
 1803
0,0,0
/1737
65,2,1
z2911
45,1,1
z1523
42,1,1
z882
40,1,1
/703
63,2,1
z934
37,1,1
z2603
53,2,1
z3267
46,1,1
z946
39,1,1
/647
64,2,1
z1527
38,1,1
z1491
41,1,1
z2395
43,1,1
/1703
66,2,1
/1050
57,2,1
z4255
52,2,1
z1722
49,1,1
z955
36,1,1
z2539
51,2,1
/711
62,2,1
z4815
61,2,1
z1730
56,2,1
/1343
60,2,1
z567
31,1,1
z650
35,1,1
z3193
48,1,1
/3503
69,2,1
z542
33,1,1
z1626
50,1,1
z1826
55,2,1
/5015
68,2,1
/4779
67,2,1
z1583
47,1,1
z6355
58,2,1
z1459
32,1,1
z6859
44,1,1
/1262
59,2,1
z1454
54,2,1
/663
70,2,1
z655
34,1,1
 1206
0,0,0
z2941
48,1,1
z923
32,1,1
z786
35,1,1
z915
37,1,1
/598
68,2,1
z1655
36,1,1
/1343
62,2,1
z4023
59,2,1
z610
47,1,1
z1019
46,1,1
/543
63,2,1
z639
34,1,1
z5259
53,2,1
/1046
65,1,1
z1295
33,1,1
/4470
57,2,1
/883
58,2,1
z623
38,1,1
z1634
39,1,1
z1683
31,1,1
/951
61,2,1
/2963
64,2,1
z4231
56,2,1
/799
67,2,1
z1855
41,1,1
/1518
70,2,1
z669
40,1,1
z4138
55,2,1
z2515
50,1,1
z963
49,1,1
z890
45,1,1
z2058
43,1,1
/4447
54,2,1
/707
69,2,1
/7147
60,2,1
z1399
51,2,1
z4267
42,1,1
z2226
52,2,1
z554
44,1,1
/727
66,2,1
 1050
0,0,0
z1525
37,1,1
z1115
38,1,1
z650
31,1,1
z3883
34,1,1
/671
61,2,1
/570
69,2,1
z1407
32,1,1
/1319
48,1,1
z1118
35,1,1
/1110
64,2,1
/5772
49,1,1
z614
33,1,1
/542
65,2,1
z1631
46,1,1
/3943
57,2,1
/4307
59,2,1
/978
67,2,1
/547
70,2,1
z1958
50,1,1
/999
54,2,1
z1158
40,1,1
/719
66,2,1
z2615
53,2,1
/1934
58,2,1
z4439
55,2,1
z850
41,1,1
z578
43,1,1
/4951
62,2,1
z1527
51,2,1
z4924
52,2,1
z570
36,1,1
z698
44,1,1
/2087
60,2,1
/4604
63,2,1
z4566
47,1,1
/2143
68,2,1
z975
56,2,1
z986
39,1,1
z3163
45,1,1
z715
42,1,1
 902
0,0,0
z12510
50,1,1
z2979
49,1,1
/743
65,2,1
/706
56,2,1
z4975
53,2,1
/911
62,2,1
z2175
48,1,1
z778
42,1,1
/855
69,2,1
/803
68,2,1
/3115
55,2,1
/658
67,2,1
z614
31,1,1
z2043
38,1,1
/1462
58,2,1
z3351
37,1,1
/895
60,2,1
z822
35,1,1
/3679
54,2,1
z3367
52,2,1
/1838
61,2,1
z5111
51,2,1
/655
66,2,1
z694
47,1,1
z1275
39,1,1
/1095
64,2,1
/5099
57,2,1
z1086
41,1,1
z1515
45,1,1
/695
70,2,1
z575
33,1,1
z3931
46,1,1
/814
59,2,1
z615
40,1,1
z1211
36,1,1
z834
34,1,1
z3843
44,1,1
/1023
63,2,1
z942
32,1,1
z1659
43,1,1
 879
0,0,0
z1941
40,1,1
/759
56,2,1
/4771
53,2,1
z726
34,1,1
z1451
38,1,1
/1230
49,1,1
z1007
47,1,1
z2107
48,1,1
/1103
61,2,1
z735
41,1,1
/3223
62,2,1
/706
66,2,1
/946
55,2,1
/1330
70,2,1
z1782
46,1,1
z4755
60,2,1
z643
36,1,1
z946
42,1,1
/2735
51,2,1
/1939
54,2,1
z598
31,1,1
z2891
58,2,1
z1050
44,1,1
z3595
50,1,1
/943
64,2,1
/1331
63,2,1
/706
68,2,1
z751
35,1,1
/791
69,2,1
z750
32,1,1
z2003
39,1,1
/2719
67,2,1
z711
45,1,1
z3291
59,2,1
z755
33,1,1
z1530
37,1,1
/823
65,2,1
/1227
52,2,1
/1866
57,2,1
z1727
43,1,1
 1095
0,0,0
z2142
54,2,1
z961
55,2,1
z683
35,1,1
z498
32,1,1
/959
66,2,1
/906
63,2,1
/906
65,2,1
/1890
67,2,1
/3331
70,2,1
/3979
68,2,1
z863
57,2,1
z1299
38,1,1
z971
34,1,1
z1250
45,1,1
z3490
53,2,1
z2011
51,2,1
z922
44,1,1
z1235
39,1,1
z1547
42,1,1
z7882
58,2,1
z2195
41,1,1
z1266
43,1,1
z3355
33,1,1
/823
59,2,1
z2118
40,1,1
/654
69,2,1
/3139
64,2,1
z3295
50,1,1
/3671
61,2,1
z2535
56,2,1
z610
37,1,1
/3879
52,2,1
z631
46,1,1
/942
60,2,1
/1178
48,1,1
z1015
49,1,1
z651
31,1,1
z667
36,1,1
z4755
47,1,1
/1519
62,2,1
 898
0,0,0
z1237
33,1,1
/655
61,2,1
/515
65,2,1
/971
48,1,1
z1478
45,1,1
/702
62,2,1
z622
42,1,1
z1170
44,1,1
z1283
53,2,1
z843
46,1,1
/999
57,2,1
z567
40,1,1
z1690
39,1,1
z1371
38,1,1
z746
43,1,1
z643
41,1,1
/662
68,2,1
/1154
64,2,1
z17401
31,1,1
/814
60,2,1
z726
35,1,1
/799
66,2,1
z591
37,1,1
z1330
32,1,1
z2115
49,1,1
/1279
51,2,1
/802
59,2,1
z663
34,1,1
/1919
52,2,1
/715
58,2,1
/706
63,2,1
z1311
55,2,1
/575
67,2,1
z646
36,1,1
z2643
50,1,1
/2239
56,2,1
z1814
54,2,1
z1875
47,1,1
/663
69,2,1
/531
70,2,1
 962
0,0,0
/1177
58,2,1
z983
51,2,1
z723
33,1,1
z587
34,1,1
/687
64,2,1
/1210
48,1,1
z1167
41,1,1
/3246
52,2,1
z591
37,1,1
z1979
53,2,1
/606
63,2,1
/523
67,2,1
/1787
56,2,1
/1250
61,2,1
z615
44,1,1
z1042
35,1,1
/607
68,2,1
/851
65,2,1
z855
46,1,1
z5267
45,1,1
/631
70,2,1
/610
55,2,1
z687
42,1,1
z699
38,1,1
z635
31,1,1
/590
60,2,1
z815
32,1,1
z730
36,1,1
z2643
49,1,1
z1595
50,1,1
z930
54,2,1
z610
39,1,1
/831
66,2,1
/850
57,2,1
/1699
62,2,1
z1279
47,1,1
z1322
43,1,1
/999
59,2,1
z606
40,1,1
/534
69,2,1
 946
0,0,0
z1429
46,1,1
/2607
61,2,1
z2199
51,2,1
z1154
50,1,1
z1723
39,1,1
z1290
38,1,1
/2719
57,2,1
z615
33,1,1
/878
63,2,1
z535
31,1,1
z1706
34,1,1
/903
55,2,1
/554
65,2,1
/787
67,2,1
z478
35,1,1
/831
70,2,1
z655
48,1,1
/2903
62,2,1
z750
42,1,1
z875
45,1,1
/1692
66,2,1
z2775
49,1,1
z3267
53,2,1
/1070
54,2,1
z2935
56,2,1
z563
32,1,1
z984
43,1,1
/839
60,2,1
/4387
58,2,1
/834
52,2,1
/691
68,2,1
z703
40,1,1
z674
41,1,1
z555
36,1,1
/710
69,2,1
/811
64,2,1
z4678
59,2,1
z555
37,1,1
z834
44,1,1
z4379
47,1,1
 910
0,0,0
z917
37,1,1
z939
40,1,1
z602
41,1,1
/767
60,2,1
/538
59,2,1
z647
42,1,1
/990
57,2,1
z647
53,2,1
/903
66,2,1
z1079
45,1,1
z651
51,2,1
z570
39,1,1
z707
38,1,1
/2126
56,2,1
/843
61,2,1
/578
64,2,1
/2107
68,2,1
z462
33,1,1
/1071
63,2,1
z2455
55,2,1
z746
31,1,1
z715
36,1,1
/1214
69,2,1
z727
34,1,1
z2155
48,1,1
z755
35,1,1
/1702
62,2,1
z2359
54,2,1
/1735
49,1,1
/602
65,2,1
z695
43,1,1
/638
70,2,1
z1071
46,1,1
/1031
67,2,1
/819
58,2,1
z719
50,1,1
z826
47,1,1
z650
32,1,1
z971
44,1,1
/1496
52,2,1
 866
0,0,0
/1849
59,2,1
z622
41,1,1
z1379
50,1,1
/815
64,2,1
/1019
61,2,1
z1558
32,1,1
z67
34,1,1
z1883
36,1,1
z1138
49,1,1
/1535
67,2,1
z1095
40,1,1
/3615
60,2,1
z622
44,1,1
/743
65,2,1
z679
38,1,1
/1182
63,2,1
/755
70,2,1
z1182
45,1,1
z1811
56,2,1
z555
43,1,1
z1755
58,2,1
z1139
39,1,1
/911
62,2,1
z1614
48,1,1
z1107
33,1,1
z2499
52,2,1
/782
55,2,1
z3655
47,1,1
z947
42,1,1
z1674
53,2,1
/990
57,2,1
/891
66,2,1
/1627
54,2,1
z942
46,1,1
/639
69,2,1
z734
31,1,1
/870
51,2,1
z551
35,1,1
/751
68,2,1
z911
37,1,1
 782
0,0,0
z1045
49,1,1
/591
70,2,1
z847
50,1,1
z666
34,1,1
/671
60,2,1
/571
58,2,1
z2414
43,1,1
z650
40,1,1
z563
35,1,1
z435
31,1,1
/1526
57,2,1
z615
39,1,1
z698
46,1,1
/927
64,2,1
z1991
51,2,1
z538
32,1,1
z635
42,1,1
z1451
47,1,1
z698
41,1,1
/534
62,2,1
z767
48,1,1
z690
33,1,1
/671
67,2,1
/1243
55,2,1
/2339
56,2,1
/1402
65,2,1
z1535
38,1,1
z1291
37,1,1
/791
53,2,1
z1831
59,2,1
/630
69,2,1
z662
36,1,1
/999
63,2,1
z870
52,2,1
z770
44,1,1
z2435
45,1,1
z914
54,2,1
/694
61,2,1
/1122
68,2,1
/819
66,2,1
 827
0,0,0
z701
39,1,1
z890
44,1,1
z578
41,1,1
/5576
54,2,1
/594
58,2,1
/1106
61,2,1
z527
42,1,1
/5119
62,2,1
z583
52,2,1
z626
43,1,1
/879
66,2,1
/651
64,2,1
z822
40,1,1
/1086
70,2,1
/2587
55,2,1
/1090
67,2,1
z606
46,1,1
z795
38,1,1
/623
69,2,1
z911
50,1,1
z3970
65,2,1
z1867
45,1,1
z715
31,1,1
/1766
60,2,1
/994
68,2,1
z2695
57,2,1
z642
35,1,1
/1663
53,2,1
z694
37,1,1
z3995
48,1,1
z626
51,2,1
/6351
59,2,1
z519
32,1,1
/774
63,2,1
z1014
36,1,1
z1539
49,1,1
z635
33,1,1
z1418
47,1,1
/1039
56,2,1
z558
34,1,1
 863
0,0,0
/945
57,2,1
/578
65,2,1
z782
47,1,1
/574
64,2,1
z511
37,1,1
/559
61,2,1
z950
43,1,1
/1991
48,1,1
z4303
56,2,1
z611
54,2,1
z867
40,1,1
/686
67,2,1
z2615
50,1,1
z923
35,1,1
/623
69,2,1
z598
38,1,1
z691
32,1,1
/2527
58,2,1
z935
51,2,1
z7835
52,2,1
z651
46,1,1
/1422
66,2,1
z623
33,1,1
z547
34,1,1
z1362
41,1,1
/687
55,2,1
z1814
49,1,1
/1214
59,2,1
z1119
68,2,1
z2299
60,2,1
z531
31,1,1
z570
39,1,1
z1059
53,2,1
/671
62,2,1
z5135
45,1,1
z851
44,1,1
/582
63,2,1
z2614
42,1,1
/623
70,2,1
z550
36,1,1
 759
0,0,0
z1661
45,1,1
z730
47,1,1
z491
33,1,1
/607
59,2,1
z1102
39,1,1
/1439
53,2,1
/906
61,2,1
z2135
57,2,1
z563
40,1,1
z451
32,1,1
/2375
60,2,1
z1446
49,1,1
z794
37,1,1
z3507
48,1,1
z4210
44,1,1
/535
65,2,1
z727
42,1,1
/1382
58,2,1
z1062
38,1,1
/503
69,2,1
z598
34,1,1
z1155
50,1,1
/1334
52,2,1
/563
66,2,1
/880
67,2,1
/1211
55,2,1
/586
63,2,1
z719
56,2,1
/1495
54,2,1
z574
31,1,1
z779
35,1,1
/711
51,2,1
/530
64,2,1
z1182
43,1,1
z1570
41,1,1
/639
70,2,1
/2067
62,2,1
/1075
68,2,1
z854
46,1,1
z571
36,1,1
 798
0,0,0
/3217
64,2,1
z655
36,1,1
z2579
43,1,1
/734
63,2,1
z3983
35,1,1
z467
33,1,1
/671
60,2,1
z1062
37,1,1
/1199
57,2,1
/571
66,2,1
z559
45,1,1
/870
62,2,1
z1911
55,2,1
/1183
67,2,1
z991
46,1,1
z427
32,1,1
z763
41,1,1
/2639
53,2,1
z831
56,2,1
z1203
39,1,1
z7899
58,2,1
z523
44,1,1
z475
40,1,1
/623
61,2,1
/635
69,2,1
/1627
65,2,1
/595
68,2,1
z2054
52,2,1
z666
38,1,1
z610
47,1,1
/1423
59,2,1
z3598
34,1,1
z538
31,1,1
z1875
48,1,1
z1339
51,2,1
/798
70,2,1
/1043
54,2,1
z1823
42,1,1
z883
49,1,1
z874
50,1,1
 807
0,0,0
z725
37,1,1
/1239
67,2,1
z2006
49,1,1
z683
42,1,1
z259
66,2,1
z2195
41,1,1
z714
48,1,1
z2291
54,2,1
z467
35,1,1
/2119
52,2,1
z2255
43,1,1
/774
57,2,1
/675
65,2,1
/938
62,2,1
z574
40,1,1
z970
46,1,1
z730
44,1,1
z6164
53,2,1
/2894
60,2,1
/1163
55,2,1
z862
47,1,1
z482
33,1,1
z3779
56,2,1
z515
45,1,1
z491
38,1,1
z1507
51,2,1
/1095
64,2,1
/1490
61,2,1
z4935
50,1,1
z570
34,1,1
/790
58,2,1
z991
39,1,1
/894
59,2,1
/554
68,2,1
z654
32,1,1
z579
31,1,1
/806
70,2,1
/1323
63,2,1
/538
69,2,1
z614
36,1,1
 663
0,0,0
z3157
57,2,1
/710
65,2,1
z639
37,1,1
/598
67,2,1
z566
38,1,1
z843
58,2,1
z522
42,1,1
z467
43,1,1
z523
48,1,1
z522
33,1,1
z4787
60,2,1
z690
44,1,1
z923
34,1,1
z1315
45,1,1
/1119
54,2,1
/1339
50,1,1
z742
40,1,1
/934
61,2,1
z2119
49,1,1
z1475
52,2,1
z4299
55,2,1
z610
51,2,1
/647
59,2,1
/1090
66,2,1
z2607
56,2,1
/1279
69,2,1
z1487
62,2,1
/807
68,2,1
z591
41,1,1
z666
32,1,1
/5039
63,2,1
z630
31,1,1
z1931
39,1,1
z914
46,1,1
/703
70,2,1
z2110
36,1,1
z4619
47,1,1
/887
64,2,1
z462
53,2,1
z466
35,1,1
 863
0,0,0
z3462
59,2,1
z426
36,1,1
/710
65,2,1
z743
53,2,1
z522
43,1,1
z771
49,1,1
z555
34,1,1
/598
69,2,1
/1899
58,2,1
z534
35,1,1
/4855
61,2,1
z438
33,1,1
z587
38,1,1
z1979
46,1,1
z851
54,2,1
/1390
56,2,1
/578
68,2,1
z1719
48,1,1
z642
32,1,1
z1931
39,1,1
/1079
52,2,1
/675
62,2,1
/530
66,2,1
/931
60,2,1
/2467
57,2,1
/538
67,2,1
z719
40,1,1
z890
41,1,1
z1315
47,1,1
/734
63,2,1
z1679
50,1,1
z634
42,1,1
z747
45,1,1
z506
37,1,1
z2691
51,2,1
z517
55,2,1
/559
64,2,1
z710
44,1,1
/543
70,2,1
z534
31,1,1
 1062
0,0,0
/769
67,2,1
z1063
52,2,1
z658
46,1,1
/662
70,2,1
/1195
63,2,1
z567
44,1,1
z722
36,1,1
/551
65,2,1
z591
59,2,1
z642
45,1,1
/655
66,2,1
z1135
42,1,1
z722
34,1,1
z875
47,1,1
/790
54,2,1
/586
64,2,1
z518
49,1,1
z691
40,1,1
/718
68,2,1
z1886
51,2,1
z786
39,1,1
/1223
62,2,1
z806
48,1,1
z2139
57,2,1
z491
38,1,1
z3843
58,2,1
z587
41,1,1
/655
61,2,1
z503
32,1,1
z826
33,1,1
/710
56,2,1
z2623
50,1,1
z595
37,1,1
/4263
55,2,1
z590
31,1,1
z915
53,2,1
/654
60,2,1
/539
69,2,1
z486
43,1,1
z515
35,1,1
 1342
0,0,0
/1033
66,2,1
/1353
55,2,1
z566
49,1,1
z706
31,1,1
/527
61,2,1
z1454
42,1,1
z1763
51,2,1
/758
60,2,1
z1711
38,1,1
/701
53,2,1
/506
68,2,1
/787
67,2,1
z623
36,1,1
/1086
47,1,1
/739
63,2,1
z663
39,1,1
z3843
50,1,1
/1718
58,2,1
z1327
45,1,1
z1626
44,1,1
z3691
52,2,1
z1218
48,1,1
z506
37,1,1
z682
43,1,1
z451
35,1,1
z418
34,1,1
z795
41,1,1
z595
40,1,1
/671
64,2,1
/1963
62,2,1
z527
33,1,1
z795
46,1,1
/2415
56,2,1
/619
65,2,1
/770
70,2,1
z623
32,1,1
/1343
59,2,1
/1516
69,2,1
z1894
57,2,1
z482
54,2,1
 1150
0,0,0
z5405
50,1,1
z595
34,1,1
z1483
31,1,1
/846
62,2,1
/603
57,2,1
/531
70,2,1
z599
46,1,1
/1822
64,2,1
z678
40,1,1
/799
65,2,1
z2623
37,1,1
z1227
55,2,1
/726
69,2,1
z543
38,1,1
z843
44,1,1
z642
33,1,1
/1127
63,2,1
z1823
49,1,1
/887
66,2,1
z767
59,2,1
z570
35,1,1
z1107
54,2,1
z3675
58,2,1
/959
60,2,1
z535
47,1,1
z531
41,1,1
z562
39,1,1
z531
36,1,1
/1246
61,2,1
/595
67,2,1
z806
53,2,1
z3747
51,2,1
z538
32,1,1
z1578
42,1,1
z4507
45,1,1
/663
68,2,1
z2415
52,2,1
z779
48,1,1
/1790
56,2,1
z1407
43,1,1
 838
0,0,0
z797
48,1,1
/775
68,2,1
/1299
56,2,1
z1022
51,2,1
z595
41,1,1
z3090
52,2,1
z539
37,1,1
/1254
62,2,1
/715
70,2,1
/2459
61,2,1
z3302
42,1,1
z1475
44,1,1
z1435
36,1,1
z618
32,1,1
z1154
47,1,1
z3011
43,1,1
z938
31,1,1
/3935
60,2,1
z1470
45,1,1
z1106
38,1,1
z778
46,1,1
z395
33,1,1
z1018
50,1,1
/759
66,2,1
/2035
53,2,1
z527
34,1,1
z875
39,1,1
/1695
65,2,1
/666
67,2,1
/1595
64,2,1
z486
57,2,1
z739
49,1,1
z4803
55,2,1
z427
40,1,1
/2094
58,2,1
/762
69,2,1
z1847
35,1,1
z979
54,2,1
/815
59,2,1
/1283
63,2,1
 674
0,0,0
/865
58,2,1
/699
69,2,1
z2239
53,2,1
z834
56,2,1
/1287
61,2,1
/562
65,2,1
z3127
55,2,1
z1139
48,1,1
z563
31,1,1
z994
47,1,1
z3179
52,2,1
z714
62,2,1
/1407
63,2,1
z942
46,1,1
z963
42,1,1
z498
35,1,1
z883
40,1,1
z666
38,1,1
/1199
64,2,1
z6247
51,2,1
z738
36,1,1
/1510
59,2,1
/691
57,2,1
z567
34,1,1
z1691
54,2,1
/647
67,2,1
/706
66,2,1
z542
43,1,1
/2119
60,2,1
z678
32,1,1
z1467
44,1,1
/679
70,2,1
z926
41,1,1
z658
45,1,1
/679
68,2,1
z846
33,1,1
z1515
39,1,1
z875
50,1,1
z619
37,1,1
z2370
49,1,1
 950
0,0,0
z549
54,2,1
/694
61,2,1
/603
68,2,1
/763
67,2,1
z2287
52,2,1
z2002
40,1,1
z2987
50,1,1
z626
49,1,1
z723
35,1,1
z1139
51,2,1
/735
56,2,1
z671
39,1,1
z1027
42,1,1
/1582
55,2,1
/803
57,2,1
z974
47,1,1
/847
64,2,1
z702
37,1,1
/1805
70,2,1
z1231
44,1,1
z675
36,1,1
/919
60,2,1
/579
69,2,1
/802
66,2,1
z654
43,1,1
z611
41,1,1
z866
48,1,1
/1279
53,2,1
/539
65,2,1
/579
63,2,1
z486
33,1,1
z1987
46,1,1
z490
31,1,1
z611
32,1,1
/1486
58,2,1
z1150
34,1,1
z802
38,1,1
/646
59,2,1
/667
62,2,1
z1071
45,1,1
 1127
0,0,0
z1068
33,1,1
/671
58,2,1
z615
37,1,1
z1467
43,1,1
z611
52,2,1
/646
54,2,1
/651
70,2,1
z495
36,1,1
z539
38,1,1
z2098
44,1,1
/975
56,2,1
/2579
59,2,1
z518
32,1,1
z1067
40,1,1
z402
31,1,1
z923
34,1,1
/887
50,1,1
z574
42,1,1
z418
66,2,1
z602
39,1,1
z1090
47,1,1
/911
60,2,1
/651
61,2,1
/531
65,2,1
z630
46,1,1
z834
45,1,1
/695
67,2,1
z1710
49,1,1
z955
48,1,1
/550
69,2,1
/1203
64,2,1
/682
62,2,1
z510
51,2,1
/551
63,2,1
z2303
53,2,1
/943
68,2,1
z550
41,1,1
z1011
55,2,1
z1635
57,2,1
z571
35,1,1
 807
0,0,0
/3585
58,2,1
z4375
54,2,1
z603
43,1,1
/790
53,2,1
z542
37,1,1
/735
68,2,1
z2422
48,1,1
z731
33,1,1
z986
45,1,1
z2107
55,2,1
z3267
41,1,1
z1402
51,2,1
z659
36,1,1
z634
31,1,1
z2875
47,1,1
z738
50,1,1
/615
65,2,1
z606
44,1,1
z1243
42,1,1
/543
67,2,1
/506
70,2,1
z535
35,1,1
z610
38,1,1
/639
61,2,1
/674
64,2,1
z1263
39,1,1
/735
62,2,1
z598
32,1,1
/647
63,2,1
z527
40,1,1
/606
57,2,1
/1338
52,2,1
z791
49,1,1
/1775
66,2,1
z582
56,2,1
/1127
59,2,1
z518
34,1,1
z979
46,1,1
/670
60,2,1
/867
69,2,1
END
Start of error log
End of error log
