/home/cogsys/aging/dtpbsy/dt16tl34b /home/cogsys/aging/dtpbsy/dt16bcy110
z10717
0,0,0
/837
67,2,1
/1251
60,2,1
z788
41,1,1
z1373
47,1,1
/608
70,2,1
/605
65,2,1
z1971
54,2,1
z637
48,1,1
z595
46,1,1
/564
59,2,1
z487
36,1,1
z480
38,1,1
z638
31,1,1
z531
34,1,1
/502
51,2,1
/514
58,2,1
z566
42,1,1
/461
66,2,1
z788
49,1,1
z441
40,1,1
/559
57,2,1
z417
32,1,1
/727
52,2,1
/464
61,2,1
z424
35,1,1
/1707
56,2,1
z428
44,1,1
/508
69,2,1
/491
62,2,1
z428
43,1,1
z528
37,1,1
z2007
55,2,1
/456
64,2,1
z1855
53,2,1
/527
63,2,1
/459
68,2,1
z395
33,1,1
z475
45,1,1
z936
39,1,1
/543
50,1,1
z1161
0,0,0
/3148
53,2,1
/467
69,2,1
z466
50,1,1
z616
54,2,1
z583
43,1,1
z669
49,1,1
/639
63,2,1
z3302
52,2,1
z542
38,1,1
/612
58,2,1
z618
41,1,1
/491
66,2,1
z534
46,1,1
/1273
59,2,1
z538
33,1,1
z466
39,1,1
z506
47,1,1
/571
62,2,1
z441
42,1,1
/450
70,2,1
/526
67,2,1
z647
51,2,1
/462
60,2,1
z583
55,2,1
/497
68,2,1
/482
61,2,1
z410
45,1,1
/431
64,2,1
z402
36,1,1
/448
65,2,1
z406
34,1,1
z445
48,1,1
z518
44,1,1
z477
35,1,1
z372
40,1,1
/906
56,2,1
z337
31,1,1
z397
32,1,1
z486
37,1,1
/1735
57,2,1
z750
0,0,0
z566
42,1,1
z455
33,1,1
/766
61,2,1
/586
66,2,1
z445
36,1,1
z1172
45,1,1
/597
57,2,1
/481
64,2,1
z619
46,1,1
/1480
55,2,1
/657
49,1,1
z410
32,1,1
/591
63,2,1
/673
52,2,1
/676
60,2,1
/604
59,2,1
z1308
53,2,1
z393
31,1,1
z455
44,1,1
z2763
56,2,1
z505
34,1,1
/542
68,2,1
/470
70,2,1
z2958
50,1,1
z1047
54,2,1
z523
35,1,1
z511
41,1,1
/502
69,2,1
/1165
62,2,1
/593
67,2,1
z1078
51,2,1
z2248
40,1,1
z508
38,1,1
z634
48,1,1
/508
58,2,1
z1816
43,1,1
z473
37,1,1
/461
65,2,1
z533
39,1,1
z760
47,1,1
/653
0,0,0
/647
60,2,1
/485
67,2,1
/492
70,2,1
/1279
55,2,1
/448
54,2,1
z973
51,2,1
/1030
64,2,1
z615
36,1,1
z717
46,1,1
/490
53,2,1
z515
31,1,1
z3282
52,2,1
z1122
49,1,1
/576
68,2,1
/3999
56,2,1
z569
32,1,1
z1289
50,1,1
z548
33,1,1
z633
43,1,1
/578
59,2,1
z403
48,1,1
/480
65,2,1
/826
58,2,1
z406
37,1,1
/590
69,2,1
z536
39,1,1
/625
66,2,1
z395
61,2,1
z599
34,1,1
z496
38,1,1
z586
42,1,1
z1986
47,1,1
/468
57,2,1
/781
40,1,1
z604
35,1,1
z1162
44,1,1
z481
45,1,1
/439
63,2,1
/606
62,2,1
z493
41,1,1
z641
0,0,0
z458
32,1,1
/485
70,2,1
z719
42,1,1
/438
63,2,1
z441
35,1,1
z3466
47,1,1
/1311
56,2,1
/2000
53,2,1
/1655
46,1,1
/502
68,2,1
z570
41,1,1
/881
57,2,1
z515
43,1,1
z636
40,1,1
z1065
50,1,1
/441
69,2,1
z473
52,2,1
z459
34,1,1
z532
45,1,1
z510
39,1,1
z440
33,1,1
/670
55,2,1
/532
60,2,1
/709
58,2,1
z1339
48,1,1
z416
36,1,1
z410
31,1,1
z534
51,2,1
/515
64,2,1
z359
37,1,1
/1084
59,2,1
z519
44,1,1
/619
61,2,1
/500
65,2,1
/512
62,2,1
z2283
54,2,1
/1158
67,2,1
z679
38,1,1
z661
49,1,1
/540
66,2,1
/667
0,0,0
z338
40,1,1
z568
44,1,1
/540
65,2,1
z388
57,2,1
/486
69,2,1
z415
37,1,1
z504
33,1,1
z862
54,2,1
z440
43,1,1
/528
64,2,1
/511
66,2,1
/597
68,2,1
z486
32,1,1
z817
52,2,1
z1212
56,2,1
z568
46,1,1
/766
60,2,1
z493
49,1,1
z463
59,2,1
/907
62,2,1
z379
47,1,1
/498
61,2,1
z380
51,2,1
z555
50,1,1
z537
41,1,1
z507
55,2,1
z367
38,1,1
z421
53,2,1
z320
34,1,1
z356
31,1,1
/507
70,2,1
/544
63,2,1
z400
42,1,1
z486
39,1,1
z367
36,1,1
/627
58,2,1
z478
45,1,1
/376
67,2,1
z342
48,1,1
z566
35,1,1
/582
0,0,0
/633
57,2,1
/733
62,2,1
/490
66,2,1
z461
46,1,1
/383
69,2,1
/794
64,2,1
/442
68,2,1
/643
56,2,1
z499
36,1,1
z1426
47,1,1
z799
50,1,1
z587
40,1,1
/463
65,2,1
z792
51,2,1
/381
44,1,1
z477
37,1,1
z559
35,1,1
/793
61,2,1
z413
39,1,1
z481
34,1,1
/1877
58,2,1
z586
54,2,1
z2288
48,1,1
z502
49,1,1
z403
43,1,1
z421
33,1,1
z942
42,1,1
/464
67,2,1
z526
55,2,1
z463
31,1,1
/512
63,2,1
z444
38,1,1
z493
32,1,1
z557
45,1,1
/1636
52,2,1
z353
41,1,1
/552
60,2,1
/582
70,2,1
z3291
59,2,1
/2081
53,2,1
/684
0,0,0
z579
43,1,1
z1328
58,2,1
z727
47,1,1
/745
64,2,1
/2575
61,2,1
/527
70,2,1
z408
42,1,1
z459
48,1,1
/774
51,2,1
z457
40,1,1
/430
67,2,1
/868
68,2,1
/448
60,2,1
/629
65,2,1
/599
55,2,1
z713
36,1,1
z527
44,1,1
z682
50,1,1
z420
34,1,1
/613
66,2,1
/439
54,2,1
z851
52,2,1
z493
38,1,1
/458
69,2,1
z460
39,1,1
z593
32,1,1
z694
33,1,1
z1106
56,2,1
/647
63,2,1
/679
62,2,1
z460
46,1,1
z466
37,1,1
z563
53,2,1
z681
45,1,1
/917
59,2,1
/650
57,2,1
z373
41,1,1
z3688
49,1,1
z466
35,1,1
z503
31,1,1
/599
0,0,0
/2407
53,2,1
z405
39,1,1
z412
42,1,1
/660
63,2,1
/629
60,2,1
z443
49,1,1
z663
50,1,1
/537
66,2,1
z383
40,1,1
z1309
51,2,1
/493
67,2,1
z364
38,1,1
/522
68,2,1
/522
69,2,1
z421
57,2,1
/634
61,2,1
z473
44,1,1
z448
47,1,1
z465
36,1,1
z1274
59,2,1
/1012
52,2,1
/457
70,2,1
/837
58,2,1
z412
46,1,1
z474
41,1,1
z532
34,1,1
/620
65,2,1
z492
45,1,1
z454
32,1,1
/518
62,2,1
z751
31,1,1
/786
55,2,1
/574
64,2,1
z582
43,1,1
z520
37,1,1
z444
33,1,1
z762
54,2,1
z1802
56,2,1
z543
35,1,1
z671
48,1,1
/651
0,0,0
z670
62,2,1
z627
59,2,1
/475
63,2,1
/500
67,2,1
z426
37,1,1
z533
39,1,1
z493
34,1,1
z621
50,1,1
z721
46,1,1
z813
31,1,1
/658
64,2,1
/496
57,2,1
z988
55,2,1
/375
69,2,1
/482
54,2,1
z385
42,1,1
/484
53,2,1
z608
48,1,1
z583
51,2,1
z545
33,1,1
z491
45,1,1
/527
70,2,1
z464
43,1,1
/1093
60,2,1
/597
56,2,1
z418
35,1,1
/671
61,2,1
/631
68,2,1
/443
58,2,1
z407
36,1,1
z386
49,1,1
/1276
65,2,1
z434
44,1,1
z417
32,1,1
z776
47,1,1
z411
40,1,1
z398
41,1,1
z541
52,2,1
z609
38,1,1
/541
66,2,1
/546
0,0,0
z409
46,1,1
z374
32,1,1
z583
49,1,1
z374
40,1,1
z471
45,1,1
z1368
52,2,1
/587
59,2,1
/495
61,2,1
z369
33,1,1
z661
44,1,1
z399
36,1,1
/847
58,2,1
z332
43,1,1
/499
66,2,1
z333
41,1,1
z356
35,1,1
/945
62,2,1
z549
51,2,1
/595
67,2,1
/543
69,2,1
z360
42,1,1
z445
34,1,1
z504
54,2,1
z427
48,1,1
z808
55,2,1
/995
60,2,1
z489
63,2,1
/449
65,2,1
/436
70,2,1
z429
47,1,1
z395
53,2,1
z546
56,2,1
/441
68,2,1
z367
39,1,1
/479
57,2,1
z358
31,1,1
/467
64,2,1
z356
38,1,1
z523
37,1,1
z419
50,1,1
/539
0,0,0
z1483
44,1,1
z446
50,1,1
z682
32,1,1
z892
49,1,1
z541
61,2,1
z353
35,1,1
z531
53,2,1
z1772
56,2,1
z406
37,1,1
z299
42,1,1
/420
65,2,1
/427
52,2,1
/813
64,2,1
/799
62,2,1
/447
70,2,1
z496
58,2,1
z545
43,1,1
z453
31,1,1
/448
67,2,1
/626
57,2,1
z409
34,1,1
z578
45,1,1
z1134
59,2,1
z749
55,2,1
/384
68,2,1
z623
47,1,1
z507
40,1,1
z568
41,1,1
z400
39,1,1
z672
51,2,1
/527
54,2,1
z341
38,1,1
z729
60,2,1
z353
69,2,1
/523
66,2,1
z422
48,1,1
z522
36,1,1
z531
46,1,1
/518
63,2,1
z371
33,1,1
/531
0,0,0
/742
60,2,1
z632
38,1,1
z456
50,1,1
z337
45,1,1
z335
39,1,1
z518
43,1,1
/861
59,2,1
/383
65,2,1
z724
47,1,1
z502
56,2,1
z414
36,1,1
/370
70,2,1
/418
68,2,1
/637
66,2,1
/556
62,2,1
z503
53,2,1
z754
55,2,1
/500
69,2,1
/481
57,2,1
/431
63,2,1
z433
32,1,1
z441
33,1,1
z422
31,1,1
z568
34,1,1
z701
44,1,1
z451
46,1,1
z1667
51,2,1
z467
42,1,1
/568
61,2,1
z757
58,2,1
/509
64,2,1
z370
48,1,1
z441
40,1,1
/514
67,2,1
z593
52,2,1
z434
35,1,1
z442
41,1,1
/628
54,2,1
z335
37,1,1
z425
49,1,1
/549
0,0,0
/399
61,2,1
z406
40,1,1
z540
51,2,1
/449
60,2,1
z420
46,1,1
/497
62,2,1
z395
32,1,1
z447
47,1,1
z520
38,1,1
z563
54,2,1
z471
34,1,1
/588
65,2,1
/710
59,2,1
z426
36,1,1
/442
67,2,1
z528
57,2,1
/396
64,2,1
z1683
63,2,1
z477
48,1,1
/448
69,2,1
/1662
55,2,1
z432
39,1,1
/551
70,2,1
z437
31,1,1
/447
66,2,1
z393
35,1,1
/1296
56,2,1
z1924
50,1,1
z396
33,1,1
z532
49,1,1
z357
42,1,1
z391
53,2,1
z379
37,1,1
/577
58,2,1
z636
45,1,1
z422
52,2,1
z431
41,1,1
/498
68,2,1
z371
44,1,1
z385
43,1,1
z509
0,0,0
z432
39,1,1
z451
36,1,1
z440
35,1,1
z522
44,1,1
z383
32,1,1
z404
45,1,1
/940
54,2,1
/436
55,2,1
/383
62,2,1
z366
40,1,1
z620
52,2,1
z349
38,1,1
z465
51,2,1
z620
53,2,1
z471
33,1,1
/1113
50,1,1
/433
65,2,1
/582
66,2,1
z378
59,2,1
/916
61,2,1
z369
31,1,1
z924
41,1,1
/740
68,2,1
z466
49,1,1
z423
37,1,1
z492
48,1,1
z1096
58,2,1
z407
63,2,1
z567
57,2,1
/563
70,2,1
z406
67,2,1
/1528
64,2,1
z601
43,1,1
z402
34,1,1
z1023
60,2,1
z625
56,2,1
z503
46,1,1
/1048
69,2,1
z382
42,1,1
z374
47,1,1
/506
0,0,0
z1088
31,1,1
/593
69,2,1
z337
48,1,1
z367
53,2,1
/453
60,2,1
z512
40,1,1
/590
57,2,1
z4972
52,2,1
z378
58,2,1
z390
35,1,1
z415
42,1,1
/605
66,2,1
z346
41,1,1
z420
37,1,1
/552
64,2,1
/527
68,2,1
z1716
59,2,1
z664
54,2,1
z513
49,1,1
z593
63,2,1
z629
47,1,1
/755
62,2,1
z389
50,1,1
z993
56,2,1
/392
65,2,1
z397
51,2,1
z416
39,1,1
z354
46,1,1
z371
44,1,1
z372
43,1,1
/560
67,2,1
z1207
61,2,1
z599
32,1,1
z441
33,1,1
/544
70,2,1
z380
34,1,1
z475
38,1,1
z524
36,1,1
z521
55,2,1
z510
45,1,1
/587
0,0,0
z390
44,1,1
/523
58,2,1
/450
60,2,1
/445
55,2,1
/409
67,2,1
/412
70,2,1
z429
40,1,1
z429
36,1,1
z391
38,1,1
z602
48,1,1
/1083
63,2,1
z333
32,1,1
z2374
51,2,1
z397
49,1,1
/713
62,2,1
/561
66,2,1
/395
61,2,1
z386
43,1,1
z396
34,1,1
/674
68,2,1
/587
65,2,1
z361
33,1,1
z1886
56,2,1
z395
35,1,1
z466
41,1,1
/1390
69,2,1
z606
52,2,1
z690
59,2,1
z579
50,1,1
z409
45,1,1
z449
54,2,1
/386
64,2,1
z347
46,1,1
z368
31,1,1
z316
37,1,1
z389
42,1,1
/460
57,2,1
z381
39,1,1
/466
53,2,1
z377
47,1,1
/586
0,0,0
z365
62,2,1
/570
64,2,1
z397
35,1,1
/502
66,2,1
z438
56,2,1
/416
59,2,1
z1291
43,1,1
z373
34,1,1
z415
37,1,1
z432
45,1,1
z371
63,2,1
z508
50,1,1
z433
32,1,1
z549
42,1,1
z457
39,1,1
/831
48,1,1
z321
36,1,1
z415
33,1,1
/507
67,2,1
z530
49,1,1
z416
31,1,1
z563
41,1,1
/496
65,2,1
z361
53,2,1
z464
38,1,1
z458
55,2,1
/477
61,2,1
z390
44,1,1
/494
70,2,1
/586
68,2,1
z418
40,1,1
/469
69,2,1
/491
60,2,1
z438
46,1,1
/561
57,2,1
/590
52,2,1
z605
58,2,1
/488
47,1,1
z549
54,2,1
z391
51,2,1
/482
0,0,0
z513
41,1,1
z455
35,1,1
z500
57,2,1
/461
66,2,1
z387
44,1,1
z573
56,2,1
z457
47,1,1
z371
42,1,1
z735
52,2,1
z541
49,1,1
/631
64,2,1
/489
59,2,1
/567
68,2,1
z492
53,2,1
z519
43,1,1
/461
65,2,1
z379
50,1,1
z433
46,1,1
/421
60,2,1
z357
63,2,1
z445
34,1,1
z598
39,1,1
z543
38,1,1
z450
33,1,1
/588
69,2,1
z350
32,1,1
z463
48,1,1
z618
51,2,1
/350
61,2,1
z341
37,1,1
z491
54,2,1
z417
36,1,1
z514
45,1,1
z410
31,1,1
/764
58,2,1
z442
40,1,1
/500
70,2,1
/516
62,2,1
/464
67,2,1
z440
55,2,1
/457
0,0,0
z470
56,2,1
z503
32,1,1
z421
49,1,1
z529
46,1,1
/428
69,2,1
z440
37,1,1
/528
61,2,1
z373
51,2,1
z428
55,2,1
z549
41,1,1
/708
58,2,1
z365
39,1,1
/465
67,2,1
z442
54,2,1
z358
34,1,1
/522
65,2,1
z378
48,1,1
z664
50,1,1
/444
70,2,1
z405
33,1,1
/1058
68,2,1
z358
38,1,1
z453
43,1,1
z517
47,1,1
z643
53,2,1
/535
60,2,1
z374
31,1,1
z875
57,2,1
/448
66,2,1
z354
44,1,1
z511
52,2,1
z392
35,1,1
z1694
62,2,1
z462
45,1,1
z442
42,1,1
z416
40,1,1
z458
36,1,1
z765
59,2,1
/583
64,2,1
/401
63,2,1
/542
0,0,0
z371
41,1,1
z385
43,1,1
z350
36,1,1
z425
38,1,1
/821
60,2,1
/473
68,2,1
/1122
64,2,1
z953
62,2,1
z633
39,1,1
/1676
69,2,1
z595
53,2,1
z958
57,2,1
/616
66,2,1
z485
49,1,1
z2778
61,2,1
z463
35,1,1
z480
31,1,1
z1216
55,2,1
z457
48,1,1
z527
46,1,1
z483
33,1,1
/485
70,2,1
z603
58,2,1
z470
42,1,1
/468
65,2,1
z603
56,2,1
/603
59,2,1
z536
44,1,1
z854
45,1,1
z825
40,1,1
z436
32,1,1
z472
50,1,1
z634
54,2,1
z1198
51,2,1
z498
47,1,1
z283
34,1,1
z315
37,1,1
/518
67,2,1
z659
52,2,1
/457
63,2,1
/541
0,0,0
z452
52,2,1
/633
54,2,1
/501
67,2,1
/541
61,2,1
z492
50,1,1
z404
40,1,1
z554
38,1,1
/585
65,2,1
/590
66,2,1
z402
45,1,1
z477
56,2,1
z349
36,1,1
z379
48,1,1
z445
64,2,1
z359
57,2,1
z353
47,1,1
z314
37,1,1
z348
41,1,1
z431
44,1,1
/609
62,2,1
z418
53,2,1
z320
39,1,1
z352
32,1,1
z595
63,2,1
z584
55,2,1
z407
46,1,1
z427
58,2,1
z361
34,1,1
/569
68,2,1
z333
43,1,1
z340
35,1,1
/632
69,2,1
z344
31,1,1
z425
33,1,1
z329
51,2,1
/422
70,2,1
z313
60,2,1
z377
49,1,1
z874
59,2,1
z442
42,1,1
/464
0,0,0
z339
45,1,1
z458
59,2,1
/649
54,2,1
/445
55,2,1
z389
36,1,1
/523
61,2,1
z400
44,1,1
z400
47,1,1
z344
34,1,1
z382
35,1,1
z753
62,2,1
/657
64,2,1
z367
48,1,1
z429
39,1,1
/596
66,2,1
/593
63,2,1
z344
52,2,1
z420
38,1,1
z390
41,1,1
/505
67,2,1
/462
68,2,1
/580
70,2,1
z373
33,1,1
/1651
57,2,1
z490
49,1,1
z398
53,2,1
z429
40,1,1
/452
65,2,1
z340
43,1,1
z398
51,2,1
/410
56,2,1
z368
31,1,1
/501
60,2,1
z313
46,1,1
z474
42,1,1
z400
37,1,1
/500
58,2,1
/498
69,2,1
z390
32,1,1
z484
50,1,1
z626
0,0,0
z405
33,1,1
/569
60,2,1
z631
54,2,1
/598
64,2,1
z487
48,1,1
/463
52,2,1
z330
40,1,1
z450
34,1,1
z425
45,1,1
/583
61,2,1
/409
59,2,1
z852
43,1,1
z343
37,1,1
/1209
62,2,1
/518
69,2,1
z361
41,1,1
z518
50,1,1
z538
38,1,1
/863
66,2,1
z449
49,1,1
z473
46,1,1
/717
65,2,1
z487
39,1,1
z456
35,1,1
z449
36,1,1
z1066
55,2,1
/486
63,2,1
z381
47,1,1
z370
31,1,1
z520
51,2,1
z425
44,1,1
/731
67,2,1
z386
42,1,1
z288
58,2,1
/615
56,2,1
/621
68,2,1
z440
57,2,1
z366
32,1,1
/548
70,2,1
z406
53,2,1
z540
0,0,0
z291
50,1,1
z380
46,1,1
z661
64,2,1
z4045
61,2,1
z403
40,1,1
/499
66,2,1
z461
42,1,1
z454
52,2,1
z374
51,2,1
/502
60,2,1
/429
55,2,1
z389
44,1,1
z353
43,1,1
z445
53,2,1
/482
70,2,1
z353
33,1,1
z395
36,1,1
z444
34,1,1
/556
62,2,1
z332
41,1,1
z417
38,1,1
z380
31,1,1
z339
35,1,1
/552
67,2,1
/376
69,2,1
z439
57,2,1
/442
59,2,1
/386
63,2,1
/372
68,2,1
/354
54,2,1
z385
49,1,1
z429
32,1,1
z403
47,1,1
z356
48,1,1
/539
58,2,1
/512
65,2,1
z393
37,1,1
z331
39,1,1
z654
56,2,1
z596
45,1,1
/518
0,0,0
z341
34,1,1
z320
39,1,1
z324
59,2,1
/369
40,1,1
z341
68,2,1
z1219
45,1,1
/446
69,2,1
z456
38,1,1
z375
44,1,1
/438
66,2,1
z396
43,1,1
z393
31,1,1
/511
58,2,1
z358
33,1,1
z341
37,1,1
z372
48,1,1
/531
60,2,1
/476
67,2,1
/529
64,2,1
z460
41,1,1
z351
32,1,1
z487
35,1,1
z1003
53,2,1
z624
49,1,1
z358
36,1,1
/480
70,2,1
/684
63,2,1
z933
55,2,1
z611
47,1,1
z643
50,1,1
z429
56,2,1
/434
65,2,1
z611
52,2,1
z430
42,1,1
z590
54,2,1
/790
61,2,1
z415
51,2,1
z650
57,2,1
/424
62,2,1
z473
46,1,1
z405
0,0,0
z668
49,1,1
z336
47,1,1
z347
37,1,1
z261
41,1,1
z2826
40,1,1
z531
59,2,1
z391
38,1,1
/619
56,2,1
z973
39,1,1
/548
69,2,1
/601
66,2,1
/441
65,2,1
z376
33,1,1
z659
48,1,1
z355
43,1,1
/500
70,2,1
z330
45,1,1
z407
35,1,1
z479
34,1,1
/465
64,2,1
z418
57,2,1
/620
61,2,1
z438
31,1,1
z382
53,2,1
z351
52,2,1
/423
62,2,1
z372
51,2,1
z369
36,1,1
z397
42,1,1
z348
58,2,1
/519
68,2,1
z465
54,2,1
/461
50,1,1
/508
67,2,1
z405
63,2,1
z365
46,1,1
z337
32,1,1
z566
60,2,1
z369
44,1,1
z426
55,2,1
z660
0,0,0
z431
63,2,1
z561
51,2,1
/549
62,2,1
z352
60,2,1
/441
69,2,1
z340
49,1,1
z373
41,1,1
z386
32,1,1
z431
45,1,1
/482
68,2,1
z351
44,1,1
/456
66,2,1
z359
54,2,1
z599
46,1,1
z390
65,2,1
z388
37,1,1
/522
59,2,1
z401
48,1,1
z376
42,1,1
z342
52,2,1
/396
58,2,1
/573
64,2,1
z494
50,1,1
z413
34,1,1
z549
57,2,1
/730
67,2,1
z380
56,2,1
z355
43,1,1
z361
33,1,1
z328
40,1,1
z429
39,1,1
/495
70,2,1
z377
47,1,1
z474
53,2,1
z295
35,1,1
/778
61,2,1
z291
36,1,1
/434
55,2,1
z311
38,1,1
z274
31,1,1
z894
0,0,0
z6394
60,2,1
z391
46,1,1
z1583
39,1,1
z373
38,1,1
/555
66,2,1
z337
36,1,1
z576
48,1,1
z568
43,1,1
z379
59,2,1
/635
52,2,1
/454
62,2,1
/1484
57,2,1
z508
53,2,1
z387
41,1,1
z486
50,1,1
/485
58,2,1
/535
64,2,1
z398
42,1,1
/567
51,2,1
/475
67,2,1
z342
63,2,1
/450
69,2,1
z345
32,1,1
z643
56,2,1
z506
49,1,1
z375
47,1,1
z358
34,1,1
z397
37,1,1
z337
54,2,1
z404
45,1,1
z605
55,2,1
z401
40,1,1
z385
31,1,1
z334
33,1,1
z303
44,1,1
z232
70,2,1
/696
61,2,1
z427
35,1,1
/575
65,2,1
/454
68,2,1
/735
0,0,0
/799
59,2,1
/924
57,2,1
/508
55,2,1
/492
61,2,1
z495
43,1,1
/493
69,2,1
z652
34,1,1
/448
58,2,1
/754
68,2,1
z678
48,1,1
/437
60,2,1
/504
67,2,1
z597
53,2,1
/448
51,2,1
z385
35,1,1
/407
65,2,1
z323
41,1,1
/392
70,2,1
z384
33,1,1
z424
44,1,1
z451
42,1,1
/487
62,2,1
z402
50,1,1
/410
54,2,1
z495
32,1,1
z436
46,1,1
/614
56,2,1
z342
36,1,1
/504
66,2,1
z337
49,1,1
/712
64,2,1
z350
47,1,1
z350
37,1,1
z361
31,1,1
z490
52,2,1
z418
45,1,1
/477
63,2,1
z304
40,1,1
z468
38,1,1
z367
39,1,1
END
Start of error log
End of error log
