/home/cogsys/aging/dtpbsy/dt16tl46b /home/cogsys/aging/dtpbsy/dt16bcy128
/15848
0,0,0
z2819
55,2,1
z2025
46,1,1
z1224
35,1,1
/919
68,2,1
z777
33,1,1
z2150
52,2,1
/896
56,2,1
z6620
45,1,1
z2459
39,1,1
z955
31,1,1
z1001
38,1,1
/583
70,2,1
/447
61,2,1
/876
57,2,1
/1109
41,1,1
/1061
48,1,1
/1066
47,1,1
/6302
49,1,1
/1003
65,2,1
/762
64,2,1
/794
51,2,1
/767
67,2,1
z3182
44,1,1
z838
42,1,1
/1039
59,2,1
/5490
50,1,1
z772
37,1,1
/1192
53,2,1
z1465
43,1,1
z620
36,1,1
/768
60,2,1
z708
34,1,1
/722
69,2,1
z673
32,1,1
/882
54,2,1
/650
66,2,1
/653
58,2,1
z706
40,1,1
/651
62,2,1
/2807
63,2,1
/1361
0,0,0
z1468
37,1,1
/1154
55,2,1
/975
48,1,1
z729
42,1,1
/683
69,2,1
/1112
47,1,1
z2300
36,1,1
/1004
57,2,1
/669
56,2,1
/717
65,2,1
/787
61,2,1
z682
33,1,1
z2269
46,1,1
z634
43,1,1
/638
62,2,1
z633
31,1,1
/1811
53,2,1
/843
64,2,1
/827
67,2,1
z706
38,1,1
z1403
39,1,1
z2521
51,2,1
z820
34,1,1
z705
40,1,1
z595
35,1,1
z1620
44,1,1
/1434
54,2,1
/524
66,2,1
/669
60,2,1
/1301
59,2,1
/545
70,2,1
z5085
49,1,1
/723
68,2,1
/674
58,2,1
/771
45,1,1
z760
41,1,1
z1045
32,1,1
/709
63,2,1
/990
50,1,1
/685
52,2,1
/751
0,0,0
z754
32,1,1
/660
66,2,1
/712
67,2,1
/663
64,2,1
/673
61,2,1
/1243
51,2,1
/1194
40,1,1
/3030
52,2,1
z1062
37,1,1
z706
34,1,1
z597
31,1,1
/686
53,2,1
z4636
43,1,1
/1149
54,2,1
/856
58,2,1
/670
70,2,1
z999
42,1,1
/777
63,2,1
/580
69,2,1
z557
36,1,1
z737
35,1,1
/1112
56,2,1
/1219
50,1,1
/916
46,1,1
/666
49,1,1
/617
60,2,1
z1955
44,1,1
/701
59,2,1
z841
47,1,1
z1657
45,1,1
/701
68,2,1
z1084
48,1,1
z718
39,1,1
/775
62,2,1
/753
57,2,1
z912
41,1,1
/974
65,2,1
z1458
38,1,1
z1181
33,1,1
/1169
55,2,1
/601
0,0,0
/965
59,2,1
/729
50,1,1
/740
58,2,1
/521
49,1,1
z670
37,1,1
/726
48,1,1
/708
65,2,1
/2006
42,1,1
/506
69,2,1
/794
60,2,1
/1680
41,1,1
/1421
33,1,1
/1619
66,2,1
z640
31,1,1
/2113
45,1,1
z950
36,1,1
z639
35,1,1
/874
70,2,1
z696
32,1,1
/751
67,2,1
/666
57,2,1
/718
56,2,1
/635
55,2,1
z786
44,1,1
z777
43,1,1
/624
61,2,1
/663
68,2,1
/630
63,2,1
/861
47,1,1
/648
62,2,1
z1282
38,1,1
/925
40,1,1
/708
46,1,1
/673
51,2,1
/548
64,2,1
z1215
52,2,1
/1214
54,2,1
z794
39,1,1
/844
53,2,1
z1205
34,1,1
/706
0,0,0
z879
33,1,1
/2484
57,2,1
z1078
50,1,1
z5089
67,2,1
z1683
42,1,1
z2948
56,2,1
z1529
66,2,1
z1081
46,1,1
/3053
61,2,1
/2626
47,1,1
/653
59,2,1
/1383
48,1,1
/603
70,2,1
/2141
38,1,1
/486
64,2,1
z2563
40,1,1
/698
53,2,1
z1798
34,1,1
z2447
49,1,1
/1400
65,2,1
z787
36,1,1
/839
55,2,1
z667
31,1,1
/2208
54,2,1
/1234
69,2,1
/1306
62,2,1
/811
63,2,1
z1612
39,1,1
z857
37,1,1
/1420
58,2,1
z848
43,1,1
z2042
32,1,1
/922
44,1,1
/1583
52,2,1
/609
60,2,1
z1572
45,1,1
/795
68,2,1
z3551
51,2,1
z1333
35,1,1
z1321
41,1,1
/2013
0,0,0
z1824
46,1,1
z2855
51,2,1
z693
34,1,1
/761
62,2,1
/876
48,1,1
/869
67,2,1
/2004
52,2,1
/2123
43,1,1
/2701
60,2,1
/959
64,2,1
/776
70,2,1
/858
63,2,1
z2056
49,1,1
z485
31,1,1
z538
32,1,1
z496
55,2,1
z488
38,1,1
z597
33,1,1
z663
54,2,1
z753
37,1,1
/853
68,2,1
z2901
53,2,1
z943
40,1,1
/1182
56,2,1
z773
44,1,1
z826
35,1,1
z652
47,1,1
/955
69,2,1
/996
66,2,1
/758
59,2,1
/707
65,2,1
/2599
50,1,1
z586
57,2,1
/911
61,2,1
/1564
58,2,1
z1245
36,1,1
z1035
39,1,1
z1273
42,1,1
z702
45,1,1
z797
41,1,1
z805
0,0,0
z1324
50,1,1
/711
61,2,1
z875
45,1,1
/1147
68,2,1
z711
37,1,1
/732
70,2,1
/1235
69,2,1
z615
46,1,1
z596
35,1,1
/829
53,2,1
/529
67,2,1
/609
64,2,1
/1064
54,2,1
/673
44,1,1
z750
34,1,1
z1254
36,1,1
z1875
63,2,1
z707
52,2,1
/745
66,2,1
/7051
59,2,1
/2915
57,2,1
z3094
47,1,1
z565
38,1,1
z531
31,1,1
z2567
42,1,1
z655
48,1,1
/1161
58,2,1
z1041
51,2,1
/1470
60,2,1
z2409
40,1,1
z511
41,1,1
z678
49,1,1
/688
65,2,1
z858
32,1,1
z586
39,1,1
z870
43,1,1
/2123
55,2,1
/749
56,2,1
/598
62,2,1
z665
33,1,1
/781
0,0,0
z894
42,1,1
z532
45,1,1
/589
68,2,1
/791
58,2,1
/630
56,2,1
z724
36,1,1
z838
35,1,1
z615
52,2,1
/1092
62,2,1
z887
33,1,1
z624
59,2,1
z892
69,2,1
z768
43,1,1
z1555
53,2,1
/2246
57,2,1
/977
50,1,1
z736
32,1,1
z713
37,1,1
/675
67,2,1
z2664
40,1,1
/632
65,2,1
z661
38,1,1
/636
47,1,1
z831
44,1,1
z2322
41,1,1
z719
34,1,1
z563
31,1,1
/823
55,2,1
z594
60,2,1
/613
51,2,1
/585
63,2,1
/494
61,2,1
/553
66,2,1
/459
70,2,1
/708
54,2,1
z1132
39,1,1
/817
64,2,1
/725
48,1,1
/630
49,1,1
/545
46,1,1
/652
0,0,0
/855
50,1,1
/664
46,1,1
/487
55,2,1
/829
47,1,1
/505
53,2,1
z875
35,1,1
z2132
37,1,1
/695
57,2,1
/620
58,2,1
/548
51,2,1
z732
38,1,1
z616
31,1,1
/670
62,2,1
/645
70,2,1
/596
68,2,1
/569
61,2,1
z671
41,1,1
/594
69,2,1
z681
45,1,1
z706
36,1,1
z583
34,1,1
/644
63,2,1
z1803
40,1,1
z2188
52,2,1
z840
39,1,1
/581
64,2,1
/702
59,2,1
/552
67,2,1
/755
54,2,1
z697
32,1,1
z2535
56,2,1
z533
49,1,1
z906
44,1,1
z974
43,1,1
z1612
42,1,1
z637
60,2,1
z673
33,1,1
/1259
66,2,1
z978
48,1,1
/676
65,2,1
/577
0,0,0
/940
58,2,1
/748
45,1,1
/735
67,2,1
/751
66,2,1
/451
64,2,1
z541
33,1,1
z491
43,1,1
z448
37,1,1
/734
51,2,1
/545
65,2,1
/836
54,2,1
/543
35,1,1
/687
52,2,1
z972
34,1,1
/807
62,2,1
z663
32,1,1
/727
61,2,1
/877
50,1,1
z3041
41,1,1
/808
57,2,1
z686
36,1,1
/693
68,2,1
/863
49,1,1
z1158
42,1,1
/1325
63,2,1
/868
70,2,1
z963
39,1,1
/1360
69,2,1
/910
55,2,1
z1482
40,1,1
/1223
60,2,1
/676
47,1,1
/532
48,1,1
/829
38,1,1
/588
44,1,1
/571
59,2,1
/543
56,2,1
/545
46,1,1
z735
31,1,1
/1124
53,2,1
/538
0,0,0
z684
33,1,1
z4245
45,1,1
/627
48,1,1
/895
42,1,1
z2956
43,1,1
z1805
46,1,1
/1211
49,1,1
z1902
50,1,1
/648
63,2,1
z1207
40,1,1
/4489
57,2,1
/610
59,2,1
z835
47,1,1
z805
35,1,1
z1612
32,1,1
/579
70,2,1
/724
69,2,1
/675
56,2,1
/638
62,2,1
/528
67,2,1
z2334
39,1,1
/849
52,2,1
z2153
31,1,1
/1192
44,1,1
z2364
37,1,1
z2917
36,1,1
/890
60,2,1
/434
64,2,1
/727
41,1,1
/568
55,2,1
/1029
38,1,1
/1944
51,2,1
z677
53,2,1
/662
68,2,1
/474
65,2,1
/340
58,2,1
z693
34,1,1
/848
61,2,1
/3147
66,2,1
/640
54,2,1
/516
0,0,0
/1250
47,1,1
z1133
34,1,1
/597
66,2,1
z2063
41,1,1
z664
42,1,1
/637
64,2,1
z745
37,1,1
z622
39,1,1
/661
63,2,1
/584
62,2,1
/525
68,2,1
/571
69,2,1
/472
70,2,1
z869
40,1,1
/628
61,2,1
/573
50,1,1
/1960
48,1,1
z615
32,1,1
z866
31,1,1
/549
54,2,1
z566
56,2,1
z1250
33,1,1
z3785
49,1,1
z668
36,1,1
/534
57,2,1
z942
44,1,1
z1152
52,2,1
/810
65,2,1
/713
59,2,1
/627
55,2,1
z913
46,1,1
z702
51,2,1
z567
35,1,1
/1403
58,2,1
z606
43,1,1
/797
67,2,1
z701
53,2,1
z717
38,1,1
z524
45,1,1
z620
60,2,1
/662
0,0,0
/735
60,2,1
/2666
33,1,1
/680
55,2,1
/607
36,1,1
/558
35,1,1
/520
66,2,1
/518
61,2,1
z849
34,1,1
z636
41,1,1
/1852
59,2,1
/542
52,2,1
/517
54,2,1
z817
32,1,1
/609
58,2,1
z1466
42,1,1
/706
40,1,1
/642
69,2,1
z652
31,1,1
z1047
37,1,1
z513
43,1,1
/674
62,2,1
/586
53,2,1
/539
49,1,1
z1250
38,1,1
/718
65,2,1
z639
51,2,1
z818
48,1,1
z1646
56,2,1
z3166
50,1,1
z1354
39,1,1
/745
67,2,1
z3721
45,1,1
z745
46,1,1
/581
63,2,1
/551
70,2,1
/898
47,1,1
/946
57,2,1
/753
64,2,1
/621
68,2,1
z1035
44,1,1
/636
0,0,0
/10143
54,2,1
z612
33,1,1
/710
62,2,1
/481
66,2,1
/446
63,2,1
z884
39,1,1
/3919
46,1,1
/465
56,2,1
/909
48,1,1
/724
57,2,1
/656
49,1,1
/616
70,2,1
/709
51,2,1
z924
32,1,1
z1406
45,1,1
z635
34,1,1
/563
60,2,1
z556
42,1,1
/648
59,2,1
z755
35,1,1
z7700
50,1,1
/1121
69,2,1
/505
65,2,1
/704
58,2,1
z651
44,1,1
/2084
61,2,1
z681
40,1,1
/727
67,2,1
z597
36,1,1
z507
53,2,1
z588
37,1,1
/604
64,2,1
/1105
41,1,1
/436
47,1,1
/3105
43,1,1
z638
38,1,1
/766
55,2,1
/806
52,2,1
z580
31,1,1
/681
68,2,1
/532
0,0,0
/1241
56,2,1
/851
39,1,1
z616
36,1,1
/823
49,1,1
/1290
70,2,1
/918
63,2,1
/1225
47,1,1
/1235
44,1,1
/550
54,2,1
/532
65,2,1
/1036
61,2,1
z602
42,1,1
z544
34,1,1
/866
52,2,1
/1147
59,2,1
/859
67,2,1
/555
51,2,1
z724
38,1,1
/728
58,2,1
z662
33,1,1
/635
53,2,1
z565
37,1,1
/620
60,2,1
z556
35,1,1
/607
66,2,1
z434
68,2,1
/810
62,2,1
z603
32,1,1
z1031
48,1,1
z823
50,1,1
z572
41,1,1
z604
40,1,1
/707
64,2,1
/525
69,2,1
/819
55,2,1
z1463
45,1,1
z486
46,1,1
/524
57,2,1
z711
43,1,1
z643
31,1,1
/911
0,0,0
/703
61,2,1
/522
69,2,1
/435
62,2,1
/396
42,1,1
z737
33,1,1
/573
67,2,1
/517
57,2,1
/1259
49,1,1
z613
32,1,1
/480
64,2,1
/471
63,2,1
z838
35,1,1
/2106
51,2,1
/742
66,2,1
/607
50,1,1
/746
70,2,1
/611
52,2,1
/669
46,1,1
z564
37,1,1
z751
45,1,1
z523
36,1,1
z413
54,2,1
/749
65,2,1
/1666
56,2,1
z572
31,1,1
/625
59,2,1
z562
43,1,1
z684
44,1,1
z471
39,1,1
/863
68,2,1
z2916
47,1,1
/646
53,2,1
/758
55,2,1
z700
40,1,1
/590
48,1,1
z1350
34,1,1
z734
38,1,1
/624
58,2,1
z647
41,1,1
/617
60,2,1
/587
0,0,0
z1741
38,1,1
/647
60,2,1
z778
35,1,1
/545
69,2,1
/699
51,2,1
/489
66,2,1
z618
34,1,1
/498
63,2,1
/507
70,2,1
/1200
47,1,1
/649
53,2,1
/400
67,2,1
z560
31,1,1
z668
55,2,1
/974
62,2,1
z2053
39,1,1
z682
41,1,1
/896
52,2,1
z720
36,1,1
z625
37,1,1
z506
33,1,1
/678
61,2,1
/675
58,2,1
/601
59,2,1
z838
42,1,1
z646
45,1,1
/921
50,1,1
z492
48,1,1
z1221
32,1,1
/844
65,2,1
/684
56,2,1
/500
64,2,1
/787
49,1,1
/454
68,2,1
/404
57,2,1
/734
40,1,1
/387
54,2,1
/870
44,1,1
/777
46,1,1
/1027
43,1,1
/593
0,0,0
/700
59,2,1
/634
54,2,1
/421
64,2,1
z1349
44,1,1
/851
63,2,1
/599
46,1,1
/579
58,2,1
/1071
50,1,1
/1055
45,1,1
z670
33,1,1
/685
52,2,1
/628
69,2,1
/614
62,2,1
/588
67,2,1
z1146
41,1,1
z1178
47,1,1
/1187
56,2,1
/735
55,2,1
z560
35,1,1
z588
31,1,1
/631
61,2,1
/619
65,2,1
z597
40,1,1
z721
38,1,1
/568
66,2,1
/739
49,1,1
z616
39,1,1
z569
37,1,1
z466
36,1,1
/835
43,1,1
z1272
48,1,1
z2024
42,1,1
z1856
57,2,1
/615
68,2,1
z711
34,1,1
z1377
51,2,1
/2327
53,2,1
/483
60,2,1
/435
70,2,1
z705
32,1,1
/710
0,0,0
z6145
53,2,1
z721
43,1,1
z506
60,2,1
/958
58,2,1
/411
55,2,1
z1197
32,1,1
z574
31,1,1
/895
67,2,1
/1345
52,2,1
/595
49,1,1
/561
50,1,1
/534
56,2,1
/1233
57,2,1
/411
63,2,1
/608
44,1,1
/602
38,1,1
/1302
54,2,1
/513
42,1,1
z626
36,1,1
z1177
34,1,1
/1072
51,2,1
/531
68,2,1
/887
48,1,1
z606
59,2,1
z1168
40,1,1
/958
45,1,1
z786
39,1,1
/700
62,2,1
/702
47,1,1
/773
46,1,1
z993
37,1,1
z494
33,1,1
/558
69,2,1
/655
61,2,1
/552
70,2,1
z676
35,1,1
/827
64,2,1
z1307
41,1,1
/490
65,2,1
/556
66,2,1
/523
0,0,0
/1092
48,1,1
/866
50,1,1
/576
61,2,1
/682
47,1,1
z559
34,1,1
/737
55,2,1
/630
36,1,1
/614
68,2,1
/513
64,2,1
/1181
51,2,1
z1527
37,1,1
/548
70,2,1
z657
32,1,1
z637
46,1,1
z1294
42,1,1
/748
45,1,1
/524
63,2,1
/469
65,2,1
/910
49,1,1
/749
59,2,1
z984
31,1,1
z1161
43,1,1
z914
54,2,1
/716
52,2,1
z682
40,1,1
/942
41,1,1
z884
38,1,1
z689
35,1,1
z776
33,1,1
/711
62,2,1
/779
44,1,1
/514
66,2,1
/536
53,2,1
/729
56,2,1
/480
69,2,1
/973
67,2,1
z694
39,1,1
/2217
60,2,1
/701
57,2,1
/437
58,2,1
/521
0,0,0
z1019
36,1,1
/628
70,2,1
/705
61,2,1
/543
67,2,1
z588
31,1,1
/1124
53,2,1
/499
64,2,1
/724
41,1,1
/442
63,2,1
/830
59,2,1
/1298
45,1,1
z888
40,1,1
/651
39,1,1
z3938
49,1,1
z539
34,1,1
z1488
47,1,1
z658
37,1,1
z616
35,1,1
z560
38,1,1
/1930
48,1,1
/546
56,2,1
/505
57,2,1
/849
42,1,1
/501
50,1,1
z936
32,1,1
/1964
44,1,1
/591
68,2,1
/614
69,2,1
/549
46,1,1
/1116
52,2,1
/719
65,2,1
/674
66,2,1
/1118
43,1,1
/588
60,2,1
/501
51,2,1
/649
58,2,1
/513
54,2,1
z878
33,1,1
/797
62,2,1
/540
55,2,1
/572
0,0,0
/676
62,2,1
/1399
41,1,1
/601
48,1,1
/519
58,2,1
/511
40,1,1
/480
59,2,1
/389
52,2,1
z1356
45,1,1
/984
64,2,1
/577
44,1,1
/580
65,2,1
z914
38,1,1
/589
69,2,1
/540
66,2,1
z597
39,1,1
/630
60,2,1
z668
32,1,1
/2313
55,2,1
/1001
57,2,1
/906
49,1,1
z695
37,1,1
/590
70,2,1
z851
43,1,1
/608
50,1,1
/873
46,1,1
/606
54,2,1
/576
53,2,1
/510
51,2,1
/1125
61,2,1
/444
56,2,1
/355
63,2,1
/1401
42,1,1
z626
33,1,1
/672
68,2,1
z657
31,1,1
z531
35,1,1
/623
67,2,1
/613
47,1,1
z670
36,1,1
z739
34,1,1
z1941
0,0,0
z2107
54,2,1
/1640
53,2,1
/727
43,1,1
/517
61,2,1
z543
31,1,1
/614
48,1,1
/583
56,2,1
/467
55,2,1
/442
60,2,1
z1192
36,1,1
z1860
50,1,1
z741
37,1,1
z473
33,1,1
/567
69,2,1
/597
58,2,1
/496
66,2,1
/526
52,2,1
/539
45,1,1
/468
67,2,1
/500
70,2,1
/1375
49,1,1
z795
32,1,1
z939
46,1,1
/577
44,1,1
z2114
41,1,1
/829
59,2,1
/538
65,2,1
/491
64,2,1
/558
57,2,1
/1065
40,1,1
/727
39,1,1
/850
47,1,1
/1374
51,2,1
/530
63,2,1
/479
68,2,1
/597
62,2,1
z1875
34,1,1
z579
38,1,1
z1099
35,1,1
z692
42,1,1
/2098
0,0,0
z659
39,1,1
/567
63,2,1
/425
64,2,1
/460
51,2,1
/415
59,2,1
/462
70,2,1
z766
32,1,1
/538
69,2,1
/532
54,2,1
z877
35,1,1
/516
65,2,1
/487
55,2,1
/392
67,2,1
z544
31,1,1
/777
60,2,1
/452
47,1,1
/536
66,2,1
/362
58,2,1
/412
49,1,1
/414
62,2,1
/978
45,1,1
/1058
41,1,1
/673
40,1,1
/551
48,1,1
/919
56,2,1
/557
36,1,1
/538
50,1,1
/460
42,1,1
/400
57,2,1
z1005
34,1,1
/602
46,1,1
/873
37,1,1
/432
61,2,1
z1317
38,1,1
/543
68,2,1
z710
44,1,1
z649
33,1,1
z1058
43,1,1
/910
53,2,1
/502
52,2,1
/503
0,0,0
/687
49,1,1
/515
70,2,1
z623
37,1,1
z767
35,1,1
z940
45,1,1
/681
62,2,1
/909
64,2,1
z698
53,2,1
z900
36,1,1
/702
68,2,1
z707
39,1,1
z497
31,1,1
/545
66,2,1
z765
33,1,1
z1285
46,1,1
z924
42,1,1
z876
41,1,1
/1274
51,2,1
/843
59,2,1
/406
69,2,1
z1659
38,1,1
/618
61,2,1
z2675
43,1,1
/657
60,2,1
/533
67,2,1
/451
63,2,1
z752
34,1,1
z747
40,1,1
/979
65,2,1
z609
32,1,1
z1417
44,1,1
/542
54,2,1
/337
52,2,1
/856
57,2,1
/1324
55,2,1
/393
48,1,1
/452
58,2,1
/525
47,1,1
/531
56,2,1
/713
50,1,1
/572
0,0,0
/570
54,2,1
/553
70,2,1
/437
68,2,1
/686
58,2,1
/401
49,1,1
/528
55,2,1
/793
51,2,1
/1042
52,2,1
/651
64,2,1
z1386
42,1,1
z501
38,1,1
z1009
48,1,1
/753
57,2,1
/501
67,2,1
z680
39,1,1
/631
65,2,1
z561
44,1,1
z618
40,1,1
/1145
59,2,1
z653
45,1,1
z1059
46,1,1
z710
60,2,1
/1551
47,1,1
/493
66,2,1
/621
50,1,1
z1366
32,1,1
z752
35,1,1
z550
37,1,1
/1180
62,2,1
z704
36,1,1
/540
53,2,1
z694
31,1,1
/549
69,2,1
z533
33,1,1
z2002
43,1,1
/576
61,2,1
z571
41,1,1
z637
34,1,1
/545
63,2,1
/551
56,2,1
/4197
0,0,0
/676
55,2,1
/469
57,2,1
z634
37,1,1
/618
47,1,1
/763
51,2,1
z635
34,1,1
/1034
42,1,1
z552
68,2,1
z865
36,1,1
/489
64,2,1
z720
43,1,1
/553
65,2,1
/519
62,2,1
z704
31,1,1
/2841
54,2,1
/548
45,1,1
/568
50,1,1
z643
32,1,1
z1157
38,1,1
/942
49,1,1
/485
61,2,1
z706
40,1,1
z646
41,1,1
/817
63,2,1
/491
59,2,1
/446
67,2,1
/437
60,2,1
z927
33,1,1
/719
58,2,1
/598
53,2,1
/792
39,1,1
/583
52,2,1
/728
48,1,1
/502
56,2,1
z1052
35,1,1
/444
66,2,1
/510
70,2,1
z926
46,1,1
z989
44,1,1
/624
69,2,1
/523
0,0,0
/719
68,2,1
/410
70,2,1
z668
41,1,1
/472
57,2,1
z609
32,1,1
/536
65,2,1
z683
37,1,1
z536
44,1,1
/746
60,2,1
z734
43,1,1
/542
47,1,1
/494
54,2,1
z785
31,1,1
/583
69,2,1
/466
62,2,1
/652
42,1,1
/564
63,2,1
/527
45,1,1
/457
58,2,1
/567
56,2,1
/584
59,2,1
/396
53,2,1
z727
33,1,1
z610
40,1,1
z806
49,1,1
z642
36,1,1
z579
34,1,1
/710
61,2,1
/691
55,2,1
z588
39,1,1
/568
52,2,1
/636
50,1,1
z1027
46,1,1
z3400
48,1,1
/849
64,2,1
/588
67,2,1
/470
66,2,1
/587
51,2,1
/1059
38,1,1
z590
35,1,1
z4643
0,0,0
/1332
64,2,1
/657
53,2,1
/457
66,2,1
z1130
39,1,1
z598
44,1,1
z497
38,1,1
/581
57,2,1
/576
50,1,1
/511
54,2,1
/535
52,2,1
z608
32,1,1
z567
37,1,1
/833
40,1,1
/855
47,1,1
/451
33,1,1
/475
60,2,1
/484
67,2,1
z1004
34,1,1
z903
31,1,1
/630
68,2,1
/579
63,2,1
/502
69,2,1
/1680
46,1,1
/501
56,2,1
/604
59,2,1
/422
58,2,1
z984
36,1,1
z875
51,2,1
z1635
55,2,1
z933
41,1,1
/1240
49,1,1
/692
42,1,1
/669
45,1,1
z1044
35,1,1
/653
70,2,1
/676
61,2,1
/521
65,2,1
z1330
43,1,1
/736
48,1,1
/518
62,2,1
/536
0,0,0
z832
34,1,1
z2183
41,1,1
z572
39,1,1
z2278
44,1,1
z641
62,2,1
z843
35,1,1
/784
61,2,1
/481
66,2,1
/403
54,2,1
/420
52,2,1
z958
32,1,1
z679
45,1,1
z532
53,2,1
z917
31,1,1
/3060
40,1,1
/815
43,1,1
/518
48,1,1
/460
51,2,1
/576
37,1,1
/607
65,2,1
z992
38,1,1
z675
33,1,1
/588
67,2,1
/677
47,1,1
z890
42,1,1
/589
57,2,1
/1089
56,2,1
/462
63,2,1
z902
36,1,1
/542
59,2,1
/554
64,2,1
z653
46,1,1
/527
58,2,1
/498
68,2,1
/461
50,1,1
/450
70,2,1
/417
69,2,1
/442
49,1,1
/719
60,2,1
/952
55,2,1
END
Start of error log
End of error log
