/home/cogsys/aging/dtpbsy/dt16tl47b /home/cogsys/aging/dtpbsy/dt16bcy130
/5893
0,0,0
z3385
57,2,1
z742
39,1,1
z814
52,2,1
/1446
64,2,1
z495
31,1,1
z484
36,1,1
/727
58,2,1
z653
37,1,1
/497
67,2,1
/617
68,2,1
z581
35,1,1
z709
48,1,1
z834
43,1,1
z621
38,1,1
/517
69,2,1
z719
50,1,1
z1122
46,1,1
z1043
53,2,1
z810
49,1,1
z634
34,1,1
/653
61,2,1
/636
66,2,1
z578
47,1,1
z518
42,1,1
z669
55,2,1
z609
33,1,1
z880
45,1,1
/546
70,2,1
z1303
51,2,1
z539
32,1,1
z1222
60,2,1
/682
65,2,1
z1571
62,2,1
z1493
56,2,1
z638
63,2,1
z500
40,1,1
z619
54,2,1
z503
59,2,1
z563
44,1,1
z669
41,1,1
/1194
0,0,0
z6757
52,2,1
z509
42,1,1
z692
43,1,1
z689
48,1,1
z2460
54,2,1
z418
61,2,1
z461
39,1,1
z492
38,1,1
z502
35,1,1
z1109
58,2,1
z419
51,2,1
z444
56,2,1
z486
67,2,1
z539
65,2,1
z501
47,1,1
z6324
63,2,1
z657
37,1,1
z2188
59,2,1
z474
49,1,1
z480
45,1,1
/2524
68,2,1
/1012
53,2,1
z26869
50,1,1
/1405
69,2,1
z809
33,1,1
/4306
64,2,1
/840
66,2,1
z551
31,1,1
/754
60,2,1
/1498
55,2,1
z616
41,1,1
z945
34,1,1
z724
32,1,1
/4121
57,2,1
/904
62,2,1
z733
44,1,1
z465
36,1,1
/525
70,2,1
z1233
40,1,1
z735
46,1,1
/782
0,0,0
/650
65,2,1
/1826
49,1,1
/503
57,2,1
z460
31,1,1
/755
48,1,1
z493
44,1,1
/581
68,2,1
/768
63,2,1
z419
33,1,1
/499
56,2,1
/549
66,2,1
/588
58,2,1
/826
62,2,1
z549
38,1,1
z820
46,1,1
z1405
64,2,1
z686
45,1,1
z712
39,1,1
z556
40,1,1
/677
69,2,1
z584
50,1,1
z1207
55,2,1
z873
42,1,1
z655
52,2,1
z755
47,1,1
z658
59,2,1
/1870
67,2,1
z767
36,1,1
z2284
53,2,1
z673
34,1,1
z700
41,1,1
/503
70,2,1
z2901
60,2,1
z663
54,2,1
z428
43,1,1
z378
37,1,1
z417
35,1,1
/1427
61,2,1
z519
32,1,1
z826
51,2,1
/535
0,0,0
/591
63,2,1
/480
70,2,1
/536
66,2,1
/871
65,2,1
/762
58,2,1
z580
50,1,1
/449
54,2,1
/530
56,2,1
z445
41,1,1
z477
40,1,1
z625
44,1,1
z481
31,1,1
/473
69,2,1
z518
37,1,1
z681
32,1,1
/761
61,2,1
z629
39,1,1
/856
57,2,1
z753
49,1,1
/962
45,1,1
z1242
38,1,1
z562
36,1,1
z798
42,1,1
/623
64,2,1
z4802
35,1,1
/681
60,2,1
z899
34,1,1
/594
62,2,1
z1500
33,1,1
z2101
52,2,1
z616
43,1,1
z680
46,1,1
z600
53,2,1
/489
68,2,1
z712
47,1,1
z911
67,2,1
/593
59,2,1
z798
48,1,1
z804
51,2,1
z657
55,2,1
z687
0,0,0
z786
41,1,1
z518
47,1,1
z521
34,1,1
z507
42,1,1
z433
48,1,1
/531
61,2,1
z6430
51,2,1
/681
57,2,1
/1360
59,2,1
z634
45,1,1
z607
31,1,1
z1117
43,1,1
/830
58,2,1
z971
39,1,1
z1050
55,2,1
/570
69,2,1
/537
68,2,1
/1984
65,2,1
z718
33,1,1
z943
46,1,1
/30941
63,2,1
/978
66,2,1
/624
60,2,1
/577
56,2,1
/751
52,2,1
/809
62,2,1
/688
70,2,1
z702
36,1,1
z1774
50,1,1
z659
53,2,1
z625
49,1,1
z932
67,2,1
z2464
44,1,1
/862
54,2,1
z740
35,1,1
z566
40,1,1
z638
32,1,1
z609
37,1,1
z547
38,1,1
/848
64,2,1
/810
0,0,0
/1050
65,2,1
/482
52,2,1
/463
59,2,1
/447
67,2,1
/377
47,1,1
z686
39,1,1
/828
61,2,1
z569
53,2,1
z1427
43,1,1
z841
33,1,1
z618
46,1,1
z1341
44,1,1
/800
58,2,1
/557
68,2,1
z740
36,1,1
z483
42,1,1
z924
57,2,1
z521
56,2,1
z760
37,1,1
z518
31,1,1
/809
62,2,1
/623
66,2,1
/1420
60,2,1
/683
70,2,1
z1017
40,1,1
z1867
50,1,1
/806
69,2,1
z923
54,2,1
z830
34,1,1
z886
51,2,1
z722
32,1,1
z538
48,1,1
z478
49,1,1
z435
41,1,1
z474
35,1,1
z457
45,1,1
z491
55,2,1
z484
38,1,1
/601
64,2,1
/549
63,2,1
/579
0,0,0
/863
66,2,1
/546
58,2,1
/582
64,2,1
z612
31,1,1
z641
44,1,1
z598
50,1,1
z559
54,2,1
z719
47,1,1
z662
38,1,1
/734
59,2,1
/787
67,2,1
z592
42,1,1
/641
68,2,1
/696
62,2,1
z523
61,2,1
z790
60,2,1
/726
69,2,1
z621
37,1,1
z684
49,1,1
z900
35,1,1
/666
65,2,1
z557
34,1,1
z729
41,1,1
/1308
55,2,1
/911
57,2,1
/918
70,2,1
/841
63,2,1
z824
39,1,1
z1456
52,2,1
/726
53,2,1
z1097
45,1,1
z609
32,1,1
z505
43,1,1
z709
48,1,1
z683
51,2,1
z1476
40,1,1
z837
46,1,1
z810
36,1,1
z528
33,1,1
z6460
56,2,1
/1637
0,0,0
/1137
57,2,1
z456
33,1,1
z433
35,1,1
/469
60,2,1
/591
54,2,1
/536
70,2,1
z585
48,1,1
z468
31,1,1
z546
47,1,1
z516
36,1,1
/1747
63,2,1
z700
50,1,1
z453
51,2,1
z647
53,2,1
z769
55,2,1
z450
40,1,1
z437
49,1,1
/558
68,2,1
z440
46,1,1
/561
58,2,1
/632
62,2,1
/659
65,2,1
z449
38,1,1
/738
64,2,1
z601
59,2,1
z484
39,1,1
z679
34,1,1
z1558
61,2,1
z401
52,2,1
z396
43,1,1
z523
56,2,1
/603
67,2,1
z473
45,1,1
z426
42,1,1
z551
32,1,1
z402
37,1,1
/798
69,2,1
z1921
44,1,1
/746
66,2,1
z1049
41,1,1
/1824
0,0,0
/1042
68,2,1
/1740
70,2,1
/1172
65,2,1
/686
69,2,1
z1175
46,1,1
z1502
39,1,1
/775
67,2,1
z739
37,1,1
/725
66,2,1
z611
32,1,1
/33097
52,2,1
/875
64,2,1
z834
36,1,1
z635
35,1,1
/615
50,1,1
z1382
38,1,1
/524
62,2,1
z5925
47,1,1
z684
41,1,1
z905
40,1,1
z537
31,1,1
z959
53,2,1
z482
34,1,1
/742
56,2,1
/991
55,2,1
z493
48,1,1
/544
61,2,1
z479
33,1,1
/519
59,2,1
z7204
49,1,1
z527
43,1,1
z476
44,1,1
z846
45,1,1
/786
51,2,1
/3245
54,2,1
/4381
60,2,1
z2816
42,1,1
/227
63,2,1
/1095
57,2,1
/910
58,2,1
/667
0,0,0
/1507
67,2,1
z1922
42,1,1
z1013
39,1,1
/703
63,2,1
/744
62,2,1
/805
40,1,1
/787
44,1,1
z924
35,1,1
/719
56,2,1
/1598
52,2,1
z995
36,1,1
z863
38,1,1
/708
54,2,1
/822
59,2,1
/912
57,2,1
/926
51,2,1
z963
34,1,1
z705
32,1,1
/843
60,2,1
z702
49,1,1
z882
45,1,1
/1052
70,2,1
/846
58,2,1
/912
50,1,1
z969
46,1,1
z1010
43,1,1
z1546
33,1,1
/873
48,1,1
/1057
41,1,1
/898
64,2,1
/988
65,2,1
z982
53,2,1
/1205
68,2,1
z815
31,1,1
z1027
47,1,1
/734
55,2,1
/832
66,2,1
/1916
69,2,1
z937
37,1,1
/637
61,2,1
/671
0,0,0
z839
46,1,1
/1560
62,2,1
z1168
42,1,1
/413
64,2,1
z504
39,1,1
/372
61,2,1
z627
44,1,1
/569
55,2,1
/686
45,1,1
/977
53,2,1
/801
50,1,1
z888
32,1,1
z824
40,1,1
z871
31,1,1
/651
69,2,1
/615
54,2,1
/729
51,2,1
/793
56,2,1
/718
60,2,1
z936
33,1,1
/603
41,1,1
z810
35,1,1
/569
59,2,1
z572
34,1,1
z728
37,1,1
/895
49,1,1
/715
65,2,1
/762
63,2,1
z1184
48,1,1
/538
68,2,1
z961
47,1,1
/621
66,2,1
z1984
52,2,1
/1065
58,2,1
z1183
57,2,1
z1004
43,1,1
z1780
36,1,1
/618
70,2,1
/1024
67,2,1
z1250
38,1,1
/832
0,0,0
z4807
39,1,1
z1356
34,1,1
/1149
58,2,1
/1186
60,2,1
/839
57,2,1
z1432
43,1,1
/842
69,2,1
z4347
52,2,1
z638
31,1,1
/965
55,2,1
z973
40,1,1
/734
68,2,1
/793
51,2,1
/565
70,2,1
/683
54,2,1
/540
67,2,1
/1013
62,2,1
z1191
44,1,1
z843
41,1,1
z1926
46,1,1
/2864
59,2,1
z4412
47,1,1
z1106
32,1,1
z3399
48,1,1
z793
38,1,1
z1682
50,1,1
/875
64,2,1
z4513
36,1,1
/1776
65,2,1
z3163
45,1,1
/3151
61,2,1
z2897
56,2,1
z2640
49,1,1
z1195
37,1,1
/1625
63,2,1
/1229
53,2,1
z1896
35,1,1
z2853
42,1,1
/1721
66,2,1
z1653
33,1,1
/1360
0,0,0
z1484
32,1,1
/1578
51,2,1
z1396
43,1,1
/1021
38,1,1
/884
57,2,1
/1412
52,2,1
/1298
61,2,1
z873
34,1,1
/1069
62,2,1
/1434
45,1,1
z3267
39,1,1
z1813
49,1,1
z2066
66,2,1
/1199
46,1,1
z1776
58,2,1
/1620
55,2,1
/1849
67,2,1
/1113
59,2,1
z1202
33,1,1
z1340
40,1,1
z1223
42,1,1
z1084
41,1,1
/1079
63,2,1
/1013
56,2,1
z1795
37,1,1
/1265
69,2,1
z1551
31,1,1
z1076
36,1,1
z1197
48,1,1
z1936
53,2,1
/1176
54,2,1
/1864
50,1,1
/1246
60,2,1
/997
65,2,1
z2152
47,1,1
z1204
64,2,1
z1876
35,1,1
/1096
68,2,1
/2848
70,2,1
z1931
44,1,1
/1164
0,0,0
z719
38,1,1
z895
49,1,1
/520
69,2,1
z1005
51,2,1
z479
46,1,1
z450
31,1,1
/378
70,2,1
z495
62,2,1
z501
63,2,1
z520
61,2,1
z453
41,1,1
z491
52,1,1
z369
43,1,1
z398
40,1,1
z362
42,1,1
z361
44,1,1
/419
67,2,1
/508
68,2,1
z592
45,1,1
z431
47,1,1
z382
54,2,1
z576
59,2,1
z430
37,1,1
/506
64,2,1
z417
34,1,1
z416
39,1,1
z343
36,1,1
z369
50,1,1
z422
53,2,1
z414
33,1,1
/563
66,2,1
/489
55,2,1
/593
58,2,1
/517
56,2,1
/523
65,2,1
z422
32,1,1
z672
48,1,1
/460
60,2,1
z566
57,2,1
z532
35,1,1
z654
0,0,0
/2175
54,2,1
/456
53,2,1
z408
38,1,1
z394
31,1,1
/428
57,2,1
/668
59,2,1
z666
33,1,1
z745
50,1,1
/510
68,2,1
z535
39,1,1
z605
46,1,1
z565
48,1,1
z459
32,1,1
z478
41,1,1
z801
58,2,1
z410
45,1,1
z717
44,1,1
/693
63,2,1
z530
42,1,1
/625
66,2,1
z1415
51,2,1
/573
61,2,1
z608
65,2,1
/518
67,2,1
z438
36,1,1
/554
64,2,1
/1014
56,2,1
z391
37,1,1
z554
55,2,1
z497
40,1,1
/588
60,2,1
/817
62,2,1
z1167
47,1,1
z507
35,1,1
z427
34,1,1
/509
69,2,1
z934
52,2,1
/639
70,2,1
z995
43,1,1
/825
49,1,1
/512
0,0,0
/838
57,2,1
/756
51,2,1
z1687
48,1,1
z619
31,1,1
z864
41,1,1
z681
42,1,1
z459
36,1,1
/685
67,2,1
z963
46,1,1
z1136
47,1,1
/1000
66,2,1
z792
38,1,1
/1059
64,2,1
z844
43,1,1
/1301
59,2,1
z878
50,1,1
z660
54,2,1
z1588
63,2,1
z541
40,1,1
z530
37,1,1
z442
33,1,1
z492
45,1,1
/826
62,2,1
z512
60,2,1
/728
70,2,1
z596
49,1,1
z432
44,1,1
z540
55,2,1
z508
58,2,1
z986
61,2,1
z422
34,1,1
z1559
39,1,1
z492
35,1,1
/768
69,2,1
z460
32,1,1
z444
53,2,1
/595
65,2,1
z831
52,2,1
z1144
56,2,1
/666
68,2,1
/708
0,0,0
/690
69,2,1
z3703
35,1,1
/538
59,2,1
/460
57,2,1
z537
40,1,1
z1348
52,2,1
z479
38,1,1
z492
34,1,1
z453
41,1,1
/560
66,2,1
z473
32,1,1
z417
37,1,1
z1090
44,1,1
/563
55,2,1
/618
60,2,1
/493
70,2,1
/507
68,2,1
/572
67,2,1
z520
36,1,1
z554
48,1,1
/498
56,2,1
z970
46,1,1
z514
39,1,1
/585
49,1,1
/613
54,2,1
/582
64,2,1
z773
51,2,1
/523
63,2,1
z574
33,1,1
z530
43,1,1
/521
65,2,1
z2521
47,1,1
z462
45,1,1
z937
53,2,1
/578
61,2,1
/585
62,2,1
z667
58,2,1
/595
50,1,1
z563
31,1,1
z2633
42,1,1
z660
0,0,0
z1049
36,1,1
/618
58,2,1
/514
59,2,1
z1108
34,1,1
z2895
48,1,1
z960
54,2,1
/1045
68,2,1
z1771
32,1,1
z1522
40,1,1
z1248
43,1,1
'985
56,2,1
z1431
55,2,1
z859
50,1,1
z758
38,1,1
z1001
51,2,1
z1488
39,1,1
z1595
57,2,1
/471
69,2,1
z608
33,1,1
/718
70,2,1
z990
35,1,1
z550
31,1,1
z530
45,1,1
z384
42,1,1
/2228
64,2,1
/1951
61,2,1
z622
44,1,1
z528
46,1,1
z554
53,2,1
/726
47,1,1
z9444
60,2,1
z428
49,1,1
/742
66,2,1
/719
67,2,1
z531
52,2,1
z703
37,1,1
/681
65,2,1
/894
62,2,1
z2428
41,1,1
/572
63,2,1
/537
0,0,0
/489
47,1,1
z521
35,1,1
/440
67,2,1
/551
65,2,1
/586
59,2,1
/517
64,2,1
z586
62,2,1
z590
38,1,1
z1019
52,2,1
z576
36,1,1
z650
49,1,1
z610
40,1,1
z653
61,2,1
z476
31,1,1
/515
70,2,1
z1014
44,1,1
/744
66,2,1
z656
37,1,1
z634
39,1,1
z830
53,2,1
z580
48,1,1
z4252
50,1,1
z572
45,1,1
z1217
33,1,1
z512
43,1,1
/4675
63,2,1
z868
42,1,1
/3393
58,2,1
/1150
60,2,1
z2783
32,1,1
z790
34,1,1
z885
51,2,1
/2142
56,2,1
z885
57,2,1
z767
54,2,1
z530
41,1,1
/1116
69,2,1
/1521
68,2,1
z631
46,1,1
z497
55,2,1
z575
0,0,0
z567
45,1,1
/1540
57,2,1
/825
61,2,1
z628
54,2,1
z574
49,1,1
z538
44,1,1
z859
65,2,1
z546
69,2,1
z494
42,1,1
z513
31,1,1
/2122
63,2,1
z889
38,1,1
z583
43,1,1
z551
40,1,1
z739
59,2,1
/1289
62,2,1
z654
47,1,1
z587
41,1,1
z669
35,1,1
z1486
46,1,1
z709
36,1,1
z612
33,1,1
z537
39,1,1
z1740
32,1,1
/623
70,2,1
z3472
48,1,1
/638
68,2,1
z904
64,2,1
z2838
50,1,1
/8156
67,2,1
z1445
58,2,1
z6681
52,2,1
z5663
53,2,1
/2467
60,2,1
/807
66,2,1
z3507
34,1,1
/489
55,2,1
/723
51,2,1
z2115
37,1,1
/728
56,2,1
/781
0,0,0
/636
64,2,1
/639
51,2,1
z949
38,1,1
/529
67,2,1
/857
44,1,1
/528
63,2,1
/539
69,2,1
/578
53,2,1
/1363
56,2,1
/594
60,2,1
z554
35,1,1
/1523
58,2,1
z1132
36,1,1
z3285
52,2,1
z3439
31,1,1
/489
65,2,1
z639
39,1,1
z492
37,1,1
z1040
49,1,1
z447
34,1,1
z394
40,1,1
/679
62,2,1
z671
32,1,1
/680
66,2,1
/1225
57,2,1
z1816
47,1,1
/3793
70,2,1
/27607
55,2,1
z6245
45,1,1
/516
61,2,1
/462
68,2,1
z1084
50,1,1
z1158
59,2,1
/500
46,1,1
z457
33,1,1
z431
48,1,1
/505
54,2,1
z656
43,1,1
z565
41,1,1
z465
42,1,1
/637
0,0,0
z697
31,1,1
/508
67,2,1
/555
68,2,1
/675
70,2,1
/7093
65,2,1
z1539
45,1,1
/1127
69,2,1
z1341
54,2,1
z1378
52,2,1
/2557
58,2,1
z1864
47,1,1
z2458
42,1,1
/1642
66,2,1
z1386
44,1,1
z1873
35,1,1
z1727
50,1,1
z1730
51,2,1
z1695
36,1,1
z1827
40,1,1
/3562
56,2,1
/1770
63,2,1
z1655
33,1,1
/1810
53,2,1
z1516
41,1,1
z1820
46,1,1
z1783
32,1,1
z4435
38,1,1
/2162
57,2,1
/2211
60,2,1
/1900
55,2,1
z2786
49,1,1
z2239
39,1,1
z1551
43,1,1
z1923
48,1,1
z1273
59,2,1
/699
62,2,1
/734
64,2,1
/773
61,2,1
z738
37,1,1
z596
34,1,1
/934
0,0,0
z588
36,1,1
/769
58,2,1
/457
69,2,1
/432
57,2,1
/439
52,2,1
/620
68,2,1
/459
61,2,1
z466
39,1,1
z457
59,2,1
/491
55,2,1
/455
41,1,1
/597
63,2,1
z509
49,1,1
z620
32,1,1
z661
43,1,1
z716
48,1,1
z1920
33,1,1
/844
70,2,1
/784
60,2,1
/562
64,2,1
z771
37,1,1
z780
42,1,1
z812
38,1,1
z934
50,1,1
z713
45,1,1
z938
31,1,1
z912
47,1,1
z909
40,1,1
z1768
62,2,1
z472
46,1,1
z759
35,1,1
/831
66,2,1
/659
67,2,1
/695
54,2,1
z744
53,2,1
z848
56,2,1
z1108
51,2,1
z797
44,1,1
/1181
65,2,1
z751
34,1,1
/778
0,0,0
/1374
50,1,1
/481
67,2,1
/508
52,2,1
/459
59,2,1
z638
42,1,1
/653
49,1,1
/612
68,2,1
z738
34,1,1
/1417
62,2,1
z1385
45,1,1
z2092
53,2,1
z2082
61,2,1
z958
43,1,1
z6051
46,1,1
z635
37,1,1
/799
64,2,1
z10078
51,2,1
/3530
55,2,1
z656
40,1,1
z571
41,1,1
z542
33,1,1
z604
36,1,1
/799
66,2,1
z3053
56,2,1
z603
47,1,1
/677
65,2,1
/885
60,2,1
z652
32,1,1
/661
69,2,1
/680
63,2,1
/798
58,2,1
/626
44,1,1
z512
35,1,1
z728
31,1,1
/643
38,1,1
z2523
48,1,1
z8559
57,2,1
z1021
39,1,1
z1209
54,2,1
z5970
70,2,1
/2077
0,0,0
z2096
48,1,1
z456
35,1,1
/418
68,2,1
/546
58,2,1
z526
37,1,1
z906
64,2,1
/676
56,2,1
/788
62,2,1
z619
47,1,1
z602
38,1,1
z645
34,1,1
z637
51,2,1
z581
39,1,1
z850
49,1,1
/2258
69,2,1
/2901
59,2,1
z520
31,1,1
z582
43,1,1
/577
63,2,1
/1236
50,1,1
z670
52,2,1
z2829
45,1,1
/629
65,2,1
z14028
40,1,1
z858
53,2,1
z816
42,1,1
z848
32,1,1
z1447
33,1,1
z332
70,2,1
z1310
44,1,1
z529
55,2,1
z495
46,1,1
/1209
60,2,1
/550
54,2,1
/679
61,2,1
/1072
67,2,1
/606
66,2,1
z725
36,1,1
/776
57,2,1
z698
41,1,1
/947
0,0,0
/14156
58,2,1
z741
36,1,1
z557
32,1,1
z13006
31,1,1
/495
67,2,1
/999
48,1,1
z554
50,1,1
/558
66,2,1
/620
56,2,1
/578
60,2,1
z545
44,1,1
z723
45,1,1
/485
65,2,1
z603
43,1,1
z540
33,1,1
/519
61,2,1
/803
52,2,1
z494
40,1,1
/737
53,2,1
/562
64,2,1
/1207
68,2,1
z1118
38,1,1
/533
69,2,1
z1122
42,1,1
z3015
63,2,1
z846
35,1,1
z1049
51,2,1
z749
47,1,1
z805
57,2,1
z2519
41,1,1
z449
49,1,1
/474
70,2,1
/842
55,2,1
/579
59,2,1
/1091
62,2,1
z688
46,1,1
z541
39,1,1
z532
34,1,1
/598
54,2,1
z1308
37,1,1
z566
0,0,0
z1218
35,1,1
z671
42,1,1
/7593
61,2,1
/568
64,2,1
z822
51,2,1
/1122
68,2,1
z15482
50,1,1
z584
37,1,1
z520
36,1,1
z599
41,1,1
z508
54,2,1
/446
60,2,1
/466
55,2,1
/472
65,2,1
z825
48,1,1
z457
40,1,1
z446
39,1,1
z484
49,1,1
z664
57,2,1
/473
66,2,1
z468
34,1,1
/550
63,2,1
z472
43,1,1
/651
56,2,1
z915
45,1,1
z553
38,1,1
/1547
70,2,1
/654
67,2,1
z2218
47,1,1
z4419
53,2,1
/5522
69,2,1
z579
52,2,1
/722
62,2,1
z686
44,1,1
z736
32,1,1
z544
31,1,1
/644
59,2,1
/1404
58,2,1
z3712
46,1,1
z512
33,1,1
/871
0,0,0
z868
39,1,1
/578
48,1,1
/625
57,2,1
/581
52,2,1
z549
41,1,1
z581
50,1,1
z610
40,1,1
z491
32,1,1
/709
59,2,1
z669
31,1,1
/942
69,2,1
z3785
43,1,1
z651
42,1,1
/610
64,2,1
/12989
61,2,1
z713
45,1,1
z499
44,1,1
z729
35,1,1
z1883
51,2,1
z8099
37,1,1
z492
36,1,1
/907
53,2,1
/6426
65,2,1
z473
46,1,1
/526
58,2,1
/648
67,2,1
/6678
63,2,1
/571
68,2,1
/1509
49,1,1
/21542
47,1,1
z505
33,1,1
/575
56,2,1
/508
70,2,1
/615
60,2,1
/1339
54,2,1
z477
34,1,1
z519
38,1,1
/641
55,2,1
/620
66,2,1
/480
62,2,1
/662
0,0,0
/508
69,2,1
/789
49,1,1
/1052
56,2,1
/577
67,2,1
/659
59,2,1
z852
46,1,1
/557
53,2,1
z540
38,1,1
z618
60,2,1
z492
44,1,1
z526
32,1,1
z734
51,2,1
z414
35,1,1
z1008
57,2,1
/2469
52,2,1
z4160
43,1,1
/2203
62,2,1
z637
40,1,1
z509
36,1,1
/495
65,2,1
/509
61,2,1
z656
33,1,1
z609
34,1,1
/524
64,2,1
z654
37,1,1
z1110
55,2,1
z1972
47,1,1
/563
66,2,1
z645
42,1,1
/750
68,2,1
z710
50,1,1
z686
48,1,1
z915
54,2,1
/693
63,2,1
z4994
41,1,1
/641
58,2,1
z521
45,1,1
z560
31,1,1
/507
70,2,1
z599
39,1,1
/668
0,0,0
/969
62,2,1
/450
70,2,1
z1369
47,1,1
/528
58,2,1
z612
46,1,1
z536
37,1,1
z621
35,1,1
z658
55,2,1
z551
44,1,1
/526
60,2,1
/640
42,1,1
z589
43,1,1
z542
33,1,1
/501
63,2,1
z611
39,1,1
/563
54,2,1
/555
66,2,1
z686
34,1,1
/615
48,1,1
z483
36,1,1
/534
69,2,1
/1089
64,2,1
z593
57,2,1
/527
59,2,1
z729
38,1,1
/8375
50,1,1
/666
51,2,1
z889
31,1,1
/584
67,2,1
/1696
45,1,1
/667
68,2,1
z1049
32,1,1
z817
40,1,1
/575
61,2,1
/2809
53,2,1
/3536
49,1,1
/7744
56,2,1
/655
65,2,1
z764
41,1,1
/622
52,2,1
END
Start of error log
End of error log
