/home/cogsys/aging/dtpbsy/dt16tl36b /home/cogsys/aging/dtpbsy/dt16bcy111
/4927
0,0,0
/4371
63,2,1
z679
39,1,1
z548
44,1,1
/744
67,2,1
z543
33,1,1
z444
34,1,1
/1617
60,2,1
/755
70,2,1
z429
40,1,1
z2199
61,2,1
z464
47,1,1
z621
49,1,1
z483
64,2,1
/416
62,2,1
z536
45,1,1
z415
52,2,1
z876
50,1,1
/783
68,2,1
z499
59,2,1
z690
48,1,1
z604
43,1,1
z446
37,1,1
/591
69,2,1
z655
42,1,1
z587
51,2,1
/413
58,2,1
z815
41,1,1
z2402
56,2,1
z594
36,1,1
z465
35,1,1
z487
32,1,1
z383
38,1,1
/675
65,2,1
/447
57,2,1
/561
66,2,1
/893
46,1,1
z517
53,2,1
/321
31,1,1
/676
55,2,1
/668
54,2,1
/772
0,0,0
/556
70,2,1
/606
53,2,1
z383
36,1,1
z946
48,1,1
/525
50,1,1
/376
49,1,1
/391
51,2,1
/709
62,2,1
z525
41,1,1
z374
34,1,1
/623
65,2,1
z486
32,1,1
/541
56,2,1
/388
64,2,1
z400
37,1,1
z456
69,2,1
/906
55,2,1
/391
59,2,1
z475
40,1,1
z463
42,1,1
z493
52,2,1
z448
35,1,1
/591
63,2,1
/422
44,1,1
/489
60,2,1
z559
43,1,1
/601
61,2,1
z686
33,1,1
/394
67,2,1
z476
39,1,1
/349
46,1,1
z404
47,1,1
/693
58,2,1
z563
31,1,1
z410
38,1,1
/474
57,2,1
/394
66,2,1
/470
68,2,1
/819
45,1,1
/985
54,2,1
/521
0,0,0
z580
39,1,1
/473
67,2,1
z657
37,1,1
z606
46,1,1
z479
40,1,1
/686
64,2,1
/566
62,2,1
z623
47,1,1
/418
68,2,1
/435
66,2,1
/811
49,1,1
/1432
56,2,1
z425
44,1,1
/353
61,2,1
/1839
33,1,1
z214
57,2,1
/2234
58,2,1
z446
36,1,1
z416
38,1,1
z396
31,1,1
/935
59,2,1
z478
48,1,1
/344
69,2,1
/339
65,2,1
/382
63,2,1
z398
41,1,1
/326
55,2,1
/626
42,1,1
z394
70,2,1
/1129
53,2,1
z3532
43,1,1
z1126
35,1,1
z699
50,1,1
/536
52,2,1
z977
45,1,1
/536
60,2,1
z2044
32,1,1
z434
51,2,1
/482
54,2,1
z716
34,1,1
/565
0,0,0
/695
51,2,1
z453
45,1,1
/755
55,2,1
z865
38,1,1
/882
70,2,1
z416
39,1,1
z695
49,1,1
/317
67,2,1
/502
61,2,1
/631
59,2,1
z433
35,1,1
/586
64,2,1
/393
58,2,1
z496
42,1,1
z827
33,1,1
/481
52,2,1
/411
54,2,1
z389
57,2,1
/520
66,2,1
z509
36,1,1
/511
69,2,1
/607
53,2,1
/396
65,2,1
/326
60,2,1
/718
40,1,1
/436
44,1,1
/380
63,2,1
/417
32,1,1
/443
47,1,1
/346
56,2,1
/473
48,1,1
z580
41,1,1
/738
62,2,1
z458
43,1,1
z469
34,1,1
z425
46,1,1
z404
37,1,1
z422
31,1,1
z548
50,1,1
/524
68,2,1
/566
0,0,0
/989
69,2,1
z457
33,1,1
z524
49,1,1
/457
68,2,1
/343
37,1,1
z944
55,2,1
/608
58,2,1
/504
46,1,1
z516
35,1,1
/626
59,2,1
/773
60,2,1
/712
63,2,1
/731
50,1,1
/525
67,2,1
z380
34,1,1
/565
65,2,1
z423
44,1,1
z489
42,1,1
/437
62,2,1
/396
43,1,1
z605
39,1,1
z568
48,1,1
z457
53,2,1
z484
40,1,1
/493
61,2,1
z306
51,2,1
/573
57,2,1
/684
56,2,1
/496
66,2,1
/428
52,2,1
/1315
45,1,1
z518
32,1,1
z462
41,1,1
/552
64,2,1
z606
36,1,1
z509
38,1,1
z454
31,1,1
/536
54,2,1
/817
70,2,1
z786
47,1,1
z527
0,0,0
/529
54,2,1
z389
66,2,1
/775
65,2,1
z2635
44,1,1
z464
31,1,1
/494
45,1,1
/438
52,2,1
/419
50,1,1
z402
56,2,1
/550
53,2,1
/596
47,1,1
z435
35,1,1
z546
43,1,1
/411
69,2,1
/510
48,1,1
/496
64,2,1
/739
58,2,1
/516
57,2,1
z1038
40,1,1
z476
41,1,1
z529
37,1,1
/665
70,2,1
/772
68,2,1
/1169
51,2,1
z833
46,1,1
/431
61,2,1
/390
67,2,1
z623
34,1,1
z356
39,1,1
/584
63,2,1
/775
49,1,1
/408
62,2,1
z749
42,1,1
z479
33,1,1
z378
36,1,1
z348
32,1,1
z397
38,1,1
z392
59,2,1
/348
55,2,1
z235
60,2,1
z262
0,0,0
z738
55,2,1
/393
43,1,1
/481
69,2,1
/381
58,2,1
z756
47,1,1
/503
63,2,1
z552
33,1,1
z498
46,1,1
z438
35,1,1
z468
54,2,1
/319
68,2,1
z586
40,1,1
z1804
48,1,1
z508
36,1,1
z525
49,1,1
z672
37,1,1
z512
34,1,1
/659
59,2,1
z531
38,1,1
/265
65,2,1
/293
56,2,1
z618
32,1,1
/434
62,2,1
/551
66,2,1
z498
42,1,1
/271
44,1,1
/457
60,2,1
z480
31,1,1
/670
67,2,1
/655
61,2,1
z415
52,2,1
/349
64,2,1
/1696
70,2,1
z735
41,1,1
/700
57,2,1
/441
50,1,1
/328
53,2,1
/513
51,2,1
/446
45,1,1
/557
39,1,1
/1645
0,0,0
/441
51,2,1
z965
38,1,1
/662
63,2,1
/517
32,1,1
z662
41,1,1
z320
47,1,1
/401
56,2,1
/413
68,2,1
/536
52,2,1
/354
58,2,1
z548
44,1,1
/364
66,2,1
z363
36,1,1
/434
46,1,1
/488
35,1,1
/370
53,2,1
/547
40,1,1
z441
49,1,1
/239
59,2,1
/215
39,1,1
/215
57,2,1
/1260
50,1,1
/555
60,2,1
/373
48,1,1
/393
64,2,1
/364
70,2,1
/362
69,2,1
/1234
54,2,1
z521
37,1,1
/648
43,1,1
/505
33,1,1
z477
31,1,1
/663
61,2,1
/586
45,1,1
/948
42,1,1
/510
67,2,1
/427
55,2,1
z496
34,1,1
/450
62,2,1
/816
65,2,1
/669
0,0,0
z539
57,2,1
z457
39,1,1
z773
45,1,1
/903
60,2,1
z534
34,1,1
z386
38,1,1
/541
58,2,1
z518
47,1,1
z562
63,2,1
z391
35,1,1
z318
55,2,1
z229
40,1,1
z230
64,2,1
z406
36,1,1
z509
41,1,1
z293
67,2,1
/875
44,1,1
/457
48,1,1
z660
42,1,1
/511
56,2,1
z447
31,1,1
z396
51,2,1
/784
54,2,1
/502
62,2,1
z416
33,1,1
/511
68,2,1
z387
43,1,1
/359
65,2,1
/536
61,2,1
/379
70,2,1
z558
50,1,1
z712
32,1,1
/427
69,2,1
z435
37,1,1
z800
53,2,1
z583
49,1,1
z631
46,1,1
/479
66,2,1
/895
52,2,1
/556
59,2,1
/507
0,0,0
/464
59,2,1
z531
40,1,1
z326
42,1,1
/579
65,2,1
/338
57,2,1
/524
56,2,1
z660
49,1,1
/637
62,2,1
z602
58,2,1
/300
33,1,1
z486
53,2,1
/557
55,2,1
/285
43,1,1
z199
51,2,1
z206
48,1,1
z177
47,1,1
z5532
44,1,1
z507
32,1,1
/571
67,2,1
/8232
54,2,1
z581
38,1,1
/915
66,2,1
z722
39,1,1
z881
34,1,1
z705
50,1,1
z557
31,1,1
z386
36,1,1
z442
46,1,1
/556
60,2,1
z1985
35,1,1
z404
37,1,1
z565
52,2,1
/393
41,1,1
z391
64,2,1
/330
61,2,1
/390
69,2,1
/395
63,2,1
/628
70,2,1
/455
68,2,1
z540
45,1,1
z554
0,0,0
z443
41,1,1
/550
63,2,1
/556
65,2,1
z4044
51,2,1
/1756
61,2,1
/1427
62,2,1
z1035
40,1,1
z966
47,1,1
z964
33,1,1
/1129
60,2,1
z547
42,1,1
/641
66,2,1
z379
35,1,1
/998
68,2,1
z492
48,1,1
z1023
38,1,1
z493
32,1,1
/718
67,2,1
z359
36,1,1
z920
44,1,1
/563
58,2,1
z250
59,2,1
z236
57,2,1
z443
56,2,1
z575
37,1,1
/599
69,2,1
z405
45,1,1
z383
39,1,1
z536
54,2,1
z427
43,1,1
z452
34,1,1
/463
64,2,1
z434
46,1,1
z381
31,1,1
z779
53,2,1
/516
70,2,1
z305
52,2,1
z490
49,1,1
z479
50,1,1
/385
55,2,1
/571
0,0,0
z497
36,1,1
z379
44,1,1
z466
40,1,1
z415
37,1,1
z344
39,1,1
/417
68,2,1
/484
66,2,1
z343
33,1,1
z649
52,2,1
z418
46,1,1
/401
60,2,1
/437
57,2,1
/432
54,2,1
z584
42,1,1
z463
45,1,1
/461
67,2,1
/471
59,2,1
/486
70,2,1
/494
65,2,1
z407
38,1,1
z497
56,2,1
/385
69,2,1
/409
63,2,1
z411
31,1,1
/464
51,2,1
/421
53,2,1
z417
48,1,1
z421
34,1,1
z366
58,2,1
z372
49,1,1
z330
35,1,1
/561
61,2,1
z611
55,2,1
z421
50,1,1
z576
62,2,1
z484
64,2,1
z540
32,1,1
z671
41,1,1
z464
43,1,1
z539
47,1,1
z449
0,0,0
z452
45,1,1
z436
32,1,1
z430
34,1,1
/849
65,2,1
/498
62,2,1
/411
69,2,1
z510
49,1,1
z566
38,1,1
/496
54,2,1
/379
37,1,1
z422
58,2,1
/370
67,2,1
z586
31,1,1
z502
52,2,1
/347
61,2,1
/518
41,1,1
/776
50,1,1
z467
63,2,1
z652
46,1,1
z372
39,1,1
/802
51,2,1
z430
35,1,1
/649
66,2,1
/1079
60,2,1
/395
64,2,1
z394
33,1,1
/418
56,2,1
/885
57,2,1
z484
36,1,1
/430
47,1,1
z264
44,1,1
z176
40,1,1
z221
43,1,1
z392
59,2,1
z793
48,1,1
/431
53,2,1
/374
55,2,1
/355
68,2,1
/416
42,1,1
/436
70,2,1
/662
0,0,0
z791
49,1,1
z431
40,1,1
z553
39,1,1
/402
45,1,1
z608
47,1,1
/372
61,2,1
z768
34,1,1
/547
50,1,1
z560
38,1,1
z615
44,1,1
/388
53,2,1
/372
67,2,1
/444
54,2,1
/436
64,2,1
z552
37,1,1
/800
59,2,1
/453
42,1,1
z447
51,2,1
/432
66,2,1
z340
32,1,1
/561
58,2,1
z318
41,1,1
/412
60,2,1
z308
65,2,1
/326
31,1,1
z147
33,1,1
/283
36,1,1
z37
56,2,1
/228
35,1,1
z254
69,2,1
/1116
55,2,1
/679
68,2,1
z528
52,2,1
/361
43,1,1
/658
57,2,1
/1117
48,1,1
/446
63,2,1
z505
46,1,1
/465
70,2,1
/527
62,2,1
/579
0,0,0
/504
68,2,1
z475
47,1,1
/298
70,2,1
/765
41,1,1
/563
54,2,1
/455
66,2,1
/502
56,2,1
/407
59,2,1
/473
49,1,1
z547
42,1,1
/360
62,2,1
z552
36,1,1
/354
65,2,1
z400
46,1,1
/395
53,2,1
/546
48,1,1
/447
58,2,1
/389
67,2,1
z478
34,1,1
z403
32,1,1
z440
50,1,1
z481
39,1,1
z417
35,1,1
/570
60,2,1
/476
44,1,1
/440
64,2,1
z477
45,1,1
/585
57,2,1
z412
55,2,1
z458
31,1,1
/431
52,2,1
/409
61,2,1
/415
63,2,1
z428
33,1,1
z453
37,1,1
z371
38,1,1
/483
69,2,1
z487
40,1,1
/494
51,2,1
z447
43,1,1
z541
0,0,0
z422
37,1,1
/464
52,2,1
z375
31,1,1
z492
42,1,1
/453
62,2,1
z345
40,1,1
/472
65,2,1
z295
47,1,1
/351
68,2,1
/732
70,2,1
z512
36,1,1
z782
55,2,1
/625
59,2,1
/579
53,2,1
z354
35,1,1
z560
44,1,1
/941
67,2,1
/647
64,2,1
/683
57,2,1
z422
32,1,1
z522
43,1,1
/607
63,2,1
/659
50,1,1
z734
54,2,1
/544
61,2,1
z438
34,1,1
z491
49,1,1
/385
60,2,1
z375
38,1,1
/514
46,1,1
/662
69,2,1
/501
58,2,1
/667
66,2,1
z563
56,2,1
z515
48,1,1
z518
39,1,1
z501
51,2,1
z404
41,1,1
z381
33,1,1
z662
45,1,1
z525
0,0,0
z716
43,1,1
z565
40,1,1
/642
52,2,1
/439
57,2,1
z720
39,1,1
z413
38,1,1
z490
41,1,1
/412
61,2,1
/400
63,2,1
/375
65,2,1
/370
62,2,1
/487
68,2,1
/298
35,1,1
/553
53,2,1
z499
47,1,1
z461
31,1,1
z312
54,2,1
z703
49,1,1
z591
36,1,1
z469
45,1,1
z349
60,2,1
z341
58,2,1
z462
33,1,1
z518
37,1,1
z864
51,2,1
/732
59,2,1
/421
69,2,1
z2449
56,2,1
z478
50,1,1
/379
70,2,1
/860
55,2,1
/433
66,2,1
z552
42,1,1
/496
46,1,1
z481
67,2,1
z619
34,1,1
z524
32,1,1
z456
44,1,1
/453
48,1,1
z459
64,2,1
z532
0,0,0
z588
33,1,1
z469
32,1,1
/680
50,1,1
/380
62,2,1
z540
36,1,1
/364
52,2,1
/400
48,1,1
/363
67,2,1
/389
39,1,1
/384
68,2,1
/539
51,2,1
/366
70,2,1
/365
69,2,1
/464
56,2,1
/338
54,2,1
z702
42,1,1
z887
37,1,1
z506
35,1,1
z473
46,1,1
z564
40,1,1
/439
63,2,1
/419
60,2,1
/381
66,2,1
/400
64,2,1
/378
38,1,1
/431
44,1,1
z260
57,2,1
z70
47,1,1
z349
58,2,1
z580
53,2,1
/529
49,1,1
/316
31,1,1
z225
59,2,1
z221
41,1,1
/376
65,2,1
/603
55,2,1
z432
34,1,1
z568
43,1,1
/837
61,2,1
z612
45,1,1
z706
0,0,0
/439
70,2,1
/398
63,2,1
/398
44,1,1
/570
56,2,1
z683
36,1,1
z717
32,1,1
z355
42,1,1
z308
62,2,1
/432
64,2,1
/416
61,2,1
z591
43,1,1
/399
59,2,1
/434
52,2,1
/513
67,2,1
z389
50,1,1
z467
49,1,1
z508
31,1,1
z524
41,1,1
/468
39,1,1
/533
69,2,1
z534
40,1,1
z466
33,1,1
/568
65,2,1
z584
48,1,1
/559
51,2,1
z350
57,2,1
/495
34,1,1
z311
37,1,1
/265
38,1,1
/254
66,2,1
z154
47,1,1
/243
55,2,1
z109
58,2,1
z1203
45,1,1
/605
68,2,1
z541
60,2,1
/410
46,1,1
z318
54,2,1
/337
35,1,1
z418
53,2,1
/390
0,0,0
z334
57,2,1
/311
68,2,1
/311
53,2,1
/315
61,2,1
z171
44,1,1
z943
46,1,1
/651
66,2,1
z312
52,2,1
/332
63,2,1
z390
31,1,1
/398
67,2,1
z281
69,2,1
/273
64,2,1
z264
36,1,1
/995
55,2,1
z503
54,2,1
/374
58,2,1
z312
56,2,1
/319
70,2,1
z280
40,1,1
/290
42,1,1
/376
51,2,1
/315
33,1,1
z159
49,1,1
z314
65,2,1
/253
59,2,1
/264
43,1,1
z2141
41,1,1
/288
37,1,1
/570
45,1,1
z335
32,1,1
/376
34,1,1
/275
60,2,1
z384
38,1,1
/260
47,1,1
z271
48,1,1
/2236
39,1,1
/235
50,1,1
z449
62,2,1
z292
35,1,1
/541
0,0,0
/294
45,1,1
z282
34,1,1
z349
56,2,1
z344
37,1,1
z353
65,2,1
/224
51,2,1
/406
61,2,1
/327
31,1,1
z292
69,2,1
/280
49,1,1
/269
47,1,1
/457
57,2,1
/316
52,2,1
/291
68,2,1
/237
36,1,1
z190
64,2,1
z198
43,1,1
z308
39,1,1
z7574
42,1,1
z375
46,1,1
z391
44,1,1
z322
58,2,1
z413
53,2,1
z387
41,1,1
z783
48,1,1
z423
50,1,1
/756
40,1,1
/361
62,2,1
z375
55,2,1
/408
38,1,1
z394
66,2,1
/592
33,1,1
z458
63,2,1
/261
70,2,1
z105
67,2,1
/48
60,2,1
z63
54,2,1
/23
35,1,1
z141
59,2,1
/352
32,1,1
z551
0,0,0
/642
52,2,1
z489
45,1,1
/592
49,1,1
z421
54,2,1
/319
62,2,1
z300
35,1,1
/279
33,1,1
/398
37,1,1
z408
34,1,1
/709
59,2,1
z958
43,1,1
z634
47,1,1
z822
46,1,1
z518
63,2,1
z628
39,1,1
z653
38,1,1
z715
48,1,1
/724
57,2,1
/656
56,2,1
/586
64,2,1
/662
60,2,1
z668
41,1,1
z698
51,2,1
z455
50,1,1
/665
68,2,1
/528
55,2,1
/551
70,2,1
z503
32,1,1
/986
66,2,1
/526
67,2,1
/364
61,2,1
z699
31,1,1
z547
36,1,1
/661
65,2,1
z1493
53,2,1
z841
40,1,1
/725
58,2,1
z461
44,1,1
z982
42,1,1
/634
69,2,1
/634
0,0,0
z695
44,1,1
/627
66,2,1
z553
45,1,1
/1024
54,2,1
/704
62,2,1
/554
59,2,1
z425
31,1,1
z640
33,1,1
/488
50,1,1
/505
70,2,1
z1744
43,1,1
/854
56,2,1
/467
42,1,1
/1094
51,2,1
/1136
69,2,1
z589
39,1,1
z451
35,1,1
z681
40,1,1
z499
60,2,1
/502
58,2,1
/234
36,1,1
/711
49,1,1
/425
61,2,1
/348
48,1,1
/398
46,1,1
/432
41,1,1
z929
32,1,1
/721
68,2,1
/642
64,2,1
/396
52,2,1
/367
63,2,1
/369
55,2,1
/377
57,2,1
/311
47,1,1
/309
67,2,1
/281
65,2,1
/254
53,2,1
/288
37,1,1
/727
34,1,1
z251
38,1,1
z189
0,0,0
/910
58,2,1
z963
35,1,1
z681
49,1,1
z491
54,2,1
/915
59,2,1
z371
33,1,1
/548
45,1,1
z822
53,2,1
/790
31,1,1
z631
36,1,1
/1145
42,1,1
/419
62,2,1
/676
46,1,1
/352
39,1,1
z323
61,2,1
/270
60,2,1
/208
64,2,1
/663
51,2,1
/538
57,2,1
/382
68,2,1
/328
65,2,1
/653
48,1,1
/400
47,1,1
/507
40,1,1
/489
32,1,1
/641
56,2,1
/301
44,1,1
/463
69,2,1
/353
67,2,1
/244
66,2,1
/227
38,1,1
/668
52,2,1
/382
50,1,1
/456
41,1,1
/521
55,2,1
/344
34,1,1
z595
43,1,1
/705
70,2,1
/443
63,2,1
z620
37,1,1
/672
0,0,0
z770
57,2,1
z683
42,1,1
z392
46,1,1
/707
70,2,1
z505
56,2,1
/336
52,2,1
/349
59,2,1
/253
68,2,1
/242
41,1,1
/267
47,1,1
/238
65,2,1
/266
49,1,1
/305
45,1,1
z822
39,1,1
/247
44,1,1
z139
37,1,1
/210
64,2,1
z620
60,2,1
/269
69,2,1
/200
53,2,1
/171
43,1,1
/148
58,2,1
/149
55,2,1
/114
54,2,1
/149
67,2,1
/25
61,2,1
/63
35,1,1
/436
36,1,1
z260
50,1,1
/14
34,1,1
z375
51,2,1
/170
33,1,1
z31
66,2,1
/108
31,1,1
z80
40,1,1
/65
32,1,1
z66
62,2,1
/50
38,1,1
z0
48,1,1
z354
63,2,1
/355
0,0,0
/633
56,2,1
/319
62,2,1
/276
49,1,1
/279
50,1,1
z60
66,2,1
/190
65,2,1
z111
31,1,1
/100
60,2,1
z216
32,1,1
/394
48,1,1
/260
68,2,1
/650
61,2,1
/359
35,1,1
z423
51,2,1
/121
59,2,1
/402
54,2,1
z605
41,1,1
/577
55,2,1
z412
52,2,1
/230
46,1,1
/708
67,2,1
z547
57,2,1
z539
39,1,1
z371
37,1,1
z441
42,1,1
z622
47,1,1
z649
33,1,1
z344
53,2,1
z315
36,1,1
z289
38,1,1
z264
34,1,1
z247
69,2,1
z345
44,1,1
/482
64,2,1
/283
43,1,1
z216
45,1,1
z33
70,2,1
z167
58,2,1
z203
40,1,1
z107
63,2,1
z86
0,0,0
/341
37,1,1
z199
40,1,1
z278
68,2,1
/370
41,1,1
z389
47,1,1
/403
64,2,1
/204
57,2,1
/304
45,1,1
/781
35,1,1
/249
65,2,1
/444
54,2,1
/247
49,1,1
/137
51,2,1
/279
58,2,1
/161
32,1,1
s897
33,1,1
s948
60,2,1
/765
38,1,1
s213
56,2,1
/869
69,2,1
/391
67,2,1
/345
34,1,1
/327
63,2,1
/296
50,1,1
/407
36,1,1
/229
62,2,1
/306
31,1,1
s466
46,1,1
s259
44,1,1
s256
42,1,1
s237
52,2,1
s233
43,1,1
s147
66,2,1
s479
39,1,1
/526
53,2,1
/382
55,2,1
/1676
59,2,1
/355
61,2,1
/380
70,2,1
/375
48,1,1
s584
0,0,0
s548
46,1,1
s408
33,1,1
s332
39,1,1
s301
36,1,1
s287
43,1,1
s238
53,2,1
s201
67,2,1
/389
70,2,1
/486
45,1,1
/392
52,2,1
/367
50,1,1
/317
42,1,1
/384
34,1,1
s304
37,1,1
s255
47,1,1
s173
63,2,1
/305
48,1,1
/391
56,2,1
/432
60,2,1
s459
35,1,1
s331
66,2,1
/379
68,2,1
/286
64,2,1
/313
54,2,1
/313
40,1,1
s286
49,1,1
/270
57,2,1
/109
55,2,1
s8
41,1,1
/124
58,2,1
s562
38,1,1
/440
62,2,1
/402
69,2,1
s570
31,1,1
s645
32,1,1
/770
51,2,1
/419
65,2,1
/432
61,2,1
/388
44,1,1
/592
59,2,1
/529
0,0,0
s601
45,1,1
s292
32,1,1
s256
67,2,1
s279
61,2,1
/579
46,1,1
/238
52,2,1
/55
56,2,1
/312
64,2,1
/150
68,2,1
/2
37,1,1
/108
70,2,1
/129
69,2,1
/51
63,2,1
/58
36,1,1
/13
57,2,1
/29
33,1,1
/82
35,1,1
/635
62,2,1
/238
58,2,1
/255
49,1,1
/226
51,2,1
/214
39,1,1
s284
43,1,1
s276
42,1,1
/1877
60,2,1
/218
50,1,1
/195
66,2,1
/46
59,2,1
/23
48,1,1
/589
44,1,1
/182
38,1,1
/604
31,1,1
/353
65,2,1
/118
41,1,1
/459
54,2,1
/147
34,1,1
s254
53,2,1
s341
55,2,1
/70
40,1,1
/272
47,1,1
/265
0,0,0
s277
49,1,1
s509
52,2,1
/200
66,2,1
s647
45,1,1
/350
36,1,1
s243
68,2,1
/385
61,2,1
/257
51,2,1
/291
54,2,1
s426
48,1,1
/142
41,1,1
s291
63,2,1
/282
37,1,1
/675
56,2,1
s568
32,1,1
s347
31,1,1
s270
60,2,1
/390
46,1,1
s520
39,1,1
/677
67,2,1
s554
59,2,1
s535
35,1,1
s330
40,1,1
/516
65,2,1
s473
38,1,1
s470
42,1,1
s440
55,2,1
s555
47,1,1
/305
62,2,1
/345
53,2,1
/333
58,2,1
s443
33,1,1
/427
70,2,1
/518
57,2,1
s377
43,1,1
/218
44,1,1
/12
50,1,1
s38
34,1,1
/493
69,2,1
/334
64,2,1
END
Start of error log
End of error log
