dt16tl56b dt16bcy148
 11138
0,0,0
/3137
63,2,1
z477
39,1,1
z1197
44,1,1
/870
67,2,1
z519
33,1,1
z624
34,1,1
/1161
60,2,1
/497
70,2,1
z867
40,1,1
/618
61,2,1
z1049
47,1,1
z1469
49,1,1
/744
64,2,1
/695
62,2,1
z2179
45,1,1
z833
52,2,1
z1309
50,1,1
/410
68,2,1
/909
59,2,1
z611
48,1,1
z581
43,1,1
z602
37,1,1
/635
69,2,1
z1220
42,1,1
z1866
51,2,1
/688
58,2,1
z665
41,1,1
/537
56,2,1
z1032
36,1,1
z723
35,1,1
z806
32,1,1
z900
38,1,1
/915
65,2,1
/1002
57,2,1
/1011
66,2,1
z788
46,1,1
/669
53,2,1
z512
31,1,1
/513
55,2,1
/739
54,2,1
 1604
0,0,0
/1023
70,2,1
z1346
53,2,1
z456
36,1,1
z773
48,1,1
/3264
50,1,1
/448
49,1,1
/487
51,2,1
/467
62,2,1
z1539
41,1,1
z411
34,1,1
/400
65,2,1
z451
32,1,1
/587
56,2,1
/415
64,2,1
z431
37,1,1
/430
69,2,1
/779
55,2,1
/468
59,2,1
z486
40,1,1
z1996
42,1,1
z2958
52,2,1
z593
35,1,1
/488
63,2,1
z2730
44,1,1
/367
60,2,1
z1510
43,1,1
/403
61,2,1
z528
33,1,1
/390
67,2,1
z524
39,1,1
z1694
46,1,1
z726
47,1,1
/603
58,2,1
z597
31,1,1
z1108
38,1,1
/485
57,2,1
/369
66,2,1
/371
68,2,1
/530
45,1,1
z1197
54,2,1
 988
0,0,0
z1326
39,1,1
/679
67,2,1
z651
37,1,1
z996
46,1,1
z583
40,1,1
z3936
64,2,1
/539
62,2,1
z966
47,1,1
/454
68,2,1
/367
66,2,1
z1089
49,1,1
z2839
56,2,1
z488
44,1,1
/1440
61,2,1
z648
33,1,1
/541
57,2,1
/519
58,2,1
z691
36,1,1
z2465
38,1,1
z514
31,1,1
/775
59,2,1
z1190
48,1,1
/575
69,2,1
/594
65,2,1
/477
63,2,1
z3194
41,1,1
/4710
55,2,1
z817
42,1,1
/490
70,2,1
/1403
53,2,1
z1392
43,1,1
z438
35,1,1
z4341
50,1,1
/1414
52,2,1
z3115
45,1,1
/632
60,2,1
z568
32,1,1
z1328
51,2,1
/3583
54,2,1
z531
34,1,1
 889
0,0,0
/1000
51,2,1
/467
45,1,1
/526
55,2,1
z1593
38,1,1
/730
70,2,1
z1486
39,1,1
z3310
49,1,1
/438
67,2,1
/492
61,2,1
/1005
59,2,1
z454
35,1,1
/660
64,2,1
/496
58,2,1
z809
42,1,1
z724
33,1,1
z3174
52,2,1
/578
54,2,1
/525
57,2,1
/516
66,2,1
z749
36,1,1
/514
69,2,1
/528
53,2,1
/815
65,2,1
/808
60,2,1
z466
40,1,1
z1292
44,1,1
/500
63,2,1
z498
32,1,1
z1098
47,1,1
/555
56,2,1
z2768
48,1,1
z673
41,1,1
/709
62,2,1
z1311
43,1,1
z669
34,1,1
z1205
46,1,1
z559
37,1,1
z601
31,1,1
z2881
50,1,1
/4805
68,2,1
 755
0,0,0
/1277
69,2,1
z475
33,1,1
z1191
49,1,1
/869
68,2,1
z517
37,1,1
z1187
55,2,1
z2229
58,2,1
/502
46,1,1
z1472
35,1,1
/987
59,2,1
/499
60,2,1
/480
63,2,1
/567
50,1,1
/936
67,2,1
z603
34,1,1
/604
65,2,1
z1194
44,1,1
z1203
42,1,1
/657
62,2,1
z3152
43,1,1
z2332
39,1,1
z583
48,1,1
z680
53,2,1
z1177
40,1,1
/744
61,2,1
z1548
51,2,1
/601
57,2,1
z3746
56,2,1
/957
66,2,1
z927
52,2,1
z924
45,1,1
z564
32,1,1
z706
41,1,1
/3462
64,2,1
z559
36,1,1
z479
38,1,1
z505
31,1,1
z769
54,2,1
/1157
70,2,1
z573
47,1,1
 904
0,0,0
z750
54,2,1
z394
66,2,1
/754
65,2,1
z492
44,1,1
z528
31,1,1
z730
45,1,1
z883
52,2,1
z1200
50,1,1
z1298
56,2,1
z1198
53,2,1
z812
47,1,1
z526
35,1,1
z505
43,1,1
/529
69,2,1
z1048
48,1,1
/642
64,2,1
z2681
58,2,1
/4909
57,2,1
z1222
40,1,1
z1872
41,1,1
z1072
37,1,1
/569
70,2,1
/536
68,2,1
z5334
51,2,1
z522
46,1,1
/623
61,2,1
/421
67,2,1
z480
34,1,1
/417
39,1,1
/494
63,2,1
/456
49,1,1
/611
62,2,1
z548
42,1,1
z484
33,1,1
z448
36,1,1
z430
32,1,1
z1359
38,1,1
/488
59,2,1
z3080
55,2,1
/5548
60,2,1
 777
0,0,0
z2283
55,2,1
z391
43,1,1
z3558
69,2,1
z1723
58,2,1
z465
47,1,1
/1591
63,2,1
z430
33,1,1
z596
46,1,1
z414
35,1,1
z658
54,2,1
/529
68,2,1
z391
40,1,1
z614
48,1,1
z437
36,1,1
z685
49,1,1
z454
37,1,1
z488
34,1,1
z689
59,2,1
z381
38,1,1
z1196
65,2,1
z1139
56,2,1
z519
32,1,1
z1790
62,2,1
/3105
66,2,1
z428
42,1,1
z968
44,1,1
z1862
60,2,1
z521
31,1,1
/899
67,2,1
/766
61,2,1
z4071
52,2,1
/679
64,2,1
/594
70,2,1
z782
41,1,1
z986
57,2,1
z465
50,1,1
z860
53,2,1
z563
51,2,1
z501
45,1,1
z409
39,1,1
 817
0,0,0
z4055
51,2,1
z442
38,1,1
z1241
63,2,1
z445
32,1,1
z522
41,1,1
z608
47,1,1
z795
56,2,1
z3226
68,2,1
z629
52,2,1
z1449
58,2,1
z668
44,1,1
z763
66,2,1
z482
36,1,1
z781
46,1,1
z552
35,1,1
z666
53,2,1
z621
40,1,1
z1338
49,1,1
z1499
59,2,1
z593
39,1,1
z517
57,2,1
z1016
50,1,1
z878
60,2,1
z768
48,1,1
/5351
64,2,1
/525
70,2,1
/456
69,2,1
z2282
54,2,1
z703
37,1,1
z806
43,1,1
z481
33,1,1
z470
31,1,1
z2576
61,2,1
z689
45,1,1
z923
42,1,1
/5634
67,2,1
z1946
55,2,1
z448
34,1,1
z826
62,2,1
/1978
65,2,1
 710
0,0,0
z1355
57,2,1
z370
39,1,1
z985
45,1,1
/6858
60,2,1
z713
34,1,1
z585
38,1,1
z1927
58,2,1
z975
47,1,1
z4636
63,2,1
z447
35,1,1
z451
55,2,1
z419
40,1,1
/3066
64,2,1
z368
36,1,1
z577
41,1,1
/581
67,2,1
z947
44,1,1
z580
48,1,1
z1550
42,1,1
z1822
56,2,1
z634
31,1,1
z753
51,2,1
z1923
54,2,1
z4284
62,2,1
z473
33,1,1
/620
68,2,1
z903
43,1,1
/1255
65,2,1
z3763
61,2,1
/1846
70,2,1
z855
50,1,1
z466
32,1,1
/560
69,2,1
z557
37,1,1
z823
53,2,1
z1168
49,1,1
z739
46,1,1
z2014
66,2,1
z525
52,2,1
z1636
59,2,1
 734
0,0,0
z635
59,2,1
z422
40,1,1
z4075
42,1,1
/768
65,2,1
/2541
57,2,1
z3573
56,2,1
z1642
49,1,1
/1341
62,2,1
z2810
58,2,1
z550
33,1,1
z1311
53,2,1
z1556
55,2,1
z607
43,1,1
z1541
51,2,1
z1933
48,1,1
z1317
47,1,1
z709
44,1,1
z524
32,1,1
/3807
67,2,1
z5839
54,2,1
z381
38,1,1
z3731
66,2,1
z597
39,1,1
z420
34,1,1
z804
50,1,1
z464
31,1,1
z553
36,1,1
z1137
46,1,1
z1026
60,2,1
z539
35,1,1
z480
37,1,1
z896
52,2,1
z501
41,1,1
z7355
64,2,1
z383
61,2,1
/466
69,2,1
/973
63,2,1
/818
70,2,1
/494
68,2,1
z752
45,1,1
 746
0,0,0
z816
41,1,1
z1083
63,2,1
z2267
65,2,1
z836
51,2,1
z1195
61,2,1
z1963
62,2,1
z584
40,1,1
z1093
47,1,1
z681
33,1,1
z1005
60,2,1
z717
42,1,1
z1090
66,2,1
z465
35,1,1
z817
68,2,1
z753
48,1,1
z589
38,1,1
z528
32,1,1
z836
67,2,1
z502
36,1,1
z700
44,1,1
/3240
58,2,1
/520
59,2,1
/485
57,2,1
z1765
56,2,1
z401
37,1,1
/3252
69,2,1
z765
45,1,1
z525
39,1,1
z673
54,2,1
z2184
43,1,1
z398
34,1,1
/4632
64,2,1
z765
46,1,1
z406
31,1,1
z741
53,2,1
/1928
70,2,1
z3058
52,2,1
z361
49,1,1
z2651
50,1,1
z7836
55,2,1
 692
0,0,0
z538
36,1,1
z405
44,1,1
z457
40,1,1
z699
37,1,1
z816
39,1,1
/668
68,2,1
/591
66,2,1
z566
33,1,1
z1114
52,2,1
z713
46,1,1
z3249
60,2,1
z1410
57,2,1
z1718
54,2,1
z1825
42,1,1
z911
45,1,1
z2308
67,2,1
z3155
59,2,1
/686
70,2,1
/730
65,2,1
z531
38,1,1
z2005
56,2,1
/812
69,2,1
/688
63,2,1
z471
31,1,1
z705
51,2,1
z680
53,2,1
z672
48,1,1
z477
34,1,1
z3683
58,2,1
z1160
49,1,1
z500
35,1,1
z5632
61,2,1
z3127
55,2,1
z2035
50,1,1
z3201
62,2,1
/489
64,2,1
z458
32,1,1
z514
41,1,1
z453
43,1,1
z1510
47,1,1
 703
0,0,0
z1445
45,1,1
z447
32,1,1
z353
34,1,1
z720
65,2,1
z1968
62,2,1
z3946
69,2,1
z463
49,1,1
z446
38,1,1
z422
54,2,1
z511
37,1,1
z1842
58,2,1
z2636
67,2,1
z371
31,1,1
z583
52,2,1
z1257
61,2,1
z1782
41,1,1
z575
50,1,1
z1656
63,2,1
z404
46,1,1
z420
39,1,1
z363
51,2,1
z368
35,1,1
z3761
66,2,1
z1073
60,2,1
z1188
64,2,1
z436
33,1,1
z1317
56,2,1
z1368
57,2,1
z479
36,1,1
z402
47,1,1
z614
44,1,1
z472
40,1,1
z512
43,1,1
z1236
59,2,1
z899
48,1,1
z733
53,2,1
z2343
55,2,1
z7575
68,2,1
z573
42,1,1
z7030
70,2,1
 696
0,0,0
z679
49,1,1
z399
40,1,1
z1869
39,1,1
z535
45,1,1
z1014
47,1,1
z832
61,2,1
z347
34,1,1
z358
50,1,1
z386
38,1,1
z601
44,1,1
z415
53,2,1
z652
67,2,1
z828
54,2,1
z1043
64,2,1
z650
37,1,1
z1537
59,2,1
z369
42,1,1
z408
51,2,1
z1800
66,2,1
z531
32,1,1
z982
58,2,1
z412
41,1,1
/524
60,2,1
/537
65,2,1
z409
31,1,1
z522
33,1,1
z668
36,1,1
z941
56,2,1
z418
35,1,1
/922
69,2,1
z2527
55,2,1
/645
68,2,1
z1007
52,2,1
z434
43,1,1
z721
57,2,1
z622
48,1,1
/453
63,2,1
z1132
46,1,1
/3223
70,2,1
/9186
62,2,1
 701
0,0,0
z856
68,2,1
z590
47,1,1
/619
70,2,1
z517
41,1,1
/760
54,2,1
/481
66,2,1
z1851
56,2,1
z1666
59,2,1
z567
49,1,1
z488
42,1,1
z1512
62,2,1
/455
36,1,1
/511
65,2,1
z1134
46,1,1
z2679
53,2,1
z370
48,1,1
z3657
58,2,1
/4979
67,2,1
z442
34,1,1
z412
32,1,1
z3047
50,1,1
z354
39,1,1
z425
35,1,1
/1220
60,2,1
z375
44,1,1
z2284
64,2,1
z416
45,1,1
z1332
57,2,1
z494
55,2,1
z402
31,1,1
z590
52,2,1
z528
61,2,1
z3419
63,2,1
z549
33,1,1
z421
37,1,1
z431
38,1,1
/663
69,2,1
z434
40,1,1
z982
51,2,1
z5922
43,1,1
 824
0,0,0
z466
37,1,1
z448
52,2,1
z533
31,1,1
z1223
42,1,1
/562
62,2,1
z1218
40,1,1
/468
65,2,1
z1892
47,1,1
/662
68,2,1
/442
70,2,1
z466
36,1,1
z1767
55,2,1
z1675
59,2,1
z433
53,2,1
z511
35,1,1
z644
44,1,1
/479
67,2,1
/603
64,2,1
z1834
57,2,1
z633
32,1,1
z488
43,1,1
z2610
63,2,1
z4607
50,1,1
z359
54,2,1
/7547
61,2,1
z533
34,1,1
z834
49,1,1
/2707
60,2,1
z420
38,1,1
z637
46,1,1
/485
69,2,1
/394
58,2,1
/630
66,2,1
/772
56,2,1
z3182
48,1,1
z359
39,1,1
z1303
51,2,1
z451
41,1,1
z418
33,1,1
z487
45,1,1
 828
0,0,0
z907
43,1,1
z431
40,1,1
z864
52,2,1
z844
57,2,1
z1080
39,1,1
z471
38,1,1
z559
41,1,1
/610
61,2,1
/447
63,2,1
/469
65,2,1
/447
62,2,1
/494
68,2,1
z455
35,1,1
z917
53,2,1
z802
47,1,1
z520
31,1,1
z724
54,2,1
z534
49,1,1
z374
36,1,1
z408
45,1,1
z317
60,2,1
/475
58,2,1
z480
33,1,1
z496
37,1,1
z674
51,2,1
z6143
59,2,1
/766
69,2,1
z632
56,2,1
z836
50,1,1
/643
70,2,1
/591
55,2,1
/469
66,2,1
z578
42,1,1
z473
46,1,1
/477
67,2,1
z366
34,1,1
z438
32,1,1
z589
44,1,1
z669
48,1,1
/1040
64,2,1
 757
0,0,0
z662
33,1,1
z348
32,1,1
z460
50,1,1
/399
62,2,1
z342
36,1,1
z746
52,2,1
z724
48,1,1
/546
67,2,1
z543
39,1,1
/585
68,2,1
z1077
51,2,1
/385
70,2,1
/525
69,2,1
z3670
56,2,1
z772
54,2,1
z480
42,1,1
z375
37,1,1
z559
35,1,1
z2350
46,1,1
z505
40,1,1
/619
63,2,1
/678
60,2,1
/543
66,2,1
z5086
64,2,1
z491
38,1,1
z289
44,1,1
z552
57,2,1
z331
47,1,1
z411
58,2,1
z298
53,2,1
z546
49,1,1
z445
31,1,1
z838
59,2,1
z398
41,1,1
/791
65,2,1
/492
55,2,1
z347
34,1,1
z400
43,1,1
/1400
61,2,1
z487
45,1,1
 663
0,0,0
z438
70,2,1
/573
63,2,1
/687
44,1,1
/512
56,2,1
z1043
36,1,1
z436
32,1,1
z786
42,1,1
/400
62,2,1
/354
64,2,1
/406
61,2,1
z1470
43,1,1
z4258
59,2,1
/6245
52,2,1
/456
67,2,1
/450
50,1,1
z1301
49,1,1
z375
31,1,1
z646
41,1,1
z662
39,1,1
/662
69,2,1
z600
40,1,1
z391
33,1,1
/797
65,2,1
z705
48,1,1
z724
51,2,1
/895
57,2,1
z389
34,1,1
z574
37,1,1
z345
38,1,1
/710
66,2,1
z684
47,1,1
z4868
55,2,1
z734
58,2,1
z423
45,1,1
/651
68,2,1
/1186
60,2,1
z397
46,1,1
z2563
54,2,1
z444
35,1,1
z906
53,2,1
 651
0,0,0
z516
57,2,1
/534
68,2,1
z600
53,2,1
/459
61,2,1
z550
44,1,1
z984
46,1,1
/413
66,2,1
/492
52,2,1
/555
63,2,1
z428
31,1,1
/528
67,2,1
/533
69,2,1
z6771
64,2,1
/398
36,1,1
/584
55,2,1
/709
54,2,1
/422
58,2,1
/1119
56,2,1
/467
70,2,1
z728
40,1,1
z665
42,1,1
z599
51,2,1
z520
33,1,1
z806
49,1,1
/701
65,2,1
/641
59,2,1
z548
43,1,1
z431
41,1,1
z467
37,1,1
z635
45,1,1
z411
32,1,1
z475
34,1,1
/578
60,2,1
z360
38,1,1
z690
47,1,1
z457
48,1,1
z384
39,1,1
z408
50,1,1
/933
62,2,1
z346
35,1,1
 658
0,0,0
z516
45,1,1
z422
34,1,1
z872
56,2,1
z433
37,1,1
/532
65,2,1
/452
51,2,1
/464
61,2,1
z437
31,1,1
/524
69,2,1
z1110
49,1,1
z524
47,1,1
z3093
57,2,1
z381
52,2,1
/527
68,2,1
z411
36,1,1
/493
64,2,1
z371
43,1,1
z427
39,1,1
z400
42,1,1
z451
46,1,1
z718
44,1,1
/504
58,2,1
z1804
53,2,1
z493
41,1,1
z555
48,1,1
z646
50,1,1
z462
40,1,1
/779
62,2,1
z834
55,2,1
z534
38,1,1
/563
66,2,1
z366
33,1,1
/371
63,2,1
/481
70,2,1
/387
67,2,1
/362
60,2,1
z2045
54,2,1
z458
35,1,1
z777
59,2,1
z433
32,1,1
/563
0,0,0
z3031
52,2,1
z508
45,1,1
z765
49,1,1
z408
54,2,1
/541
62,2,1
z363
35,1,1
z511
33,1,1
z364
37,1,1
z624
34,1,1
z4616
59,2,1
z368
43,1,1
z388
47,1,1
z340
46,1,1
/606
63,2,1
z543
39,1,1
z499
38,1,1
z699
48,1,1
z1573
57,2,1
z911
56,2,1
/479
64,2,1
/635
60,2,1
z556
41,1,1
z754
51,2,1
z897
50,1,1
/519
68,2,1
z608
55,2,1
/500
70,2,1
z392
32,1,1
/640
66,2,1
/537
67,2,1
/897
61,2,1
z383
31,1,1
z379
36,1,1
z293
65,2,1
z709
53,2,1
z342
40,1,1
z733
58,2,1
z770
44,1,1
z833
42,1,1
/422
69,2,1
 748
0,0,0
z471
44,1,1
/669
66,2,1
z411
45,1,1
z927
54,2,1
/363
62,2,1
/371
59,2,1
z417
31,1,1
z592
33,1,1
/717
50,1,1
/459
70,2,1
z440
43,1,1
z344
56,2,1
z889
42,1,1
/557
51,2,1
/373
69,2,1
z512
39,1,1
z603
35,1,1
z483
40,1,1
/524
60,2,1
/532
58,2,1
z367
36,1,1
z678
49,1,1
/447
61,2,1
z803
48,1,1
z462
46,1,1
z397
41,1,1
z384
32,1,1
/557
68,2,1
/471
64,2,1
z794
52,2,1
/470
63,2,1
z1364
55,2,1
/3978
57,2,1
z301
47,1,1
/546
67,2,1
/458
65,2,1
z1545
53,2,1
z397
37,1,1
z430
34,1,1
z392
38,1,1
 803
0,0,0
z4348
58,2,1
z392
35,1,1
z614
49,1,1
z754
54,2,1
z1055
59,2,1
z537
33,1,1
z1063
45,1,1
z717
53,2,1
z545
31,1,1
z395
36,1,1
z481
42,1,1
/514
62,2,1
z563
46,1,1
z405
39,1,1
/500
61,2,1
/534
60,2,1
/467
64,2,1
z1376
51,2,1
/894
57,2,1
/482
68,2,1
/544
65,2,1
z544
48,1,1
z698
47,1,1
z572
40,1,1
z428
32,1,1
z821
56,2,1
z427
44,1,1
/395
69,2,1
/410
67,2,1
/375
66,2,1
z586
38,1,1
z988
52,2,1
z433
50,1,1
z676
41,1,1
z2401
55,2,1
z422
34,1,1
z414
43,1,1
/545
70,2,1
/374
63,2,1
z406
37,1,1
 753
0,0,0
z466
57,2,1
z454
42,1,1
z559
46,1,1
/518
70,2,1
/420
56,2,1
z617
52,2,1
z553
59,2,1
/405
68,2,1
z548
41,1,1
z514
47,1,1
/439
65,2,1
z492
49,1,1
z488
45,1,1
z557
39,1,1
z537
44,1,1
z467
37,1,1
/538
64,2,1
/440
60,2,1
/424
69,2,1
z1207
53,2,1
z279
43,1,1
z4423
58,2,1
z2639
55,2,1
z1097
54,2,1
/810
67,2,1
z2566
61,2,1
z430
35,1,1
z432
36,1,1
z395
50,1,1
z691
34,1,1
/541
51,2,1
z391
33,1,1
/595
66,2,1
z366
31,1,1
z534
40,1,1
z408
32,1,1
/760
62,2,1
z321
38,1,1
z714
48,1,1
z694
63,2,1
 1095
0,0,0
z1644
56,2,1
/686
62,2,1
z699
49,1,1
z522
50,1,1
/347
66,2,1
/362
65,2,1
z436
31,1,1
/519
60,2,1
z603
32,1,1
z606
48,1,1
/441
68,2,1
/429
61,2,1
z343
35,1,1
z2650
51,2,1
/530
59,2,1
/588
54,2,1
z334
41,1,1
/386
55,2,1
z657
52,2,1
z372
46,1,1
/617
67,2,1
/1406
57,2,1
z303
39,1,1
z479
37,1,1
z414
42,1,1
z1089
47,1,1
z524
33,1,1
z691
53,2,1
z437
36,1,1
z323
38,1,1
z471
34,1,1
/525
69,2,1
z499
44,1,1
/553
64,2,1
z2340
43,1,1
z644
45,1,1
/544
70,2,1
/720
58,2,1
z362
40,1,1
/477
63,2,1
 819
0,0,0
z640
37,1,1
z411
40,1,1
/487
68,2,1
z354
41,1,1
z647
47,1,1
/598
64,2,1
/653
57,2,1
z965
45,1,1
z444
35,1,1
/743
65,2,1
/366
54,2,1
z499
49,1,1
/475
51,2,1
/490
58,2,1
z376
32,1,1
z320
33,1,1
/470
60,2,1
z247
38,1,1
z3632
56,2,1
/653
69,2,1
/434
67,2,1
z346
34,1,1
/5190
63,2,1
z607
50,1,1
z321
36,1,1
/3501
62,2,1
z374
31,1,1
z711
46,1,1
z443
44,1,1
z483
42,1,1
z816
52,2,1
z479
43,1,1
/517
66,2,1
z327
39,1,1
z1709
53,2,1
z786
55,2,1
z480
59,2,1
/823
61,2,1
/454
70,2,1
z494
48,1,1
 879
0,0,0
z1119
46,1,1
z412
33,1,1
z414
39,1,1
z418
36,1,1
z782
43,1,1
z607
53,2,1
/532
67,2,1
/453
70,2,1
z499
45,1,1
z626
52,2,1
z484
50,1,1
z351
42,1,1
z403
34,1,1
z402
37,1,1
z548
47,1,1
/520
63,2,1
z987
48,1,1
z502
56,2,1
/591
60,2,1
z410
35,1,1
/486
66,2,1
/411
68,2,1
/499
64,2,1
/397
54,2,1
z436
40,1,1
z1230
49,1,1
z2703
57,2,1
z748
55,2,1
z647
41,1,1
z833
58,2,1
z539
38,1,1
z620
62,2,1
/804
69,2,1
z286
31,1,1
z395
32,1,1
z635
51,2,1
z650
65,2,1
z357
61,2,1
z399
44,1,1
z661
59,2,1
 854
0,0,0
z783
45,1,1
z377
32,1,1
/496
67,2,1
/473
61,2,1
z947
46,1,1
z732
52,2,1
z733
56,2,1
z3514
64,2,1
/445
68,2,1
z326
37,1,1
/1913
70,2,1
/636
69,2,1
/483
63,2,1
z345
36,1,1
z731
57,2,1
/338
33,1,1
z531
35,1,1
/520
62,2,1
z252
58,2,1
/955
49,1,1
z992
51,2,1
z325
39,1,1
z428
43,1,1
z496
42,1,1
/670
60,2,1
z556
50,1,1
/508
66,2,1
/807
59,2,1
z507
48,1,1
z459
44,1,1
z503
38,1,1
z392
31,1,1
/550
65,2,1
z459
41,1,1
/465
54,2,1
z269
34,1,1
z330
53,2,1
z456
55,2,1
z463
40,1,1
z678
47,1,1
 830
0,0,0
z575
49,1,1
z374
52,2,1
/608
66,2,1
z342
45,1,1
z552
36,1,1
/535
68,2,1
/624
61,2,1
z655
51,2,1
z796
54,2,1
z526
48,1,1
z551
41,1,1
z394
63,2,1
z427
37,1,1
/474
56,2,1
z278
32,1,1
z279
31,1,1
z419
60,2,1
z598
46,1,1
z496
39,1,1
/488
67,2,1
/470
59,2,1
z416
35,1,1
z542
40,1,1
/605
65,2,1
z404
38,1,1
z980
42,1,1
z2819
55,2,1
z579
47,1,1
/788
62,2,1
z816
53,2,1
z559
58,2,1
z503
33,1,1
/1495
70,2,1
z2365
57,2,1
z377
43,1,1
z467
44,1,1
z1190
50,1,1
z412
34,1,1
/537
69,2,1
/554
64,2,1
END
Start of error log
End of error log
