dt16tl52b dt16bcy140
 12206
0,0,0
/1406
58,2,1
/992
69,2,1
z1225
38,1,1
/997
60,2,1
z1309
39,1,1
/761
59,2,1
z958
40,1,1
/978
65,2,1
z627
32,1,1
z1144
52,2,1
z797
49,1,1
/753
63,2,1
/614
70,2,1
z680
37,1,1
/727
64,2,1
z813
43,1,1
z842
46,1,1
/702
67,2,1
z680
31,1,1
z977
54,2,1
z853
35,1,1
/1003
55,2,1
/1787
53,2,1
z650
36,1,1
/657
68,2,1
z1242
50,1,1
z1135
33,1,1
z1367
56,2,1
z1195
42,1,1
/721
62,2,1
/1466
47,1,1
z1755
48,1,1
/770
57,2,1
z735
41,1,1
z1565
44,1,1
/776
66,2,1
/802
61,2,1
z666
45,1,1
z955
34,1,1
/929
51,2,1
 1557
0,0,0
z618
33,1,1
/910
55,2,1
/776
51,2,1
/636
65,2,1
/867
57,2,1
z766
39,1,1
/789
61,2,1
/1041
67,2,1
/765
58,2,1
/733
60,2,1
/996
56,2,1
z1753
52,2,1
z776
45,1,1
z636
37,1,1
/664
69,2,1
z770
35,1,1
z648
32,1,1
z612
40,1,1
z966
41,1,1
z789
36,1,1
z1702
54,2,1
/650
68,2,1
/521
70,2,1
z1183
48,1,1
z728
43,1,1
z1375
64,2,1
z784
31,1,1
/1010
63,2,1
/1018
59,2,1
z1085
50,1,1
z1518
53,2,1
z824
38,1,1
z530
34,1,1
/829
66,2,1
z805
44,1,1
/1336
62,2,1
z934
47,1,1
z896
49,1,1
z585
46,1,1
z823
42,1,1
 1330
0,0,0
z1072
61,2,1
z1071
49,1,1
z645
44,1,1
/925
63,2,1
z1991
40,1,1
z1603
51,2,1
z611
31,1,1
z497
48,1,1
z874
36,1,1
z648
34,1,1
z700
35,1,1
z772
38,1,1
/687
65,2,1
z2243
45,1,1
z1304
54,2,1
z859
39,1,1
/738
70,2,1
z856
46,1,1
z1179
64,2,1
/871
62,2,1
z644
33,1,1
z1858
50,1,1
z1387
67,2,1
z1052
60,2,1
z781
43,1,1
/1219
69,2,1
z1856
56,2,1
z625
32,1,1
z486
41,1,1
z795
47,1,1
z611
52,2,1
z511
42,1,1
/1402
66,2,1
z722
58,2,1
/2166
59,2,1
z1211
57,2,1
/996
68,2,1
z1485
55,2,1
z2408
53,2,1
z858
37,1,1
 1233
0,0,0
z720
41,1,1
z1567
54,2,1
z589
43,1,1
z2161
60,2,1
z632
42,1,1
/946
64,2,1
z729
34,1,1
z871
47,1,1
/572
69,2,1
z1540
49,1,1
z603
32,1,1
z496
48,1,1
z851
52,2,1
z1430
57,2,1
z784
45,1,1
z1563
61,2,1
/900
59,2,1
z947
35,1,1
/1212
70,2,1
z620
33,1,1
z974
46,1,1
/956
56,2,1
z1958
40,1,1
z1456
36,1,1
z607
38,1,1
/622
66,2,1
/666
58,2,1
/454
63,2,1
/572
62,2,1
/790
65,2,1
/1579
53,2,1
z1416
50,1,1
z1153
51,2,1
z796
39,1,1
z707
31,1,1
z773
37,1,1
z1807
55,2,1
/1316
67,2,1
/867
68,2,1
z728
44,1,1
 1122
0,0,0
z2185
57,2,1
/706
58,2,1
/821
66,2,1
/855
55,2,1
z1405
43,1,1
z788
32,1,1
z1623
46,1,1
/765
64,2,1
/769
63,2,1
z1353
52,2,1
/854
44,1,1
z1511
48,1,1
z573
51,2,1
z1700
53,2,1
z1689
61,2,1
z885
54,2,1
/889
68,2,1
z577
35,1,1
z537
40,1,1
z1208
47,1,1
z650
33,1,1
z686
37,1,1
z1112
49,1,1
z1703
59,2,1
z719
45,1,1
/750
70,2,1
z575
36,1,1
z746
56,2,1
z651
41,1,1
/1793
62,2,1
z644
50,1,1
/720
69,2,1
/496
65,2,1
/1041
67,2,1
z1830
60,2,1
z1570
31,1,1
z514
34,1,1
z944
39,1,1
z484
42,1,1
z623
38,1,1
 1241
0,0,0
/620
62,2,1
z619
35,1,1
z720
40,1,1
z562
34,1,1
z524
41,1,1
z691
47,1,1
z2150
58,2,1
z2216
60,2,1
/570
69,2,1
/982
66,2,1
z776
46,1,1
z1178
52,2,1
/1164
70,2,1
/533
65,2,1
/477
67,2,1
z1124
56,2,1
z1477
49,1,1
z930
38,1,1
/688
68,2,1
/1379
55,2,1
z592
32,1,1
z1757
50,1,1
z550
33,1,1
/1407
59,2,1
z686
44,1,1
z772
42,1,1
z440
31,1,1
z411
39,1,1
z378
48,1,1
z430
63,2,1
z1774
43,1,1
z1166
45,1,1
z1425
53,2,1
/780
57,2,1
z1111
51,2,1
z3384
54,2,1
/1668
64,2,1
z602
36,1,1
z574
37,1,1
z2436
61,2,1
 1044
0,0,0
/420
70,2,1
z574
38,1,1
/509
69,2,1
/552
67,2,1
z906
47,1,1
/750
61,2,1
/809
65,2,1
z1122
51,2,1
z1084
39,1,1
z1375
46,1,1
z614
40,1,1
z1346
35,1,1
z1142
52,2,1
z841
50,1,1
/955
66,2,1
z707
43,1,1
z1770
53,2,1
/1209
63,2,1
z1440
58,2,1
/863
60,2,1
/916
57,2,1
z1138
49,1,1
z521
41,1,1
z850
34,1,1
/2469
64,2,1
z660
33,1,1
/1408
59,2,1
/906
62,2,1
z976
45,1,1
z1029
44,1,1
z612
36,1,1
z934
48,1,1
z615
32,1,1
/743
68,2,1
/826
55,2,1
z989
42,1,1
z666
31,1,1
z993
37,1,1
/835
56,2,1
/715
54,2,1
 1043
0,0,0
z799
50,1,1
z1007
49,1,1
/588
64,2,1
/535
60,2,1
z926
43,1,1
z708
32,1,1
/1131
62,2,1
z744
38,1,1
z1875
53,2,1
z550
33,1,1
/596
69,2,1
z1473
48,1,1
/536
68,2,1
z571
35,1,1
/932
58,2,1
z689
39,1,1
/676
70,2,1
z1447
47,1,1
z2242
41,1,1
z1226
36,1,1
z617
31,1,1
z1124
34,1,1
/1308
56,2,1
/537
65,2,1
z655
44,1,1
z1831
42,1,1
/567
66,2,1
/614
67,2,1
/729
59,2,1
/552
61,2,1
/1731
52,2,1
z1333
37,1,1
z889
40,1,1
/863
55,2,1
/1147
57,2,1
z1470
46,1,1
z1113
51,2,1
/2126
54,2,1
/823
63,2,1
z634
45,1,1
 1346
0,0,0
z646
35,1,1
z1719
45,1,1
z1590
34,1,1
z1175
47,1,1
z1046
46,1,1
z1229
52,2,1
z1268
53,2,1
z731
48,1,1
z553
41,1,1
z553
37,1,1
z720
51,2,1
/790
36,1,1
/1601
59,2,1
/517
68,2,1
/544
70,2,1
/732
67,2,1
z666
44,1,1
z933
58,2,1
/1819
54,2,1
z608
38,1,1
/3053
57,2,1
z812
55,2,1
/1073
50,1,1
z1601
43,1,1
z669
31,1,1
/650
66,2,1
/898
60,2,1
/682
62,2,1
z771
32,1,1
/589
64,2,1
/897
61,2,1
z1341
39,1,1
/730
69,2,1
/708
63,2,1
/1062
56,2,1
z548
33,1,1
z486
40,1,1
z1191
49,1,1
/647
65,2,1
z1656
42,1,1
 3195
0,0,0
/662
60,2,1
z548
33,1,1
/645
67,2,1
z650
39,1,1
/749
59,2,1
/541
63,2,1
z1020
44,1,1
z774
37,1,1
/801
69,2,1
z982
41,1,1
z1065
48,1,1
z629
36,1,1
/565
61,2,1
/584
55,2,1
/1297
56,2,1
z512
42,1,1
z1000
53,2,1
/2604
58,2,1
z656
32,1,1
z1015
46,1,1
z1242
54,2,1
z686
35,1,1
z2076
49,1,1
z559
43,1,1
/1153
62,2,1
z1443
40,1,1
z913
47,1,1
z1507
50,1,1
/569
70,2,1
z1113
31,1,1
/660
65,2,1
z671
38,1,1
z1426
45,1,1
/620
64,2,1
/1586
52,2,1
z624
34,1,1
/1015
57,2,1
/535
68,2,1
/523
66,2,1
z1367
51,2,1
 1380
0,0,0
z550
39,1,1
/1087
50,1,1
z560
41,1,1
/998
53,2,1
/854
58,2,1
/1131
62,2,1
z844
56,2,1
z999
46,1,1
z541
35,1,1
z1527
52,2,1
/929
54,2,1
/552
57,2,1
z2339
55,2,1
z782
34,1,1
z1612
49,1,1
/707
59,2,1
/478
67,2,1
/570
69,2,1
z1319
42,1,1
z1921
51,2,1
z625
32,1,1
/1552
61,2,1
/556
63,2,1
/659
70,2,1
z1411
47,1,1
/849
65,2,1
z664
43,1,1
/839
60,2,1
/544
66,2,1
/513
68,2,1
z674
33,1,1
z748
37,1,1
z567
36,1,1
z666
31,1,1
z1254
48,1,1
z1736
40,1,1
z699
38,1,1
z1155
44,1,1
/722
64,2,1
z834
45,1,1
 1457
0,0,0
z739
44,1,1
/1058
57,2,1
z739
47,1,1
/1027
69,2,1
/732
51,2,1
z564
36,1,1
/2209
50,1,1
/927
52,2,1
z635
66,2,1
/760
67,2,1
/535
63,2,1
z724
42,1,1
/908
58,2,1
/1253
55,2,1
/660
68,2,1
/508
64,2,1
z723
37,1,1
z517
32,1,1
z776
38,1,1
/630
62,2,1
z994
33,1,1
z2069
46,1,1
z644
35,1,1
/877
61,2,1
z856
40,1,1
z1724
43,1,1
/768
70,2,1
/1562
53,2,1
z1650
45,1,1
/711
54,2,1
/688
59,2,1
z840
49,1,1
/2232
56,2,1
/922
60,2,1
z540
31,1,1
/606
65,2,1
z934
41,1,1
z591
34,1,1
z1101
48,1,1
z554
39,1,1
 3594
0,0,0
/568
64,2,1
/570
68,2,1
z615
41,1,1
/715
58,2,1
z859
37,1,1
/563
67,2,1
z1913
48,1,1
z923
47,1,1
z622
33,1,1
z554
34,1,1
z559
36,1,1
z740
40,1,1
/534
66,2,1
z774
38,1,1
z606
43,1,1
z831
35,1,1
/758
51,2,1
/553
62,2,1
z601
31,1,1
/737
56,2,1
/506
49,1,1
/487
59,2,1
/809
54,2,1
/938
50,1,1
/622
55,2,1
/555
65,2,1
z772
52,2,1
z539
39,1,1
z563
45,1,1
/542
70,2,1
/2047
57,2,1
/510
53,2,1
/713
60,2,1
/958
61,2,1
z1042
44,1,1
/579
69,2,1
z570
42,1,1
z621
46,1,1
z590
32,1,1
/608
63,2,1
 1120
0,0,0
/481
70,2,1
z585
32,1,1
/614
52,2,1
z723
33,1,1
z835
35,1,1
z816
44,1,1
/552
69,2,1
/530
58,2,1
z852
39,1,1
z542
48,1,1
/803
62,2,1
z654
46,1,1
/630
66,2,1
/1225
53,2,1
/614
68,2,1
/786
63,2,1
z924
36,1,1
z2170
41,1,1
z990
40,1,1
z518
31,1,1
/1106
51,2,1
/1010
55,2,1
/733
60,2,1
/634
65,2,1
/504
64,2,1
/553
61,2,1
z2848
45,1,1
z481
34,1,1
/959
57,2,1
z1865
43,1,1
/728
67,2,1
/2068
54,2,1
/2859
56,2,1
z520
38,1,1
/699
59,2,1
z857
42,1,1
z1850
49,1,1
z662
50,1,1
z1655
47,1,1
z520
37,1,1
 1084
0,0,0
/507
66,2,1
/1452
50,1,1
/2245
52,2,1
/682
67,2,1
/624
65,2,1
z576
36,1,1
/642
69,2,1
/681
60,2,1
z565
38,1,1
z677
32,1,1
/771
57,2,1
/779
64,2,1
z1228
47,1,1
z577
43,1,1
z502
33,1,1
z813
56,2,1
z1264
49,1,1
/581
68,2,1
z573
34,1,1
z2373
55,2,1
/555
70,2,1
z844
53,2,1
z578
48,1,1
z512
37,1,1
z952
45,1,1
z1686
62,2,1
z845
54,2,1
z691
44,1,1
z2101
59,2,1
z543
46,1,1
/864
58,2,1
/2021
61,2,1
z760
40,1,1
z673
41,1,1
z1386
51,2,1
z729
42,1,1
z571
35,1,1
z530
31,1,1
z541
39,1,1
/535
63,2,1
 1031
0,0,0
z552
33,1,1
z770
47,1,1
z836
32,1,1
/665
57,2,1
/865
60,2,1
z546
38,1,1
/794
59,2,1
/796
62,2,1
/710
66,2,1
/894
61,2,1
z806
36,1,1
z716
35,1,1
/625
58,2,1
/603
63,2,1
/1956
49,1,1
/775
64,2,1
z589
43,1,1
/1751
52,2,1
/742
56,2,1
z611
40,1,1
/763
54,2,1
z1232
48,1,1
z626
42,1,1
/1185
55,2,1
z1401
51,2,1
z611
31,1,1
z526
37,1,1
/679
68,2,1
/684
67,2,1
/549
70,2,1
z1085
50,1,1
z782
39,1,1
/671
65,2,1
z1025
34,1,1
/988
53,2,1
z970
46,1,1
z815
41,1,1
z908
44,1,1
/683
69,2,1
z2935
45,1,1
 1190
0,0,0
/525
62,2,1
/651
53,2,1
z580
36,1,1
z857
46,1,1
z805
45,1,1
z2902
47,1,1
/564
69,2,1
/572
51,2,1
/552
63,2,1
z729
41,1,1
/1245
57,2,1
z797
48,1,1
z920
34,1,1
/598
67,2,1
/589
60,2,1
/1104
56,2,1
/1556
49,1,1
/611
64,2,1
/541
68,2,1
/1606
52,2,1
z3098
54,2,1
z822
43,1,1
z498
39,1,1
z1366
50,1,1
z1032
44,1,1
z565
32,1,1
z453
35,1,1
z1335
37,1,1
/645
65,2,1
/428
61,2,1
z490
31,1,1
/466
66,2,1
z1125
40,1,1
z848
55,2,1
/957
58,2,1
z828
38,1,1
z648
33,1,1
z1257
42,1,1
/592
70,2,1
/984
59,2,1
 1083
0,0,0
z1025
50,1,1
z879
41,1,1
z575
37,1,1
/612
66,2,1
z695
35,1,1
/1479
54,2,1
/581
62,2,1
/526
68,2,1
/421
70,2,1
/702
61,2,1
/1447
64,2,1
z1421
55,2,1
/614
49,1,1
/613
60,2,1
z467
31,1,1
z2002
46,1,1
z524
36,1,1
/587
59,2,1
/714
67,2,1
z1194
47,1,1
z905
45,1,1
/608
69,2,1
/952
52,2,1
z623
39,1,1
z1556
44,1,1
z826
40,1,1
/724
58,2,1
/669
63,2,1
z621
34,1,1
z1583
57,2,1
z1205
33,1,1
z734
42,1,1
z976
43,1,1
/728
65,2,1
/524
56,2,1
z1602
48,1,1
z1024
38,1,1
z1500
53,2,1
/1380
32,1,1
z3372
51,2,1
 1047
0,0,0
/682
69,2,1
/559
52,2,1
/436
62,2,1
/431
59,2,1
/534
63,2,1
z1059
57,2,1
/535
61,2,1
z781
42,1,1
/1260
53,2,1
z451
68,2,1
z962
47,1,1
z682
44,1,1
/832
55,2,1
z691
38,1,1
/2056
56,2,1
z986
50,1,1
z662
32,1,1
z634
48,1,1
/883
58,2,1
/657
64,2,1
z597
35,1,1
z682
36,1,1
z835
37,1,1
z1539
45,1,1
z520
43,1,1
/580
60,2,1
/537
54,2,1
z2171
41,1,1
z469
31,1,1
z626
40,1,1
z2937
49,1,1
z1180
46,1,1
z567
33,1,1
z440
34,1,1
/534
65,2,1
z846
39,1,1
/761
66,2,1
z953
51,2,1
/586
67,2,1
/462
70,2,1
 1112
0,0,0
z708
45,1,1
/477
63,2,1
/574
70,2,1
/784
55,2,1
z1874
38,1,1
z508
69,2,1
/955
52,2,1
z852
42,1,1
/571
60,2,1
/520
65,2,1
z578
43,1,1
z485
36,1,1
/1581
48,1,1
z1447
41,1,1
/554
67,2,1
/659
58,2,1
/843
49,1,1
/1508
54,2,1
z521
35,1,1
z644
31,1,1
/652
66,2,1
z2423
50,1,1
z870
32,1,1
z1153
40,1,1
z1611
47,1,1
/754
61,2,1
z1266
44,1,1
z572
46,1,1
/609
68,2,1
/965
59,2,1
/1090
51,2,1
z546
34,1,1
z572
37,1,1
z621
39,1,1
/731
56,2,1
z1527
53,2,1
/598
64,2,1
z854
33,1,1
/1179
57,2,1
/558
62,2,1
 1134
0,0,0
z884
44,1,1
z902
47,1,1
z848
31,1,1
z971
43,1,1
z600
39,1,1
z817
48,1,1
/517
64,2,1
/496
58,2,1
z734
34,1,1
/544
67,2,1
z1200
49,1,1
/834
53,2,1
/706
61,2,1
/554
70,2,1
/625
63,2,1
z523
35,1,1
z647
38,1,1
z559
37,1,1
/768
56,2,1
/686
66,2,1
z534
32,1,1
/716
69,2,1
z559
40,1,1
/491
62,2,1
/1036
51,2,1
/546
68,2,1
z872
57,2,1
z991
42,1,1
z766
50,1,1
/841
59,2,1
z1151
45,1,1
z680
46,1,1
z941
41,1,1
z583
33,1,1
z424
36,1,1
/589
65,2,1
/1267
54,2,1
/891
55,2,1
/1158
52,2,1
/989
60,2,1
 5178
0,0,0
/640
66,2,1
/799
54,2,1
/599
62,2,1
/525
65,2,1
z624
42,1,1
/739
63,2,1
z710
41,1,1
z1848
53,2,1
/470
68,2,1
z691
40,1,1
z912
49,1,1
z756
38,1,1
/618
64,2,1
z843
33,1,1
z1984
47,1,1
/458
35,1,1
/771
57,2,1
z663
45,1,1
/927
56,2,1
z506
34,1,1
z1007
46,1,1
z1404
55,2,1
/637
61,2,1
/575
67,2,1
z626
43,1,1
/2106
50,1,1
z581
48,1,1
z618
31,1,1
z846
44,1,1
z590
37,1,1
/612
69,2,1
/467
60,2,1
z827
52,2,1
z1654
51,2,1
/884
59,2,1
z536
36,1,1
/541
70,2,1
z909
39,1,1
z771
32,1,1
/803
58,2,1
 1195
0,0,0
/606
63,2,1
z569
31,1,1
z767
36,1,1
z1412
50,1,1
z1617
47,1,1
/630
66,2,1
z742
52,2,1
z779
44,1,1
z761
42,1,1
z1109
51,2,1
/457
67,2,1
/460
64,2,1
/1068
55,2,1
z633
34,1,1
z669
35,1,1
/579
57,2,1
z654
38,1,1
/613
68,2,1
/443
70,2,1
z631
41,1,1
/665
69,2,1
z982
49,1,1
/941
60,2,1
z587
45,1,1
z548
32,1,1
/986
59,2,1
z558
37,1,1
/576
65,2,1
z1002
46,1,1
/1029
58,2,1
z592
33,1,1
z654
40,1,1
z1001
39,1,1
/642
62,2,1
/473
61,2,1
/1297
54,2,1
z583
43,1,1
/490
56,2,1
z753
48,1,1
z1786
53,2,1
 1419
0,0,0
z546
37,1,1
z1499
53,2,1
z861
45,1,1
z567
40,1,1
z500
39,1,1
/696
64,2,1
/755
58,2,1
/497
63,2,1
z561
35,1,1
z768
48,1,1
z834
51,2,1
/614
56,2,1
z534
43,1,1
/565
68,2,1
/1536
52,2,1
z680
49,1,1
z552
32,1,1
/1409
54,2,1
z572
31,1,1
z558
59,2,1
z1409
41,1,1
/565
55,2,1
/576
70,2,1
z587
36,1,1
/786
61,2,1
z613
47,1,1
z1199
44,1,1
z451
34,1,1
/846
69,2,1
z820
50,1,1
z802
42,1,1
/566
65,2,1
/509
66,2,1
/1792
60,2,1
z583
38,1,1
/603
62,2,1
z839
33,1,1
z687
46,1,1
/597
67,2,1
/764
57,2,1
 1151
0,0,0
z644
40,1,1
/724
57,2,1
z735
41,1,1
/1263
55,2,1
/504
62,2,1
/598
66,2,1
z547
38,1,1
z705
37,1,1
z894
33,1,1
z1285
42,1,1
z567
45,1,1
/1026
58,2,1
/1761
50,1,1
z489
31,1,1
/707
64,2,1
/619
52,2,1
z986
39,1,1
/839
60,2,1
/605
69,2,1
z645
43,1,1
z620
35,1,1
/542
63,2,1
/951
48,1,1
z1111
44,1,1
z897
32,1,1
/1084
49,1,1
/458
68,2,1
/454
70,2,1
/628
47,1,1
/1030
61,2,1
/531
67,2,1
z476
36,1,1
/918
65,2,1
/630
56,2,1
z1238
46,1,1
/621
59,2,1
z681
34,1,1
/820
54,2,1
/1385
53,2,1
z2520
51,2,1
 1040
0,0,0
/621
65,2,1
/632
62,2,1
/520
70,2,1
z537
33,1,1
/1276
54,2,1
z504
32,1,1
z425
34,1,1
z426
39,1,1
/737
66,2,1
z881
42,1,1
z1196
46,1,1
/549
63,2,1
/820
52,2,1
z895
50,1,1
z1140
49,1,1
/512
58,2,1
z675
48,1,1
z856
51,2,1
z836
36,1,1
z1391
55,2,1
/742
64,2,1
z777
45,1,1
z638
31,1,1
/661
60,2,1
/494
61,2,1
z1051
43,1,1
/476
57,2,1
z833
44,1,1
z796
40,1,1
/719
56,2,1
z779
47,1,1
/658
68,2,1
/585
67,2,1
/1017
69,2,1
z613
38,1,1
z747
37,1,1
/662
53,2,1
/880
59,2,1
z532
35,1,1
z1903
41,1,1
 1136
0,0,0
z2023
54,2,1
/526
67,2,1
/638
55,2,1
z514
34,1,1
z782
38,1,1
/682
58,2,1
/528
63,2,1
z1037
46,1,1
z641
31,1,1
z1700
41,1,1
z635
47,1,1
/695
53,2,1
z1243
40,1,1
z620
37,1,1
z1736
44,1,1
z665
33,1,1
/686
61,2,1
/777
65,2,1
/791
60,2,1
z678
36,1,1
z972
42,1,1
z1413
56,2,1
z707
48,1,1
/673
57,2,1
/897
52,2,1
/972
70,2,1
z880
35,1,1
z1095
43,1,1
/730
59,2,1
/809
64,2,1
z544
32,1,1
/1353
69,2,1
/984
68,2,1
/533
66,2,1
/682
62,2,1
z612
45,1,1
z1533
49,1,1
z1639
51,2,1
z1077
50,1,1
z706
39,1,1
 1074
0,0,0
z596
31,1,1
z786
55,2,1
/606
61,2,1
/498
62,2,1
z468
33,1,1
z544
34,1,1
z1322
52,2,1
/451
65,2,1
z733
35,1,1
/696
51,2,1
z713
46,1,1
/573
64,2,1
/570
60,2,1
z1100
49,1,1
z543
44,1,1
z595
41,1,1
/514
70,2,1
z672
39,1,1
z1974
42,1,1
/804
56,2,1
z851
48,1,1
z635
37,1,1
z1415
38,1,1
z1027
32,1,1
/2343
59,2,1
/457
67,2,1
/892
54,2,1
z443
47,1,1
/675
43,1,1
z770
40,1,1
/613
57,2,1
z564
36,1,1
/973
50,1,1
/710
58,2,1
/647
68,2,1
/741
53,2,1
/528
63,2,1
/529
69,2,1
/503
66,2,1
z598
45,1,1
 1105
0,0,0
/553
69,2,1
/520
60,2,1
/920
58,2,1
z502
37,1,1
/552
65,2,1
z1252
48,1,1
z768
46,1,1
/611
63,2,1
/846
57,2,1
z580
42,1,1
z786
47,1,1
z539
33,1,1
z1066
55,2,1
z660
36,1,1
/563
67,2,1
z1080
45,1,1
/619
66,2,1
/498
61,2,1
z1024
44,1,1
z689
32,1,1
z1600
52,2,1
/918
56,2,1
z1545
64,2,1
/846
59,2,1
z631
38,1,1
z675
40,1,1
z874
35,1,1
z1468
53,2,1
/610
62,2,1
/541
68,2,1
z795
43,1,1
/624
70,2,1
z674
39,1,1
z505
31,1,1
z1035
50,1,1
z562
41,1,1
z1694
51,2,1
z608
49,1,1
z483
34,1,1
z1578
54,2,1
 1033
0,0,0
/378
70,2,1
z489
36,1,1
z522
34,1,1
/537
62,2,1
/1150
50,1,1
/480
63,2,1
/481
58,2,1
z931
49,1,1
z919
37,1,1
/1092
51,2,1
/1745
52,2,1
z1829
44,1,1
z522
31,1,1
/555
55,2,1
z704
38,1,1
z937
56,2,1
z1184
46,1,1
z907
43,1,1
z732
41,1,1
z778
45,1,1
/732
61,2,1
z875
42,1,1
/520
65,2,1
z501
32,1,1
/525
69,2,1
/640
67,2,1
/565
68,2,1
/483
66,2,1
/785
53,2,1
/663
64,2,1
z767
48,1,1
z779
39,1,1
/1208
60,2,1
z557
35,1,1
/1048
54,2,1
/600
59,2,1
z639
33,1,1
z2427
47,1,1
/2089
57,2,1
z599
40,1,1
END
Start of error log
End of error log
