dt16tl55b dt16bcy146
 23880
0,0,0
z1308
38,1,1
z955
35,1,1
z1111
37,1,1
z1067
43,1,1
/1086
56,2,1
z1089
39,1,1
z943
48,1,1
z2080
47,1,1
/1125
44,1,1
/614
60,2,1
z3384
55,2,1
z602
34,1,1
z450
36,1,1
z506
32,1,1
/687
58,2,1
/644
50,1,1
/488
64,2,1
z494
33,1,1
z2051
59,2,1
z4494
63,2,1
z793
45,1,1
z658
40,1,1
/659
69,2,1
z512
42,1,1
/597
61,2,1
z541
31,1,1
/794
52,2,1
/580
65,2,1
/434
70,2,1
/477
68,2,1
z796
57,2,1
z2584
53,2,1
z512
41,1,1
z2374
51,2,1
z1344
49,1,1
z1686
46,1,1
/918
62,2,1
/856
67,2,1
z1306
54,2,1
/783
66,2,1
 2377
0,0,0
z753
31,1,1
/648
62,2,1
z764
49,1,1
/684
65,2,1
z1644
47,1,1
z783
35,1,1
z3512
53,2,1
z604
41,1,1
z703
33,1,1
/761
55,2,1
z680
37,1,1
/729
60,2,1
z933
40,1,1
z1914
36,1,1
/705
64,2,1
/752
57,2,1
z588
44,1,1
/965
58,2,1
z830
50,1,1
/706
54,2,1
z897
52,2,1
z871
66,2,1
z679
32,1,1
/1427
39,1,1
z647
42,1,1
z874
67,2,1
z713
56,2,1
/572
61,2,1
z604
48,1,1
/539
46,1,1
z488
43,1,1
z602
45,1,1
z579
59,2,1
z737
34,1,1
z750
38,1,1
/639
68,2,1
/708
51,2,1
z482
69,2,1
z863
63,2,1
z767
70,2,1
 1930
0,0,0
z838
51,2,1
z547
46,1,1
z419
57,2,1
/557
68,2,1
/1160
66,2,1
z501
42,1,1
z774
37,1,1
/420
50,1,1
z520
31,1,1
/780
64,2,1
z589
54,2,1
/504
58,2,1
z502
38,1,1
z707
55,2,1
/586
56,2,1
z553
53,2,1
/963
48,1,1
/856
41,1,1
/560
61,2,1
/463
44,1,1
z423
34,1,1
/624
70,2,1
/629
69,2,1
z1982
52,2,1
z600
45,1,1
z489
43,1,1
/941
33,1,1
/1383
62,2,1
/578
59,2,1
z518
32,1,1
z532
47,1,1
z2101
67,2,1
/666
49,1,1
z680
36,1,1
/851
35,1,1
/763
63,2,1
/573
65,2,1
/1496
60,2,1
z505
39,1,1
/527
40,1,1
 1344
0,0,0
z742
52,2,1
/606
57,2,1
/753
64,2,1
z631
56,2,1
/747
44,1,1
z563
36,1,1
/606
55,2,1
z931
51,2,1
z470
34,1,1
/568
38,1,1
z488
31,1,1
/509
40,1,1
z567
39,1,1
/451
63,2,1
/593
35,1,1
z496
45,1,1
/490
70,2,1
/774
68,2,1
/650
50,1,1
/596
37,1,1
/1347
43,1,1
/498
65,2,1
/496
66,2,1
/670
42,1,1
/604
67,2,1
/512
33,1,1
/993
48,1,1
/1035
58,2,1
z425
46,1,1
/484
54,2,1
z443
69,2,1
z1091
41,1,1
/395
47,1,1
z415
59,2,1
/458
53,2,1
z574
32,1,1
/429
60,2,1
z575
62,2,1
/360
61,2,1
z597
49,1,1
 1374
0,0,0
/993
56,2,1
z1447
50,1,1
z413
33,1,1
z477
44,1,1
z1252
66,2,1
/642
58,2,1
z554
42,1,1
z634
65,2,1
z579
43,1,1
/864
31,1,1
z710
46,1,1
z754
35,1,1
z507
45,1,1
/1122
68,2,1
z597
41,1,1
/600
49,1,1
/782
36,1,1
z627
32,1,1
/544
59,2,1
z663
39,1,1
z807
60,2,1
/656
70,2,1
z709
63,2,1
z997
38,1,1
z887
54,2,1
z668
37,1,1
z1173
48,1,1
z558
51,2,1
z1510
69,2,1
z788
61,2,1
z2874
47,1,1
z519
55,2,1
/595
64,2,1
/1657
67,2,1
z1153
57,2,1
/1192
53,2,1
z741
34,1,1
/2191
62,2,1
z762
52,2,1
z731
40,1,1
 2157
0,0,0
/1240
69,2,1
/695
58,2,1
z864
51,2,1
z764
39,1,1
z1143
64,2,1
/572
63,2,1
z614
37,1,1
z776
33,1,1
z954
46,1,1
z1005
68,2,1
/988
50,1,1
/1327
55,2,1
/599
43,1,1
z870
49,1,1
/518
60,2,1
z792
59,2,1
/758
45,1,1
z991
40,1,1
/579
42,1,1
z640
36,1,1
/429
57,2,1
z760
70,2,1
z607
62,2,1
z1207
54,2,1
z640
61,2,1
/530
47,1,1
z615
44,1,1
z847
66,2,1
z595
65,2,1
/693
53,2,1
/797
41,1,1
z736
31,1,1
/833
56,2,1
z982
34,1,1
/608
52,2,1
z543
48,1,1
/636
35,1,1
z850
38,1,1
z778
32,1,1
/682
67,2,1
 1146
0,0,0
z713
67,2,1
z1448
51,2,1
/519
34,1,1
/731
55,2,1
z564
52,2,1
/2679
46,1,1
/722
57,2,1
/430
69,2,1
z391
35,1,1
z485
45,1,1
/593
42,1,1
z731
49,1,1
z397
58,2,1
/593
53,2,1
z477
56,2,1
z479
63,2,1
/541
37,1,1
/790
59,2,1
/662
54,2,1
/402
70,2,1
/342
66,2,1
z769
50,1,1
z788
64,2,1
z1539
32,1,1
z1764
47,1,1
z1942
48,1,1
z2087
38,1,1
z2149
33,1,1
z1476
36,1,1
z2326
43,1,1
/968
62,2,1
z712
31,1,1
/739
68,2,1
z1101
39,1,1
z2421
44,1,1
/595
60,2,1
z574
41,1,1
/700
65,2,1
z825
40,1,1
/664
61,2,1
 4140
0,0,0
z1054
36,1,1
z522
47,1,1
z749
33,1,1
/1073
65,2,1
/351
70,2,1
z534
39,1,1
z475
34,1,1
z1682
44,1,1
z508
42,1,1
/510
35,1,1
/1403
51,2,1
z719
67,2,1
/468
54,2,1
/691
53,2,1
/656
61,2,1
/558
68,2,1
z551
43,1,1
/544
64,2,1
z885
63,2,1
z722
38,1,1
/518
66,2,1
z755
46,1,1
z914
59,2,1
/589
55,2,1
z988
40,1,1
/576
62,2,1
z648
31,1,1
/437
60,2,1
/484
45,1,1
z1349
37,1,1
z908
56,2,1
z691
52,2,1
/742
48,1,1
z847
32,1,1
z798
41,1,1
/624
57,2,1
/469
50,1,1
/546
69,2,1
/537
58,2,1
/628
49,1,1
 1773
0,0,0
z880
60,2,1
z727
31,1,1
/641
44,1,1
z906
50,1,1
/426
56,2,1
z561
59,2,1
/640
39,1,1
z1708
42,1,1
/734
66,2,1
z716
58,2,1
/510
38,1,1
z717
57,2,1
/1671
46,1,1
z692
35,1,1
z1690
51,2,1
z603
45,1,1
z683
52,2,1
z750
33,1,1
/755
67,2,1
/699
47,1,1
/598
63,2,1
z630
41,1,1
/627
36,1,1
/613
54,2,1
z878
34,1,1
z1361
49,1,1
/510
64,2,1
/490
65,2,1
/1727
55,2,1
/2070
69,2,1
z3178
62,2,1
/722
68,2,1
z468
53,2,1
z437
40,1,1
z347
37,1,1
/409
70,2,1
z543
32,1,1
/434
61,2,1
z812
48,1,1
/402
43,1,1
 3717
0,0,0
/1087
62,2,1
/1267
67,2,1
/5619
50,1,1
z532
42,1,1
z839
58,2,1
/520
32,1,1
z1364
37,1,1
/622
55,2,1
/598
70,2,1
/790
44,1,1
z767
45,1,1
/1014
31,1,1
/660
40,1,1
z1737
51,2,1
/625
39,1,1
/544
60,2,1
/577
52,2,1
z1333
46,1,1
/572
53,2,1
/915
54,2,1
/781
66,2,1
/1061
59,2,1
z717
38,1,1
/648
57,2,1
/1782
64,2,1
/496
61,2,1
z856
35,1,1
/567
69,2,1
z637
33,1,1
/649
48,1,1
/892
34,1,1
z568
47,1,1
z1277
41,1,1
/831
49,1,1
z729
56,2,1
/639
65,2,1
/1561
63,2,1
/654
68,2,1
z570
36,1,1
z939
43,1,1
 2179
0,0,0
z4441
48,1,1
/2161
62,2,1
/671
63,2,1
/424
66,2,1
z532
33,1,1
z1092
43,1,1
z1005
42,1,1
/719
64,2,1
z537
44,1,1
/537
70,2,1
/911
34,1,1
z845
50,1,1
z1164
59,2,1
z509
57,2,1
z879
35,1,1
/534
69,2,1
/564
68,2,1
/413
61,2,1
z477
38,1,1
z731
45,1,1
/687
39,1,1
/687
46,1,1
z948
41,1,1
/515
65,2,1
z1267
37,1,1
/857
60,2,1
/507
49,1,1
z445
31,1,1
/518
58,2,1
z1053
32,1,1
z558
36,1,1
/619
52,2,1
/582
55,2,1
/370
67,2,1
/388
53,2,1
z678
47,1,1
z935
40,1,1
z942
56,2,1
/574
54,2,1
z754
51,2,1
 1517
0,0,0
z731
42,1,1
z496
37,1,1
z361
58,2,1
z622
38,1,1
/536
68,2,1
z1145
47,1,1
/617
60,2,1
/795
50,1,1
/691
57,2,1
/526
67,2,1
/568
54,2,1
z734
40,1,1
z8705
36,1,1
z631
32,1,1
z531
31,1,1
z1216
49,1,1
/813
61,2,1
/796
64,2,1
z499
45,1,1
/553
53,2,1
z1403
46,1,1
z781
52,2,1
z687
43,1,1
/524
39,1,1
z550
70,2,1
z963
48,1,1
z405
55,2,1
/451
63,2,1
/527
65,2,1
/374
56,2,1
/369
66,2,1
z895
51,2,1
z594
41,1,1
z482
44,1,1
z746
33,1,1
/1917
62,2,1
z700
35,1,1
/539
59,2,1
/434
69,2,1
z506
34,1,1
 1780
0,0,0
z740
42,1,1
z842
43,1,1
z997
33,1,1
z696
45,1,1
/474
67,2,1
/442
64,2,1
z617
34,1,1
/408
38,1,1
/826
63,2,1
z587
31,1,1
z917
56,2,1
/501
66,2,1
z823
44,1,1
z1617
40,1,1
/556
55,2,1
/488
59,2,1
/429
46,1,1
z446
37,1,1
z1626
49,1,1
z655
35,1,1
/821
41,1,1
z646
48,1,1
z898
32,1,1
/561
58,2,1
/599
62,2,1
/429
47,1,1
z936
65,2,1
/436
69,2,1
/475
52,2,1
z513
36,1,1
/519
70,2,1
/679
60,2,1
/475
54,2,1
z615
50,1,1
z1381
68,2,1
/623
51,2,1
z727
61,2,1
/645
39,1,1
z596
57,2,1
z677
53,2,1
 4354
0,0,0
/2863
58,2,1
/1044
50,1,1
z367
42,1,1
z626
41,1,1
z495
37,1,1
z347
51,2,1
/393
65,2,1
z423
35,1,1
z760
52,2,1
/567
66,2,1
z451
36,1,1
z535
39,1,1
/524
64,2,1
z471
47,1,1
z448
43,1,1
/595
70,2,1
z894
60,2,1
z412
34,1,1
z1403
38,1,1
/550
56,2,1
z634
48,1,1
z507
45,1,1
z500
57,2,1
z828
59,2,1
z580
46,1,1
/4170
63,2,1
z526
40,1,1
z617
49,1,1
/356
68,2,1
z404
31,1,1
/565
54,2,1
/454
67,2,1
z556
32,1,1
/584
62,2,1
/470
61,2,1
z476
33,1,1
/458
53,2,1
/609
44,1,1
z463
69,2,1
/437
55,2,1
 1540
0,0,0
/1031
58,2,1
z508
41,1,1
/450
69,2,1
/490
66,2,1
z542
39,1,1
/478
44,1,1
z544
57,2,1
/2558
67,2,1
/488
62,2,1
z599
33,1,1
/955
60,2,1
z621
42,1,1
/535
46,1,1
/576
54,2,1
/613
53,2,1
/706
70,2,1
/1041
64,2,1
/771
43,1,1
z622
55,2,1
/574
49,1,1
z777
48,1,1
/396
45,1,1
z488
34,1,1
/381
68,2,1
z526
65,2,1
/500
51,2,1
z911
50,1,1
z552
47,1,1
z476
56,2,1
z1368
32,1,1
/808
37,1,1
z959
63,2,1
z465
35,1,1
/549
36,1,1
/702
38,1,1
/6011
59,2,1
/648
61,2,1
z711
31,1,1
/647
52,2,1
z9924
40,1,1
 1190
0,0,0
/6520
55,2,1
/910
49,1,1
/973
54,2,1
z575
52,2,1
z443
60,2,1
z558
48,1,1
/724
65,2,1
z846
31,1,1
/452
68,2,1
/441
56,2,1
z355
50,1,1
/346
67,2,1
z551
36,1,1
z489
40,1,1
/461
62,2,1
z537
41,1,1
/609
47,1,1
z525
46,1,1
/434
33,1,1
/721
37,1,1
z555
57,2,1
/481
38,1,1
z480
39,1,1
/617
34,1,1
z511
43,1,1
/423
61,2,1
/564
66,2,1
/600
51,2,1
/484
53,2,1
z838
59,2,1
z896
63,2,1
z863
35,1,1
z875
32,1,1
/786
70,2,1
/671
45,1,1
/566
44,1,1
/502
58,2,1
/606
64,2,1
/556
69,2,1
z492
42,1,1
 1609
0,0,0
/850
64,2,1
z549
45,1,1
z800
33,1,1
z3052
31,1,1
/659
65,2,1
z550
54,2,1
z702
49,1,1
/441
56,2,1
/554
57,2,1
/411
47,1,1
/471
48,1,1
/483
53,2,1
/667
43,1,1
z565
34,1,1
z599
42,1,1
/4667
52,2,1
/684
66,2,1
/2129
67,2,1
z3163
44,1,1
z832
36,1,1
z2095
40,1,1
/669
59,2,1
/807
35,1,1
/716
60,2,1
/506
55,2,1
z622
32,1,1
/483
41,1,1
/746
39,1,1
/643
69,2,1
/488
62,2,1
/368
61,2,1
/354
46,1,1
z1277
50,1,1
z767
51,2,1
/830
70,2,1
z473
63,2,1
z762
58,2,1
z873
38,1,1
z499
37,1,1
/541
68,2,1
 2519
0,0,0
/1358
66,2,1
/718
63,2,1
z477
47,1,1
/3613
61,2,1
/423
58,2,1
/447
54,2,1
z453
43,1,1
z694
45,1,1
/576
36,1,1
/617
56,2,1
/440
68,2,1
z1103
38,1,1
z735
35,1,1
/597
64,2,1
/633
57,2,1
z1178
31,1,1
/610
65,2,1
/891
60,2,1
/514
48,1,1
/577
51,2,1
/432
46,1,1
/771
49,1,1
/684
69,2,1
z605
44,1,1
z433
37,1,1
/544
70,2,1
z372
33,1,1
/729
62,2,1
z554
39,1,1
z982
59,2,1
/533
55,2,1
z670
34,1,1
z927
42,1,1
/561
67,2,1
/637
41,1,1
z827
52,2,1
z652
53,2,1
z478
40,1,1
z660
50,1,1
z471
32,1,1
 1373
0,0,0
z732
40,1,1
/913
48,1,1
/517
70,2,1
/661
53,2,1
/331
49,1,1
z591
36,1,1
z882
45,1,1
/467
54,2,1
z490
62,2,1
/444
55,2,1
z579
42,1,1
/527
38,1,1
z669
47,1,1
/476
59,2,1
z583
51,2,1
/325
34,1,1
/676
67,2,1
z557
43,1,1
/465
63,2,1
/473
68,2,1
/558
58,2,1
/1021
31,1,1
z545
57,2,1
z1072
39,1,1
z1203
56,2,1
z454
35,1,1
/544
50,1,1
z600
46,1,1
z675
33,1,1
/576
61,2,1
z612
41,1,1
/867
66,2,1
/837
37,1,1
z575
32,1,1
/722
52,2,1
/578
65,2,1
/469
69,2,1
/411
64,2,1
/559
60,2,1
z1633
44,1,1
 3227
0,0,0
/1368
51,2,1
/468
64,2,1
/412
67,2,1
/436
49,1,1
z599
37,1,1
/515
66,2,1
z2255
50,1,1
z778
53,2,1
z563
56,2,1
z1461
38,1,1
/888
69,2,1
z4188
36,1,1
/823
65,2,1
z834
47,1,1
z716
48,1,1
/524
54,2,1
z467
33,1,1
z647
34,1,1
/989
44,1,1
z697
52,2,1
/498
60,2,1
z1245
40,1,1
/576
62,2,1
z603
46,1,1
/453
63,2,1
/973
58,2,1
z825
32,1,1
z568
35,1,1
z420
41,1,1
z508
31,1,1
z466
39,1,1
/692
42,1,1
/511
70,2,1
z483
45,1,1
/461
68,2,1
/542
59,2,1
z1030
43,1,1
/546
55,2,1
/574
57,2,1
/521
61,2,1
 1812
0,0,0
z666
31,1,1
/3859
49,1,1
/528
61,2,1
/775
37,1,1
z447
35,1,1
z601
34,1,1
/665
43,1,1
/436
65,2,1
/401
57,2,1
/404
52,2,1
/511
46,1,1
/394
62,2,1
z448
33,1,1
z562
42,1,1
/408
63,2,1
z388
40,1,1
/1347
53,2,1
z691
44,1,1
/578
68,2,1
z596
39,1,1
/798
69,2,1
z588
38,1,1
z747
48,1,1
z573
32,1,1
/443
60,2,1
z749
56,2,1
/777
70,2,1
z935
47,1,1
/614
36,1,1
/1061
50,1,1
/443
58,2,1
/839
54,2,1
z667
41,1,1
z1068
59,2,1
/624
55,2,1
/515
66,2,1
/457
64,2,1
/393
67,2,1
z702
45,1,1
/1289
51,2,1
 2765
0,0,0
/1077
59,2,1
z1029
42,1,1
z694
38,1,1
/766
37,1,1
/1715
64,2,1
z831
47,1,1
z1507
31,1,1
/765
61,2,1
z2542
50,1,1
/803
58,2,1
z562
63,2,1
z487
40,1,1
z834
35,1,1
/3216
49,1,1
/523
70,2,1
/659
69,2,1
z687
60,2,1
/579
62,2,1
z1933
44,1,1
z562
41,1,1
z791
43,1,1
/439
65,2,1
/690
51,2,1
/637
66,2,1
z465
34,1,1
z435
33,1,1
z855
48,1,1
z548
32,1,1
z1213
46,1,1
/460
67,2,1
z595
36,1,1
/614
55,2,1
/475
56,2,1
/457
54,2,1
/479
68,2,1
z509
45,1,1
z1231
39,1,1
z871
52,2,1
/495
57,2,1
/1617
53,2,1
 6036
0,0,0
/1232
48,1,1
z1080
40,1,1
/624
33,1,1
z723
39,1,1
/555
52,2,1
/3396
31,1,1
z505
41,1,1
/569
35,1,1
/513
36,1,1
/1223
70,2,1
/1720
57,2,1
/678
59,2,1
/537
69,2,1
z1647
38,1,1
/528
61,2,1
/1020
64,2,1
/1112
66,2,1
/529
45,1,1
z1266
46,1,1
z598
49,1,1
/573
68,2,1
z625
55,2,1
/659
56,2,1
z624
37,1,1
z642
34,1,1
/526
32,1,1
/562
54,2,1
z464
42,1,1
/602
60,2,1
z922
53,2,1
z793
44,1,1
/539
62,2,1
z624
50,1,1
/528
47,1,1
z605
51,2,1
/654
63,2,1
z635
43,1,1
/524
67,2,1
/646
65,2,1
/2058
58,2,1
 1803
0,0,0
z1170
39,1,1
/485
64,2,1
/378
67,2,1
/359
55,2,1
/342
45,1,1
/340
63,2,1
z559
38,1,1
/417
70,2,1
z642
35,1,1
/396
68,2,1
/372
49,1,1
/447
42,1,1
/406
62,2,1
/314
40,1,1
z491
51,2,1
/330
53,2,1
/386
66,2,1
/557
32,1,1
z481
41,1,1
/607
47,1,1
/589
33,1,1
z507
44,1,1
/461
58,2,1
/500
56,2,1
/598
52,2,1
/544
61,2,1
/479
31,1,1
z709
43,1,1
z488
48,1,1
/576
36,1,1
/524
34,1,1
/586
54,2,1
/399
59,2,1
/1440
46,1,1
/480
65,2,1
/445
50,1,1
/467
57,2,1
/734
60,2,1
z475
37,1,1
/605
69,2,1
 3606
0,0,0
z4003
51,2,1
z924
47,1,1
/565
67,2,1
z754
40,1,1
/914
60,2,1
/996
70,2,1
/2216
50,1,1
z803
46,1,1
z1777
44,1,1
z1714
33,1,1
z1239
49,1,1
z441
55,2,1
/452
36,1,1
/987
59,2,1
/439
64,2,1
z467
31,1,1
z1910
57,2,1
z1310
52,2,1
z606
35,1,1
z11525
63,2,1
z825
34,1,1
z738
41,1,1
z447
39,1,1
/885
65,2,1
/1512
53,2,1
/548
37,1,1
z757
38,1,1
/531
48,1,1
/575
54,2,1
/722
43,1,1
z666
58,2,1
z2056
32,1,1
/642
62,2,1
/588
61,2,1
/441
68,2,1
/1682
42,1,1
/654
69,2,1
/593
45,1,1
/464
66,2,1
/638
56,2,1
 1899
0,0,0
/752
52,2,1
/425
66,2,1
/741
48,1,1
/718
61,2,1
/539
45,1,1
/657
60,2,1
/519
50,1,1
/474
68,2,1
/430
58,2,1
/595
62,2,1
/661
70,2,1
/675
43,1,1
z487
49,1,1
/1141
63,2,1
z2114
47,1,1
/3122
59,2,1
z1019
41,1,1
z2674
32,1,1
z397
35,1,1
z403
31,1,1
/618
56,2,1
/1300
42,1,1
/552
69,2,1
/570
65,2,1
/521
55,2,1
/1229
54,2,1
/1152
67,2,1
/666
51,2,1
z1411
37,1,1
/2092
39,1,1
z2625
33,1,1
/674
53,2,1
z1269
40,1,1
z1655
44,1,1
/885
57,2,1
z532
46,1,1
/586
64,2,1
z715
34,1,1
z479
38,1,1
z370
36,1,1
/1685
0,0,0
z6529
36,1,1
z571
43,1,1
z450
37,1,1
/1006
56,2,1
/465
69,2,1
z525
38,1,1
/945
52,2,1
/2944
57,2,1
z1046
34,1,1
z3437
54,2,1
z999
46,1,1
/432
58,2,1
z485
35,1,1
z451
45,1,1
/411
63,2,1
z557
53,2,1
/308
68,2,1
/378
49,1,1
/517
65,2,1
/990
55,2,1
z480
33,1,1
z763
31,1,1
/1468
67,2,1
z1504
40,1,1
z2211
47,1,1
/452
70,2,1
/389
66,2,1
/430
50,1,1
/509
61,2,1
/498
59,2,1
z666
42,1,1
/669
62,2,1
z4341
44,1,1
/1006
64,2,1
z1269
39,1,1
z3545
48,1,1
z412
32,1,1
z639
41,1,1
/532
51,2,1
/406
60,2,1
 2276
0,0,0
/987
64,2,1
z1467
35,1,1
z2558
46,1,1
z856
52,2,1
/713
59,2,1
/362
61,2,1
z396
38,1,1
/565
62,2,1
z655
36,1,1
z1083
44,1,1
/426
60,2,1
z891
42,1,1
/1499
54,2,1
/462
53,2,1
z788
55,2,1
z445
49,1,1
z699
45,1,1
z562
50,1,1
/683
58,2,1
/561
67,2,1
z523
43,1,1
/612
63,2,1
z550
48,1,1
/1246
65,2,1
z1161
56,2,1
z524
31,1,1
z406
37,1,1
/727
69,2,1
z1932
33,1,1
z1371
51,2,1
z699
66,2,1
z1669
40,1,1
/492
57,2,1
z358
41,1,1
/466
68,2,1
z462
32,1,1
z1057
34,1,1
/472
70,2,1
z940
39,1,1
z702
47,1,1
 1231
0,0,0
z466
44,1,1
/486
68,2,1
/410
55,2,1
/711
49,1,1
/541
42,1,1
z888
48,1,1
/559
65,2,1
z466
39,1,1
z851
51,2,1
z419
41,1,1
z680
40,1,1
z399
35,1,1
z453
47,1,1
z1477
63,2,1
z452
43,1,1
/409
64,2,1
z661
54,2,1
z629
36,1,1
/545
59,2,1
/619
50,1,1
/523
62,2,1
z822
52,2,1
z408
56,2,1
z658
33,1,1
z700
34,1,1
/543
70,2,1
z570
46,1,1
/661
38,1,1
/490
69,2,1
z400
32,1,1
/480
60,2,1
z438
45,1,1
/487
58,2,1
z523
57,2,1
/376
67,2,1
/353
66,2,1
/401
53,2,1
z706
37,1,1
/746
61,2,1
z638
31,1,1
 1418
0,0,0
z484
35,1,1
z377
39,1,1
z318
49,1,1
z337
43,1,1
z551
32,1,1
/464
68,2,1
z949
55,2,1
/441
53,2,1
/885
45,1,1
/476
64,2,1
/406
59,2,1
z497
41,1,1
/513
46,1,1
/717
37,1,1
z888
50,1,1
z604
34,1,1
/450
65,2,1
z792
36,1,1
/479
51,2,1
/883
70,2,1
/550
62,2,1
z642
44,1,1
z1314
47,1,1
/652
31,1,1
/861
56,2,1
z746
40,1,1
/562
42,1,1
z1457
61,2,1
z2764
57,2,1
/1149
63,2,1
z686
33,1,1
z2630
48,1,1
z637
38,1,1
/1051
52,2,1
z474
67,2,1
/521
58,2,1
/3116
66,2,1
/934
60,2,1
/929
54,2,1
/612
69,2,1
END
Start of error log
End of error log
