dt16tl48b dt16bcy132
 17975
0,0,0
z4399
58,2,1
z1121
48,1,1
z1210
51,2,1
/1277
62,2,1
z736
36,1,1
z555
33,1,1
/631
67,2,1
/572
66,2,1
z3135
50,1,1
/577
63,2,1
/537
68,2,1
/483
65,2,1
z466
40,1,1
z521
32,1,1
z1054
53,2,1
/643
69,2,1
z591
34,1,1
z779
43,1,1
/690
64,2,1
/618
56,2,1
/746
55,2,1
z595
35,1,1
z732
42,1,1
z699
39,1,1
z932
45,1,1
/558
59,2,1
/590
57,2,1
z1257
38,1,1
/2123
60,2,1
/418
70,2,1
z1361
44,1,1
/795
61,2,1
z2392
52,2,1
z515
49,1,1
z675
37,1,1
z475
46,1,1
z630
31,1,1
z602
47,1,1
z1046
41,1,1
/413
54,2,1
 984
0,0,0
/608
63,2,1
/484
66,2,1
z585
45,1,1
/507
67,2,1
z589
34,1,1
z3199
54,2,1
z664
38,1,1
z523
37,1,1
/524
58,2,1
z2301
55,2,1
/680
57,2,1
/675
56,2,1
/769
52,2,1
z569
36,1,1
z1625
39,1,1
/557
65,2,1
z609
33,1,1
z1078
50,1,1
/621
53,2,1
/623
70,2,1
z1243
51,2,1
z524
32,1,1
z633
46,1,1
z586
31,1,1
/539
69,2,1
/1830
60,2,1
/491
68,2,1
/662
61,2,1
z787
49,1,1
z681
41,1,1
z641
35,1,1
z726
48,1,1
z639
42,1,1
z567
40,1,1
/599
62,2,1
z1275
43,1,1
/500
64,2,1
z830
47,1,1
z535
44,1,1
/593
59,2,1
 1015
0,0,0
z1399
47,1,1
/658
59,2,1
/455
68,2,1
z503
37,1,1
z687
45,1,1
z708
36,1,1
z664
60,2,1
z626
41,1,1
/619
53,2,1
z473
38,1,1
z560
44,1,1
z664
35,1,1
/592
63,2,1
z551
46,1,1
z1340
50,1,1
z1218
52,2,1
z558
40,1,1
/649
56,2,1
z530
34,1,1
z515
32,1,1
z768
42,1,1
/640
61,2,1
/622
58,2,1
/568
54,2,1
/471
67,2,1
z887
43,1,1
z485
33,1,1
/462
64,2,1
z492
31,1,1
/500
51,2,1
/591
57,2,1
z564
49,1,1
/567
62,2,1
z682
39,1,1
/515
65,2,1
/571
69,2,1
z2339
48,1,1
/558
66,2,1
/607
70,2,1
z2082
55,2,1
 672
0,0,0
/715
63,2,1
z553
38,1,1
z502
42,1,1
z791
36,1,1
/521
55,2,1
z417
34,1,1
/565
70,2,1
z876
40,1,1
/520
61,2,1
/559
53,2,1
z692
41,1,1
/463
69,2,1
z2268
48,1,1
z996
46,1,1
z680
33,1,1
/728
58,2,1
/569
60,2,1
/416
56,2,1
z437
37,1,1
z909
52,2,1
/907
57,2,1
z577
32,1,1
/601
59,2,1
/494
51,2,1
/441
65,2,1
z456
35,1,1
z533
43,1,1
/568
68,2,1
/654
54,2,1
z706
44,1,1
/502
67,2,1
z592
47,1,1
/515
49,1,1
/561
62,2,1
z525
39,1,1
/655
64,2,1
/1051
50,1,1
/607
66,2,1
z628
45,1,1
z566
31,1,1
 612
0,0,0
z690
40,1,1
z551
44,1,1
/499
58,2,1
z617
31,1,1
z1131
39,1,1
z1120
51,2,1
z621
38,1,1
z754
37,1,1
/740
60,2,1
/771
57,2,1
z625
47,1,1
z1245
55,2,1
/523
63,2,1
/518
69,2,1
/504
59,2,1
/558
56,2,1
/502
65,2,1
z727
45,1,1
/544
62,2,1
/457
68,2,1
/416
66,2,1
z441
34,1,1
z685
48,1,1
z531
50,1,1
/516
61,2,1
z533
33,1,1
z492
43,1,1
z557
42,1,1
z568
32,1,1
z509
46,1,1
/526
54,2,1
/476
70,2,1
z735
41,1,1
z1271
52,2,1
/463
67,2,1
/390
64,2,1
z597
53,2,1
z571
35,1,1
z1309
49,1,1
z503
36,1,1
 796
0,0,0
z1746
35,1,1
/501
64,2,1
/437
61,2,1
/447
65,2,1
/437
66,2,1
z573
33,1,1
/498
57,2,1
z552
34,1,1
z482
37,1,1
z918
49,1,1
/488
55,2,1
/514
53,2,1
z585
45,1,1
z667
50,1,1
z866
40,1,1
/529
56,2,1
/474
67,2,1
/503
52,2,1
z584
46,1,1
z561
43,1,1
z461
36,1,1
z597
38,1,1
/533
68,2,1
z484
32,1,1
/467
70,2,1
/501
54,2,1
z700
41,1,1
/402
63,2,1
/458
60,2,1
/413
69,2,1
z553
44,1,1
z989
47,1,1
/4883
59,2,1
z493
31,1,1
z3423
51,2,1
/731
62,2,1
z610
39,1,1
/733
58,2,1
z1102
48,1,1
z460
42,1,1
 594
0,0,0
z489
43,1,1
z582
48,1,1
/519
59,2,1
z2697
44,1,1
/796
50,1,1
/4311
53,2,1
z821
37,1,1
/974
68,2,1
z1724
41,1,1
z526
38,1,1
/512
56,2,1
/404
70,2,1
z2047
36,1,1
/1376
54,2,1
/1000
58,2,1
z1291
42,1,1
/603
67,2,1
/892
69,2,1
z1408
39,1,1
z814
52,2,1
z857
49,1,1
z1409
51,2,1
/561
66,2,1
/518
64,2,1
/1786
45,1,1
z515
32,1,1
/472
63,2,1
z702
47,1,1
z469
40,1,1
z566
31,1,1
z468
35,1,1
/551
62,2,1
/434
61,2,1
z790
46,1,1
/605
55,2,1
z786
33,1,1
/684
57,2,1
/530
65,2,1
/578
60,2,1
z636
34,1,1
 5958
0,0,0
/695
69,2,1
z662
34,1,1
z4386
46,1,1
/757
59,2,1
z588
33,1,1
z938
44,1,1
/694
54,2,1
/534
68,2,1
z520
31,1,1
/465
58,2,1
z632
40,1,1
/396
62,2,1
z1046
49,1,1
/587
64,2,1
z524
36,1,1
/618
50,1,1
/420
56,2,1
z848
47,1,1
z694
43,1,1
/488
65,2,1
/469
70,2,1
z734
48,1,1
/522
60,2,1
/708
55,2,1
/794
67,2,1
z540
41,1,1
z1369
37,1,1
/5311
63,2,1
z615
32,1,1
/8405
66,2,1
z540
39,1,1
z755
52,2,1
z998
57,2,1
z734
51,2,1
z473
35,1,1
/506
53,2,1
z1011
45,1,1
z1547
42,1,1
/807
61,2,1
z667
38,1,1
 626
0,0,0
z811
35,1,1
z1502
54,2,1
z746
56,2,1
/580
60,2,1
/498
66,2,1
z548
39,1,1
z611
49,1,1
z497
33,1,1
/546
61,2,1
z548
36,1,1
/558
59,2,1
/477
68,2,1
/715
53,2,1
/633
57,2,1
/565
64,2,1
z1731
47,1,1
z682
51,2,1
/489
67,2,1
z661
52,2,1
z655
45,1,1
z609
37,1,1
z750
42,1,1
z642
48,1,1
z513
32,1,1
z1127
38,1,1
z486
40,1,1
/480
62,2,1
/701
55,2,1
z1775
44,1,1
/445
63,2,1
/498
65,2,1
/706
58,2,1
z477
34,1,1
/491
69,2,1
z962
43,1,1
z650
41,1,1
z789
31,1,1
/481
70,2,1
z551
50,1,1
z536
46,1,1
 554
0,0,0
/530
65,2,1
z587
37,1,1
z557
34,1,1
/459
50,1,1
/725
55,2,1
/453
62,2,1
z474
33,1,1
/432
57,2,1
/515
63,2,1
z768
39,1,1
/636
64,2,1
/614
48,1,1
z548
31,1,1
/869
60,2,1
z601
38,1,1
z636
35,1,1
/564
54,2,1
z1145
40,1,1
z689
47,1,1
z565
36,1,1
z2141
52,2,1
z551
41,1,1
/10943
53,2,1
z464
32,1,1
/462
67,2,1
/453
59,2,1
z628
46,1,1
z1594
56,2,1
/357
68,2,1
z885
43,1,1
/402
58,2,1
z1973
51,2,1
/438
69,2,1
/445
66,2,1
z737
45,1,1
z567
42,1,1
z924
44,1,1
/587
61,2,1
/438
70,2,1
z499
49,1,1
 592
0,0,0
z555
47,1,1
/432
67,2,1
z480
41,1,1
/381
70,2,1
z639
35,1,1
/711
65,2,1
z535
37,1,1
/463
62,2,1
z579
32,1,1
z541
31,1,1
/551
48,1,1
z600
46,1,1
z461
36,1,1
z442
44,1,1
/482
56,2,1
/538
57,2,1
/485
54,2,1
/717
55,2,1
/579
60,2,1
z1048
39,1,1
/714
61,2,1
/478
69,2,1
/538
66,2,1
z676
33,1,1
z522
40,1,1
z653
51,2,1
/445
68,2,1
z457
38,1,1
z657
43,1,1
z785
45,1,1
/898
63,2,1
z515
42,1,1
z878
53,2,1
/518
64,2,1
z606
34,1,1
z815
49,1,1
/513
59,2,1
z1288
50,1,1
z1718
52,2,1
/1738
58,2,1
 579
0,0,0
z598
39,1,1
z523
53,2,1
/427
35,1,1
z689
47,1,1
z462
37,1,1
z481
33,1,1
/494
69,2,1
/492
59,2,1
z646
32,1,1
/500
56,2,1
z855
38,1,1
/425
57,2,1
z863
51,2,1
/510
70,2,1
/470
58,2,1
z739
45,1,1
z4876
60,2,1
z705
52,2,1
/717
63,2,1
/490
55,2,1
z411
36,1,1
z433
41,1,1
z517
40,1,1
/531
64,2,1
z1896
42,1,1
/604
43,1,1
/479
65,2,1
z475
31,1,1
z568
49,1,1
/494
67,2,1
/523
61,2,1
z2672
50,1,1
/456
68,2,1
z563
34,1,1
z603
46,1,1
/528
66,2,1
/510
62,2,1
z791
44,1,1
z1200
54,2,1
z731
48,1,1
 586
0,0,0
/723
58,2,1
z504
42,1,1
z666
44,1,1
/692
57,2,1
/434
54,2,1
/475
47,1,1
z453
35,1,1
/574
59,2,1
/601
65,2,1
z641
38,1,1
z565
50,1,1
/581
68,2,1
z713
46,1,1
/587
64,2,1
z1404
45,1,1
/1159
48,1,1
/432
67,2,1
/409
70,2,1
z460
31,1,1
z478
34,1,1
/476
63,2,1
z633
40,1,1
/508
55,2,1
/603
61,2,1
/444
53,2,1
z431
32,1,1
/573
51,2,1
z496
43,1,1
z654
37,1,1
/478
69,2,1
z643
36,1,1
z484
39,1,1
z448
49,1,1
z2462
56,2,1
z511
52,2,1
z547
33,1,1
/430
62,2,1
/505
60,2,1
z461
41,1,1
/401
66,2,1
 571
0,0,0
/3935
58,2,1
z520
46,1,1
/653
63,2,1
z502
37,1,1
z439
35,1,1
/514
65,2,1
z505
43,1,1
z810
55,2,1
/467
69,2,1
z458
48,1,1
z2014
51,2,1
/556
66,2,1
/1124
56,2,1
z626
42,1,1
z3558
50,1,1
/526
64,2,1
z423
44,1,1
z2671
57,2,1
z764
61,2,1
z710
38,1,1
z953
59,2,1
/536
70,2,1
z638
47,1,1
z453
34,1,1
z738
49,1,1
/468
67,2,1
/1311
52,2,1
z465
39,1,1
z423
33,1,1
z632
54,2,1
/586
60,2,1
z476
32,1,1
z702
45,1,1
/625
62,2,1
z834
41,1,1
z663
36,1,1
/487
68,2,1
z660
40,1,1
z1056
53,2,1
z455
31,1,1
 644
0,0,0
/851
64,2,1
z622
34,1,1
/490
68,2,1
z1230
43,1,1
z683
45,1,1
/509
69,2,1
z498
32,1,1
/520
60,2,1
z458
33,1,1
z574
37,1,1
z678
52,2,1
/1911
58,2,1
/678
65,2,1
z421
40,1,1
z425
36,1,1
z618
42,1,1
z885
55,2,1
z478
41,1,1
z470
54,2,1
z568
56,2,1
z522
31,1,1
z588
47,1,1
z608
49,1,1
z563
44,1,1
z967
46,1,1
/584
67,2,1
/848
62,2,1
/695
59,2,1
/504
66,2,1
z1003
51,2,1
z922
53,2,1
/486
70,2,1
z1757
50,1,1
/1027
63,2,1
z612
57,2,1
z589
38,1,1
z509
35,1,1
z458
39,1,1
z474
48,1,1
/434
61,2,1
 534
0,0,0
/830
69,2,1
/802
56,2,1
/547
61,2,1
z546
33,1,1
/419
54,2,1
z772
53,2,1
z468
52,2,1
z815
55,2,1
z2491
60,2,1
z655
43,1,1
z463
40,1,1
/154
50,1,1
/2585
64,2,1
z821
47,1,1
/797
59,2,1
/1109
68,2,1
z462
31,1,1
z1178
42,1,1
/723
48,1,1
z655
35,1,1
z1820
44,1,1
z442
38,1,1
/510
58,2,1
/583
57,2,1
z922
49,1,1
/722
63,2,1
z530
37,1,1
z506
46,1,1
/515
70,2,1
/490
65,2,1
z453
41,1,1
/433
67,2,1
z592
36,1,1
z476
39,1,1
/469
62,2,1
z475
45,1,1
/508
66,2,1
z403
34,1,1
/529
51,2,1
z488
32,1,1
 672
0,0,0
z485
41,1,1
/572
59,2,1
z823
50,1,1
/495
67,2,1
/574
64,2,1
z660
51,2,1
z460
34,1,1
/499
56,2,1
z565
40,1,1
z1359
60,2,1
z562
49,1,1
z602
36,1,1
z630
52,2,1
z1178
63,2,1
z558
53,2,1
z608
45,1,1
z6009
43,1,1
/586
69,2,1
/498
68,2,1
/620
70,2,1
/525
65,2,1
z585
42,1,1
z508
33,1,1
z473
32,1,1
/1384
55,2,1
/790
48,1,1
z632
35,1,1
/619
66,2,1
z927
39,1,1
/593
61,2,1
z1142
47,1,1
z1871
57,2,1
z522
38,1,1
z503
37,1,1
/778
58,2,1
z459
44,1,1
z619
31,1,1
/535
62,2,1
z619
46,1,1
z1136
54,2,1
 645
0,0,0
z632
33,1,1
/884
60,2,1
z421
34,1,1
/834
61,2,1
z455
44,1,1
/513
68,2,1
z475
31,1,1
z712
45,1,1
z811
56,2,1
z849
58,2,1
/521
64,2,1
z949
59,2,1
z672
37,1,1
/507
69,2,1
z939
52,2,1
z1340
62,2,1
z522
47,1,1
z512
41,1,1
/417
66,2,1
z421
35,1,1
z529
39,1,1
z532
32,1,1
z960
43,1,1
/481
70,2,1
/1285
57,2,1
z500
48,1,1
z448
55,2,1
z562
53,2,1
z2133
54,2,1
z500
50,1,1
z812
49,1,1
z1180
51,2,1
/702
67,2,1
z787
36,1,1
/591
65,2,1
/585
63,2,1
z1171
40,1,1
/838
42,1,1
z756
46,1,1
z431
38,1,1
 580
0,0,0
z597
45,1,1
z1438
54,2,1
z488
43,1,1
/533
61,2,1
/453
66,2,1
/588
51,2,1
z1005
50,1,1
z419
47,1,1
/470
70,2,1
z753
46,1,1
z492
32,1,1
z611
39,1,1
z526
44,1,1
z568
52,2,1
/487
69,2,1
z972
56,2,1
z488
36,1,1
z430
42,1,1
z395
55,2,1
z672
41,1,1
z537
34,1,1
/442
64,2,1
/591
48,1,1
/546
58,2,1
z612
38,1,1
/512
60,2,1
z845
49,1,1
/560
68,2,1
z534
33,1,1
/713
53,2,1
z793
35,1,1
z810
37,1,1
z478
31,1,1
/563
67,2,1
/603
65,2,1
/609
62,2,1
/530
63,2,1
/943
59,2,1
z696
40,1,1
z1069
57,2,1
 737
0,0,0
/917
61,2,1
z473
38,1,1
/495
70,2,1
z424
41,1,1
z708
52,2,1
/691
62,2,1
/518
59,2,1
z491
46,1,1
/454
69,2,1
z478
32,1,1
/424
58,2,1
/488
64,2,1
z735
33,1,1
/532
56,2,1
/485
63,2,1
/523
60,2,1
z477
31,1,1
z1043
51,2,1
z507
36,1,1
z583
54,2,1
z442
35,1,1
z558
50,1,1
z506
47,1,1
/885
67,2,1
z511
53,2,1
z603
49,1,1
z421
34,1,1
z375
39,1,1
z366
42,1,1
z559
43,1,1
z870
55,2,1
z1102
48,1,1
z1082
45,1,1
z1240
57,2,1
/515
65,2,1
z481
37,1,1
/501
68,2,1
/474
66,2,1
z617
44,1,1
z518
40,1,1
 30052
0,0,0
z463
32,1,1
/430
66,2,1
z490
37,1,1
z400
48,1,1
z433
33,1,1
/443
62,2,1
z584
46,1,1
z408
36,1,1
/508
58,2,1
/461
64,2,1
/403
65,2,1
z435
43,1,1
z985
54,2,1
/499
60,2,1
/481
63,2,1
z1242
59,2,1
/418
69,2,1
z553
53,2,1
z521
61,2,1
z531
34,1,1
/534
70,2,1
/688
49,1,1
z428
44,1,1
z428
40,1,1
/1443
55,2,1
z398
50,1,1
z552
47,1,1
z442
42,1,1
z935
52,2,1
z578
38,1,1
/575
68,2,1
z408
35,1,1
z756
51,2,1
z1011
56,2,1
z686
45,1,1
z658
39,1,1
z1039
57,2,1
z673
41,1,1
/591
67,2,1
z489
31,1,1
 1001
0,0,0
z582
53,2,1
/453
66,2,1
z417
38,1,1
z397
37,1,1
/488
59,2,1
z540
48,1,1
/453
56,2,1
z430
31,1,1
z536
32,1,1
/559
51,2,1
/555
61,2,1
z559
50,1,1
z567
58,2,1
/1264
62,2,1
z1307
55,2,1
z590
42,1,1
z483
39,1,1
z608
49,1,1
/625
69,2,1
z839
52,2,1
z497
36,1,1
z551
46,1,1
/1702
60,2,1
/616
70,2,1
/443
65,2,1
z535
35,1,1
/902
64,2,1
z939
34,1,1
/712
57,2,1
z534
33,1,1
z478
43,1,1
z581
44,1,1
/562
63,2,1
/477
68,2,1
/467
54,2,1
z637
47,1,1
/461
67,2,1
z733
40,1,1
/767
45,1,1
z430
41,1,1
 620
0,0,0
z803
47,1,1
z563
31,1,1
z615
40,1,1
/3183
57,2,1
z814
51,2,1
z429
42,1,1
/560
64,2,1
z436
38,1,1
z922
48,1,1
z1042
50,1,1
/436
69,2,1
z592
44,1,1
z499
46,1,1
z629
45,1,1
/764
61,2,1
z425
34,1,1
z3419
59,2,1
z534
37,1,1
z735
53,2,1
z596
56,2,1
/446
68,2,1
/395
67,2,1
z645
36,1,1
z680
52,2,1
z730
35,1,1
z649
49,1,1
z512
33,1,1
z459
39,1,1
/443
60,2,1
/617
58,2,1
/510
65,2,1
/697
63,2,1
z528
32,1,1
z566
43,1,1
/474
66,2,1
z1767
54,2,1
/1833
55,2,1
z470
41,1,1
/510
62,2,1
/472
70,2,1
 2756
0,0,0
/690
66,2,1
/510
60,2,1
/546
57,2,1
/503
59,2,1
z568
37,1,1
z828
45,1,1
z581
34,1,1
/588
64,2,1
z1831
48,1,1
/578
69,2,1
z508
49,1,1
z900
55,2,1
z569
51,2,1
z487
40,1,1
z423
41,1,1
z458
43,1,1
z450
33,1,1
z752
53,2,1
/535
67,2,1
/457
62,2,1
z713
50,1,1
z586
47,1,1
z503
36,1,1
/557
70,2,1
z539
31,1,1
z652
39,1,1
/597
63,2,1
z473
35,1,1
z1086
56,2,1
/688
68,2,1
z414
32,1,1
z430
44,1,1
/637
65,2,1
/862
54,2,1
/565
61,2,1
z462
38,1,1
/517
58,2,1
z547
46,1,1
z492
42,1,1
z588
52,2,1
 779
0,0,0
z1014
50,1,1
z432
39,1,1
z700
49,1,1
/840
54,2,1
z927
41,1,1
/507
70,2,1
/812
53,2,1
/790
58,2,1
/490
66,2,1
z499
48,1,1
/738
61,2,1
/1242
63,2,1
/552
65,2,1
/1014
67,2,1
z452
45,1,1
z576
51,2,1
z602
46,1,1
z422
33,1,1
z547
38,1,1
z785
44,1,1
z477
31,1,1
z450
37,1,1
z686
43,1,1
z452
34,1,1
z584
40,1,1
z554
42,1,1
/501
68,2,1
/909
56,2,1
/537
59,2,1
z379
62,2,1
/484
69,2,1
z556
36,1,1
z550
47,1,1
z903
55,2,1
/697
57,2,1
z703
32,1,1
z1123
35,1,1
/689
64,2,1
/965
60,2,1
/703
52,2,1
 858
0,0,0
/786
67,2,1
z1171
44,1,1
z858
48,1,1
z858
56,2,1
z686
58,2,1
z411
50,1,1
/507
69,2,1
z429
37,1,1
/446
60,2,1
/562
66,2,1
z684
51,2,1
z543
40,1,1
z439
33,1,1
/538
63,2,1
z506
31,1,1
z1079
55,2,1
z586
32,1,1
z533
46,1,1
z1330
61,2,1
z607
42,1,1
z572
34,1,1
/553
64,2,1
z966
38,1,1
z630
39,1,1
/496
70,2,1
z669
41,1,1
z531
47,1,1
z635
43,1,1
z508
35,1,1
/989
54,2,1
z573
49,1,1
z893
52,2,1
/607
62,2,1
z494
45,1,1
z2369
36,1,1
z967
53,2,1
z642
59,2,1
/515
68,2,1
z1010
57,2,1
z708
65,2,1
 576
0,0,0
/493
66,2,1
z1698
55,2,1
z565
33,1,1
/602
64,2,1
z725
43,1,1
z866
49,1,1
/788
61,2,1
z506
46,1,1
z477
40,1,1
/400
68,2,1
z451
44,1,1
z457
35,1,1
z483
41,1,1
z400
57,2,1
/823
56,2,1
z479
36,1,1
/488
69,2,1
z504
34,1,1
/535
70,2,1
/528
63,2,1
/585
60,2,1
/523
54,2,1
/724
58,2,1
z1661
52,2,1
z2975
51,2,1
/2064
65,2,1
z567
45,1,1
z523
31,1,1
z755
39,1,1
z4912
59,2,1
z531
48,1,1
z500
32,1,1
z573
38,1,1
z647
53,2,1
z1979
37,1,1
z693
50,1,1
z581
47,1,1
z1519
42,1,1
/1672
67,2,1
/1157
62,2,1
 569
0,0,0
z586
45,1,1
z456
42,1,1
z490
32,1,1
z539
35,1,1
z434
31,1,1
z661
37,1,1
/768
58,2,1
/693
57,2,1
/568
60,2,1
/521
62,2,1
/500
67,2,1
/571
52,2,1
/456
69,2,1
/730
65,2,1
z739
38,1,1
z685
56,2,1
z701
54,2,1
z500
44,1,1
z444
51,2,1
z880
53,2,1
/1077
64,2,1
z565
40,1,1
z526
33,1,1
z444
34,1,1
z782
46,1,1
z510
43,1,1
z463
36,1,1
/584
66,2,1
/464
59,2,1
z476
39,1,1
/618
61,2,1
z730
48,1,1
z627
47,1,1
z685
55,2,1
z534
41,1,1
z699
49,1,1
/829
70,2,1
/623
63,2,1
z685
50,1,1
z2534
68,2,1
 757
0,0,0
z676
58,2,1
z475
37,1,1
z907
56,2,1
z612
54,2,1
z620
47,1,1
z501
40,1,1
/455
68,2,1
/1158
53,2,1
z493
44,1,1
/539
70,2,1
/544
66,2,1
z642
45,1,1
z1037
50,1,1
z947
55,2,1
z507
35,1,1
/623
60,2,1
/568
61,2,1
/550
69,2,1
z463
31,1,1
z575
49,1,1
z446
34,1,1
/603
65,2,1
/592
62,2,1
/516
67,2,1
z530
52,2,1
z749
48,1,1
z540
42,1,1
z734
43,1,1
z732
46,1,1
z553
32,1,1
/524
51,2,1
z586
41,1,1
z450
39,1,1
z520
36,1,1
z825
63,2,1
/716
59,2,1
/503
64,2,1
z456
33,1,1
z1731
57,2,1
z505
38,1,1
 604
0,0,0
z598
49,1,1
z753
50,1,1
z502
43,1,1
/603
63,2,1
/441
61,2,1
z398
34,1,1
z450
44,1,1
/1130
62,2,1
/467
67,2,1
z680
55,2,1
z507
47,1,1
z640
53,2,1
z675
54,2,1
/856
64,2,1
z422
37,1,1
z543
51,2,1
z619
45,1,1
z470
40,1,1
z507
46,1,1
z483
38,1,1
z607
42,1,1
/580
69,2,1
z472
39,1,1
/826
59,2,1
/542
58,2,1
/533
68,2,1
/573
60,2,1
z420
36,1,1
/717
66,2,1
z456
31,1,1
z731
52,2,1
/520
70,2,1
z1247
41,1,1
z812
57,2,1
z1047
48,1,1
z703
33,1,1
z740
32,1,1
z740
56,2,1
z448
35,1,1
/876
65,2,1
END
Start of error log
End of error log
