/home/cogsys/aging/dtpbsy/dt16tl31b /home/cogsys/aging/dtpbsy/dt16bcy103
/18199
0,0,0
/1245
63,2,1
/582
65,2,1
z857
51,2,1
z807
52,2,1
/1004
67,2,1
z640
53,2,1
z544
46,1,1
/768
68,2,1
/1083
66,2,1
/808
64,2,1
/652
70,2,1
z487
36,1,1
z450
48,1,1
/1337
62,2,1
z508
32,1,1
z474
37,1,1
z558
55,2,1
z430
40,1,1
z647
50,1,1
z466
33,1,1
z996
60,2,1
z547
42,1,1
z527
34,1,1
z675
44,1,1
z1166
59,2,1
z1267
61,2,1
z1078
56,2,1
z931
58,2,1
z579
35,1,1
z607
54,2,1
z912
47,1,1
z405
41,1,1
z686
43,1,1
z589
39,1,1
/578
69,2,1
z584
38,1,1
z755
49,1,1
z853
57,2,1
z548
45,1,1
z419
31,1,1
/1230
0,0,0
z697
38,1,1
z915
56,2,1
z542
45,1,1
/728
66,2,1
z565
53,2,1
/612
69,2,1
z1442
60,2,1
z1397
58,2,1
/724
70,2,1
z842
63,2,1
z526
36,1,1
/472
68,2,1
z815
43,1,1
z478
35,1,1
z736
65,2,1
z539
46,1,1
z585
34,1,1
/1334
67,2,1
z584
42,1,1
z657
37,1,1
z790
54,2,1
z648
51,2,1
z513
39,1,1
z450
40,1,1
z903
50,1,1
z582
48,1,1
z543
47,1,1
z1933
49,1,1
/693
57,2,1
z554
41,1,1
/569
64,2,1
z529
59,2,1
/523
62,2,1
z543
32,1,1
/1437
61,2,1
z569
52,2,1
z653
55,2,1
z462
31,1,1
z734
44,1,1
z457
33,1,1
/662
0,0,0
z532
39,1,1
z1460
57,2,1
/416
67,2,1
/397
59,2,1
z821
45,1,1
z1100
46,1,1
/499
63,2,1
/419
69,2,1
z708
48,1,1
z542
44,1,1
/1459
66,2,1
/505
64,2,1
z480
50,1,1
z728
40,1,1
z414
38,1,1
z1124
60,2,1
z955
55,2,1
z1287
62,2,1
z587
35,1,1
z912
37,1,1
z1445
54,2,1
z788
51,2,1
z499
47,1,1
z1010
49,1,1
z460
36,1,1
z952
56,2,1
z570
41,1,1
z570
33,1,1
/504
70,2,1
/640
52,2,1
z533
43,1,1
/545
65,2,1
z470
42,1,1
/540
68,2,1
/430
53,2,1
/718
58,2,1
z489
32,1,1
z571
34,1,1
z717
61,2,1
z520
31,1,1
/536
0,0,0
z1086
51,2,1
/512
61,2,1
z712
46,1,1
/583
53,2,1
z724
44,1,1
/718
70,2,1
/574
66,2,1
z525
32,1,1
z636
33,1,1
z565
41,1,1
/654
52,2,1
z801
38,1,1
/564
34,1,1
z500
39,1,1
z675
50,1,1
/644
58,2,1
/513
63,2,1
z2172
54,2,1
z510
45,1,1
z496
48,1,1
/535
62,2,1
/663
59,2,1
/501
68,2,1
/458
57,2,1
/795
55,2,1
/598
60,2,1
z856
49,1,1
z467
36,1,1
z483
40,1,1
z733
43,1,1
/685
69,2,1
/654
64,2,1
z1574
56,2,1
z615
31,1,1
/854
65,2,1
z538
37,1,1
z637
42,1,1
z424
47,1,1
/689
67,2,1
z486
35,1,1
/680
0,0,0
z514
40,1,1
/952
61,2,1
/442
56,2,1
z1079
55,2,1
/411
68,2,1
z540
37,1,1
z594
46,1,1
z835
45,1,1
z374
36,1,1
z359
35,1,1
z507
34,1,1
/572
65,2,1
/386
49,1,1
/412
66,2,1
/395
58,2,1
/551
67,2,1
z537
42,1,1
z488
62,2,1
z490
57,2,1
/578
69,2,1
z486
41,1,1
z865
52,2,1
z504
31,1,1
/644
59,2,1
z502
38,1,1
z641
48,1,1
z511
60,2,1
z682
39,1,1
/550
63,2,1
z527
32,1,1
z601
50,1,1
z555
43,1,1
z1043
53,2,1
/488
64,2,1
z532
54,2,1
z520
44,1,1
z464
33,1,1
z408
47,1,1
z701
51,2,1
/486
70,2,1
/2083
0,0,0
z704
52,2,1
/518
70,2,1
z500
38,1,1
z499
37,1,1
z1179
43,1,1
/438
63,2,1
/425
62,2,1
/1963
58,2,1
/582
47,1,1
z611
40,1,1
z423
41,1,1
/665
60,2,1
/656
53,2,1
/590
65,2,1
/407
57,2,1
z519
48,1,1
z490
34,1,1
z449
33,1,1
z497
32,1,1
/569
61,2,1
/521
69,2,1
z710
44,1,1
/832
56,2,1
/505
68,2,1
/514
67,2,1
z507
36,1,1
z727
54,2,1
z577
39,1,1
z414
42,1,1
z407
35,1,1
z371
45,1,1
/559
66,2,1
/657
59,2,1
/504
50,1,1
z1258
49,1,1
z897
51,2,1
/761
64,2,1
/746
55,2,1
z504
31,1,1
z963
46,1,1
/17876
0,0,0
/729
70,2,1
z919
55,2,1
/463
58,2,1
z551
38,1,1
z630
48,1,1
z387
32,1,1
z529
41,1,1
z429
35,1,1
z369
37,1,1
/496
64,2,1
/453
68,2,1
/432
62,2,1
/398
59,2,1
z568
31,1,1
/507
69,2,1
/555
66,2,1
/462
56,2,1
/647
65,2,1
/379
57,2,1
/520
54,2,1
z492
50,1,1
z878
49,1,1
z562
47,1,1
z617
53,2,1
/575
63,2,1
z500
34,1,1
/486
67,2,1
z622
39,1,1
z821
46,1,1
z481
43,1,1
z384
51,2,1
z547
42,1,1
/819
52,2,1
z486
40,1,1
/517
61,2,1
z962
44,1,1
z601
45,1,1
z449
33,1,1
z417
36,1,1
/653
60,2,1
/734
0,0,0
z966
54,2,1
z1559
55,2,1
z605
44,1,1
/593
64,2,1
z494
35,1,1
/871
51,2,1
/635
69,2,1
/526
60,2,1
z381
32,1,1
z1830
56,2,1
z612
59,2,1
z558
41,1,1
/516
65,2,1
/746
57,2,1
z678
58,2,1
/1116
63,2,1
z510
42,1,1
z1107
61,2,1
z475
34,1,1
z454
50,1,1
/596
67,2,1
z482
47,1,1
z631
33,1,1
/1970
66,2,1
z462
40,1,1
z459
52,2,1
z650
53,2,1
z472
45,1,1
z516
46,1,1
/522
62,2,1
z483
31,1,1
z631
36,1,1
z507
37,1,1
z396
39,1,1
z422
43,1,1
z364
49,1,1
/403
70,2,1
/556
48,1,1
/485
68,2,1
z508
38,1,1
/536
0,0,0
z1051
53,2,1
z703
42,1,1
z818
48,1,1
z445
44,1,1
z386
46,1,1
z685
54,2,1
/649
45,1,1
z462
33,1,1
/637
55,2,1
/500
70,2,1
/670
59,2,1
z454
43,1,1
z404
31,1,1
z455
37,1,1
z737
52,2,1
/647
61,2,1
/480
69,2,1
z416
36,1,1
/544
56,2,1
/454
64,2,1
/446
65,2,1
/373
62,2,1
/384
51,2,1
z542
47,1,1
z679
41,1,1
/351
38,1,1
z482
49,1,1
/473
60,2,1
z456
32,1,1
z434
39,1,1
z403
34,1,1
z396
50,1,1
/578
57,2,1
/1207
58,2,1
z293
63,2,1
z531
35,1,1
/1223
66,2,1
/819
68,2,1
z512
40,1,1
/717
67,2,1
/679
0,0,0
/770
66,2,1
z455
38,1,1
z491
33,1,1
z376
42,1,1
z596
54,2,1
z418
44,1,1
z1020
49,1,1
z425
53,2,1
z533
52,2,1
z373
39,1,1
z362
35,1,1
/454
62,2,1
/512
63,2,1
z569
43,1,1
z430
40,1,1
/697
60,2,1
z340
37,1,1
/1081
65,2,1
/571
69,2,1
z474
45,1,1
z1285
50,1,1
/557
64,2,1
/510
67,2,1
z422
48,1,1
/764
61,2,1
z593
58,2,1
z1337
57,2,1
/841
68,2,1
/466
70,2,1
z477
36,1,1
z602
51,2,1
z925
46,1,1
z430
56,2,1
z640
47,1,1
z517
41,1,1
z747
59,2,1
z706
55,2,1
z453
32,1,1
z370
34,1,1
z410
31,1,1
z488
0,0,0
/615
60,2,1
z791
57,2,1
z401
54,2,1
/526
59,2,1
z427
33,1,1
/724
58,2,1
/563
43,1,1
z465
46,1,1
z294
47,1,1
z358
55,2,1
z409
37,1,1
z839
50,1,1
z446
32,1,1
/488
65,2,1
z579
40,1,1
/500
68,2,1
/595
56,2,1
z458
51,2,1
/576
70,2,1
z618
48,1,1
z443
34,1,1
z333
31,1,1
/1152
69,2,1
/630
63,2,1
z467
42,1,1
z847
62,2,1
z344
41,1,1
/1075
64,2,1
z428
35,1,1
/577
61,2,1
z806
39,1,1
z453
38,1,1
z453
49,1,1
z763
53,2,1
z402
45,1,1
/875
66,2,1
z1343
52,2,1
z533
44,1,1
/574
67,2,1
z480
36,1,1
z593
0,0,0
/814
70,2,1
z458
31,1,1
z578
43,1,1
z427
39,1,1
z498
49,1,1
/606
63,2,1
/548
65,2,1
z422
50,1,1
z418
59,2,1
z691
53,2,1
z391
34,1,1
z446
48,1,1
z388
38,1,1
z414
42,1,1
z463
51,2,1
z411
37,1,1
z375
60,2,1
z462
46,1,1
/660
58,2,1
/424
64,2,1
z466
45,1,1
/461
69,2,1
/618
61,2,1
z361
41,1,1
z520
52,2,1
z354
68,2,1
z385
55,2,1
z384
62,2,1
z417
33,1,1
z491
67,2,1
/599
66,2,1
z442
32,1,1
z812
56,2,1
z559
57,2,1
z427
35,1,1
z416
47,1,1
z424
36,1,1
z433
44,1,1
z438
54,2,1
z382
40,1,1
z453
0,0,0
/903
65,2,1
z506
44,1,1
z462
37,1,1
z940
58,2,1
/464
69,2,1
z351
31,1,1
z499
55,2,1
z515
49,1,1
/622
66,2,1
z461
34,1,1
/495
68,2,1
/522
52,2,1
z434
54,2,1
z484
51,2,1
z521
46,1,1
z779
62,2,1
/1403
60,2,1
z398
41,1,1
z373
45,1,1
z410
39,1,1
z639
56,2,1
/624
57,2,1
z733
63,2,1
/860
70,2,1
/538
67,2,1
/844
61,2,1
z454
42,1,1
z515
47,1,1
/716
59,2,1
z470
36,1,1
z520
40,1,1
z383
32,1,1
z396
43,1,1
z406
35,1,1
/730
64,2,1
z401
33,1,1
z375
38,1,1
z609
50,1,1
z1204
48,1,1
z857
53,2,1
z503
0,0,0
z465
45,1,1
/479
67,2,1
/466
70,2,1
z415
39,1,1
/635
63,2,1
/510
66,2,1
z527
52,2,1
z540
43,1,1
z443
38,1,1
z380
46,1,1
z355
48,1,1
z399
49,1,1
/402
68,2,1
/1060
57,2,1
z442
42,1,1
z878
58,2,1
z411
32,1,1
z418
33,1,1
z309
61,2,1
z467
55,2,1
z468
34,1,1
z419
53,2,1
z795
56,2,1
z383
50,1,1
/652
62,2,1
z500
44,1,1
z502
51,2,1
z391
47,1,1
z401
40,1,1
/627
65,2,1
/792
60,2,1
/926
64,2,1
z400
37,1,1
z388
31,1,1
z533
35,1,1
/672
59,2,1
z645
36,1,1
z799
54,2,1
z544
41,1,1
/495
69,2,1
/442
0,0,0
/1068
69,2,1
/565
60,2,1
z511
54,2,1
z385
36,1,1
z610
39,1,1
/528
61,2,1
z698
58,2,1
/522
65,2,1
z583
53,2,1
z424
33,1,1
z416
34,1,1
z352
38,1,1
z426
47,1,1
z432
37,1,1
z417
41,1,1
/610
59,2,1
z548
32,1,1
z544
40,1,1
z472
49,1,1
/945
67,2,1
z606
50,1,1
z1286
55,2,1
z620
43,1,1
/630
64,2,1
z496
44,1,1
/826
51,2,1
z465
42,1,1
/544
52,2,1
/491
63,2,1
z475
45,1,1
/510
56,2,1
/997
57,2,1
z522
62,2,1
z782
46,1,1
/414
70,2,1
/576
66,2,1
/453
68,2,1
z518
35,1,1
z395
31,1,1
z455
48,1,1
z557
0,0,0
z604
46,1,1
z432
33,1,1
/561
59,2,1
/413
69,2,1
z491
45,1,1
z513
50,1,1
z380
41,1,1
z479
52,2,1
z379
43,1,1
/683
58,2,1
z456
35,1,1
/670
66,2,1
z406
32,1,1
z455
37,1,1
/510
68,2,1
/602
63,2,1
/709
53,2,1
z446
39,1,1
/700
54,2,1
z407
38,1,1
/613
60,2,1
/1282
64,2,1
z516
51,2,1
z499
42,1,1
z1023
61,2,1
z319
34,1,1
z377
44,1,1
z545
62,2,1
/484
65,2,1
z365
48,1,1
z391
31,1,1
/563
67,2,1
z466
55,2,1
z461
57,2,1
z473
40,1,1
z517
47,1,1
/737
56,2,1
z462
49,1,1
z468
36,1,1
/518
70,2,1
/608
0,0,0
z555
51,2,1
z589
53,2,1
z1595
50,1,1
z380
41,1,1
/574
61,2,1
z337
40,1,1
z406
35,1,1
z295
38,1,1
z348
57,2,1
/622
56,2,1
/463
69,2,1
/545
60,2,1
z397
46,1,1
z349
42,1,1
/523
68,2,1
z379
36,1,1
/649
63,2,1
z357
44,1,1
z447
58,2,1
z489
62,2,1
z463
34,1,1
z590
52,2,1
z461
39,1,1
z378
59,2,1
/480
67,2,1
z531
33,1,1
z468
32,1,1
/532
65,2,1
z509
43,1,1
/427
54,2,1
z381
55,2,1
z704
31,1,1
z437
47,1,1
z399
48,1,1
/645
49,1,1
/597
64,2,1
/631
66,2,1
/752
70,2,1
z489
45,1,1
z680
37,1,1
/637
0,0,0
z460
44,1,1
/525
70,2,1
z510
31,1,1
/946
48,1,1
/503
68,2,1
z505
42,1,1
z420
56,2,1
z471
36,1,1
/570
57,2,1
/728
60,2,1
z571
45,1,1
/567
67,2,1
/687
49,1,1
/702
65,2,1
/474
46,1,1
z503
51,2,1
/459
58,2,1
/435
69,2,1
z524
43,1,1
z696
32,1,1
z1538
61,2,1
z491
38,1,1
z1029
47,1,1
/862
64,2,1
z496
33,1,1
/601
50,1,1
z407
59,2,1
/411
62,2,1
z401
35,1,1
z477
55,2,1
z454
40,1,1
z671
52,2,1
z380
34,1,1
z440
37,1,1
z401
54,2,1
z410
41,1,1
z636
63,2,1
z402
66,2,1
z395
53,2,1
z312
39,1,1
z531
0,0,0
/1363
70,2,1
z407
41,1,1
z429
31,1,1
/631
65,2,1
/561
63,2,1
z438
34,1,1
z559
52,2,1
z437
51,2,1
z414
47,1,1
z329
35,1,1
/959
60,2,1
z523
57,2,1
z617
56,2,1
z443
45,1,1
/984
59,2,1
z560
48,1,1
z395
42,1,1
/445
58,2,1
z462
44,1,1
/647
61,2,1
z453
46,1,1
z457
33,1,1
z1349
53,2,1
z390
38,1,1
z373
43,1,1
z571
55,2,1
z765
49,1,1
/431
67,2,1
z319
50,1,1
/623
62,2,1
/524
66,2,1
z342
40,1,1
/456
68,2,1
z432
37,1,1
/461
69,2,1
/530
64,2,1
z401
39,1,1
z325
32,1,1
z421
36,1,1
z346
54,2,1
z494
0,0,0
z383
34,1,1
z372
37,1,1
z374
36,1,1
z868
60,2,1
z670
55,2,1
/665
62,2,1
/479
57,2,1
/501
65,2,1
z388
41,1,1
z663
46,1,1
z349
31,1,1
z863
63,2,1
z520
53,2,1
z370
45,1,1
z509
64,2,1
z425
39,1,1
z492
59,2,1
/1385
54,2,1
z463
42,1,1
/699
69,2,1
z968
52,2,1
z447
35,1,1
z598
58,2,1
/513
70,2,1
z367
44,1,1
z380
33,1,1
z801
47,1,1
/521
67,2,1
z392
38,1,1
z423
49,1,1
/489
66,2,1
z390
32,1,1
z525
50,1,1
z406
56,2,1
z340
51,2,1
/489
68,2,1
/997
61,2,1
z380
40,1,1
z348
43,1,1
z737
48,1,1
/549
0,0,0
/896
66,2,1
z606
55,2,1
z399
31,1,1
z565
53,2,1
z398
42,1,1
z377
52,2,1
/781
67,2,1
/812
48,1,1
z475
45,1,1
/648
62,2,1
/937
64,2,1
z438
35,1,1
z352
47,1,1
/637
63,2,1
/771
58,2,1
z783
56,2,1
z378
44,1,1
/904
65,2,1
z424
38,1,1
z376
46,1,1
z418
50,1,1
z827
54,2,1
/737
61,2,1
z2211
68,2,1
z459
57,2,1
z376
32,1,1
z425
34,1,1
z345
33,1,1
z408
39,1,1
z754
49,1,1
z352
37,1,1
/558
70,2,1
z525
41,1,1
z512
51,2,1
z504
59,2,1
z445
36,1,1
/514
69,2,1
z450
40,1,1
z434
43,1,1
z390
60,2,1
z498
0,0,0
z1293
45,1,1
z387
59,2,1
z403
57,2,1
/526
69,2,1
/459
58,2,1
/570
61,2,1
/624
63,2,1
/729
53,2,1
z484
41,1,1
z359
43,1,1
z387
46,1,1
z380
42,1,1
z395
54,2,1
z382
37,1,1
z544
52,2,1
/612
66,2,1
z616
39,1,1
z524
48,1,1
z461
50,1,1
z487
34,1,1
z473
56,2,1
/731
60,2,1
z479
40,1,1
/704
65,2,1
/525
70,2,1
z943
36,1,1
z548
32,1,1
z408
51,2,1
/617
68,2,1
z1032
47,1,1
z526
44,1,1
z435
35,1,1
z399
31,1,1
/519
62,2,1
z812
55,2,1
z471
33,1,1
/454
67,2,1
z508
49,1,1
z364
38,1,1
/528
64,2,1
/467
0,0,0
z487
52,2,1
/473
69,2,1
/472
49,1,1
z447
35,1,1
z399
36,1,1
/492
64,2,1
z462
37,1,1
z611
38,1,1
/657
39,1,1
z272
34,1,1
/906
67,2,1
/1284
54,2,1
z493
41,1,1
/546
55,2,1
z496
31,1,1
z635
53,2,1
z378
45,1,1
/482
62,2,1
z527
56,2,1
/442
68,2,1
z651
46,1,1
/730
66,2,1
/484
63,2,1
/460
59,2,1
/702
65,2,1
z1062
60,2,1
z694
58,2,1
/733
57,2,1
z467
32,1,1
/496
70,2,1
z450
33,1,1
z631
47,1,1
z479
44,1,1
z425
43,1,1
z515
51,2,1
z677
40,1,1
z541
50,1,1
z498
42,1,1
z481
48,1,1
/489
61,2,1
/1692
0,0,0
z534
52,2,1
/528
58,2,1
z455
41,1,1
/552
57,2,1
z466
44,1,1
z364
53,2,1
z386
36,1,1
z437
47,1,1
z390
54,2,1
z478
40,1,1
z765
55,2,1
/789
60,2,1
/557
63,2,1
/572
65,2,1
z525
38,1,1
z832
33,1,1
z472
51,2,1
z386
34,1,1
z599
59,2,1
/712
67,2,1
z536
48,1,1
z435
31,1,1
/518
70,2,1
/911
62,2,1
/498
64,2,1
z363
32,1,1
z397
43,1,1
/479
69,2,1
/684
56,2,1
z643
39,1,1
/453
66,2,1
/448
68,2,1
z507
42,1,1
/556
61,2,1
z517
45,1,1
z427
37,1,1
z511
46,1,1
z1028
50,1,1
z357
35,1,1
z798
49,1,1
/507
0,0,0
z519
59,2,1
z398
37,1,1
z412
44,1,1
/472
63,2,1
z404
43,1,1
z1096
42,1,1
/844
62,2,1
z389
39,1,1
/495
66,2,1
/495
69,2,1
z433
34,1,1
z834
45,1,1
z1080
49,1,1
/507
64,2,1
z566
57,2,1
z595
31,1,1
z536
46,1,1
/468
61,2,1
z407
41,1,1
/471
70,2,1
/588
65,2,1
/458
56,2,1
/479
68,2,1
z480
47,1,1
z534
55,2,1
z503
50,1,1
z667
48,1,1
z429
52,2,1
/455
67,2,1
z357
35,1,1
z408
38,1,1
z456
33,1,1
z1027
58,2,1
z386
36,1,1
z479
51,2,1
z480
53,2,1
/567
60,2,1
z334
40,1,1
z527
54,2,1
z377
32,1,1
z463
0,0,0
z432
41,1,1
z666
54,2,1
z440
52,2,1
z782
56,2,1
z566
50,1,1
z347
40,1,1
/576
65,2,1
z488
46,1,1
z538
51,2,1
/649
68,2,1
z395
38,1,1
z378
53,2,1
z376
32,1,1
z659
62,2,1
z443
47,1,1
z379
43,1,1
z438
34,1,1
/588
66,2,1
z370
35,1,1
z426
49,1,1
/783
60,2,1
z289
31,1,1
z386
33,1,1
z340
55,2,1
z391
39,1,1
/572
70,2,1
/607
58,2,1
/675
63,2,1
z467
36,1,1
/572
64,2,1
/715
48,1,1
z453
61,2,1
z592
44,1,1
z610
45,1,1
z434
57,2,1
/564
59,2,1
z435
42,1,1
/538
69,2,1
z411
37,1,1
/477
67,2,1
/489
0,0,0
z884
36,1,1
z410
31,1,1
z556
47,1,1
z414
56,2,1
z501
43,1,1
z557
49,1,1
z365
35,1,1
z383
54,2,1
z387
52,2,1
z333
38,1,1
/704
61,2,1
z871
55,2,1
/512
66,2,1
/424
65,2,1
z502
39,1,1
z500
51,2,1
z369
45,1,1
z328
40,1,1
z357
33,1,1
z300
32,1,1
z311
42,1,1
/475
63,2,1
z587
58,2,1
/538
59,2,1
/418
67,2,1
z466
53,2,1
z394
68,2,1
z549
46,1,1
z324
37,1,1
z312
34,1,1
/500
60,2,1
/442
69,2,1
/416
70,2,1
z385
50,1,1
z623
57,2,1
z621
44,1,1
/477
62,2,1
z447
41,1,1
/465
64,2,1
z492
48,1,1
/447
0,0,0
z508
41,1,1
z305
38,1,1
/483
67,2,1
/841
70,2,1
z503
53,2,1
z533
52,2,1
z420
55,2,1
z427
57,2,1
z346
56,2,1
z367
47,1,1
z289
49,1,1
/538
64,2,1
z374
51,2,1
/515
68,2,1
z447
46,1,1
z384
37,1,1
z290
32,1,1
z342
44,1,1
z306
34,1,1
/847
61,2,1
/481
65,2,1
/436
69,2,1
z412
54,2,1
z407
31,1,1
z459
40,1,1
z348
36,1,1
z356
33,1,1
/487
58,2,1
z295
48,1,1
z343
39,1,1
/594
62,2,1
z356
45,1,1
/507
63,2,1
z312
50,1,1
z486
59,2,1
/456
66,2,1
z414
42,1,1
z447
43,1,1
z815
60,2,1
z449
35,1,1
z438
0,0,0
z699
57,2,1
/569
65,2,1
/460
69,2,1
z390
37,1,1
/398
64,2,1
z394
41,1,1
/435
51,2,1
/988
62,2,1
/727
67,2,1
/591
70,2,1
z394
39,1,1
z445
52,2,1
z516
54,2,1
/477
66,2,1
z386
35,1,1
z395
55,2,1
/522
68,2,1
z915
47,1,1
z632
59,2,1
z465
43,1,1
z433
42,1,1
z541
50,1,1
z364
32,1,1
z334
33,1,1
z357
31,1,1
z680
40,1,1
/583
61,2,1
z383
36,1,1
/557
63,2,1
/812
60,2,1
z548
53,2,1
z446
34,1,1
z503
49,1,1
/641
56,2,1
z451
45,1,1
z365
38,1,1
z345
44,1,1
z376
48,1,1
/559
58,2,1
z623
46,1,1
z534
0,0,0
z442
42,1,1
z273
56,2,1
/641
69,2,1
z547
33,1,1
z459
39,1,1
z418
31,1,1
z402
36,1,1
z407
61,2,1
/495
62,2,1
z480
38,1,1
z434
47,1,1
z761
52,2,1
z393
54,2,1
z377
48,1,1
z392
55,2,1
/459
59,2,1
/479
70,2,1
/403
58,2,1
/567
63,2,1
z412
43,1,1
z593
51,2,1
z418
41,1,1
z408
37,1,1
z409
34,1,1
z740
45,1,1
z394
35,1,1
z918
49,1,1
/579
67,2,1
z484
64,2,1
z539
60,2,1
z607
44,1,1
z646
57,2,1
z526
40,1,1
z702
53,2,1
z447
46,1,1
/1409
65,2,1
z413
32,1,1
/489
66,2,1
/484
68,2,1
z416
50,1,1
END
Start of error log
End of error log
