dt16tl55b dt16bcy147
 14713
0,0,0
z521
38,1,1
z1115
35,1,1
z576
37,1,1
/1628
43,1,1
/580
56,2,1
z570
39,1,1
z567
48,1,1
z1280
47,1,1
z908
44,1,1
/525
60,2,1
/658
55,2,1
z890
34,1,1
z704
36,1,1
z613
32,1,1
/729
58,2,1
/762
50,1,1
/588
64,2,1
z479
33,1,1
/793
59,2,1
/630
63,2,1
z501
45,1,1
z943
40,1,1
/557
69,2,1
z774
42,1,1
/622
61,2,1
z603
31,1,1
/1340
52,2,1
/717
65,2,1
/536
70,2,1
/741
68,2,1
/1084
57,2,1
z2144
53,2,1
z766
41,1,1
z1213
51,2,1
/519
49,1,1
z951
46,1,1
/548
62,2,1
/852
67,2,1
/1371
54,2,1
/580
66,2,1
 1656
0,0,0
z581
31,1,1
/886
62,2,1
/631
49,1,1
/568
65,2,1
z1704
47,1,1
z612
35,1,1
z1188
53,2,1
z601
41,1,1
z551
33,1,1
z1699
55,2,1
z519
37,1,1
/702
60,2,1
z812
40,1,1
z790
36,1,1
/581
64,2,1
/616
57,2,1
/948
44,1,1
/1218
58,2,1
z1155
50,1,1
/2382
54,2,1
z907
52,2,1
/791
66,2,1
z507
32,1,1
z462
39,1,1
z1011
42,1,1
/575
67,2,1
/1265
56,2,1
/666
61,2,1
z1804
48,1,1
z677
46,1,1
z511
43,1,1
z817
45,1,1
/569
59,2,1
z609
34,1,1
z598
38,1,1
/533
68,2,1
/816
51,2,1
/553
69,2,1
/541
63,2,1
/529
70,2,1
 3298
0,0,0
z1308
51,2,1
/658
46,1,1
/603
57,2,1
/616
68,2,1
/501
66,2,1
z429
42,1,1
z603
37,1,1
/702
50,1,1
z596
31,1,1
/691
64,2,1
/901
54,2,1
/706
58,2,1
z501
38,1,1
/624
55,2,1
/649
56,2,1
z870
53,2,1
z631
48,1,1
z556
41,1,1
/511
61,2,1
/717
44,1,1
z482
34,1,1
/597
70,2,1
/577
69,2,1
z555
52,2,1
z563
45,1,1
z894
43,1,1
z591
33,1,1
/429
62,2,1
/726
59,2,1
z492
32,1,1
/1019
47,1,1
/589
67,2,1
z702
49,1,1
z859
36,1,1
z489
35,1,1
/436
63,2,1
/465
65,2,1
/717
60,2,1
z510
39,1,1
z600
40,1,1
 745
0,0,0
/653
52,2,1
/575
57,2,1
/548
64,2,1
/574
56,2,1
z634
44,1,1
z602
36,1,1
/463
55,2,1
/724
51,2,1
z658
34,1,1
z1040
38,1,1
z702
31,1,1
z817
40,1,1
z561
39,1,1
/636
63,2,1
z680
35,1,1
/387
45,1,1
/625
70,2,1
/543
68,2,1
/738
50,1,1
z534
37,1,1
z640
43,1,1
/578
65,2,1
/662
66,2,1
z585
42,1,1
/487
67,2,1
z736
33,1,1
z714
48,1,1
z792
58,2,1
/781
46,1,1
/566
54,2,1
/448
69,2,1
/543
41,1,1
z460
47,1,1
/617
59,2,1
/967
53,2,1
z482
32,1,1
/581
60,2,1
/510
62,2,1
/517
61,2,1
z597
49,1,1
 680
0,0,0
z548
56,2,1
/531
50,1,1
z803
33,1,1
z731
44,1,1
/788
66,2,1
/702
58,2,1
z1052
42,1,1
/665
65,2,1
z1066
43,1,1
z545
31,1,1
z695
46,1,1
z510
35,1,1
z1062
45,1,1
/510
68,2,1
z542
41,1,1
z1038
49,1,1
z502
36,1,1
z864
32,1,1
/468
59,2,1
z889
39,1,1
/599
60,2,1
/700
70,2,1
/511
63,2,1
z497
38,1,1
/1760
54,2,1
z681
37,1,1
z966
48,1,1
/620
51,2,1
/709
69,2,1
/665
61,2,1
z613
47,1,1
z820
55,2,1
/1260
64,2,1
/808
67,2,1
/1214
57,2,1
/1449
53,2,1
z563
34,1,1
/601
62,2,1
z1301
52,2,1
z839
40,1,1
 757
0,0,0
/640
69,2,1
/520
58,2,1
/774
51,2,1
z1171
39,1,1
/616
64,2,1
/682
63,2,1
z436
37,1,1
z629
33,1,1
z655
46,1,1
/601
68,2,1
z715
50,1,1
z840
55,2,1
z762
43,1,1
z788
49,1,1
z1144
60,2,1
/512
59,2,1
z692
45,1,1
z744
40,1,1
z654
42,1,1
z1085
36,1,1
/501
57,2,1
/551
70,2,1
/596
62,2,1
z595
54,2,1
/611
61,2,1
/932
47,1,1
z573
44,1,1
/831
66,2,1
/1021
65,2,1
z708
53,2,1
z633
41,1,1
z548
31,1,1
z795
56,2,1
z882
34,1,1
/898
52,2,1
z633
48,1,1
z753
35,1,1
z672
38,1,1
z1135
32,1,1
/1308
67,2,1
 4027
0,0,0
/656
67,2,1
/594
51,2,1
z603
34,1,1
/765
55,2,1
z505
52,2,1
z590
46,1,1
/935
57,2,1
/620
69,2,1
z479
35,1,1
z795
45,1,1
z597
42,1,1
z866
49,1,1
/628
58,2,1
z557
53,2,1
/1399
56,2,1
/591
63,2,1
z642
37,1,1
/725
59,2,1
/1261
54,2,1
/1276
70,2,1
/601
66,2,1
z1281
50,1,1
/817
64,2,1
z584
32,1,1
z1004
47,1,1
z1098
48,1,1
z597
38,1,1
z1108
33,1,1
z1369
36,1,1
z1379
43,1,1
/1443
62,2,1
z1062
31,1,1
/1687
68,2,1
z598
39,1,1
z630
44,1,1
/969
60,2,1
z1202
41,1,1
/1351
65,2,1
z686
40,1,1
/1460
61,2,1
 1223
0,0,0
z1081
36,1,1
z938
47,1,1
z537
33,1,1
/517
65,2,1
/563
70,2,1
z707
39,1,1
z1008
34,1,1
/689
44,1,1
z612
42,1,1
z580
35,1,1
/1720
51,2,1
/599
67,2,1
z536
54,2,1
z461
53,2,1
/455
61,2,1
/565
68,2,1
/548
43,1,1
/626
64,2,1
/514
63,2,1
z654
38,1,1
/483
66,2,1
z737
46,1,1
/353
59,2,1
/678
55,2,1
z587
40,1,1
/435
62,2,1
z579
31,1,1
/454
60,2,1
z625
45,1,1
z551
37,1,1
/518
56,2,1
z579
52,2,1
z1055
48,1,1
z478
32,1,1
z488
41,1,1
z564
57,2,1
z473
50,1,1
/501
69,2,1
/762
58,2,1
z508
49,1,1
 681
0,0,0
/851
60,2,1
z766
31,1,1
z462
44,1,1
z457
50,1,1
/705
56,2,1
/556
59,2,1
z529
39,1,1
z575
42,1,1
/506
66,2,1
/1872
58,2,1
z630
38,1,1
/859
57,2,1
z537
46,1,1
z426
35,1,1
z831
51,2,1
z509
45,1,1
/1244
52,2,1
z427
33,1,1
/606
67,2,1
z727
47,1,1
/543
63,2,1
z515
41,1,1
z464
36,1,1
z811
54,2,1
z623
34,1,1
z764
49,1,1
/506
64,2,1
/455
65,2,1
/634
55,2,1
/776
69,2,1
/515
62,2,1
/451
68,2,1
z551
53,2,1
z680
40,1,1
z545
37,1,1
/508
70,2,1
z577
32,1,1
/706
61,2,1
z825
48,1,1
z434
43,1,1
 5051
0,0,0
/633
62,2,1
/574
67,2,1
z2334
50,1,1
z707
42,1,1
z458
58,2,1
z614
32,1,1
z609
37,1,1
z1312
55,2,1
/526
70,2,1
z702
44,1,1
z592
45,1,1
z573
31,1,1
z828
40,1,1
/475
51,2,1
z538
39,1,1
/596
60,2,1
z1222
52,2,1
z509
46,1,1
z509
53,2,1
/1011
54,2,1
/551
66,2,1
/660
59,2,1
z579
38,1,1
/598
57,2,1
z578
64,2,1
/578
61,2,1
z552
35,1,1
/587
69,2,1
z1055
33,1,1
z655
48,1,1
z475
34,1,1
z572
47,1,1
z550
41,1,1
z624
49,1,1
/600
56,2,1
/610
65,2,1
/463
63,2,1
/553
68,2,1
z582
36,1,1
z833
43,1,1
 894
0,0,0
z585
48,1,1
/540
62,2,1
/491
63,2,1
/449
66,2,1
z478
33,1,1
z656
43,1,1
z485
42,1,1
/606
64,2,1
z627
44,1,1
/787
70,2,1
z573
34,1,1
z819
50,1,1
/685
59,2,1
/702
57,2,1
z511
35,1,1
/1317
69,2,1
/656
68,2,1
/510
61,2,1
z480
38,1,1
/798
45,1,1
z607
39,1,1
/698
46,1,1
z744
41,1,1
/519
65,2,1
z536
37,1,1
/432
60,2,1
/438
49,1,1
z490
31,1,1
/506
58,2,1
z481
32,1,1
/364
36,1,1
z813
52,2,1
z1126
55,2,1
/469
67,2,1
/545
53,2,1
z881
47,1,1
z999
40,1,1
z1051
56,2,1
z504
54,2,1
z431
51,2,1
 815
0,0,0
z632
42,1,1
z392
37,1,1
z776
58,2,1
z456
38,1,1
/576
68,2,1
z1070
47,1,1
/781
60,2,1
/979
50,1,1
/736
57,2,1
/534
67,2,1
/1093
54,2,1
z582
40,1,1
z573
36,1,1
z387
32,1,1
z441
31,1,1
z1012
49,1,1
/640
61,2,1
/807
64,2,1
z551
45,1,1
z933
53,2,1
z632
46,1,1
z754
52,2,1
z660
43,1,1
z751
39,1,1
/530
70,2,1
/1136
48,1,1
/515
55,2,1
/724
63,2,1
/744
65,2,1
/599
56,2,1
/581
66,2,1
z759
51,2,1
z712
41,1,1
z686
44,1,1
z511
33,1,1
/436
62,2,1
z502
35,1,1
/505
59,2,1
/566
69,2,1
z678
34,1,1
 646
0,0,0
z738
42,1,1
z558
43,1,1
z505
33,1,1
z435
45,1,1
/458
67,2,1
/446
64,2,1
z420
34,1,1
z439
38,1,1
/478
63,2,1
z416
31,1,1
/641
56,2,1
/1000
66,2,1
z611
44,1,1
z516
40,1,1
/550
55,2,1
/645
59,2,1
z544
46,1,1
z698
37,1,1
z588
49,1,1
z447
35,1,1
z373
41,1,1
z576
48,1,1
z497
32,1,1
/1071
58,2,1
/777
62,2,1
z581
47,1,1
/624
65,2,1
/564
69,2,1
z474
52,2,1
z475
36,1,1
/567
70,2,1
/489
60,2,1
z761
54,2,1
z611
50,1,1
/833
68,2,1
z610
51,2,1
z785
61,2,1
z523
39,1,1
z711
57,2,1
z532
53,2,1
 638
0,0,0
z493
58,2,1
z1360
50,1,1
z751
42,1,1
z1222
41,1,1
z584
37,1,1
z909
51,2,1
/572
65,2,1
z522
35,1,1
/906
52,2,1
/1102
66,2,1
z751
36,1,1
z1109
39,1,1
/597
64,2,1
z640
47,1,1
z852
43,1,1
/460
70,2,1
/634
60,2,1
z548
34,1,1
z515
38,1,1
/581
56,2,1
z603
48,1,1
z876
45,1,1
/1148
57,2,1
/652
59,2,1
z845
46,1,1
/608
63,2,1
z766
40,1,1
z968
49,1,1
/1447
68,2,1
z576
31,1,1
/736
54,2,1
/1443
67,2,1
z521
32,1,1
/964
62,2,1
/918
61,2,1
z532
33,1,1
/1243
53,2,1
z723
44,1,1
/651
69,2,1
/594
55,2,1
 943
0,0,0
/875
58,2,1
z847
41,1,1
/611
69,2,1
/537
66,2,1
z987
39,1,1
z694
44,1,1
/725
57,2,1
/649
67,2,1
/534
62,2,1
z568
33,1,1
/1052
60,2,1
z747
42,1,1
/711
46,1,1
/784
54,2,1
/786
53,2,1
/621
70,2,1
/487
64,2,1
z804
43,1,1
z900
55,2,1
/555
49,1,1
z2165
48,1,1
z746
45,1,1
z595
34,1,1
/507
68,2,1
/469
65,2,1
/1253
51,2,1
z1899
50,1,1
/1159
47,1,1
/869
56,2,1
z548
32,1,1
z614
37,1,1
/571
63,2,1
z584
35,1,1
z799
36,1,1
/1172
38,1,1
/579
59,2,1
/488
61,2,1
z529
31,1,1
z1370
52,2,1
z735
40,1,1
 698
0,0,0
/657
55,2,1
z2070
49,1,1
/508
54,2,1
/489
52,2,1
/728
60,2,1
z893
48,1,1
/771
65,2,1
z546
31,1,1
/672
68,2,1
/611
56,2,1
z570
50,1,1
/526
67,2,1
z554
36,1,1
z765
40,1,1
/507
62,2,1
z829
41,1,1
z637
47,1,1
/720
46,1,1
z922
33,1,1
z683
37,1,1
/1139
57,2,1
z510
38,1,1
z463
39,1,1
z464
34,1,1
z450
43,1,1
/483
61,2,1
/630
66,2,1
/2598
51,2,1
z687
53,2,1
/529
59,2,1
/661
63,2,1
z624
35,1,1
z669
32,1,1
/548
70,2,1
/589
45,1,1
/1778
44,1,1
/625
58,2,1
/524
64,2,1
/589
69,2,1
/672
42,1,1
 843
0,0,0
/730
64,2,1
z420
45,1,1
z529
33,1,1
z408
31,1,1
/537
65,2,1
/608
54,2,1
/1752
49,1,1
/528
56,2,1
/906
57,2,1
/2190
47,1,1
z920
48,1,1
z844
53,2,1
z868
43,1,1
z506
34,1,1
z377
42,1,1
/542
52,2,1
/455
66,2,1
/509
67,2,1
z445
44,1,1
z513
36,1,1
z434
40,1,1
z2143
59,2,1
z520
35,1,1
/726
60,2,1
/972
55,2,1
z451
32,1,1
z705
41,1,1
z405
39,1,1
/513
69,2,1
/460
62,2,1
/760
61,2,1
z592
46,1,1
z574
50,1,1
z782
51,2,1
/776
70,2,1
z585
63,2,1
/1353
58,2,1
z520
38,1,1
z629
37,1,1
/784
68,2,1
 755
0,0,0
/724
66,2,1
/703
63,2,1
z627
47,1,1
/672
61,2,1
/913
58,2,1
z546
54,2,1
z513
43,1,1
z680
45,1,1
z535
36,1,1
/1770
56,2,1
/570
68,2,1
z505
38,1,1
z494
35,1,1
/1366
64,2,1
/3138
57,2,1
z468
31,1,1
/536
65,2,1
/1043
60,2,1
z1782
48,1,1
z647
51,2,1
z493
46,1,1
z430
49,1,1
/535
69,2,1
z533
44,1,1
z465
37,1,1
/493
70,2,1
z548
33,1,1
/676
62,2,1
z637
39,1,1
/940
59,2,1
/925
55,2,1
z1086
34,1,1
z1029
42,1,1
/697
67,2,1
z481
41,1,1
z1187
52,2,1
z1989
53,2,1
z523
40,1,1
z634
50,1,1
z615
32,1,1
 772
0,0,0
z594
40,1,1
/562
48,1,1
/547
70,2,1
/852
53,2,1
z1048
49,1,1
z610
36,1,1
z958
45,1,1
/483
54,2,1
/654
62,2,1
/1373
55,2,1
z993
42,1,1
z746
38,1,1
/1010
47,1,1
/897
59,2,1
/755
51,2,1
z607
34,1,1
/598
67,2,1
z511
43,1,1
z912
63,2,1
/656
68,2,1
z558
58,2,1
z522
31,1,1
z834
57,2,1
z609
39,1,1
z1663
56,2,1
z691
35,1,1
z1219
50,1,1
z625
46,1,1
z566
33,1,1
/662
61,2,1
z852
41,1,1
/576
66,2,1
z558
37,1,1
z567
32,1,1
/1035
52,2,1
/559
65,2,1
/650
69,2,1
/843
64,2,1
/929
60,2,1
z541
44,1,1
 553
0,0,0
z1292
51,2,1
/533
64,2,1
/523
67,2,1
z546
49,1,1
z534
37,1,1
/425
66,2,1
z508
50,1,1
/1245
53,2,1
z1708
56,2,1
z425
38,1,1
/514
69,2,1
z464
36,1,1
/609
65,2,1
z653
47,1,1
z850
48,1,1
z885
54,2,1
z448
33,1,1
z495
34,1,1
z913
44,1,1
/652
52,2,1
/484
60,2,1
z479
40,1,1
/564
62,2,1
z507
46,1,1
/709
63,2,1
z814
58,2,1
z515
32,1,1
z416
35,1,1
z422
41,1,1
z441
31,1,1
z477
39,1,1
z585
42,1,1
/605
70,2,1
z566
45,1,1
/721
68,2,1
/1033
59,2,1
z726
43,1,1
z630
55,2,1
z1274
57,2,1
/686
61,2,1
 831
0,0,0
z536
31,1,1
z1198
49,1,1
/619
61,2,1
z494
37,1,1
z694
35,1,1
z444
34,1,1
z425
43,1,1
/1302
65,2,1
/1178
57,2,1
/1511
52,2,1
z540
46,1,1
/885
62,2,1
z1399
33,1,1
z414
42,1,1
/588
63,2,1
z543
40,1,1
z1135
53,2,1
z531
44,1,1
/533
68,2,1
z1209
39,1,1
/505
69,2,1
z611
38,1,1
z960
48,1,1
z482
32,1,1
/597
60,2,1
/909
56,2,1
/615
70,2,1
z745
47,1,1
z634
36,1,1
z643
50,1,1
z1168
58,2,1
z519
54,2,1
z548
41,1,1
z737
59,2,1
/557
55,2,1
/617
66,2,1
/795
64,2,1
/867
67,2,1
z544
45,1,1
z701
51,2,1
 844
0,0,0
z1027
59,2,1
z435
42,1,1
z394
38,1,1
z425
37,1,1
/522
64,2,1
z666
47,1,1
z583
31,1,1
/489
61,2,1
z521
50,1,1
/483
58,2,1
/1211
63,2,1
z532
40,1,1
z457
35,1,1
z441
49,1,1
/564
70,2,1
/563
69,2,1
/548
60,2,1
/588
62,2,1
z501
44,1,1
z447
41,1,1
z453
43,1,1
/1001
65,2,1
z583
51,2,1
/512
66,2,1
z539
34,1,1
z467
33,1,1
z722
48,1,1
z443
32,1,1
z698
46,1,1
/491
67,2,1
z461
36,1,1
z512
55,2,1
z489
56,2,1
z519
54,2,1
/427
68,2,1
z415
45,1,1
z535
39,1,1
z586
52,2,1
/457
57,2,1
/991
53,2,1
 683
0,0,0
/673
48,1,1
z398
40,1,1
z499
33,1,1
z448
39,1,1
z895
52,2,1
z432
31,1,1
z441
41,1,1
z388
35,1,1
z412
36,1,1
/421
70,2,1
/459
57,2,1
/421
59,2,1
/469
69,2,1
z460
38,1,1
/821
61,2,1
/751
64,2,1
/741
66,2,1
z1087
45,1,1
z758
46,1,1
z1276
49,1,1
/685
68,2,1
z865
55,2,1
/1169
56,2,1
z551
37,1,1
z502
34,1,1
z1190
32,1,1
/988
54,2,1
z712
42,1,1
/1454
60,2,1
/1308
53,2,1
z523
44,1,1
/734
62,2,1
z2359
50,1,1
z611
47,1,1
/1991
51,2,1
/741
63,2,1
z584
43,1,1
/665
67,2,1
/910
65,2,1
/763
58,2,1
 752
0,0,0
z609
39,1,1
/632
64,2,1
/565
67,2,1
/818
55,2,1
z1089
45,1,1
/558
63,2,1
z530
38,1,1
/883
70,2,1
z551
35,1,1
/650
68,2,1
z629
49,1,1
z526
42,1,1
/446
62,2,1
z508
40,1,1
z949
51,2,1
/1025
53,2,1
/611
66,2,1
z476
32,1,1
z714
41,1,1
/672
47,1,1
z435
33,1,1
/935
44,1,1
/790
58,2,1
/702
56,2,1
z661
52,2,1
/937
61,2,1
z623
31,1,1
z753
43,1,1
z1424
48,1,1
z579
36,1,1
z661
34,1,1
/601
54,2,1
/1104
59,2,1
z1294
46,1,1
/722
65,2,1
z737
50,1,1
/1230
57,2,1
z1241
60,2,1
z483
37,1,1
/728
69,2,1
 744
0,0,0
z635
51,2,1
z1138
47,1,1
/676
67,2,1
z493
40,1,1
/841
60,2,1
/868
70,2,1
z1494
50,1,1
/1387
46,1,1
z540
44,1,1
z441
33,1,1
z806
49,1,1
/1021
55,2,1
z441
36,1,1
/634
59,2,1
z697
64,2,1
z499
31,1,1
z761
57,2,1
z608
52,2,1
z464
35,1,1
/573
63,2,1
z590
34,1,1
z683
41,1,1
z686
39,1,1
/644
65,2,1
z508
53,2,1
z558
37,1,1
z893
38,1,1
z1069
48,1,1
/1111
54,2,1
z992
43,1,1
/779
58,2,1
z533
32,1,1
/878
62,2,1
/908
61,2,1
/576
68,2,1
z447
42,1,1
/603
69,2,1
z527
45,1,1
/1094
66,2,1
/1441
56,2,1
 551
0,0,0
/1255
52,2,1
/583
66,2,1
/920
48,1,1
/506
61,2,1
z606
45,1,1
/737
60,2,1
z890
50,1,1
/778
68,2,1
z525
58,2,1
/801
62,2,1
/655
70,2,1
z570
43,1,1
z708
49,1,1
/1158
63,2,1
z568
47,1,1
/1385
59,2,1
z2660
41,1,1
z462
32,1,1
z589
35,1,1
z460
31,1,1
z784
56,2,1
z591
42,1,1
/520
69,2,1
/610
65,2,1
z1479
55,2,1
z573
54,2,1
/1007
67,2,1
/1065
51,2,1
z534
37,1,1
z436
39,1,1
z386
33,1,1
z811
53,2,1
z440
40,1,1
z365
44,1,1
z404
57,2,1
z395
46,1,1
/782
64,2,1
z437
34,1,1
z423
38,1,1
z403
36,1,1
 722
0,0,0
z586
36,1,1
z470
43,1,1
z410
37,1,1
/628
56,2,1
/478
69,2,1
z448
38,1,1
z488
52,2,1
z480
57,2,1
z630
34,1,1
/779
54,2,1
z509
46,1,1
/619
58,2,1
z602
35,1,1
z577
45,1,1
/636
63,2,1
/1189
53,2,1
/477
68,2,1
z745
49,1,1
/900
65,2,1
/1389
55,2,1
z402
33,1,1
z477
31,1,1
/521
67,2,1
z496
40,1,1
z529
47,1,1
/548
70,2,1
/811
66,2,1
z532
50,1,1
z625
61,2,1
/780
59,2,1
z442
42,1,1
z1146
62,2,1
z499
44,1,1
/875
64,2,1
z471
39,1,1
z661
48,1,1
z521
32,1,1
z562
41,1,1
z540
51,2,1
z796
60,2,1
 646
0,0,0
/1167
64,2,1
z1096
35,1,1
z1068
46,1,1
z1037
52,2,1
z546
59,2,1
z540
61,2,1
z588
38,1,1
/510
62,2,1
z501
36,1,1
z512
44,1,1
/1010
60,2,1
z771
42,1,1
/1261
54,2,1
/834
53,2,1
/722
55,2,1
/959
49,1,1
z873
45,1,1
z1125
50,1,1
/564
58,2,1
/715
67,2,1
/1303
43,1,1
/540
63,2,1
z787
48,1,1
/757
65,2,1
z974
56,2,1
z496
31,1,1
z708
37,1,1
/585
69,2,1
z570
33,1,1
z1127
51,2,1
/674
66,2,1
z623
40,1,1
z1379
57,2,1
z557
41,1,1
/634
68,2,1
z553
32,1,1
z518
34,1,1
/483
70,2,1
z574
39,1,1
z607
47,1,1
 817
0,0,0
z638
44,1,1
/543
68,2,1
z1016
55,2,1
/579
49,1,1
z416
42,1,1
z916
48,1,1
/677
65,2,1
z569
39,1,1
z1120
51,2,1
z665
41,1,1
z515
40,1,1
z425
35,1,1
z422
47,1,1
/436
63,2,1
z1131
43,1,1
/479
64,2,1
/665
54,2,1
z534
36,1,1
/776
59,2,1
z1164
50,1,1
/811
62,2,1
/592
52,2,1
/858
56,2,1
z506
33,1,1
z450
34,1,1
/1069
70,2,1
z558
46,1,1
z688
38,1,1
/656
69,2,1
z467
32,1,1
/632
60,2,1
z525
45,1,1
z874
58,2,1
/1228
57,2,1
/584
67,2,1
/569
66,2,1
z603
53,2,1
z746
37,1,1
/663
61,2,1
z609
31,1,1
 749
0,0,0
z653
35,1,1
z566
39,1,1
/777
49,1,1
z971
43,1,1
z482
32,1,1
/493
68,2,1
/572
55,2,1
/683
53,2,1
/1367
45,1,1
/521
64,2,1
/588
59,2,1
z563
41,1,1
z993
46,1,1
z470
37,1,1
z717
50,1,1
z498
34,1,1
/665
65,2,1
z596
36,1,1
z1263
51,2,1
/499
70,2,1
/598
62,2,1
z564
44,1,1
/917
47,1,1
z629
31,1,1
z1187
56,2,1
z515
40,1,1
z467
42,1,1
/611
61,2,1
/835
57,2,1
/649
63,2,1
z577
33,1,1
z665
48,1,1
z433
38,1,1
/630
52,2,1
/607
67,2,1
/583
58,2,1
/596
66,2,1
/1111
60,2,1
z716
54,2,1
/491
69,2,1
END
Start of error log
End of error log
