/home/cogsys/aging/dtpbsy/dt16tl43b /home/cogsys/aging/dtpbsy/dt16bcy123
/11293
0,0,0
z928
35,1,1
z1082
43,1,1
/1156
64,2,1
z1115
38,1,1
z1489
51,2,1
/933
63,2,1
z723
41,1,1
z871
50,1,1
/718
66,2,1
z693
45,1,1
/800
68,2,1
z814
33,1,1
z1314
57,2,1
/1147
65,2,1
z1319
42,1,1
z1254
62,2,1
z1543
61,2,1
z4987
60,2,1
/724
67,2,1
/1451
58,2,1
z1359
52,2,1
z791
40,1,1
z1312
49,1,1
z890
39,1,1
z579
34,1,1
z635
44,1,1
/1385
56,2,1
/1162
59,2,1
z1015
48,1,1
z810
31,1,1
z907
46,1,1
z971
36,1,1
z964
37,1,1
/745
70,2,1
z1572
54,2,1
/635
69,2,1
z1264
55,2,1
z789
47,1,1
z952
53,2,1
z1536
32,1,1
/7290
0,0,0
/1214
50,1,1
z591
40,1,1
/1011
56,2,1
z475
37,1,1
z496
58,2,1
/1255
62,2,1
z480
52,2,1
/619
70,2,1
z567
38,1,1
z1490
57,2,1
/943
54,2,1
z667
35,1,1
z917
42,1,1
z490
43,1,1
z842
34,1,1
z943
64,2,1
z739
46,1,1
z1738
47,1,1
/1368
55,2,1
/750
61,2,1
z564
32,1,1
z615
31,1,1
/696
65,2,1
z468
36,1,1
/727
60,2,1
/621
68,2,1
/1507
63,2,1
z1205
59,2,1
z633
33,1,1
/688
66,2,1
z787
48,1,1
z1516
53,2,1
/998
67,2,1
z1094
49,1,1
z1090
51,2,1
/548
69,2,1
z632
44,1,1
z686
41,1,1
z601
39,1,1
z594
45,1,1
/1363
0,0,0
/754
67,2,1
z788
56,2,1
z1058
43,1,1
z546
47,1,1
z548
41,1,1
/547
64,2,1
z556
40,1,1
/562
61,2,1
z1664
46,1,1
z452
37,1,1
z482
62,2,1
/1001
50,1,1
z492
35,1,1
z531
44,1,1
/620
68,2,1
z675
60,2,1
z1032
49,1,1
z690
36,1,1
z1479
34,1,1
/991
51,2,1
/522
65,2,1
z740
42,1,1
/670
70,2,1
z626
31,1,1
/1425
54,2,1
z681
48,1,1
/694
66,2,1
z1042
45,1,1
/822
59,2,1
z823
52,2,1
z1180
57,2,1
z717
32,1,1
z640
38,1,1
/597
58,2,1
/604
69,2,1
/860
63,2,1
z478
39,1,1
z466
33,1,1
z389
53,2,1
z392
55,2,1
/4964
0,0,0
/874
65,2,1
z1481
59,2,1
z797
35,1,1
/636
68,2,1
z522
39,1,1
/555
67,2,1
z699
51,2,1
/475
33,1,1
/1270
56,2,1
z563
31,1,1
/700
70,2,1
z509
36,1,1
z814
52,2,1
z546
47,1,1
z454
40,1,1
/1082
57,2,1
/865
54,2,1
z479
38,1,1
z552
43,1,1
z454
45,1,1
z559
42,1,1
z479
64,2,1
/544
63,2,1
z484
58,2,1
z786
48,1,1
/743
66,2,1
/826
62,2,1
z1549
69,2,1
z743
50,1,1
z674
49,1,1
z962
53,2,1
z669
32,1,1
/684
60,2,1
z697
46,1,1
z811
37,1,1
z785
44,1,1
z706
61,2,1
z986
41,1,1
z606
34,1,1
z978
55,2,1
/978
0,0,0
z807
37,1,1
z477
33,1,1
z648
68,2,1
/672
62,2,1
/679
69,2,1
z608
43,1,1
z582
50,1,1
z441
54,2,1
z614
36,1,1
/692
70,2,1
z918
59,2,1
z923
65,2,1
/675
61,2,1
z732
41,1,1
z525
52,2,1
z579
42,1,1
z654
38,1,1
/827
58,2,1
z562
48,1,1
/562
64,2,1
z494
34,1,1
/694
63,2,1
z887
53,2,1
z744
46,1,1
z859
57,2,1
z889
60,2,1
/1003
56,2,1
z2702
47,1,1
z707
44,1,1
/692
51,2,1
z550
32,1,1
z548
35,1,1
z749
67,2,1
z947
39,1,1
/596
66,2,1
z560
55,2,1
z708
49,1,1
z503
40,1,1
z476
45,1,1
z411
31,1,1
/726
0,0,0
z553
34,1,1
z818
51,2,1
/391
70,2,1
z393
46,1,1
/603
62,2,1
z398
39,1,1
z458
44,1,1
z626
47,1,1
z505
35,1,1
/1935
50,1,1
/632
56,2,1
z426
42,1,1
z359
52,2,1
/567
65,2,1
z518
61,2,1
/875
66,2,1
/698
68,2,1
z878
57,2,1
/576
67,2,1
z570
40,1,1
z491
32,1,1
z410
48,1,1
z387
31,1,1
/735
69,2,1
/608
63,2,1
/959
55,2,1
z833
37,1,1
z564
43,1,1
z556
49,1,1
z816
41,1,1
z1091
36,1,1
z500
60,2,1
z454
45,1,1
z432
33,1,1
/691
54,2,1
/666
58,2,1
z615
53,2,1
z577
59,2,1
z533
38,1,1
/477
64,2,1
/834
0,0,0
/1103
70,2,1
z849
56,2,1
z549
31,1,1
z569
45,1,1
z440
50,1,1
z516
49,1,1
z435
42,1,1
z503
41,1,1
z463
35,1,1
/696
69,2,1
z518
40,1,1
/486
52,2,1
/464
62,2,1
z471
37,1,1
z482
55,2,1
z557
47,1,1
/438
53,2,1
z555
61,2,1
z515
51,2,1
/457
48,1,1
z504
67,2,1
/441
58,2,1
/769
63,2,1
z596
33,1,1
z727
32,1,1
/500
65,2,1
/509
60,2,1
z494
44,1,1
z587
38,1,1
/483
59,2,1
z488
36,1,1
/514
66,2,1
z486
64,2,1
z497
34,1,1
z578
57,2,1
z875
68,2,1
z640
46,1,1
z669
43,1,1
/753
54,2,1
z526
39,1,1
z835
0,0,0
z675
50,1,1
/670
66,2,1
z814
47,1,1
z469
36,1,1
z543
52,2,1
z400
38,1,1
/515
69,2,1
z526
58,2,1
/625
56,2,1
z1064
57,2,1
/877
62,2,1
z605
42,1,1
z530
41,1,1
z942
60,2,1
z497
31,1,1
/650
64,2,1
z576
55,2,1
/600
68,2,1
z425
35,1,1
/746
70,2,1
z562
63,2,1
z783
46,1,1
z580
40,1,1
z935
44,1,1
z720
32,1,1
z535
48,1,1
z631
45,1,1
z1103
51,2,1
z593
37,1,1
z422
33,1,1
/597
65,2,1
/812
53,2,1
/537
67,2,1
z483
43,1,1
/619
59,2,1
z571
34,1,1
/726
61,2,1
z557
39,1,1
z762
49,1,1
/897
54,2,1
/4866
0,0,0
z892
50,1,1
/624
67,2,1
z436
35,1,1
/538
64,2,1
z444
53,2,1
/443
66,2,1
z442
34,1,1
/458
59,2,1
z468
36,1,1
/505
47,1,1
z568
38,1,1
z418
42,1,1
z419
41,1,1
/539
63,2,1
/592
70,2,1
/617
65,2,1
z596
33,1,1
z420
32,1,1
/549
58,2,1
z536
46,1,1
/620
68,2,1
z524
57,2,1
z566
56,2,1
/490
51,2,1
z532
62,2,1
z422
39,1,1
z381
54,2,1
z455
40,1,1
/611
69,2,1
z438
49,1,1
z366
48,1,1
z735
55,2,1
z384
43,1,1
z554
60,2,1
/643
52,2,1
z389
45,1,1
z536
44,1,1
z492
31,1,1
z482
37,1,1
/750
61,2,1
/782
0,0,0
z641
42,1,1
/557
61,2,1
z515
50,1,1
z596
52,2,1
/670
54,2,1
/652
59,2,1
z481
39,1,1
z514
34,1,1
z519
31,1,1
/571
66,2,1
/570
67,2,1
z447
32,1,1
/494
70,2,1
z426
38,1,1
z443
35,1,1
z380
36,1,1
z430
48,1,1
z353
53,2,1
z613
44,1,1
z598
43,1,1
z517
56,2,1
z474
41,1,1
/648
55,2,1
z373
45,1,1
z317
62,2,1
/672
64,2,1
z535
57,2,1
/855
65,2,1
/516
63,2,1
z576
49,1,1
z476
37,1,1
z466
40,1,1
z505
46,1,1
/570
68,2,1
z595
47,1,1
/392
69,2,1
z506
51,2,1
/440
58,2,1
z514
60,2,1
z528
33,1,1
/774
0,0,0
z582
46,1,1
z439
33,1,1
z426
38,1,1
z473
47,1,1
z452
60,2,1
/471
70,2,1
/523
67,2,1
z458
49,1,1
z410
36,1,1
z508
51,2,1
z484
44,1,1
z433
39,1,1
z441
34,1,1
z534
43,1,1
z374
64,2,1
z491
58,2,1
z379
35,1,1
z757
53,2,1
z581
50,1,1
z446
40,1,1
z485
41,1,1
z502
48,1,1
z724
56,2,1
z709
42,1,1
/547
63,2,1
z481
45,1,1
z444
37,1,1
z451
32,1,1
/613
65,2,1
/583
62,2,1
/456
54,2,1
/498
66,2,1
z531
31,1,1
z480
61,2,1
/496
68,2,1
z810
57,2,1
z554
52,2,1
/450
69,2,1
z559
59,2,1
/548
55,2,1
/808
0,0,0
z646
43,1,1
z406
35,1,1
z386
45,1,1
z351
64,2,1
/418
56,2,1
z420
46,1,1
z463
37,1,1
z678
55,2,1
z414
47,1,1
z445
32,1,1
z406
41,1,1
z478
33,1,1
z581
48,1,1
z503
34,1,1
z456
36,1,1
/551
68,2,1
z401
54,2,1
z534
40,1,1
/578
60,2,1
/639
69,2,1
z444
38,1,1
z638
61,2,1
z424
57,2,1
z381
39,1,1
/623
53,2,1
/568
59,2,1
/648
67,2,1
z740
62,2,1
/578
66,2,1
z421
31,1,1
z549
52,2,1
/575
51,2,1
z374
63,2,1
z419
49,1,1
z1042
65,2,1
z436
58,2,1
z584
42,1,1
/439
44,1,1
z494
50,1,1
/476
70,2,1
/720
0,0,0
z911
37,1,1
/580
64,2,1
/945
60,2,1
/581
58,2,1
z465
34,1,1
/678
69,2,1
z507
54,2,1
/640
61,2,1
/542
68,2,1
/613
65,2,1
z565
43,1,1
z439
57,2,1
z413
48,1,1
z462
45,1,1
z650
62,2,1
z505
41,1,1
z470
50,1,1
z543
39,1,1
z558
42,1,1
z727
46,1,1
z494
40,1,1
z375
31,1,1
z469
47,1,1
z783
51,2,1
z458
44,1,1
/631
49,1,1
/703
59,2,1
/594
55,2,1
/537
56,2,1
/491
63,2,1
z563
32,1,1
z521
38,1,1
/631
70,2,1
z445
33,1,1
z464
36,1,1
z827
52,2,1
z433
53,2,1
/624
67,2,1
z463
35,1,1
/722
66,2,1
/1314
0,0,0
z565
41,1,1
z395
32,1,1
/616
64,2,1
/437
70,2,1
/417
44,1,1
z406
54,2,1
/357
39,1,1
z520
33,1,1
z628
47,1,1
z297
68,2,1
z469
60,2,1
z419
37,1,1
/678
63,2,1
z504
38,1,1
z553
45,1,1
z553
52,2,1
/728
48,1,1
/646
53,2,1
z497
61,2,1
z448
34,1,1
z461
31,1,1
z442
40,1,1
/646
62,2,1
z385
42,1,1
z390
50,1,1
z748
55,2,1
z489
43,1,1
z744
51,2,1
/458
67,2,1
z421
36,1,1
z394
57,2,1
z378
49,1,1
z462
58,2,1
/751
46,1,1
/493
66,2,1
/681
56,2,1
/522
65,2,1
z437
35,1,1
z662
69,2,1
z435
59,2,1
z688
0,0,0
/712
67,2,1
/526
57,2,1
z384
44,1,1
z359
38,1,1
z346
40,1,1
z332
39,1,1
z364
43,1,1
/547
69,2,1
z422
47,1,1
z384
34,1,1
z428
32,1,1
z541
56,2,1
z375
31,1,1
/680
60,2,1
z394
42,1,1
/1123
54,2,1
z392
46,1,1
z520
48,1,1
z370
41,1,1
z350
35,1,1
z285
65,2,1
z470
45,1,1
/464
59,2,1
z728
53,2,1
z434
49,1,1
z404
33,1,1
z455
51,2,1
/552
70,2,1
z473
58,2,1
z390
50,1,1
z354
66,2,1
/447
68,2,1
z446
36,1,1
z285
55,2,1
z336
37,1,1
z583
61,2,1
/780
63,2,1
z310
62,2,1
/558
64,2,1
z400
52,2,1
/705
0,0,0
z585
63,2,1
z373
38,1,1
z304
41,1,1
z444
56,2,1
z350
31,1,1
z378
34,1,1
z474
37,1,1
z365
32,1,1
z620
44,1,1
/469
65,2,1
z442
49,1,1
/519
62,2,1
z437
51,2,1
z465
57,2,1
z511
47,1,1
z470
42,1,1
z411
35,1,1
/699
60,2,1
/503
61,2,1
z447
55,2,1
z398
36,1,1
/511
69,2,1
z490
54,2,1
z712
53,2,1
/601
68,2,1
z404
40,1,1
/738
66,2,1
z449
48,1,1
z544
46,1,1
z445
45,1,1
z424
43,1,1
z487
52,2,1
z447
50,1,1
/525
67,2,1
z490
58,2,1
z363
39,1,1
z395
33,1,1
/613
59,2,1
/603
70,2,1
/525
64,2,1
/612
0,0,0
z451
34,1,1
z347
41,1,1
z262
70,2,1
z1677
37,1,1
z802
52,2,1
z325
48,1,1
z297
33,1,1
z277
51,2,1
/939
49,1,1
/724
59,2,1
/538
69,2,1
/501
64,2,1
z671
58,2,1
/1096
62,2,1
z838
40,1,1
z1003
35,1,1
/471
67,2,1
/506
68,2,1
z471
56,2,1
/541
63,2,1
/448
65,2,1
z549
44,1,1
/520
66,2,1
z496
45,1,1
z396
31,1,1
z429
39,1,1
z503
38,1,1
z344
42,1,1
z710
53,2,1
z339
43,1,1
z356
54,2,1
z503
46,1,1
/392
50,1,1
z276
57,2,1
/992
60,2,1
z560
55,2,1
z598
47,1,1
z601
32,1,1
/501
61,2,1
z560
36,1,1
/787
0,0,0
/669
59,2,1
/514
65,2,1
/359
61,2,1
z687
45,1,1
z435
53,2,1
z659
55,2,1
/592
67,2,1
z437
38,1,1
z528
48,1,1
z696
51,2,1
/541
68,2,1
z498
36,1,1
/622
56,2,1
z484
46,1,1
/697
62,2,1
z541
44,1,1
/566
69,2,1
z1065
60,2,1
z454
41,1,1
z497
43,1,1
z1010
40,1,1
/960
66,2,1
z184
58,2,1
/708
64,2,1
z896
37,1,1
z510
32,1,1
z443
42,1,1
z543
57,2,1
z405
35,1,1
/693
63,2,1
z299
39,1,1
/357
34,1,1
z365
54,2,1
z364
50,1,1
z402
33,1,1
z326
52,2,1
/452
70,2,1
z302
31,1,1
z460
47,1,1
z362
49,1,1
/704
0,0,0
z535
45,1,1
z395
53,2,1
z387
60,2,1
z333
62,2,1
z416
38,1,1
z571
55,2,1
z468
54,2,1
/527
59,2,1
z367
31,1,1
z450
63,2,1
z492
46,1,1
z345
50,1,1
/412
70,2,1
z383
44,1,1
z441
41,1,1
/520
67,2,1
/626
65,2,1
z371
57,2,1
z564
58,2,1
/471
69,2,1
z378
43,1,1
z451
49,1,1
/549
56,2,1
z453
37,1,1
z421
32,1,1
z436
33,1,1
z497
35,1,1
z405
34,1,1
z416
39,1,1
z527
48,1,1
/635
66,2,1
z480
47,1,1
/514
52,2,1
z421
40,1,1
z538
51,2,1
z397
68,2,1
z847
61,2,1
/542
64,2,1
z421
36,1,1
z422
42,1,1
/6114
0,0,0
z647
37,1,1
z411
45,1,1
z405
52,2,1
z489
66,2,1
/356
61,2,1
z357
43,1,1
z388
31,1,1
/459
65,2,1
z315
59,2,1
z430
41,1,1
z352
44,1,1
/387
58,2,1
z346
55,2,1
z535
36,1,1
z509
57,2,1
/503
68,2,1
z514
48,1,1
z337
54,2,1
z340
53,2,1
z404
46,1,1
z329
62,2,1
z410
60,2,1
z391
33,1,1
/599
69,2,1
z393
34,1,1
/513
67,2,1
z362
56,2,1
z375
47,1,1
z347
42,1,1
z364
32,1,1
z354
39,1,1
/503
70,2,1
z328
63,2,1
/603
51,2,1
z546
40,1,1
z365
35,1,1
z384
50,1,1
z412
38,1,1
/624
64,2,1
z355
49,1,1
/614
0,0,0
z545
40,1,1
z370
31,1,1
z307
58,2,1
z463
43,1,1
/635
50,1,1
z380
46,1,1
z403
48,1,1
z306
60,2,1
z333
37,1,1
z275
33,1,1
/948
64,2,1
z459
32,1,1
z521
57,2,1
z391
52,2,1
z393
34,1,1
/459
67,2,1
/515
65,2,1
z390
56,2,1
z382
36,1,1
z604
54,2,1
z419
62,2,1
/484
70,2,1
z506
59,2,1
z449
41,1,1
z444
55,2,1
/441
66,2,1
z414
35,1,1
z388
39,1,1
z513
53,2,1
z873
49,1,1
/516
69,2,1
z463
61,2,1
z395
44,1,1
z449
45,1,1
z560
51,2,1
z378
38,1,1
z685
63,2,1
/440
68,2,1
z511
47,1,1
z383
42,1,1
/682
0,0,0
z624
48,1,1
z398
58,2,1
z369
67,2,1
z430
47,1,1
z486
54,2,1
z462
61,2,1
z369
55,2,1
z440
41,1,1
/641
69,2,1
z385
39,1,1
/548
62,2,1
z363
46,1,1
z391
43,1,1
z411
34,1,1
z525
59,2,1
/756
65,2,1
z570
60,2,1
/486
64,2,1
/490
56,2,1
z968
52,2,1
z579
49,1,1
/657
63,2,1
z375
42,1,1
z385
32,1,1
/547
70,2,1
z387
37,1,1
/629
68,2,1
z410
33,1,1
z518
44,1,1
z385
31,1,1
z448
57,2,1
z475
51,2,1
z377
45,1,1
z468
35,1,1
z390
53,2,1
z564
50,1,1
z322
40,1,1
z449
38,1,1
/1276
66,2,1
z367
36,1,1
/635
0,0,0
/622
69,2,1
z553
59,2,1
/471
57,2,1
/565
63,2,1
z458
46,1,1
z462
45,1,1
/427
52,2,1
z384
54,2,1
z276
34,1,1
z452
38,1,1
z673
62,2,1
z388
36,1,1
z360
40,1,1
/549
66,2,1
z414
44,1,1
z396
39,1,1
z534
41,1,1
/461
68,2,1
/619
67,2,1
z810
56,2,1
z349
42,1,1
z525
50,1,1
z420
35,1,1
/733
70,2,1
z434
43,1,1
z598
58,2,1
z430
53,2,1
z399
60,2,1
z408
33,1,1
/535
64,2,1
z670
65,2,1
z384
49,1,1
z387
55,2,1
z597
51,2,1
z505
48,1,1
z394
37,1,1
z373
32,1,1
z361
61,2,1
z338
31,1,1
z358
47,1,1
z880
0,0,0
z822
47,1,1
/815
55,2,1
/546
67,2,1
z377
36,1,1
/471
66,2,1
z380
60,2,1
z631
46,1,1
/496
68,2,1
z402
32,1,1
z423
57,2,1
z577
43,1,1
z673
39,1,1
z380
42,1,1
/604
65,2,1
z455
61,2,1
z738
38,1,1
/465
70,2,1
z412
54,2,1
z440
33,1,1
/582
64,2,1
z406
53,2,1
z934
51,2,1
z941
45,1,1
/819
52,2,1
z473
48,1,1
z494
49,1,1
z828
37,1,1
/672
59,2,1
z512
44,1,1
z406
35,1,1
/532
56,2,1
z436
63,2,1
/495
31,1,1
z406
34,1,1
z450
62,2,1
z342
41,1,1
z362
40,1,1
z320
69,2,1
z471
50,1,1
z331
58,2,1
/757
0,0,0
z395
44,1,1
z381
41,1,1
/460
63,2,1
/497
64,2,1
z393
36,1,1
z423
45,1,1
/481
60,2,1
z453
67,2,1
/441
53,2,1
z627
66,2,1
z433
43,1,1
z570
51,2,1
z514
49,1,1
z366
35,1,1
z422
32,1,1
z365
59,2,1
z412
42,1,1
z393
70,2,1
z432
47,1,1
z367
58,2,1
z319
37,1,1
z366
65,2,1
/560
69,2,1
z444
46,1,1
z591
56,2,1
z546
50,1,1
z404
31,1,1
/606
68,2,1
z458
55,2,1
z344
54,2,1
z319
62,2,1
z371
48,1,1
z421
33,1,1
z458
39,1,1
z381
34,1,1
z459
40,1,1
z623
38,1,1
/433
61,2,1
z483
57,2,1
/512
52,2,1
/599
0,0,0
/644
69,2,1
z424
51,2,1
z374
43,1,1
z364
52,2,1
z445
44,1,1
z358
39,1,1
/549
67,2,1
z320
50,1,1
/460
49,1,1
z272
58,2,1
/397
62,2,1
/405
65,2,1
/332
66,2,1
z646
38,1,1
z384
34,1,1
z282
64,2,1
z455
46,1,1
z482
54,2,1
z400
41,1,1
z459
61,2,1
/573
63,2,1
z524
42,1,1
z556
48,1,1
/554
60,2,1
z478
45,1,1
/855
59,2,1
z420
32,1,1
z496
35,1,1
/527
68,2,1
z526
56,2,1
/463
57,2,1
z497
33,1,1
z1025
53,2,1
z1266
37,1,1
z485
31,1,1
z505
36,1,1
z406
55,2,1
/412
70,2,1
z411
47,1,1
z419
40,1,1
/749
0,0,0
/471
70,2,1
z601
56,2,1
/399
51,2,1
/463
67,2,1
z480
32,1,1
/569
65,2,1
/544
68,2,1
/426
61,2,1
z534
45,1,1
/592
53,2,1
z402
52,2,1
/467
66,2,1
z481
62,2,1
z434
46,1,1
z427
41,1,1
z591
40,1,1
/553
58,2,1
z404
39,1,1
z276
50,1,1
z527
55,2,1
z357
35,1,1
z358
31,1,1
z399
42,1,1
z383
47,1,1
z380
33,1,1
z381
54,2,1
/604
57,2,1
z380
36,1,1
z309
63,2,1
z362
37,1,1
z517
59,2,1
z372
44,1,1
z440
43,1,1
/473
69,2,1
/527
64,2,1
z603
48,1,1
/390
38,1,1
z388
60,2,1
z409
49,1,1
z472
34,1,1
/595
0,0,0
/713
58,2,1
z358
54,2,1
/494
69,2,1
/382
64,2,1
z790
45,1,1
z601
42,1,1
/444
56,2,1
/525
67,2,1
z517
38,1,1
z552
39,1,1
/562
55,2,1
/545
68,2,1
z424
32,1,1
z469
50,1,1
/401
52,2,1
z306
41,1,1
/642
60,2,1
z415
35,1,1
/659
66,2,1
/452
61,2,1
/464
65,2,1
z501
37,1,1
z447
40,1,1
/763
59,2,1
z614
46,1,1
z407
36,1,1
z630
33,1,1
z514
34,1,1
z331
31,1,1
/622
62,2,1
z459
43,1,1
z463
44,1,1
z640
53,2,1
/584
63,2,1
/898
70,2,1
z547
47,1,1
z566
49,1,1
z635
57,2,1
z488
51,2,1
z435
48,1,1
/627
0,0,0
/850
58,2,1
/640
56,2,1
z374
51,2,1
z399
40,1,1
/643
68,2,1
z426
37,1,1
z422
49,1,1
z481
61,2,1
z701
55,2,1
z422
36,1,1
z393
46,1,1
z404
44,1,1
z630
59,2,1
/413
69,2,1
z417
34,1,1
/454
64,2,1
z753
41,1,1
z1247
43,1,1
/2193
62,2,1
/432
67,2,1
z362
32,1,1
z431
60,2,1
z329
38,1,1
z353
31,1,1
z429
45,1,1
z374
39,1,1
/578
63,2,1
/612
54,2,1
z403
48,1,1
/638
50,1,1
z391
47,1,1
z375
57,2,1
z473
53,2,1
/490
65,2,1
z430
66,2,1
z334
33,1,1
z379
35,1,1
z325
52,2,1
z386
70,2,1
z531
42,1,1
/685
0,0,0
z617
38,1,1
z450
47,1,1
/493
69,2,1
z347
53,2,1
/493
59,2,1
/529
56,2,1
z426
46,1,1
z416
35,1,1
z371
43,1,1
z291
70,2,1
/308
51,2,1
z252
67,2,1
/636
62,2,1
z479
40,1,1
z497
41,1,1
/659
63,2,1
z476
58,2,1
/619
68,2,1
z466
44,1,1
/434
64,2,1
z346
39,1,1
z528
50,1,1
z416
57,2,1
z769
48,1,1
z366
54,2,1
/619
60,2,1
z300
31,1,1
z440
34,1,1
z1149
49,1,1
z582
65,2,1
z455
52,2,1
z440
33,1,1
z387
32,1,1
z450
55,2,1
/513
61,2,1
/500
66,2,1
z438
37,1,1
z448
42,1,1
z365
36,1,1
z540
45,1,1
END
Start of error log
End of error log
