/home/cogsys/aging/dtpbsy/dt16tl49b /home/cogsys/aging/dtpbsy/dt16bcy134
/13620
0,0,0
z445
39,1,1
z570
67,2,1
z756
57,2,1
z537
56,2,1
/699
59,2,1
z549
36,1,1
/913
53,2,1
z659
35,1,1
z634
52,2,1
z563
34,1,1
z920
47,1,1
/825
62,2,1
z675
42,1,1
z531
32,1,1
/766
64,2,1
/577
63,2,1
z1226
49,1,1
z498
45,1,1
z514
37,1,1
z533
44,1,1
/586
61,2,1
z591
50,1,1
z1093
43,1,1
z658
33,1,1
z1174
55,2,1
/560
58,2,1
/394
66,2,1
/831
70,2,1
z936
54,2,1
/829
69,2,1
z997
40,1,1
z633
68,2,1
/1244
41,1,1
z826
48,1,1
z704
46,1,1
z1088
38,1,1
z950
51,2,1
/666
60,2,1
z615
31,1,1
/533
65,2,1
/3630
0,0,0
z528
32,1,1
z1064
56,2,1
z464
31,1,1
/890
58,2,1
z1055
50,1,1
/510
63,2,1
/464
66,2,1
z520
34,1,1
/879
60,2,1
z579
35,1,1
/541
59,2,1
/636
43,1,1
/433
65,2,1
/389
54,2,1
z555
36,1,1
/481
57,2,1
/503
62,2,1
z527
55,2,1
z834
42,1,1
/619
64,2,1
/536
67,2,1
z574
38,1,1
z605
39,1,1
z1029
61,2,1
z653
40,1,1
z599
46,1,1
/1009
70,2,1
z1343
52,2,1
z486
37,1,1
/1444
69,2,1
z702
51,2,1
z1114
45,1,1
z1278
53,2,1
z526
49,1,1
z596
44,1,1
z733
41,1,1
z799
47,1,1
z731
48,1,1
/668
68,2,1
z571
33,1,1
/2201
0,0,0
z679
40,1,1
z484
41,1,1
/996
65,2,1
z821
49,1,1
/832
45,1,1
/421
70,2,1
z401
32,1,1
z1654
60,2,1
z409
69,2,1
/1381
62,2,1
z549
52,2,1
z685
44,1,1
z590
33,1,1
/889
61,2,1
z976
51,2,1
z513
38,1,1
z496
37,1,1
z691
58,2,1
/519
64,2,1
z1156
54,2,1
z1164
47,1,1
z509
35,1,1
z617
42,1,1
z447
39,1,1
/839
55,2,1
/484
48,1,1
z692
43,1,1
/456
57,2,1
/561
53,2,1
/782
50,1,1
/479
68,2,1
/405
56,2,1
/964
59,2,1
/752
63,2,1
z522
34,1,1
z646
46,1,1
z499
36,1,1
z538
31,1,1
/597
66,2,1
/653
67,2,1
/2844
0,0,0
z392
47,1,1
z669
40,1,1
/605
54,2,1
/459
53,2,1
/430
67,2,1
/557
63,2,1
z492
49,1,1
z502
34,1,1
z1173
65,2,1
/498
70,2,1
z471
37,1,1
/562
66,2,1
z715
33,1,1
/943
50,1,1
/969
57,2,1
z649
39,1,1
/748
62,2,1
z597
32,1,1
/800
68,2,1
z790
58,2,1
z794
55,2,1
/453
36,1,1
z954
38,1,1
z1214
48,1,1
z647
42,1,1
/647
64,2,1
/788
61,2,1
z547
35,1,1
/908
56,2,1
z749
44,1,1
z683
46,1,1
z1391
52,2,1
z556
31,1,1
z788
45,1,1
/597
60,2,1
/441
59,2,1
z1186
41,1,1
z747
51,2,1
z720
43,1,1
/564
69,2,1
/4790
0,0,0
z438
40,1,1
z947
47,1,1
z922
48,1,1
z621
38,1,1
/514
63,2,1
z529
39,1,1
z553
34,1,1
/406
60,2,1
/416
51,2,1
z536
31,1,1
/499
55,2,1
/549
59,2,1
/419
66,2,1
/428
65,2,1
z1252
45,1,1
/532
57,2,1
/725
50,1,1
z473
36,1,1
z551
49,1,1
/580
67,2,1
z528
41,1,1
/412
53,2,1
/299
52,2,1
z632
35,1,1
z675
42,1,1
/976
68,2,1
/431
46,1,1
z689
37,1,1
/363
56,2,1
z1685
58,2,1
z573
44,1,1
/616
64,2,1
z1001
43,1,1
z1114
70,2,1
/551
62,2,1
z489
33,1,1
/427
69,2,1
/900
61,2,1
/415
54,2,1
z587
32,1,1
/2225
0,0,0
z549
34,1,1
z431
35,1,1
z326
33,1,1
/859
47,1,1
/753
50,1,1
z489
36,1,1
z741
39,1,1
z1296
49,1,1
z476
32,1,1
/596
63,2,1
/576
56,2,1
z843
54,2,1
z722
43,1,1
z1576
60,2,1
z634
46,1,1
/1308
69,2,1
z704
53,2,1
/989
57,2,1
/492
59,2,1
/479
55,2,1
z498
31,1,1
z751
44,1,1
z419
48,1,1
/580
52,2,1
/508
61,2,1
z532
37,1,1
z521
41,1,1
/596
64,2,1
z423
40,1,1
z1297
51,2,1
/876
58,2,1
/545
62,2,1
/519
68,2,1
/531
65,2,1
/413
66,2,1
/396
70,2,1
z567
42,1,1
/538
67,2,1
z1002
38,1,1
z509
45,1,1
/3333
0,0,0
z669
65,2,1
/571
70,2,1
z706
48,1,1
z841
54,2,1
/610
59,2,1
z780
49,1,1
z498
45,1,1
z353
36,1,1
z284
44,1,1
z242
63,2,1
z3420
52,2,1
z704
58,2,1
z899
43,1,1
z873
50,1,1
/919
60,2,1
/447
69,2,1
z756
39,1,1
z873
37,1,1
z633
33,1,1
z383
31,1,1
z993
46,1,1
/578
68,2,1
z598
35,1,1
z1080
56,2,1
z651
51,2,1
/739
64,2,1
/487
61,2,1
/375
57,2,1
z666
42,1,1
z676
47,1,1
/1109
62,2,1
z743
41,1,1
z482
34,1,1
/760
53,2,1
z986
38,1,1
/1019
67,2,1
/737
55,2,1
z465
32,1,1
z524
40,1,1
/754
66,2,1
/7984
0,0,0
/918
61,2,1
z648
37,1,1
/1042
48,1,1
/351
69,2,1
/471
65,2,1
z732
46,1,1
z788
49,1,1
z789
43,1,1
z907
44,1,1
z1571
53,2,1
/848
62,2,1
/499
56,2,1
z577
35,1,1
z1279
42,1,1
z408
57,2,1
z1814
36,1,1
/872
67,2,1
z694
39,1,1
z626
55,2,1
/413
70,2,1
/364
63,2,1
z601
34,1,1
/885
50,1,1
z605
33,1,1
z770
31,1,1
z1008
45,1,1
/553
66,2,1
/1100
54,2,1
/906
47,1,1
z552
38,1,1
/601
59,2,1
/557
58,2,1
z837
40,1,1
z667
32,1,1
/1078
52,2,1
/532
60,2,1
z735
41,1,1
/481
64,2,1
/481
68,2,1
z743
51,2,1
/6403
0,0,0
z1094
56,2,1
z581
43,1,1
z750
57,2,1
/663
61,2,1
/530
49,1,1
/477
68,2,1
z737
45,1,1
z826
53,2,1
z540
42,1,1
z537
34,1,1
/564
62,2,1
z415
35,1,1
/835
54,2,1
/440
63,2,1
z542
33,1,1
/581
66,2,1
/629
48,1,1
/746
51,2,1
z1180
47,1,1
z863
52,2,1
z487
50,1,1
/524
67,2,1
z502
37,1,1
z689
41,1,1
/449
55,2,1
z616
31,1,1
/466
70,2,1
/670
59,2,1
z615
38,1,1
z541
39,1,1
z1276
60,2,1
z628
40,1,1
/673
69,2,1
z443
46,1,1
/417
64,2,1
z478
44,1,1
/762
65,2,1
z468
32,1,1
/787
58,2,1
z497
36,1,1
/769
0,0,0
z1984
50,1,1
z872
58,2,1
/705
70,2,1
z479
37,1,1
z812
56,2,1
z463
31,1,1
z502
35,1,1
z440
39,1,1
z600
36,1,1
/548
61,2,1
/380
38,1,1
z727
32,1,1
/555
67,2,1
z476
33,1,1
/509
66,2,1
z1138
51,2,1
/477
65,2,1
z468
43,1,1
z632
41,1,1
z461
42,1,1
z1512
48,1,1
/732
62,2,1
z474
46,1,1
/545
60,2,1
/340
59,2,1
/449
69,2,1
/430
53,2,1
/476
57,2,1
/462
44,1,1
z498
45,1,1
/761
49,1,1
/506
63,2,1
/598
54,2,1
/451
52,2,1
z703
47,1,1
/982
55,2,1
z630
34,1,1
z508
40,1,1
/590
68,2,1
/497
64,2,1
/3837
0,0,0
z596
37,1,1
z1054
53,2,1
z457
33,1,1
z457
32,1,1
/545
70,2,1
z571
41,1,1
/466
67,2,1
/360
44,1,1
/447
45,1,1
/466
68,2,1
/390
62,2,1
/514
55,2,1
/676
66,2,1
z530
43,1,1
z525
31,1,1
z922
34,1,1
/602
65,2,1
/455
63,2,1
/551
59,2,1
z704
47,1,1
/796
64,2,1
z1082
50,1,1
/518
38,1,1
/1562
60,2,1
z775
39,1,1
z923
56,2,1
z910
49,1,1
z607
54,2,1
z731
42,1,1
z693
61,2,1
z681
46,1,1
/778
57,2,1
z470
35,1,1
z637
36,1,1
z416
40,1,1
/555
48,1,1
z1251
51,2,1
z841
52,2,1
/1034
58,2,1
/648
69,2,1
/6805
0,0,0
z478
36,1,1
z481
61,2,1
z722
54,2,1
/593
62,2,1
z651
39,1,1
z845
52,2,1
/764
59,2,1
z945
48,1,1
z445
41,1,1
z525
50,1,1
/637
70,2,1
/811
45,1,1
/320
68,2,1
/391
64,2,1
z638
58,2,1
z960
57,2,1
z539
31,1,1
z595
49,1,1
z536
35,1,1
z1074
44,1,1
z920
51,2,1
/514
60,2,1
z1335
43,1,1
z504
40,1,1
z529
38,1,1
/1680
67,2,1
/469
65,2,1
z475
32,1,1
z913
37,1,1
z815
53,2,1
/597
66,2,1
z587
34,1,1
/918
69,2,1
/879
63,2,1
z617
33,1,1
/634
55,2,1
z650
46,1,1
z515
47,1,1
z593
42,1,1
z405
56,2,1
/713
0,0,0
z479
40,1,1
z447
45,1,1
z1146
52,2,1
z251
38,1,1
z315
70,2,1
/808
62,2,1
z455
31,1,1
/1169
69,2,1
z695
46,1,1
z499
35,1,1
/533
66,2,1
z1051
55,2,1
z405
41,1,1
/725
67,2,1
z628
36,1,1
z427
37,1,1
z646
50,1,1
z892
48,1,1
z619
49,1,1
/721
64,2,1
z590
32,1,1
z855
54,2,1
z816
33,1,1
z468
34,1,1
z499
42,1,1
/622
68,2,1
z1625
53,2,1
z531
57,2,1
z855
63,2,1
z1070
61,2,1
z462
51,2,1
/651
58,2,1
z679
43,1,1
z1701
47,1,1
z1134
65,2,1
z454
39,1,1
z713
59,2,1
z742
44,1,1
/613
56,2,1
/401
60,2,1
/521
0,0,0
/804
64,2,1
/414
59,2,1
z1286
58,2,1
/939
61,2,1
z564
63,2,1
z843
49,1,1
z602
39,1,1
z1162
51,2,1
z515
43,1,1
z607
34,1,1
z1421
46,1,1
/1084
62,2,1
/496
56,2,1
z943
48,1,1
z735
40,1,1
z557
32,1,1
/1023
69,2,1
z512
45,1,1
z831
50,1,1
/500
70,2,1
z642
44,1,1
z628
57,2,1
z1216
60,2,1
z832
31,1,1
z630
41,1,1
z613
38,1,1
/568
65,2,1
z1143
53,2,1
/1461
55,2,1
z910
47,1,1
z944
42,1,1
z539
33,1,1
z838
37,1,1
/741
67,2,1
z804
35,1,1
/1539
54,2,1
z477
36,1,1
/703
66,2,1
/824
52,2,1
/719
68,2,1
/3570
0,0,0
z461
41,1,1
/596
67,2,1
/833
45,1,1
/397
55,2,1
/483
70,2,1
/448
62,2,1
z447
39,1,1
/605
68,2,1
z475
33,1,1
z806
52,2,1
/649
66,2,1
/721
54,2,1
/443
69,2,1
z443
35,1,1
z502
32,1,1
z899
36,1,1
z595
50,1,1
/775
57,2,1
z530
31,1,1
/1247
63,2,1
z741
38,1,1
/1786
51,2,1
z957
58,2,1
z544
44,1,1
z731
49,1,1
z686
37,1,1
z488
34,1,1
z598
46,1,1
z1438
42,1,1
z600
48,1,1
z1460
56,2,1
z732
40,1,1
/629
64,2,1
/592
60,2,1
/576
65,2,1
z697
53,2,1
z696
47,1,1
/1331
59,2,1
z672
43,1,1
/954
61,2,1
/5412
0,0,0
z786
47,1,1
z522
50,1,1
z573
48,1,1
z394
38,1,1
z593
39,1,1
z502
33,1,1
/523
68,2,1
/422
44,1,1
/383
65,2,1
z1427
60,2,1
z496
66,2,1
z1390
36,1,1
/632
62,2,1
/1219
57,2,1
/468
56,2,1
z531
46,1,1
/1209
52,2,1
/456
58,2,1
/355
54,2,1
z838
42,1,1
/1145
59,2,1
z696
32,1,1
/718
70,2,1
z1017
35,1,1
/850
64,2,1
z797
51,2,1
z505
43,1,1
/922
69,2,1
z1139
55,2,1
z1622
41,1,1
z1247
45,1,1
z500
53,2,1
/477
67,2,1
z484
37,1,1
/911
61,2,1
/458
63,2,1
/1516
49,1,1
z511
40,1,1
z651
31,1,1
z645
34,1,1
/3233
0,0,0
z538
37,1,1
/1152
57,2,1
z692
33,1,1
/1193
55,2,1
z1447
40,1,1
z1064
36,1,1
/747
63,2,1
z770
43,1,1
/864
69,2,1
/1006
58,2,1
/621
49,1,1
z1844
51,2,1
z1267
59,2,1
z865
42,1,1
z473
31,1,1
z837
34,1,1
z760
48,1,1
z1174
54,2,1
z661
46,1,1
z1150
44,1,1
/575
64,2,1
z1009
53,2,1
/1020
60,2,1
/648
67,2,1
/580
65,2,1
z541
39,1,1
z877
32,1,1
/1101
50,1,1
z737
45,1,1
/717
62,2,1
/848
66,2,1
/532
68,2,1
/769
70,2,1
z841
35,1,1
z889
47,1,1
z567
38,1,1
z1625
52,2,1
/831
56,2,1
z1150
41,1,1
/904
61,2,1
/6066
0,0,0
z728
59,2,1
/633
65,2,1
z549
38,1,1
z767
54,2,1
z616
32,1,1
/1173
66,2,1
/517
50,1,1
z632
57,2,1
/828
49,1,1
z841
47,1,1
/1172
64,2,1
z785
39,1,1
/565
69,2,1
z559
31,1,1
z728
44,1,1
/910
61,2,1
/553
70,2,1
z476
34,1,1
z791
48,1,1
z847
43,1,1
z674
45,1,1
/796
67,2,1
/1243
68,2,1
z1309
55,2,1
/845
56,2,1
/720
51,2,1
z1254
58,2,1
/885
53,2,1
z875
37,1,1
z792
62,2,1
z451
36,1,1
z1088
52,2,1
z687
41,1,1
z1274
40,1,1
z702
42,1,1
/663
63,2,1
z941
33,1,1
z745
35,1,1
z768
46,1,1
/477
60,2,1
/874
0,0,0
/1105
55,2,1
z1199
47,1,1
z433
45,1,1
z573
40,1,1
/676
64,2,1
/408
61,2,1
z616
32,1,1
/520
54,2,1
z477
31,1,1
z881
49,1,1
z739
39,1,1
/777
58,2,1
z1640
43,1,1
/476
67,2,1
z418
50,1,1
/563
65,2,1
/756
53,2,1
/794
59,2,1
z555
38,1,1
/588
70,2,1
z406
41,1,1
/539
68,2,1
z745
35,1,1
z2329
52,2,1
/522
69,2,1
/1030
66,2,1
z484
37,1,1
z612
48,1,1
z524
42,1,1
z717
44,1,1
z860
60,2,1
z633
34,1,1
z591
33,1,1
/1027
62,2,1
/454
57,2,1
z591
36,1,1
z902
51,2,1
z1033
46,1,1
/1015
63,2,1
/599
56,2,1
/12980
0,0,0
z520
45,1,1
z555
46,1,1
z627
53,2,1
z1220
49,1,1
/937
62,2,1
z488
38,1,1
/485
55,2,1
z568
35,1,1
z801
42,1,1
/407
54,2,1
/415
51,2,1
/491
68,2,1
/807
52,2,1
z867
48,1,1
/538
56,2,1
z612
40,1,1
z554
39,1,1
/465
66,2,1
/546
59,2,1
z536
37,1,1
/459
64,2,1
z466
36,1,1
/540
58,2,1
z636
41,1,1
/535
63,2,1
/500
70,2,1
/585
65,2,1
z446
32,1,1
/728
50,1,1
/451
61,2,1
/420
69,2,1
/749
67,2,1
/1266
47,1,1
/435
44,1,1
/599
43,1,1
z422
33,1,1
/557
60,2,1
z766
57,2,1
z705
34,1,1
z472
31,1,1
/1916
0,0,0
z481
68,2,1
/509
63,2,1
/549
53,2,1
/425
61,2,1
/457
69,2,1
z1188
46,1,1
z613
48,1,1
/734
70,2,1
z547
50,1,1
z533
33,1,1
/621
45,1,1
/586
60,2,1
/496
58,2,1
/561
65,2,1
z558
36,1,1
/629
64,2,1
z502
34,1,1
z706
32,1,1
z910
38,1,1
/556
62,2,1
z1538
49,1,1
z776
37,1,1
z896
52,2,1
z586
31,1,1
z487
40,1,1
z734
51,2,1
z502
39,1,1
/603
47,1,1
/543
43,1,1
/503
66,2,1
z401
35,1,1
/605
67,2,1
/490
59,2,1
z477
44,1,1
/530
55,2,1
/592
57,2,1
/654
56,2,1
z566
41,1,1
z542
42,1,1
/599
54,2,1
/2243
0,0,0
z562
45,1,1
z792
35,1,1
z913
40,1,1
z582
46,1,1
/471
69,2,1
z523
34,1,1
/650
61,2,1
/365
70,2,1
/510
67,2,1
/535
54,2,1
/523
63,2,1
z480
41,1,1
/522
66,2,1
z734
50,1,1
/549
55,2,1
z619
48,1,1
z1000
44,1,1
/1442
60,2,1
z492
53,2,1
z447
56,2,1
/1112
68,2,1
z565
37,1,1
/566
59,2,1
z606
39,1,1
/1119
49,1,1
/445
51,2,1
z632
42,1,1
z468
57,2,1
z551
47,1,1
/750
62,2,1
z406
31,1,1
/494
65,2,1
z444
33,1,1
/554
58,2,1
/429
52,2,1
/506
64,2,1
z689
36,1,1
z620
38,1,1
z643
32,1,1
z668
43,1,1
/11422
0,0,0
z455
46,1,1
z425
53,2,1
z554
42,1,1
z527
37,1,1
/514
63,2,1
/451
56,2,1
z718
47,1,1
z452
54,2,1
/709
62,2,1
z725
50,1,1
z461
34,1,1
z488
32,1,1
z809
35,1,1
/716
40,1,1
z555
31,1,1
/598
68,2,1
/752
64,2,1
/688
61,2,1
/548
70,2,1
z489
33,1,1
/567
60,2,1
/469
65,2,1
z595
41,1,1
z616
45,1,1
z1012
39,1,1
/602
67,2,1
/459
59,2,1
z576
44,1,1
/578
51,2,1
z713
52,2,1
z1335
55,2,1
z562
38,1,1
z1015
48,1,1
z747
43,1,1
/418
66,2,1
/472
58,2,1
z732
36,1,1
z1058
57,2,1
z551
49,1,1
/588
69,2,1
/1070
0,0,0
z429
39,1,1
z611
33,1,1
z730
45,1,1
z824
41,1,1
/498
64,2,1
/902
60,2,1
z787
38,1,1
z552
31,1,1
/553
65,2,1
/689
66,2,1
z703
49,1,1
z578
43,1,1
z1229
57,2,1
z822
52,2,1
z761
32,1,1
/895
50,1,1
/411
62,2,1
z783
35,1,1
z1135
51,2,1
z526
40,1,1
/937
58,2,1
/473
56,2,1
z669
34,1,1
/1155
48,1,1
/415
69,2,1
z644
42,1,1
/648
70,2,1
z1065
61,2,1
/497
68,2,1
z506
36,1,1
z695
46,1,1
/551
55,2,1
/418
63,2,1
/631
54,2,1
z669
44,1,1
/588
59,2,1
/597
47,1,1
/563
67,2,1
z594
37,1,1
z1833
53,2,1
/23151
0,0,0
z439
35,1,1
/594
63,2,1
/443
65,2,1
z412
32,1,1
z407
33,1,1
/489
69,2,1
z1297
46,1,1
z435
34,1,1
/421
66,2,1
/492
60,2,1
/384
56,2,1
/711
57,2,1
/1032
55,2,1
/616
61,2,1
z1301
53,2,1
z477
52,2,1
z633
43,1,1
/943
58,2,1
/450
64,2,1
z1430
42,1,1
z925
40,1,1
z424
44,1,1
z530
41,1,1
z498
48,1,1
z493
36,1,1
/706
45,1,1
z815
38,1,1
/493
59,2,1
z452
31,1,1
z527
37,1,1
/692
50,1,1
/492
49,1,1
/533
67,2,1
/491
62,2,1
z539
39,1,1
/480
68,2,1
z825
54,2,1
/433
70,2,1
/505
47,1,1
z710
51,2,1
/725
0,0,0
/515
70,2,1
/465
59,2,1
z508
34,1,1
/1142
58,2,1
/543
69,2,1
z1121
48,1,1
z543
38,1,1
z605
31,1,1
z618
45,1,1
/1778
50,1,1
/545
44,1,1
z519
35,1,1
z471
33,1,1
z1122
49,1,1
z517
36,1,1
/520
68,2,1
/501
63,2,1
/1078
60,2,1
z942
37,1,1
z671
46,1,1
/536
65,2,1
z685
41,1,1
/1092
54,2,1
/527
67,2,1
/873
61,2,1
z706
52,2,1
/708
56,2,1
z1286
47,1,1
z1904
51,2,1
z726
42,1,1
z502
32,1,1
/570
57,2,1
/411
53,2,1
/446
62,2,1
/400
55,2,1
/418
66,2,1
/346
64,2,1
z445
40,1,1
z893
43,1,1
z837
39,1,1
z15038
0,0,0
z537
58,2,1
z926
44,1,1
z434
34,1,1
/1119
56,2,1
/406
53,2,1
z396
32,1,1
z1003
36,1,1
/501
52,2,1
/692
57,2,1
/1664
48,1,1
z548
35,1,1
/479
62,2,1
z714
55,2,1
z569
42,1,1
z491
40,1,1
/510
51,2,1
z622
37,1,1
/373
66,2,1
/1294
49,1,1
z737
39,1,1
/638
65,2,1
/545
63,2,1
/515
61,2,1
/694
59,2,1
z625
38,1,1
/598
68,2,1
z754
41,1,1
/605
67,2,1
z602
31,1,1
/715
64,2,1
/593
70,2,1
/1504
54,2,1
/572
60,2,1
/812
50,1,1
z703
43,1,1
/577
69,2,1
z1088
47,1,1
z751
45,1,1
z498
33,1,1
z815
46,1,1
/10030
0,0,0
/852
69,2,1
z848
50,1,1
/554
68,2,1
/1162
59,2,1
/603
49,1,1
/1009
63,2,1
z896
43,1,1
/1159
47,1,1
z958
33,1,1
z465
51,2,1
z540
52,2,1
z1033
54,2,1
/752
53,2,1
/779
66,2,1
z634
45,1,1
z447
41,1,1
z784
48,1,1
/494
67,2,1
/489
70,2,1
z438
35,1,1
z454
34,1,1
z1270
46,1,1
z528
37,1,1
/572
57,2,1
z729
39,1,1
/430
61,2,1
z567
31,1,1
/632
44,1,1
/756
42,1,1
/557
60,2,1
/727
56,2,1
/544
64,2,1
z537
32,1,1
z636
38,1,1
/599
62,2,1
/638
65,2,1
/1017
55,2,1
/542
36,1,1
/605
58,2,1
z612
40,1,1
/516
0,0,0
z1020
49,1,1
z897
45,1,1
z1064
46,1,1
z500
38,1,1
/576
65,2,1
z419
31,1,1
z724
47,1,1
z411
36,1,1
/465
64,2,1
/462
66,2,1
/662
62,2,1
/504
52,2,1
/474
63,2,1
z554
37,1,1
/1081
48,1,1
/594
53,2,1
z1093
50,1,1
/742
59,2,1
z1401
42,1,1
/540
69,2,1
z715
32,1,1
z1501
44,1,1
/482
57,2,1
z470
35,1,1
z664
43,1,1
z1395
60,2,1
z1327
41,1,1
z439
34,1,1
/629
56,2,1
/452
54,2,1
z553
33,1,1
/705
55,2,1
/543
67,2,1
z451
40,1,1
/515
61,2,1
/435
58,2,1
z477
39,1,1
/525
70,2,1
/459
68,2,1
z714
51,2,1
/11960
0,0,0
z458
43,1,1
z492
48,1,1
/579
68,2,1
z628
32,1,1
/456
54,2,1
/464
70,2,1
z431
49,1,1
/422
51,2,1
z678
38,1,1
/955
46,1,1
/504
57,2,1
/455
62,2,1
z453
36,1,1
/487
58,2,1
z868
39,1,1
z606
35,1,1
/499
55,2,1
/554
63,2,1
/858
53,2,1
/441
69,2,1
z539
47,1,1
z821
41,1,1
z545
42,1,1
/554
65,2,1
z419
56,2,1
/492
44,1,1
/413
59,2,1
z645
37,1,1
/672
60,2,1
/489
64,2,1
z1155
50,1,1
/961
66,2,1
z896
40,1,1
z437
31,1,1
z848
45,1,1
z554
34,1,1
/445
67,2,1
/1463
61,2,1
z486
33,1,1
/541
52,2,1
END
Start of error log
End of error log
