dt16tl46b dt16bcy129
 28363
0,0,0
z1300
55,2,1
z695
46,1,1
z758
35,1,1
/906
68,2,1
z608
33,1,1
z1001
52,2,1
/736
56,2,1
z568
45,1,1
z551
39,1,1
z470
31,1,1
z609
38,1,1
/447
70,2,1
/512
61,2,1
/555
57,2,1
z616
41,1,1
z911
48,1,1
z700
47,1,1
z553
49,1,1
z848
65,2,1
/564
64,2,1
z583
51,2,1
/558
67,2,1
/654
44,1,1
z674
42,1,1
z524
59,2,1
z602
50,1,1
z505
37,1,1
z658
53,2,1
z624
43,1,1
z584
36,1,1
/531
60,2,1
z731
34,1,1
/724
69,2,1
z1630
32,1,1
z1212
54,2,1
z1656
66,2,1
/676
58,2,1
z858
40,1,1
z658
62,2,1
/678
63,2,1
 1403
0,0,0
z728
37,1,1
/832
55,2,1
z559
48,1,1
z581
42,1,1
/527
69,2,1
z570
47,1,1
z589
36,1,1
z901
57,2,1
z916
56,2,1
/385
65,2,1
/419
61,2,1
z458
33,1,1
z682
46,1,1
z553
43,1,1
/576
62,2,1
z408
31,1,1
/444
53,2,1
/598
64,2,1
/497
67,2,1
z465
38,1,1
z506
39,1,1
z572
51,2,1
z375
34,1,1
z454
40,1,1
z414
35,1,1
/1015
44,1,1
z376
54,2,1
/519
66,2,1
/783
60,2,1
z776
59,2,1
/570
70,2,1
z540
49,1,1
/824
68,2,1
z683
58,2,1
z590
45,1,1
z670
41,1,1
z562
32,1,1
/674
63,2,1
/1627
50,1,1
z564
52,2,1
 1064
0,0,0
z542
32,1,1
z955
66,2,1
/447
67,2,1
/436
64,2,1
/583
61,2,1
/613
51,2,1
z534
40,1,1
z837
52,2,1
z505
37,1,1
z733
34,1,1
z537
31,1,1
/658
53,2,1
z977
43,1,1
z703
54,2,1
/666
58,2,1
/665
70,2,1
z883
42,1,1
/744
63,2,1
/688
69,2,1
z509
36,1,1
z513
35,1,1
/808
56,2,1
z696
50,1,1
z746
46,1,1
z582
49,1,1
z680
60,2,1
z651
44,1,1
z460
59,2,1
z448
47,1,1
z478
45,1,1
/540
68,2,1
/775
48,1,1
z426
39,1,1
/547
62,2,1
/587
57,2,1
z693
41,1,1
/558
65,2,1
z559
38,1,1
z548
33,1,1
/540
55,2,1
 959
0,0,0
/688
59,2,1
/520
50,1,1
/565
58,2,1
z746
49,1,1
z601
37,1,1
z622
48,1,1
/592
65,2,1
z799
42,1,1
/634
69,2,1
/622
60,2,1
z488
41,1,1
z536
33,1,1
/613
66,2,1
z1196
31,1,1
z653
45,1,1
z856
36,1,1
z522
35,1,1
/548
70,2,1
z590
32,1,1
/578
67,2,1
/840
57,2,1
z567
56,2,1
z504
55,2,1
z735
44,1,1
z534
43,1,1
/643
61,2,1
/534
68,2,1
/465
63,2,1
z577
47,1,1
/793
62,2,1
z579
38,1,1
z461
40,1,1
z525
46,1,1
/720
51,2,1
/640
64,2,1
/1160
52,2,1
/640
54,2,1
z489
39,1,1
z351
53,2,1
z497
34,1,1
 984
0,0,0
z626
33,1,1
/714
57,2,1
/563
50,1,1
/503
67,2,1
z551
42,1,1
/729
56,2,1
/518
66,2,1
/748
46,1,1
/495
61,2,1
/557
47,1,1
z421
59,2,1
z559
48,1,1
/502
70,2,1
z618
38,1,1
z512
64,2,1
z700
40,1,1
/688
53,2,1
z697
34,1,1
z800
49,1,1
/514
65,2,1
z673
36,1,1
z542
55,2,1
z698
31,1,1
/4768
54,2,1
/558
69,2,1
/657
62,2,1
/505
63,2,1
z1887
39,1,1
z1678
37,1,1
z772
58,2,1
z521
43,1,1
z484
32,1,1
z431
44,1,1
z494
52,2,1
/422
60,2,1
z712
45,1,1
/615
68,2,1
z594
51,2,1
z570
35,1,1
z514
41,1,1
 906
0,0,0
z1633
46,1,1
/748
51,2,1
z724
34,1,1
/589
62,2,1
z970
48,1,1
/569
67,2,1
z702
52,2,1
/649
43,1,1
z457
60,2,1
/678
64,2,1
/525
70,2,1
/740
63,2,1
z545
49,1,1
z582
31,1,1
z515
32,1,1
z488
55,2,1
z454
38,1,1
z496
33,1,1
/968
54,2,1
z640
37,1,1
/688
68,2,1
/986
53,2,1
/1027
40,1,1
/709
56,2,1
z636
44,1,1
z532
35,1,1
z1282
47,1,1
/718
69,2,1
z1082
66,2,1
z596
59,2,1
z715
65,2,1
z660
50,1,1
z2218
57,2,1
/662
61,2,1
/924
58,2,1
z734
36,1,1
z731
39,1,1
z640
42,1,1
z743
45,1,1
z577
41,1,1
 1167
0,0,0
/1278
50,1,1
z516
61,2,1
z587
45,1,1
/645
68,2,1
z868
37,1,1
/819
70,2,1
/607
69,2,1
z599
46,1,1
z493
35,1,1
z848
53,2,1
/663
67,2,1
/595
64,2,1
z666
54,2,1
z665
44,1,1
z596
34,1,1
z529
36,1,1
/979
63,2,1
z832
52,2,1
z550
66,2,1
z878
59,2,1
z636
57,2,1
z520
47,1,1
z597
38,1,1
z608
31,1,1
z634
42,1,1
z566
48,1,1
/557
58,2,1
z704
51,2,1
z621
60,2,1
z558
40,1,1
z463
41,1,1
z856
49,1,1
/602
65,2,1
z590
32,1,1
z611
39,1,1
z520
43,1,1
z477
55,2,1
z1023
56,2,1
z680
62,2,1
z528
33,1,1
 1193
0,0,0
z586
42,1,1
z778
45,1,1
/603
68,2,1
z646
58,2,1
z478
56,2,1
z486
36,1,1
z566
35,1,1
z771
52,2,1
/496
62,2,1
z643
33,1,1
/503
59,2,1
/536
69,2,1
z505
43,1,1
/698
53,2,1
/540
57,2,1
z499
50,1,1
z588
32,1,1
z502
37,1,1
/613
67,2,1
z623
40,1,1
z638
65,2,1
/980
38,1,1
/488
47,1,1
/667
44,1,1
z667
41,1,1
z548
34,1,1
z447
31,1,1
/467
55,2,1
/514
60,2,1
z581
51,2,1
/601
63,2,1
/498
61,2,1
/548
66,2,1
/529
70,2,1
z810
54,2,1
z553
39,1,1
z1108
64,2,1
z738
48,1,1
z412
49,1,1
z660
46,1,1
 1612
0,0,0
/1006
50,1,1
/1044
46,1,1
z678
55,2,1
z1060
47,1,1
z514
53,2,1
z448
35,1,1
z502
37,1,1
z492
57,2,1
z465
58,2,1
z639
51,2,1
z518
38,1,1
z434
31,1,1
/546
62,2,1
/885
70,2,1
/561
68,2,1
/692
61,2,1
z529
41,1,1
/702
69,2,1
z547
45,1,1
z573
36,1,1
z672
34,1,1
z367
63,2,1
z530
40,1,1
z358
52,2,1
z433
39,1,1
/603
64,2,1
/647
59,2,1
/430
67,2,1
/546
54,2,1
z460
32,1,1
/648
56,2,1
z473
49,1,1
z517
44,1,1
z1175
43,1,1
/785
42,1,1
z474
60,2,1
z536
33,1,1
/525
66,2,1
/738
48,1,1
/702
65,2,1
 1103
0,0,0
/819
58,2,1
/735
45,1,1
z312
67,2,1
/538
66,2,1
/407
64,2,1
z469
33,1,1
z472
43,1,1
z488
37,1,1
/576
51,2,1
/579
65,2,1
/688
54,2,1
z1149
35,1,1
z670
52,2,1
z809
34,1,1
z970
62,2,1
z586
32,1,1
/511
61,2,1
/712
50,1,1
z603
41,1,1
z461
57,2,1
z653
36,1,1
/542
68,2,1
/430
49,1,1
z654
42,1,1
z418
63,2,1
/718
70,2,1
z1725
39,1,1
/806
69,2,1
/492
55,2,1
z470
40,1,1
z521
60,2,1
z506
47,1,1
/507
48,1,1
z462
38,1,1
z351
44,1,1
z329
59,2,1
z554
56,2,1
z585
46,1,1
z526
31,1,1
z554
53,2,1
 9372
0,0,0
z696
33,1,1
/894
45,1,1
z790
48,1,1
/972
42,1,1
z452
43,1,1
z1011
46,1,1
/829
49,1,1
/692
50,1,1
/564
63,2,1
/532
40,1,1
/686
57,2,1
/437
59,2,1
z562
47,1,1
z365
35,1,1
z398
32,1,1
z278
70,2,1
z2303
69,2,1
z735
56,2,1
/845
62,2,1
/647
67,2,1
z697
39,1,1
z444
52,2,1
z691
31,1,1
z672
44,1,1
z546
37,1,1
z566
36,1,1
/937
60,2,1
z551
64,2,1
z901
41,1,1
z652
55,2,1
z625
38,1,1
z370
51,2,1
z499
53,2,1
z388
68,2,1
z706
65,2,1
z588
58,2,1
z429
34,1,1
z709
61,2,1
/433
66,2,1
/481
54,2,1
 1205
0,0,0
z631
47,1,1
z619
34,1,1
/511
66,2,1
z608
41,1,1
z539
42,1,1
/585
64,2,1
z624
37,1,1
z526
39,1,1
/502
63,2,1
/448
62,2,1
/627
68,2,1
/610
69,2,1
/454
70,2,1
z700
40,1,1
/891
61,2,1
z581
50,1,1
z559
48,1,1
z553
32,1,1
z720
31,1,1
z563
54,2,1
/609
56,2,1
z660
33,1,1
z537
49,1,1
z609
36,1,1
/594
57,2,1
z465
44,1,1
z500
52,2,1
z761
65,2,1
/442
59,2,1
z781
55,2,1
z390
46,1,1
z594
51,2,1
z532
35,1,1
/611
58,2,1
z406
43,1,1
/652
67,2,1
z517
53,2,1
z475
38,1,1
z444
45,1,1
/598
60,2,1
 1187
0,0,0
/972
60,2,1
z506
33,1,1
/636
55,2,1
z934
36,1,1
z748
35,1,1
/474
66,2,1
/519
61,2,1
z568
34,1,1
z523
41,1,1
/590
59,2,1
z466
52,2,1
z526
54,2,1
z593
32,1,1
/763
58,2,1
/603
42,1,1
/552
40,1,1
/542
69,2,1
z619
31,1,1
z464
37,1,1
/824
43,1,1
/583
62,2,1
/634
53,2,1
/472
49,1,1
z525
38,1,1
/907
65,2,1
/523
51,2,1
/639
48,1,1
z559
56,2,1
/694
50,1,1
z788
39,1,1
/661
67,2,1
z799
45,1,1
z826
46,1,1
/566
63,2,1
/484
70,2,1
z543
47,1,1
/725
57,2,1
/689
64,2,1
/613
68,2,1
z534
44,1,1
 1069
0,0,0
/980
54,2,1
z655
33,1,1
/680
62,2,1
/585
66,2,1
z591
63,2,1
z1266
39,1,1
z754
46,1,1
z1084
56,2,1
z496
48,1,1
/650
57,2,1
z553
49,1,1
z843
70,2,1
z693
51,2,1
z608
32,1,1
z618
45,1,1
z505
34,1,1
/495
60,2,1
z487
42,1,1
/918
59,2,1
z526
35,1,1
z505
50,1,1
/816
69,2,1
z486
65,2,1
z466
58,2,1
z495
44,1,1
z812
61,2,1
z505
40,1,1
/816
67,2,1
z600
36,1,1
/603
53,2,1
z528
37,1,1
/671
64,2,1
z768
41,1,1
z398
47,1,1
z467
43,1,1
z396
38,1,1
z576
55,2,1
z523
52,2,1
z764
31,1,1
/677
68,2,1
 8537
0,0,0
/1048
56,2,1
z1361
39,1,1
z590
36,1,1
z467
49,1,1
/563
70,2,1
/518
63,2,1
/456
47,1,1
z538
44,1,1
/705
54,2,1
/794
65,2,1
/692
61,2,1
z781
42,1,1
z593
34,1,1
/577
52,2,1
/480
59,2,1
/509
67,2,1
/641
51,2,1
z592
38,1,1
z395
58,2,1
z746
33,1,1
/568
53,2,1
z636
37,1,1
/518
60,2,1
z590
35,1,1
/589
66,2,1
/492
68,2,1
/611
62,2,1
z473
32,1,1
z414
48,1,1
/386
50,1,1
/425
41,1,1
z343
40,1,1
/579
64,2,1
z426
69,2,1
/436
55,2,1
/377
45,1,1
/514
46,1,1
z427
57,2,1
z610
43,1,1
z569
31,1,1
 1025
0,0,0
/756
61,2,1
/598
69,2,1
/551
62,2,1
/571
42,1,1
z574
33,1,1
/698
67,2,1
/485
57,2,1
/669
49,1,1
z467
32,1,1
/634
64,2,1
z760
63,2,1
z625
35,1,1
z552
51,2,1
/643
66,2,1
/461
50,1,1
/554
70,2,1
z514
52,2,1
z450
46,1,1
z467
37,1,1
/476
45,1,1
/612
36,1,1
z497
54,2,1
/635
65,2,1
/492
56,2,1
z512
31,1,1
/458
59,2,1
z544
43,1,1
z547
44,1,1
z393
39,1,1
/522
68,2,1
z606
47,1,1
/614
53,2,1
/546
55,2,1
z532
40,1,1
/608
48,1,1
z467
34,1,1
z503
38,1,1
z493
58,2,1
z406
41,1,1
/513
60,2,1
 995
0,0,0
z635
38,1,1
/735
60,2,1
z562
35,1,1
/507
69,2,1
/498
51,2,1
/691
66,2,1
z491
34,1,1
/776
63,2,1
/687
70,2,1
z648
47,1,1
z454
53,2,1
/506
67,2,1
z458
31,1,1
z627
55,2,1
/1017
62,2,1
z1133
39,1,1
z671
41,1,1
z606
52,2,1
z408
36,1,1
z612
37,1,1
z500
33,1,1
/617
61,2,1
/503
58,2,1
/751
59,2,1
z1024
42,1,1
/589
45,1,1
z401
50,1,1
z677
48,1,1
z818
32,1,1
/811
65,2,1
/522
56,2,1
/591
64,2,1
/532
49,1,1
z459
68,2,1
/588
57,2,1
z670
40,1,1
/580
54,2,1
/595
44,1,1
z489
46,1,1
z513
43,1,1
 943
0,0,0
/1174
59,2,1
/1211
54,2,1
/421
64,2,1
z711
44,1,1
/766
63,2,1
z492
46,1,1
z592
58,2,1
/775
50,1,1
z402
45,1,1
z737
33,1,1
/586
52,2,1
z409
69,2,1
/557
62,2,1
/615
67,2,1
z693
41,1,1
z586
47,1,1
z734
56,2,1
z575
55,2,1
z602
35,1,1
z533
31,1,1
/647
61,2,1
/430
65,2,1
z711
40,1,1
z478
38,1,1
/539
66,2,1
/844
49,1,1
z541
39,1,1
z455
37,1,1
z422
36,1,1
z530
43,1,1
z556
48,1,1
z436
42,1,1
/612
57,2,1
/655
68,2,1
z503
34,1,1
z646
51,2,1
z548
53,2,1
z524
60,2,1
/698
70,2,1
z395
32,1,1
 1113
0,0,0
/1156
53,2,1
z533
43,1,1
z709
60,2,1
z460
58,2,1
z575
55,2,1
z464
32,1,1
z534
31,1,1
/628
67,2,1
/489
52,2,1
/656
49,1,1
/642
50,1,1
z596
56,2,1
z664
57,2,1
z440
63,2,1
z486
44,1,1
z417
38,1,1
z780
54,2,1
z490
42,1,1
z413
36,1,1
z487
34,1,1
z403
51,2,1
/518
68,2,1
z569
48,1,1
/558
59,2,1
z555
40,1,1
z518
45,1,1
z511
39,1,1
z723
62,2,1
/679
47,1,1
z491
46,1,1
z612
37,1,1
z445
33,1,1
/575
69,2,1
/623
61,2,1
/439
70,2,1
z581
35,1,1
/530
64,2,1
z506
41,1,1
/489
65,2,1
/686
66,2,1
 949
0,0,0
z830
48,1,1
z488
50,1,1
z418
61,2,1
z629
47,1,1
z380
34,1,1
/614
55,2,1
/421
36,1,1
/648
68,2,1
/501
64,2,1
/623
51,2,1
z509
37,1,1
/559
70,2,1
z473
32,1,1
/559
46,1,1
z477
42,1,1
z434
45,1,1
/527
63,2,1
/654
65,2,1
/821
49,1,1
/572
59,2,1
z411
31,1,1
z473
43,1,1
/639
54,2,1
z550
52,2,1
z520
40,1,1
z430
41,1,1
z481
38,1,1
z487
35,1,1
z454
33,1,1
z612
62,2,1
z583
44,1,1
/353
66,2,1
/487
53,2,1
z345
56,2,1
/554
69,2,1
/481
67,2,1
z524
39,1,1
z542
60,2,1
z421
57,2,1
z502
58,2,1
 1128
0,0,0
z1157
36,1,1
/666
70,2,1
z527
61,2,1
z465
67,2,1
z403
31,1,1
/577
53,2,1
z317
64,2,1
z458
41,1,1
z477
63,2,1
z317
59,2,1
z401
45,1,1
z462
40,1,1
z423
39,1,1
z406
49,1,1
z437
34,1,1
z351
47,1,1
z422
37,1,1
z532
35,1,1
z394
38,1,1
z446
48,1,1
z824
56,2,1
z646
57,2,1
z445
42,1,1
z485
50,1,1
z425
32,1,1
/519
44,1,1
/507
68,2,1
/519
69,2,1
/477
46,1,1
z497
52,2,1
/557
65,2,1
/427
66,2,1
z569
43,1,1
/653
60,2,1
z603
51,2,1
z489
58,2,1
z484
54,2,1
z550
33,1,1
z422
62,2,1
z628
55,2,1
 9341
0,0,0
z847
62,2,1
z444
41,1,1
z342
48,1,1
z334
58,2,1
z518
40,1,1
/520
59,2,1
z796
52,2,1
z401
45,1,1
/724
64,2,1
z480
44,1,1
z779
65,2,1
z390
38,1,1
z335
69,2,1
/558
66,2,1
z316
39,1,1
z498
60,2,1
z574
32,1,1
/655
55,2,1
z832
57,2,1
/550
49,1,1
z662
37,1,1
/694
70,2,1
z438
43,1,1
z520
50,1,1
z545
46,1,1
z431
54,2,1
/643
53,2,1
z812
51,2,1
z488
61,2,1
/635
56,2,1
z526
63,2,1
z474
42,1,1
z370
33,1,1
z821
68,2,1
z580
31,1,1
z394
35,1,1
/737
67,2,1
z711
47,1,1
z445
36,1,1
z447
34,1,1
 1080
0,0,0
/990
54,2,1
/629
53,2,1
/504
43,1,1
/537
61,2,1
z736
31,1,1
z823
48,1,1
z476
56,2,1
z449
55,2,1
/481
60,2,1
z713
36,1,1
/781
50,1,1
z526
37,1,1
z410
33,1,1
/603
69,2,1
/566
58,2,1
/413
66,2,1
/421
52,2,1
z609
45,1,1
/559
67,2,1
/526
70,2,1
/430
49,1,1
/514
32,1,1
z434
46,1,1
z642
44,1,1
z616
41,1,1
/555
59,2,1
/564
65,2,1
/463
64,2,1
/418
57,2,1
z527
40,1,1
z407
39,1,1
z392
47,1,1
z501
51,2,1
z448
63,2,1
/649
68,2,1
z625
62,2,1
z416
34,1,1
z351
38,1,1
z373
35,1,1
z356
42,1,1
 947
0,0,0
z716
39,1,1
/722
63,2,1
z647
64,2,1
z1033
51,2,1
z926
59,2,1
z549
70,2,1
z1781
32,1,1
/695
69,2,1
/744
54,2,1
z515
35,1,1
z568
65,2,1
z437
55,2,1
/675
67,2,1
z447
31,1,1
z603
60,2,1
z481
47,1,1
z348
66,2,1
z489
58,2,1
z730
49,1,1
z346
62,2,1
z389
45,1,1
z329
41,1,1
z501
40,1,1
z572
48,1,1
z436
56,2,1
z543
36,1,1
z380
50,1,1
z528
42,1,1
z686
57,2,1
z514
34,1,1
/809
46,1,1
z389
37,1,1
/796
61,2,1
z603
38,1,1
/643
68,2,1
z375
44,1,1
z459
33,1,1
z375
43,1,1
z454
53,2,1
z385
52,2,1
 6429
0,0,0
z912
49,1,1
z381
70,2,1
z573
37,1,1
z459
35,1,1
z377
45,1,1
/633
62,2,1
/681
64,2,1
z445
53,2,1
z408
36,1,1
z417
68,2,1
z467
39,1,1
z453
31,1,1
/710
66,2,1
z612
33,1,1
z450
46,1,1
z440
42,1,1
z453
41,1,1
z373
51,2,1
z457
59,2,1
/695
69,2,1
z537
38,1,1
/611
61,2,1
z503
43,1,1
z397
60,2,1
/574
67,2,1
z419
63,2,1
z381
34,1,1
z472
40,1,1
/600
65,2,1
z323
32,1,1
z488
44,1,1
z552
54,2,1
z624
52,2,1
z775
57,2,1
z515
55,2,1
z427
48,1,1
/646
58,2,1
z437
47,1,1
z411
56,2,1
z565
50,1,1
 2044
0,0,0
/894
54,2,1
/570
70,2,1
/700
68,2,1
/521
58,2,1
z696
49,1,1
z573
55,2,1
z524
51,2,1
z450
52,2,1
z396
64,2,1
z469
42,1,1
z476
38,1,1
z255
48,1,1
z891
57,2,1
z521
67,2,1
z443
39,1,1
/677
65,2,1
z506
44,1,1
z601
40,1,1
z521
59,2,1
z576
45,1,1
z422
46,1,1
z559
60,2,1
z455
47,1,1
z373
66,2,1
z484
50,1,1
z459
32,1,1
z464
35,1,1
z376
37,1,1
/639
62,2,1
z509
36,1,1
z711
53,2,1
z449
31,1,1
/579
69,2,1
z400
33,1,1
z543
43,1,1
/588
61,2,1
z412
41,1,1
z423
34,1,1
/564
63,2,1
/508
56,2,1
 3831
0,0,0
/1309
55,2,1
z913
57,2,1
z496
37,1,1
z489
47,1,1
z570
51,2,1
z427
34,1,1
z445
42,1,1
/545
68,2,1
z586
36,1,1
/481
64,2,1
/570
43,1,1
z1632
65,2,1
/577
62,2,1
z614
31,1,1
/764
54,2,1
z504
45,1,1
z606
50,1,1
z476
32,1,1
z477
38,1,1
z369
49,1,1
/598
61,2,1
z521
40,1,1
z392
41,1,1
z427
63,2,1
z476
59,2,1
/632
67,2,1
/733
60,2,1
z652
33,1,1
/663
58,2,1
z712
53,2,1
z1571
39,1,1
z529
52,2,1
z556
48,1,1
/505
56,2,1
z429
35,1,1
/575
66,2,1
/512
70,2,1
z459
46,1,1
z406
44,1,1
/626
69,2,1
 1259
0,0,0
/723
68,2,1
/658
70,2,1
z590
41,1,1
z642
57,2,1
z509
32,1,1
/578
65,2,1
z528
37,1,1
z474
44,1,1
/787
60,2,1
/428
43,1,1
z429
47,1,1
/654
54,2,1
z468
31,1,1
/657
69,2,1
/533
62,2,1
z472
42,1,1
/781
63,2,1
z552
45,1,1
z543
58,2,1
z435
56,2,1
z466
59,2,1
z429
53,2,1
z511
33,1,1
z377
40,1,1
z478
49,1,1
z428
36,1,1
z433
34,1,1
/555
61,2,1
z718
55,2,1
z488
39,1,1
z493
52,2,1
z528
50,1,1
z328
46,1,1
z397
48,1,1
z522
64,2,1
z359
67,2,1
/601
66,2,1
/406
51,2,1
z389
38,1,1
z329
35,1,1
 1064
0,0,0
/834
64,2,1
z521
53,2,1
z319
66,2,1
z540
39,1,1
z378
44,1,1
z351
38,1,1
/766
57,2,1
z298
50,1,1
/609
54,2,1
/624
52,2,1
z498
32,1,1
z413
37,1,1
z462
40,1,1
z528
47,1,1
z761
33,1,1
/561
60,2,1
/524
67,2,1
z468
34,1,1
z503
31,1,1
/578
68,2,1
/624
63,2,1
/510
69,2,1
z700
46,1,1
z669
56,2,1
/485
59,2,1
/426
58,2,1
z1015
36,1,1
z427
51,2,1
z746
55,2,1
z573
41,1,1
z709
49,1,1
z506
42,1,1
z474
45,1,1
z375
35,1,1
/596
70,2,1
/416
61,2,1
/598
65,2,1
z613
43,1,1
z961
48,1,1
/546
62,2,1
 5952
0,0,0
z1381
34,1,1
z690
41,1,1
z966
39,1,1
z795
44,1,1
z428
62,2,1
z468
35,1,1
z526
61,2,1
/488
66,2,1
/532
54,2,1
/682
52,2,1
z567
32,1,1
z517
45,1,1
z581
53,2,1
z537
31,1,1
z781
40,1,1
z493
43,1,1
z467
48,1,1
/975
51,2,1
/577
37,1,1
/656
65,2,1
z572
38,1,1
z526
33,1,1
/575
67,2,1
z588
47,1,1
z526
42,1,1
z900
57,2,1
/762
56,2,1
/533
63,2,1
z887
36,1,1
/904
59,2,1
/542
64,2,1
z1126
46,1,1
z610
58,2,1
/452
68,2,1
/409
50,1,1
/528
70,2,1
/420
69,2,1
z688
49,1,1
z508
60,2,1
z489
55,2,1
END
Start of error log
End of error log
