/home/cogsys/aging/dtpbsy/dt16tl49b /home/cogsys/aging/dtpbsy/dt16bcy136
z12367
0,0,0
z1117
39,1,1
z847
67,2,1
z635
57,2,1
z713
56,2,1
z946
59,2,1
z824
36,1,1
z1110
53,2,1
z762
35,1,1
/584
52,2,1
z1026
34,1,1
z783
47,1,1
/576
62,2,1
z761
42,1,1
z606
32,1,1
/528
64,2,1
/693
63,2,1
z659
49,1,1
z741
45,1,1
/702
37,1,1
/486
44,1,1
/645
61,2,1
z524
50,1,1
z663
43,1,1
z622
33,1,1
/645
55,2,1
/630
58,2,1
/539
66,2,1
/646
70,2,1
z647
54,2,1
/1133
69,2,1
z2169
40,1,1
/554
68,2,1
z662
41,1,1
z1074
48,1,1
z781
46,1,1
z736
38,1,1
/1249
51,2,1
/459
60,2,1
z555
31,1,1
/1008
65,2,1
/1411
0,0,0
z770
32,1,1
/1116
56,2,1
z699
31,1,1
/840
58,2,1
z566
50,1,1
/1152
63,2,1
/990
66,2,1
z604
34,1,1
/954
60,2,1
z722
35,1,1
/473
59,2,1
z713
43,1,1
/364
65,2,1
/454
54,2,1
z654
36,1,1
/545
57,2,1
/509
62,2,1
/708
55,2,1
z584
42,1,1
/437
64,2,1
/478
67,2,1
z523
38,1,1
z658
39,1,1
/609
61,2,1
z577
40,1,1
/692
46,1,1
/551
70,2,1
/1239
52,2,1
z552
37,1,1
/482
69,2,1
z853
51,2,1
/639
45,1,1
/471
53,2,1
/518
49,1,1
z1856
44,1,1
z648
41,1,1
/1019
47,1,1
/847
48,1,1
/971
68,2,1
z1928
33,1,1
z1042
0,0,0
z1705
40,1,1
z2966
41,1,1
/621
65,2,1
z948
49,1,1
z1318
45,1,1
/546
70,2,1
z614
32,1,1
/643
60,2,1
/495
69,2,1
/583
62,2,1
/821
52,2,1
z661
44,1,1
/981
33,1,1
/1058
61,2,1
z520
51,2,1
z666
38,1,1
z632
37,1,1
/524
58,2,1
z515
64,2,1
z603
54,2,1
z1888
47,1,1
z1155
35,1,1
z559
42,1,1
z724
39,1,1
/574
55,2,1
/487
48,1,1
/1182
43,1,1
/661
57,2,1
/1448
53,2,1
z1091
50,1,1
/740
68,2,1
z728
56,2,1
z561
59,2,1
z508
63,2,1
z678
34,1,1
z1090
46,1,1
z689
36,1,1
z703
31,1,1
/453
66,2,1
/445
67,2,1
/1321
0,0,0
z1495
47,1,1
z651
40,1,1
/612
54,2,1
/1198
53,2,1
/475
67,2,1
/410
63,2,1
z478
49,1,1
z423
34,1,1
/463
65,2,1
/611
70,2,1
z507
37,1,1
/529
66,2,1
z1099
33,1,1
/736
50,1,1
/558
57,2,1
z535
39,1,1
/523
62,2,1
z436
32,1,1
/645
68,2,1
/690
58,2,1
/1057
55,2,1
/545
36,1,1
z559
38,1,1
z403
48,1,1
z539
42,1,1
/601
64,2,1
/680
61,2,1
z584
35,1,1
/716
56,2,1
z480
44,1,1
/1029
46,1,1
z1258
52,2,1
z480
31,1,1
/1211
45,1,1
/1294
60,2,1
/632
59,2,1
z677
41,1,1
/581
51,2,1
z563
43,1,1
/1076
69,2,1
/1257
0,0,0
z2109
40,1,1
z496
47,1,1
z469
48,1,1
z485
38,1,1
/430
63,2,1
z909
39,1,1
z752
34,1,1
/619
60,2,1
z542
51,2,1
z1101
31,1,1
/1021
55,2,1
/440
59,2,1
/542
66,2,1
/999
65,2,1
z1564
45,1,1
z5081
57,2,1
z976
50,1,1
z493
36,1,1
z1498
49,1,1
/539
67,2,1
z986
41,1,1
z1522
53,2,1
z443
52,2,1
z743
35,1,1
/800
42,1,1
/463
68,2,1
/1048
46,1,1
z612
37,1,1
/723
56,2,1
/2219
58,2,1
z856
44,1,1
/3673
64,2,1
z559
43,1,1
/745
70,2,1
/1460
62,2,1
z410
33,1,1
/627
69,2,1
/845
61,2,1
z1200
54,2,1
z568
32,1,1
z5982
0,0,0
z1112
34,1,1
z557
35,1,1
z450
33,1,1
/665
47,1,1
/770
50,1,1
z1017
36,1,1
z465
39,1,1
/614
49,1,1
z656
32,1,1
/611
63,2,1
/534
56,2,1
/835
54,2,1
z697
43,1,1
/697
60,2,1
z715
46,1,1
/535
69,2,1
/556
53,2,1
/2854
57,2,1
/3865
59,2,1
/665
55,2,1
z527
31,1,1
z708
44,1,1
z686
48,1,1
z663
52,2,1
/911
61,2,1
z564
37,1,1
z1214
41,1,1
/514
64,2,1
/737
40,1,1
/746
51,2,1
/744
58,2,1
/663
62,2,1
/503
68,2,1
/486
65,2,1
/894
66,2,1
/591
70,2,1
z1302
42,1,1
z810
67,2,1
z723
38,1,1
z789
45,1,1
z1726
0,0,0
/1363
65,2,1
/562
70,2,1
z890
48,1,1
z808
54,2,1
/797
59,2,1
z1579
49,1,1
z601
45,1,1
z995
36,1,1
z713
44,1,1
/817
63,2,1
z837
52,2,1
/852
58,2,1
/3346
43,1,1
/1030
50,1,1
/988
60,2,1
/548
69,2,1
z557
39,1,1
z812
37,1,1
z664
33,1,1
z757
31,1,1
z508
46,1,1
/613
68,2,1
z548
35,1,1
/638
56,2,1
z955
51,2,1
/618
64,2,1
/1131
61,2,1
/708
57,2,1
z479
42,1,1
z1592
47,1,1
/2940
62,2,1
z545
41,1,1
z453
34,1,1
z498
53,2,1
z542
38,1,1
/467
67,2,1
/634
55,2,1
z451
32,1,1
z677
40,1,1
/523
66,2,1
/1069
0,0,0
z1422
61,2,1
z1172
37,1,1
z518
48,1,1
/334
69,2,1
/359
65,2,1
/686
46,1,1
/458
49,1,1
z597
43,1,1
z756
44,1,1
/661
53,2,1
/650
62,2,1
/735
56,2,1
z582
35,1,1
z623
42,1,1
/706
57,2,1
z600
36,1,1
/578
67,2,1
z1102
39,1,1
z1005
55,2,1
/513
70,2,1
/616
63,2,1
z632
34,1,1
/538
50,1,1
z472
33,1,1
z457
31,1,1
z534
45,1,1
/515
66,2,1
/943
54,2,1
z581
47,1,1
z656
38,1,1
/586
59,2,1
/609
58,2,1
z909
40,1,1
z1155
32,1,1
z771
52,2,1
/1110
60,2,1
z1025
41,1,1
/607
64,2,1
/605
68,2,1
z646
51,2,1
z2867
0,0,0
/686
56,2,1
z1260
43,1,1
/717
57,2,1
z786
61,2,1
z545
49,1,1
/600
68,2,1
z578
45,1,1
/1088
53,2,1
z687
42,1,1
z587
34,1,1
/533
62,2,1
z723
35,1,1
/756
54,2,1
/722
63,2,1
z523
33,1,1
/517
66,2,1
/1181
48,1,1
z865
51,2,1
z1664
47,1,1
z590
52,2,1
z518
50,1,1
/447
67,2,1
z517
37,1,1
/1769
41,1,1
z456
55,2,1
z1493
31,1,1
/442
70,2,1
/793
59,2,1
z557
38,1,1
z536
39,1,1
/509
60,2,1
z1366
40,1,1
/386
69,2,1
z752
46,1,1
/490
64,2,1
/817
44,1,1
/529
65,2,1
z529
32,1,1
/461
58,2,1
/553
36,1,1
/1373
0,0,0
/708
50,1,1
/537
58,2,1
/513
70,2,1
z561
37,1,1
/499
56,2,1
z618
31,1,1
/594
35,1,1
/580
39,1,1
z942
36,1,1
/512
61,2,1
z578
38,1,1
z481
32,1,1
z525
67,2,1
z681
33,1,1
/562
66,2,1
/545
51,2,1
/519
65,2,1
z563
43,1,1
z847
41,1,1
z696
42,1,1
/1301
48,1,1
/522
62,2,1
/1395
46,1,1
/693
60,2,1
/683
59,2,1
/547
69,2,1
z676
53,2,1
z1171
57,2,1
z570
44,1,1
z678
45,1,1
z884
49,1,1
/679
63,2,1
z1214
54,2,1
z545
52,2,1
z819
47,1,1
z582
55,2,1
z596
34,1,1
z587
40,1,1
/592
68,2,1
/484
64,2,1
/5575
0,0,0
z1430
37,1,1
/567
53,2,1
z588
33,1,1
z529
32,1,1
/540
70,2,1
z802
41,1,1
/497
67,2,1
z730
44,1,1
z989
45,1,1
/520
68,2,1
/653
62,2,1
z629
55,2,1
/530
66,2,1
z543
43,1,1
z813
31,1,1
z564
34,1,1
/625
65,2,1
/640
63,2,1
/1326
59,2,1
z1311
47,1,1
/556
64,2,1
z4860
50,1,1
z492
38,1,1
/706
60,2,1
z470
39,1,1
/728
56,2,1
z991
49,1,1
/749
54,2,1
z623
42,1,1
z840
61,2,1
z630
46,1,1
z790
57,2,1
z682
35,1,1
z726
36,1,1
z664
40,1,1
/564
48,1,1
z546
51,2,1
/1812
52,2,1
/602
58,2,1
/836
69,2,1
/1191
0,0,0
z623
36,1,1
/1523
61,2,1
/726
54,2,1
/497
62,2,1
z423
39,1,1
/506
52,2,1
/639
59,2,1
/999
48,1,1
/520
41,1,1
/575
50,1,1
/845
70,2,1
z436
45,1,1
/530
68,2,1
/1037
64,2,1
/810
58,2,1
/608
57,2,1
z492
31,1,1
z698
49,1,1
z559
35,1,1
z612
44,1,1
z861
51,2,1
/687
60,2,1
z577
43,1,1
z522
40,1,1
/678
38,1,1
/586
67,2,1
/541
65,2,1
z528
32,1,1
z1062
37,1,1
/813
53,2,1
/645
66,2,1
z535
34,1,1
/626
69,2,1
/603
63,2,1
z564
33,1,1
/613
55,2,1
z496
46,1,1
z679
47,1,1
z656
42,1,1
/578
56,2,1
/1414
0,0,0
z2008
40,1,1
z689
45,1,1
/625
52,2,1
z458
38,1,1
/577
70,2,1
/591
62,2,1
z535
31,1,1
/729
69,2,1
/865
46,1,1
z467
35,1,1
/483
66,2,1
/508
55,2,1
z737
41,1,1
/585
67,2,1
z525
36,1,1
z1099
37,1,1
z2611
50,1,1
z638
48,1,1
z1564
49,1,1
/637
64,2,1
z429
32,1,1
/716
54,2,1
z520
33,1,1
z574
34,1,1
z665
42,1,1
/555
68,2,1
/494
53,2,1
z548
57,2,1
/563
63,2,1
/510
61,2,1
z589
51,2,1
/910
58,2,1
z583
43,1,1
/814
47,1,1
/502
65,2,1
z544
39,1,1
/546
59,2,1
z890
44,1,1
/509
56,2,1
/468
60,2,1
z11781
0,0,0
/397
64,2,1
/419
59,2,1
/396
58,2,1
/720
61,2,1
/578
63,2,1
z922
49,1,1
z388
39,1,1
/423
51,2,1
/1612
43,1,1
z559
34,1,1
/845
46,1,1
/484
62,2,1
/466
56,2,1
/878
48,1,1
z494
40,1,1
z686
32,1,1
/564
69,2,1
z1272
45,1,1
z9720
50,1,1
/512
70,2,1
z2733
44,1,1
/756
57,2,1
/5609
60,2,1
z649
31,1,1
z980
41,1,1
z616
38,1,1
/447
65,2,1
/1115
53,2,1
/823
55,2,1
z3270
47,1,1
z515
42,1,1
z694
33,1,1
z801
37,1,1
/932
67,2,1
z650
35,1,1
z3654
54,2,1
z2264
36,1,1
/602
66,2,1
/1025
52,2,1
/833
68,2,1
/1659
0,0,0
z1552
41,1,1
/527
67,2,1
/536
45,1,1
z673
55,2,1
/575
70,2,1
/493
62,2,1
z576
39,1,1
/613
68,2,1
z551
33,1,1
/513
52,2,1
/782
66,2,1
/654
54,2,1
/822
69,2,1
z561
35,1,1
z750
32,1,1
z1247
36,1,1
z1041
50,1,1
/462
57,2,1
z567
31,1,1
/464
63,2,1
z455
38,1,1
/452
51,2,1
/568
58,2,1
/1007
44,1,1
z601
49,1,1
z662
37,1,1
z546
34,1,1
/620
46,1,1
z589
42,1,1
z661
48,1,1
/610
56,2,1
z558
40,1,1
/509
64,2,1
/511
60,2,1
/567
65,2,1
z963
53,2,1
z761
47,1,1
z890
59,2,1
z635
43,1,1
/925
61,2,1
/2005
0,0,0
z1491
47,1,1
/2796
50,1,1
/707
48,1,1
/537
38,1,1
/594
39,1,1
z462
33,1,1
/469
68,2,1
/808
44,1,1
z554
65,2,1
/1984
60,2,1
/663
66,2,1
z490
36,1,1
/479
62,2,1
/887
57,2,1
/647
56,2,1
z550
46,1,1
z1501
52,2,1
/673
58,2,1
z1063
54,2,1
z447
42,1,1
/657
59,2,1
z577
32,1,1
/811
70,2,1
z476
35,1,1
/705
64,2,1
z573
51,2,1
z628
43,1,1
/592
69,2,1
z544
55,2,1
z675
41,1,1
z919
45,1,1
z671
53,2,1
/632
67,2,1
z502
37,1,1
/1215
61,2,1
/498
63,2,1
z555
49,1,1
z663
40,1,1
z533
31,1,1
z602
34,1,1
/1493
0,0,0
z619
37,1,1
/610
57,2,1
z485
33,1,1
/873
55,2,1
z511
40,1,1
z500
36,1,1
/593
63,2,1
z495
43,1,1
/2166
69,2,1
/3668
58,2,1
z582
49,1,1
z1302
51,2,1
/998
59,2,1
z1578
42,1,1
z1184
31,1,1
z620
34,1,1
z728
48,1,1
/770
54,2,1
z1561
46,1,1
z888
44,1,1
/535
64,2,1
/728
53,2,1
/1043
60,2,1
z723
67,2,1
/886
65,2,1
z797
39,1,1
z846
32,1,1
/630
50,1,1
z848
45,1,1
/643
62,2,1
/491
66,2,1
/575
68,2,1
/465
70,2,1
z579
35,1,1
z637
47,1,1
z494
38,1,1
/973
52,2,1
/992
56,2,1
z1009
41,1,1
/674
61,2,1
/9131
0,0,0
/1369
59,2,1
/630
65,2,1
z503
38,1,1
/571
54,2,1
z525
32,1,1
/540
66,2,1
/933
50,1,1
/470
57,2,1
/1118
49,1,1
/471
47,1,1
/857
64,2,1
z458
39,1,1
/513
69,2,1
z491
31,1,1
z512
44,1,1
/546
61,2,1
/441
70,2,1
z445
34,1,1
/758
48,1,1
z1224
43,1,1
/553
45,1,1
/446
67,2,1
/435
68,2,1
/1607
55,2,1
/515
56,2,1
z549
51,2,1
/1252
58,2,1
z775
53,2,1
z581
37,1,1
/765
62,2,1
z570
36,1,1
/710
52,2,1
z538
41,1,1
z591
40,1,1
z527
42,1,1
/415
63,2,1
z434
33,1,1
z581
35,1,1
z488
46,1,1
/513
60,2,1
/1478
0,0,0
/907
55,2,1
z636
47,1,1
z1383
45,1,1
/664
40,1,1
/531
64,2,1
/876
61,2,1
z443
32,1,1
/557
54,2,1
z688
31,1,1
/702
49,1,1
z688
39,1,1
/632
58,2,1
/1065
43,1,1
/508
67,2,1
/929
50,1,1
/585
65,2,1
/571
53,2,1
/617
59,2,1
z527
38,1,1
/472
70,2,1
z2551
41,1,1
/805
68,2,1
z525
35,1,1
z852
52,2,1
/538
69,2,1
/444
66,2,1
z641
37,1,1
z933
48,1,1
z577
42,1,1
z706
44,1,1
/3013
60,2,1
z920
34,1,1
z430
33,1,1
/662
62,2,1
z1100
57,2,1
z602
36,1,1
/397
51,2,1
/573
46,1,1
/639
63,2,1
/442
56,2,1
/8143
0,0,0
z1364
45,1,1
z561
46,1,1
/1081
53,2,1
/687
49,1,1
/480
62,2,1
z876
38,1,1
/1185
55,2,1
z1195
35,1,1
z653
42,1,1
/617
54,2,1
/543
51,2,1
/535
68,2,1
/631
52,2,1
z683
48,1,1
/461
56,2,1
z558
40,1,1
z684
39,1,1
/651
66,2,1
/1328
59,2,1
z484
37,1,1
/480
64,2,1
z1093
36,1,1
z1191
58,2,1
z639
41,1,1
/539
63,2,1
/715
70,2,1
/728
65,2,1
z616
32,1,1
z6340
50,1,1
/589
61,2,1
/568
69,2,1
/489
67,2,1
z679
47,1,1
/538
44,1,1
/651
43,1,1
z1122
33,1,1
/714
60,2,1
/479
57,2,1
z558
34,1,1
z632
31,1,1
/1334
0,0,0
/2020
68,2,1
/1397
63,2,1
/694
53,2,1
/666
61,2,1
/475
69,2,1
/598
46,1,1
/716
48,1,1
/573
70,2,1
z1240
50,1,1
z418
33,1,1
/442
45,1,1
/760
60,2,1
/433
58,2,1
/484
65,2,1
z590
36,1,1
/474
64,2,1
z558
34,1,1
z547
32,1,1
z578
38,1,1
/462
62,2,1
z626
49,1,1
z639
37,1,1
/668
52,2,1
z445
31,1,1
z1017
40,1,1
/547
51,2,1
/514
39,1,1
/919
47,1,1
/542
43,1,1
z509
66,2,1
z529
35,1,1
/593
67,2,1
/461
59,2,1
z734
44,1,1
/593
55,2,1
/621
57,2,1
z4011
56,2,1
z475
41,1,1
z821
42,1,1
/530
54,2,1
/1255
0,0,0
z692
45,1,1
z692
35,1,1
z630
40,1,1
z503
46,1,1
/488
69,2,1
z1263
34,1,1
/889
61,2,1
/623
70,2,1
/529
67,2,1
/704
54,2,1
/578
63,2,1
z740
41,1,1
/465
66,2,1
/609
50,1,1
/1006
55,2,1
z742
48,1,1
z559
44,1,1
/752
60,2,1
z1018
53,2,1
z1632
56,2,1
/725
68,2,1
z715
37,1,1
z774
59,2,1
z610
39,1,1
z824
49,1,1
z1046
51,2,1
z600
42,1,1
/637
57,2,1
z686
47,1,1
/1544
62,2,1
z981
31,1,1
/1767
65,2,1
z838
33,1,1
/943
58,2,1
z1896
52,2,1
/827
64,2,1
z797
36,1,1
z635
38,1,1
z441
32,1,1
/925
43,1,1
/1206
0,0,0
z811
46,1,1
/790
53,2,1
z1029
42,1,1
z580
37,1,1
/686
63,2,1
z1084
56,2,1
z730
47,1,1
/931
54,2,1
/659
62,2,1
z2883
50,1,1
z636
34,1,1
z569
32,1,1
z567
35,1,1
z551
40,1,1
z719
31,1,1
/592
68,2,1
/614
64,2,1
/657
61,2,1
/682
70,2,1
z1409
33,1,1
/663
60,2,1
/533
65,2,1
z779
41,1,1
z598
45,1,1
z631
39,1,1
/957
67,2,1
/801
59,2,1
/964
44,1,1
/824
51,2,1
/599
52,2,1
z722
55,2,1
z1289
38,1,1
/867
48,1,1
z1566
43,1,1
/812
66,2,1
/671
58,2,1
z1161
36,1,1
z1690
57,2,1
z516
49,1,1
/724
69,2,1
/2426
0,0,0
z1124
39,1,1
z525
33,1,1
z1341
45,1,1
z446
41,1,1
/1010
64,2,1
/478
60,2,1
z799
38,1,1
z536
31,1,1
/783
65,2,1
/701
66,2,1
z779
49,1,1
z1487
43,1,1
z975
57,2,1
z737
52,2,1
z567
32,1,1
/951
50,1,1
/464
62,2,1
/568
35,1,1
z1025
51,2,1
z470
40,1,1
/1086
58,2,1
/2012
56,2,1
z1064
34,1,1
z649
48,1,1
/589
69,2,1
z747
42,1,1
/891
70,2,1
/777
61,2,1
/543
68,2,1
z658
36,1,1
z1107
46,1,1
/488
55,2,1
/895
63,2,1
/1049
54,2,1
z515
44,1,1
/535
59,2,1
z803
47,1,1
/540
67,2,1
z632
37,1,1
/1330
53,2,1
/2137
0,0,0
z1301
35,1,1
/491
63,2,1
z663
65,2,1
z782
32,1,1
z916
33,1,1
/568
69,2,1
/590
46,1,1
z588
34,1,1
/580
66,2,1
/571
60,2,1
/821
56,2,1
/862
57,2,1
/559
55,2,1
/513
61,2,1
/593
53,2,1
/616
52,2,1
z445
43,1,1
/540
58,2,1
/542
64,2,1
z656
42,1,1
z596
40,1,1
z528
44,1,1
z1094
41,1,1
/893
48,1,1
z1741
36,1,1
/581
45,1,1
z626
38,1,1
/889
59,2,1
z433
31,1,1
z558
37,1,1
/1176
50,1,1
/473
49,1,1
/488
67,2,1
/590
62,2,1
z664
39,1,1
/589
68,2,1
z634
54,2,1
/553
70,2,1
z705
47,1,1
/643
51,2,1
/5916
0,0,0
/3751
70,2,1
/534
59,2,1
z594
34,1,1
/459
58,2,1
/530
69,2,1
z8052
48,1,1
z551
38,1,1
z480
31,1,1
/506
45,1,1
/413
50,1,1
/515
44,1,1
z461
35,1,1
z449
33,1,1
/500
49,1,1
z1019
36,1,1
/481
68,2,1
/367
63,2,1
/405
60,2,1
z457
37,1,1
/1269
46,1,1
/461
65,2,1
z860
41,1,1
/477
54,2,1
/438
67,2,1
/457
61,2,1
/667
52,2,1
/556
56,2,1
/1316
47,1,1
z826
51,2,1
z871
42,1,1
/2251
32,1,1
/369
57,2,1
/456
53,2,1
/525
62,2,1
/451
55,2,1
/561
66,2,1
/960
64,2,1
z776
40,1,1
z4380
43,1,1
z546
39,1,1
z7823
0,0,0
/1893
58,2,1
z1172
44,1,1
z451
34,1,1
/577
56,2,1
/519
53,2,1
z446
32,1,1
z525
36,1,1
/802
52,2,1
/372
57,2,1
z509
48,1,1
z573
35,1,1
/561
62,2,1
/432
55,2,1
z635
42,1,1
z761
40,1,1
/1041
51,2,1
z511
37,1,1
/1401
66,2,1
z780
49,1,1
z1427
39,1,1
/954
65,2,1
/610
63,2,1
/993
61,2,1
/544
59,2,1
z501
38,1,1
/417
68,2,1
z624
41,1,1
/667
67,2,1
z527
31,1,1
/538
64,2,1
/484
70,2,1
/831
54,2,1
/552
60,2,1
/699
50,1,1
z417
43,1,1
/494
69,2,1
z955
47,1,1
z736
45,1,1
z498
33,1,1
z1496
46,1,1
/1590
0,0,0
/441
69,2,1
/1293
50,1,1
/513
68,2,1
/503
59,2,1
z1451
49,1,1
/1010
63,2,1
/616
43,1,1
/1527
47,1,1
/420
33,1,1
/493
51,2,1
/440
52,2,1
/489
54,2,1
/1195
53,2,1
/729
66,2,1
/1640
45,1,1
z1363
41,1,1
z1143
48,1,1
/664
67,2,1
/528
70,2,1
z942
35,1,1
z422
34,1,1
/1137
46,1,1
z1303
37,1,1
/818
57,2,1
z718
39,1,1
/909
61,2,1
z842
31,1,1
/810
44,1,1
/858
42,1,1
/547
60,2,1
/454
56,2,1
/492
64,2,1
z754
32,1,1
z577
38,1,1
/931
62,2,1
/891
65,2,1
/794
55,2,1
z1137
36,1,1
/889
58,2,1
z1236
40,1,1
z1430
0,0,0
z659
49,1,1
z1063
45,1,1
z606
46,1,1
z498
38,1,1
/1154
65,2,1
z1667
31,1,1
/3026
47,1,1
z1177
36,1,1
z665
64,2,1
/603
66,2,1
/412
62,2,1
/517
52,2,1
/709
63,2,1
/768
37,1,1
z2116
48,1,1
/1790
53,2,1
/662
50,1,1
/475
59,2,1
/446
42,1,1
/408
69,2,1
z440
32,1,1
z671
44,1,1
/503
57,2,1
z1275
35,1,1
z705
43,1,1
/487
60,2,1
z797
41,1,1
z743
34,1,1
/635
56,2,1
/601
54,2,1
z692
33,1,1
/1297
55,2,1
/545
67,2,1
z608
40,1,1
/1329
61,2,1
/1520
58,2,1
z1224
39,1,1
/681
70,2,1
/598
68,2,1
/556
51,2,1
/8731
0,0,0
z984
43,1,1
z1655
48,1,1
/960
68,2,1
z847
32,1,1
/768
54,2,1
/423
70,2,1
/700
49,1,1
/1062
51,2,1
z1127
38,1,1
z1651
46,1,1
z781
57,2,1
/996
62,2,1
z826
36,1,1
/1215
58,2,1
z664
39,1,1
z906
35,1,1
z775
55,2,1
/1086
63,2,1
/1456
53,2,1
/731
69,2,1
z857
47,1,1
z630
41,1,1
z1509
42,1,1
/772
65,2,1
/570
56,2,1
/701
44,1,1
/430
59,2,1
z998
37,1,1
/901
60,2,1
/503
64,2,1
z869
50,1,1
/983
66,2,1
z1052
40,1,1
z573
31,1,1
/1943
45,1,1
z944
34,1,1
/836
67,2,1
/920
61,2,1
z1455
33,1,1
/713
52,2,1
END
Start of error log
End of error log
