dt16tl58b dt16bcy152
 7471
0,0,0
z1010
68,2,1
z1170
70,2,1
z1143
62,2,1
z798
44,1,1
z1049
66,2,1
/2672
69,2,1
z655
39,1,1
z576
32,1,1
z620
41,1,1
z870
55,2,1
z523
57,2,1
z620
35,1,1
z1193
64,2,1
z641
54,2,1
z605
36,1,1
z2005
61,2,1
z594
42,1,1
z699
47,1,1
z582
31,1,1
z535
38,1,1
z1841
63,2,1
z731
48,1,1
z446
65,2,1
z1674
58,2,1
/785
67,2,1
z700
37,1,1
z587
49,1,1
z712
33,1,1
z625
43,1,1
z702
45,1,1
z850
50,1,1
z1446
59,2,1
z678
56,2,1
z1070
60,2,1
z605
52,2,1
z575
40,1,1
z543
46,1,1
z572
34,1,1
z1022
51,2,1
z706
53,2,1
 22076
0,0,0
z1043
32,1,1
z709
66,2,1
z433
43,1,1
z625
45,1,1
z507
31,1,1
z953
68,2,1
z1165
64,2,1
z525
40,1,1
z1046
60,2,1
z1998
67,2,1
z390
41,1,1
z490
65,2,1
z2009
58,2,1
z689
44,1,1
z518
35,1,1
z513
48,1,1
z521
56,2,1
z517
53,2,1
z675
50,1,1
z438
38,1,1
z432
47,1,1
z1244
70,2,1
z535
39,1,1
z449
36,1,1
z503
49,1,1
z476
57,2,1
z466
34,1,1
z1231
59,2,1
z486
37,1,1
z1412
62,2,1
z444
54,2,1
z450
42,1,1
z434
46,1,1
z535
51,2,1
z357
55,2,1
z427
52,2,1
z372
33,1,1
z395
61,2,1
z1386
63,2,1
z1848
69,2,1
 1096
0,0,0
z3543
60,2,1
z760
46,1,1
z542
31,1,1
z473
39,1,1
z2617
61,2,1
z856
49,1,1
z1271
38,1,1
z754
33,1,1
/1850
66,2,1
/1375
69,2,1
z1388
50,1,1
z2103
44,1,1
z474
34,1,1
z652
48,1,1
z600
52,2,1
z452
47,1,1
z1057
57,2,1
z782
68,2,1
z1003
62,2,1
z728
32,1,1
z690
55,2,1
z588
59,2,1
z681
43,1,1
z555
41,1,1
z1783
58,2,1
z2027
67,2,1
z465
51,2,1
z951
36,1,1
z1045
64,2,1
z571
35,1,1
z878
37,1,1
z450
42,1,1
z1008
65,2,1
z1909
70,2,1
z675
53,2,1
z534
40,1,1
z732
45,1,1
z446
56,2,1
z1421
63,2,1
z536
54,2,1
 3675
0,0,0
z1952
55,2,1
z764
41,1,1
z1246
37,1,1
z1893
62,2,1
z581
45,1,1
z620
33,1,1
z1044
67,2,1
/2449
69,2,1
z655
50,1,1
z1000
64,2,1
z640
60,2,1
z837
48,1,1
z911
66,2,1
z644
40,1,1
z552
35,1,1
z545
49,1,1
z1062
52,2,1
z409
43,1,1
z459
58,2,1
z824
65,2,1
z1258
61,2,1
z766
38,1,1
z510
34,1,1
z869
70,2,1
z575
57,2,1
z639
56,2,1
z997
31,1,1
z433
59,2,1
z491
47,1,1
z545
32,1,1
z542
39,1,1
z593
53,2,1
z480
44,1,1
z1017
36,1,1
z930
68,2,1
z504
46,1,1
z2263
63,2,1
z1235
51,2,1
z1027
54,2,1
z539
42,1,1
 945
0,0,0
z3009
65,2,1
z1227
63,2,1
z1526
57,2,1
z717
33,1,1
z580
31,1,1
z600
38,1,1
z2661
58,2,1
z2061
41,1,1
/3483
70,2,1
z556
42,1,1
z710
66,2,1
z1397
35,1,1
z1580
61,2,1
z476
39,1,1
z473
48,1,1
z435
37,1,1
z954
56,2,1
z577
32,1,1
z462
36,1,1
z1762
64,2,1
z1869
55,2,1
z824
49,1,1
z746
51,2,1
z1055
52,2,1
z1216
69,2,1
z813
50,1,1
z539
53,2,1
z523
44,1,1
z571
62,2,1
z442
46,1,1
z320
45,1,1
z550
68,2,1
z444
40,1,1
z1461
67,2,1
z469
59,2,1
z519
54,2,1
z579
47,1,1
z525
34,1,1
z329
60,2,1
z575
43,1,1
 967
0,0,0
z617
42,1,1
z933
64,2,1
z785
58,2,1
z1547
67,2,1
z983
43,1,1
z1333
54,2,1
z645
51,2,1
z519
32,1,1
z1138
50,1,1
z573
31,1,1
z1161
49,1,1
z522
35,1,1
z578
37,1,1
z1261
56,2,1
z746
61,2,1
z542
36,1,1
z449
47,1,1
z628
55,2,1
z465
39,1,1
z2790
65,2,1
z822
53,2,1
z547
45,1,1
z565
48,1,1
z446
41,1,1
z1973
68,2,1
/2108
70,2,1
z597
46,1,1
z798
38,1,1
z2240
62,2,1
z1566
63,2,1
z471
44,1,1
z381
40,1,1
z333
34,1,1
z1698
57,2,1
z1264
66,2,1
z754
59,2,1
z680
60,2,1
z2103
52,2,1
z633
33,1,1
/1323
69,2,1
 1243
0,0,0
z794
51,2,1
z1879
63,2,1
z2821
56,2,1
z2200
57,2,1
/960
70,2,1
/1130
68,2,1
/962
69,2,1
z636
33,1,1
z822
39,1,1
z1618
54,2,1
z674
43,1,1
z605
46,1,1
z1111
45,1,1
z539
35,1,1
z721
37,1,1
z565
44,1,1
z1671
50,1,1
z676
40,1,1
z859
47,1,1
z484
34,1,1
z432
42,1,1
z430
49,1,1
z469
48,1,1
/1346
66,2,1
z669
55,2,1
z719
62,2,1
z920
61,2,1
/1283
65,2,1
/747
64,2,1
z575
32,1,1
/773
60,2,1
/2068
58,2,1
/1849
52,2,1
z538
36,1,1
z545
41,1,1
z713
31,1,1
/676
67,2,1
z519
38,1,1
z1420
53,2,1
/700
59,2,1
 1172
0,0,0
z1503
49,1,1
/1320
65,2,1
/1212
55,2,1
/741
63,2,1
z541
33,1,1
z517
47,1,1
z417
52,2,1
z690
46,1,1
z417
31,1,1
z399
35,1,1
z442
54,2,1
z401
41,1,1
z332
64,2,1
z1025
53,2,1
z574
50,1,1
z546
56,2,1
/952
67,2,1
/704
61,2,1
/976
60,2,1
z558
34,1,1
z865
40,1,1
/725
59,2,1
/696
68,2,1
z631
43,1,1
z775
39,1,1
z880
42,1,1
z1310
58,2,1
z1576
62,2,1
z1066
38,1,1
/641
70,2,1
z792
57,2,1
z819
36,1,1
z849
44,1,1
z715
32,1,1
z675
45,1,1
z706
51,2,1
z645
37,1,1
z563
48,1,1
/932
66,2,1
/629
69,2,1
 958
0,0,0
z1021
44,1,1
z650
49,1,1
z606
42,1,1
/1562
58,2,1
z550
32,1,1
z599
51,2,1
/1589
63,2,1
z873
53,2,1
/889
56,2,1
z644
52,2,1
z1530
61,2,1
z562
37,1,1
/1183
68,2,1
z519
31,1,1
z514
47,1,1
/693
65,2,1
z864
55,2,1
z733
36,1,1
z776
59,2,1
z703
64,2,1
z694
41,1,1
z463
34,1,1
z558
43,1,1
z550
50,1,1
z475
48,1,1
z422
60,2,1
/879
69,2,1
z485
40,1,1
z941
46,1,1
z631
45,1,1
z542
39,1,1
/1789
66,2,1
z536
57,2,1
z1352
62,2,1
z622
33,1,1
z583
54,2,1
z505
38,1,1
z541
35,1,1
z359
67,2,1
/1376
70,2,1
 942
0,0,0
z756
46,1,1
/703
59,2,1
z1340
48,1,1
z696
60,2,1
z651
44,1,1
z555
31,1,1
/1277
69,2,1
z574
37,1,1
z852
39,1,1
z616
42,1,1
/1436
58,2,1
z626
49,1,1
z613
36,1,1
z710
33,1,1
/856
65,2,1
/1044
57,2,1
/702
66,2,1
z796
55,2,1
z546
50,1,1
/719
70,2,1
z666
43,1,1
/525
67,2,1
z1591
56,2,1
/667
68,2,1
/1117
62,2,1
z633
64,2,1
z1113
32,1,1
z393
41,1,1
z419
53,2,1
z538
47,1,1
z448
38,1,1
z819
63,2,1
z572
54,2,1
z507
35,1,1
z642
61,2,1
z763
34,1,1
/889
51,2,1
z700
40,1,1
z1054
52,2,1
z748
45,1,1
 1468
0,0,0
z600
50,1,1
z506
32,1,1
z450
35,1,1
z647
45,1,1
z776
60,2,1
z498
44,1,1
z751
47,1,1
z426
31,1,1
z930
58,2,1
z381
51,2,1
z826
53,2,1
z479
42,1,1
z1358
61,2,1
z469
36,1,1
z439
39,1,1
/640
63,2,1
/573
67,2,1
/638
56,2,1
z550
46,1,1
/727
64,2,1
/831
43,1,1
z586
49,1,1
/655
68,2,1
/634
65,2,1
z549
41,1,1
z2333
48,1,1
z732
62,2,1
z849
66,2,1
z759
59,2,1
z1827
40,1,1
z457
34,1,1
z481
37,1,1
z619
52,2,1
z489
57,2,1
/979
70,2,1
z780
54,2,1
z844
33,1,1
z896
38,1,1
/759
69,2,1
z1923
55,2,1
 893
0,0,0
z617
46,1,1
z881
37,1,1
/626
66,2,1
/801
57,2,1
/508
70,2,1
/458
68,2,1
/711
60,2,1
z697
49,1,1
z900
34,1,1
z532
36,1,1
/694
63,2,1
z729
41,1,1
/1054
59,2,1
/760
62,2,1
z569
42,1,1
/604
65,2,1
z782
61,2,1
z615
40,1,1
z577
43,1,1
z502
32,1,1
/741
67,2,1
z777
35,1,1
/677
69,2,1
/2200
52,2,1
z1976
54,2,1
/1312
58,2,1
z541
33,1,1
z1460
44,1,1
/718
64,2,1
/2209
56,2,1
/1193
55,2,1
z926
50,1,1
z848
38,1,1
/820
48,1,1
/791
51,2,1
/1855
53,2,1
z751
31,1,1
z722
45,1,1
z474
47,1,1
z1070
39,1,1
 852
0,0,0
z3194
59,2,1
z666
49,1,1
z494
38,1,1
z508
37,1,1
z421
50,1,1
z847
45,1,1
z855
58,2,1
z505
34,1,1
z453
61,2,1
/1159
65,2,1
/590
56,2,1
/711
51,2,1
/905
54,2,1
/614
55,2,1
z1250
39,1,1
z651
41,1,1
/1353
63,2,1
/691
62,2,1
z610
35,1,1
/860
68,2,1
z649
52,2,1
z818
47,1,1
z1188
43,1,1
/668
70,2,1
z1387
40,1,1
z490
36,1,1
/589
67,2,1
/599
60,2,1
z2344
48,1,1
z1895
46,1,1
z671
44,1,1
z785
42,1,1
z807
57,2,1
z499
31,1,1
z710
53,2,1
/858
64,2,1
/891
66,2,1
/581
69,2,1
z479
33,1,1
z543
32,1,1
 892
0,0,0
/1057
64,2,1
/501
66,2,1
/546
62,2,1
z534
35,1,1
/482
65,2,1
/577
63,2,1
/525
67,2,1
z467
38,1,1
z521
56,2,1
z580
39,1,1
z505
37,1,1
z848
50,1,1
/864
54,2,1
z569
42,1,1
z627
34,1,1
/586
45,1,1
/582
69,2,1
/522
57,2,1
/1671
48,1,1
z564
36,1,1
z906
51,2,1
z484
31,1,1
z422
33,1,1
z732
58,2,1
z574
47,1,1
/685
61,2,1
/584
68,2,1
z478
46,1,1
z717
40,1,1
/633
52,2,1
z604
43,1,1
z1211
49,1,1
/654
59,2,1
z535
32,1,1
/968
60,2,1
z672
41,1,1
z716
44,1,1
/612
70,2,1
z577
55,2,1
/1541
53,2,1
 1180
0,0,0
z3453
40,1,1
/1585
58,2,1
/629
60,2,1
z672
47,1,1
z640
55,2,1
z789
50,1,1
z569
33,1,1
z645
44,1,1
z1027
68,2,1
/2002
52,2,1
z531
37,1,1
z453
32,1,1
z411
38,1,1
/772
64,2,1
/515
66,2,1
/713
61,2,1
/561
53,2,1
/773
56,2,1
z793
46,1,1
/610
70,2,1
/837
67,2,1
z650
35,1,1
z573
31,1,1
/761
65,2,1
/668
62,2,1
/573
59,2,1
/537
69,2,1
z487
48,1,1
z648
42,1,1
z889
51,2,1
z529
43,1,1
/659
63,2,1
z546
34,1,1
z487
36,1,1
z566
45,1,1
z596
54,2,1
/612
49,1,1
z634
39,1,1
/1218
57,2,1
z528
41,1,1
 862
0,0,0
/1438
68,2,1
z562
47,1,1
z490
36,1,1
z717
45,1,1
/870
59,2,1
/1012
60,2,1
z690
35,1,1
z505
33,1,1
/656
70,2,1
z508
41,1,1
/606
67,2,1
z646
49,1,1
z882
55,2,1
z1014
39,1,1
z594
46,1,1
/582
69,2,1
/942
65,2,1
/1178
57,2,1
/773
63,2,1
z494
50,1,1
z563
32,1,1
/778
61,2,1
z472
34,1,1
z721
42,1,1
/1284
52,2,1
z829
53,2,1
z718
37,1,1
z963
51,2,1
z986
58,2,1
/695
64,2,1
z552
43,1,1
/662
66,2,1
/571
62,2,1
z926
56,2,1
z1557
54,2,1
z715
38,1,1
z540
44,1,1
z501
48,1,1
z881
40,1,1
z760
31,1,1
 1018
0,0,0
z758
36,1,1
z1343
49,1,1
z1025
54,2,1
/538
64,2,1
/707
60,2,1
z529
38,1,1
/868
58,2,1
z500
33,1,1
/590
56,2,1
z1497
48,1,1
z928
53,2,1
z939
45,1,1
/556
70,2,1
z490
47,1,1
z768
43,1,1
/891
65,2,1
z588
46,1,1
z819
32,1,1
z763
59,2,1
z552
37,1,1
/752
62,2,1
z687
35,1,1
z1202
42,1,1
/868
66,2,1
z589
34,1,1
/917
67,2,1
z567
51,2,1
z529
41,1,1
z652
61,2,1
z433
39,1,1
z766
55,2,1
z1058
52,2,1
z557
40,1,1
z1117
63,2,1
z575
31,1,1
z794
57,2,1
z661
50,1,1
z547
44,1,1
/729
68,2,1
/886
69,2,1
 968
0,0,0
z917
34,1,1
z5370
41,1,1
z551
31,1,1
/647
65,2,1
/751
70,2,1
/575
68,2,1
/633
55,2,1
z3605
51,2,1
z1332
61,2,1
z1714
48,1,1
z931
50,1,1
z627
46,1,1
z709
36,1,1
z1576
47,1,1
/1921
66,2,1
z567
39,1,1
/687
67,2,1
/756
60,2,1
z3143
58,2,1
z1686
59,2,1
z630
32,1,1
z488
33,1,1
z414
38,1,1
z772
54,2,1
/672
63,2,1
z550
56,2,1
z538
49,1,1
/590
69,2,1
z633
42,1,1
z1038
44,1,1
z565
45,1,1
z502
57,2,1
z681
53,2,1
z539
35,1,1
z493
43,1,1
/657
62,2,1
z442
37,1,1
/547
64,2,1
z563
52,2,1
z561
40,1,1
 1020
0,0,0
z3284
45,1,1
z505
66,2,1
/1071
61,2,1
z598
32,1,1
z542
31,1,1
z454
35,1,1
z291
47,1,1
z318
50,1,1
z533
40,1,1
z958
38,1,1
z472
42,1,1
z455
39,1,1
z1052
57,2,1
z420
46,1,1
/442
65,2,1
z578
34,1,1
/568
62,2,1
/553
64,2,1
/516
60,2,1
/460
63,2,1
/563
55,2,1
/495
53,2,1
z736
44,1,1
/1486
43,1,1
/536
52,2,1
/577
69,2,1
z489
36,1,1
/538
56,2,1
z607
37,1,1
z412
54,2,1
z427
58,2,1
z2371
49,1,1
z482
48,1,1
z583
41,1,1
/779
51,2,1
/884
59,2,1
/427
67,2,1
z472
33,1,1
/426
68,2,1
/476
70,2,1
 910
0,0,0
z1248
44,1,1
z404
40,1,1
z342
34,1,1
z1043
47,1,1
/515
67,2,1
z881
43,1,1
z434
33,1,1
z900
46,1,1
/589
70,2,1
/602
65,2,1
z405
42,1,1
/483
64,2,1
/501
68,2,1
z1426
55,2,1
/1324
53,2,1
z655
32,1,1
/595
61,2,1
/508
60,2,1
z1286
38,1,1
z611
37,1,1
/587
56,2,1
/764
52,2,1
/547
58,2,1
z676
49,1,1
/649
59,2,1
z571
31,1,1
z943
48,1,1
/607
66,2,1
/4103
57,2,1
z659
54,2,1
/730
63,2,1
z683
41,1,1
/709
62,2,1
z1015
39,1,1
z593
35,1,1
z1501
36,1,1
/885
69,2,1
z1380
45,1,1
z3080
50,1,1
z795
51,2,1
 918
0,0,0
z5901
67,2,1
z690
38,1,1
/829
66,2,1
z2611
52,2,1
z2088
55,2,1
z582
34,1,1
/977
59,2,1
/658
56,2,1
z1124
50,1,1
z1109
48,1,1
z570
33,1,1
z843
41,1,1
z981
49,1,1
z877
57,2,1
z610
45,1,1
z805
37,1,1
/790
69,2,1
z684
31,1,1
/761
70,2,1
z699
61,2,1
z892
42,1,1
/867
63,2,1
z689
47,1,1
/627
65,2,1
z891
60,2,1
z650
36,1,1
z1045
39,1,1
z1074
44,1,1
/1713
62,2,1
/1032
58,2,1
z629
43,1,1
z586
51,2,1
/1259
68,2,1
z693
46,1,1
z708
35,1,1
z1133
54,2,1
z853
53,2,1
z634
40,1,1
/762
64,2,1
z565
32,1,1
 817
0,0,0
z850
40,1,1
z694
32,1,1
z1207
53,2,1
/865
65,2,1
z1905
43,1,1
z576
39,1,1
z709
37,1,1
z573
34,1,1
/946
62,2,1
z604
46,1,1
z624
35,1,1
z607
33,1,1
z722
52,2,1
z1462
58,2,1
z1323
49,1,1
z706
38,1,1
/800
64,2,1
/1122
61,2,1
/786
59,2,1
z1258
44,1,1
z556
31,1,1
z621
57,2,1
z870
51,2,1
/1087
67,2,1
/1064
66,2,1
/604
70,2,1
z629
47,1,1
z539
36,1,1
/624
63,2,1
z504
41,1,1
z834
54,2,1
z680
50,1,1
/1430
60,2,1
z988
45,1,1
/660
69,2,1
z850
48,1,1
/665
68,2,1
z592
42,1,1
/719
55,2,1
z678
56,2,1
 843
0,0,0
/1165
64,2,1
z1136
39,1,1
z1166
52,2,1
z642
42,1,1
/958
67,2,1
z1006
33,1,1
/837
62,2,1
z4212
47,1,1
z1643
51,2,1
z678
40,1,1
z1718
54,2,1
z741
34,1,1
z565
37,1,1
z503
35,1,1
/1066
66,2,1
/579
65,2,1
/548
59,2,1
/600
61,2,1
z764
38,1,1
z1178
44,1,1
z1640
45,1,1
z719
41,1,1
/2340
70,2,1
/586
68,2,1
z529
36,1,1
z1256
56,2,1
z1005
48,1,1
/565
60,2,1
/651
69,2,1
z1860
49,1,1
/676
63,2,1
z539
31,1,1
z628
46,1,1
z538
43,1,1
z549
32,1,1
z897
50,1,1
z1203
53,2,1
/3138
55,2,1
z1891
57,2,1
/931
58,2,1
 847
0,0,0
z1027
50,1,1
/766
61,2,1
z2139
54,2,1
z1058
31,1,1
/1285
55,2,1
z672
35,1,1
z510
40,1,1
z575
38,1,1
z561
42,1,1
/768
59,2,1
/727
56,2,1
z971
34,1,1
/646
68,2,1
z2860
63,2,1
z1952
45,1,1
z814
44,1,1
/931
70,2,1
z566
32,1,1
z1108
36,1,1
/693
62,2,1
z666
37,1,1
z2211
43,1,1
z2344
51,2,1
z554
46,1,1
z792
47,1,1
z1659
33,1,1
z884
48,1,1
/1309
69,2,1
/706
64,2,1
/686
65,2,1
z531
52,2,1
z4696
58,2,1
z735
49,1,1
z1620
57,2,1
z735
53,2,1
z4067
66,2,1
/969
67,2,1
z763
41,1,1
z1952
60,2,1
z651
39,1,1
 851
0,0,0
z1330
41,1,1
z749
42,1,1
z619
31,1,1
z821
60,2,1
z696
53,2,1
z542
50,1,1
/541
69,2,1
/735
64,2,1
z668
37,1,1
z511
38,1,1
z358
36,1,1
/894
67,2,1
z700
47,1,1
z823
54,2,1
z1087
56,2,1
z511
34,1,1
z1819
48,1,1
z492
35,1,1
/653
70,2,1
z667
51,2,1
/951
65,2,1
z1350
52,2,1
z779
43,1,1
z462
33,1,1
/953
62,2,1
z553
66,2,1
z602
59,2,1
z1544
49,1,1
z590
32,1,1
/1619
68,2,1
z1138
45,1,1
z1049
55,2,1
z730
44,1,1
z486
39,1,1
/613
63,2,1
z600
46,1,1
/644
58,2,1
z559
57,2,1
z1052
40,1,1
/1453
61,2,1
 812
0,0,0
z814
34,1,1
z1142
40,1,1
z2045
33,1,1
z1026
58,2,1
z999
35,1,1
37
60,2,1
z3555
50,1,1
2818
61,2,1
7036
66,2,1
/5788
54,2,1
/2297
51,2,1
/1724
63,2,1
/883
62,2,1
z3378
38,1,1
/664
64,2,1
/593
70,2,1
/1334
48,1,1
z561
46,1,1
/541
57,2,1
z710
59,2,1
/546
65,2,1
/621
55,2,1
/514
53,2,1
/475
67,2,1
/864
44,1,1
z932
41,1,1
z647
32,1,1
/972
49,1,1
z1143
39,1,1
z7837
43,1,1
z1031
36,1,1
/1465
45,1,1
/726
68,2,1
/606
69,2,1
z3344
42,1,1
/3664
47,1,1
/655
56,2,1
z547
37,1,1
z2030
52,2,1
z483
31,1,1
 814
0,0,0
/851
61,2,1
z563
37,1,1
z759
43,1,1
/1225
52,2,1
z1598
34,1,1
z1644
40,1,1
/699
69,2,1
z1482
42,1,1
z1977
51,2,1
z758
32,1,1
/944
66,2,1
/1622
59,2,1
/2284
60,2,1
z2052
35,1,1
z847
48,1,1
z1598
58,2,1
/1253
63,2,1
/2313
54,2,1
z515
33,1,1
/910
64,2,1
z499
46,1,1
/1102
57,2,1
z766
49,1,1
z749
31,1,1
/678
62,2,1
/817
67,2,1
z1062
47,1,1
z941
55,2,1
/892
65,2,1
/594
70,2,1
z851
53,2,1
z1135
38,1,1
z550
36,1,1
z457
39,1,1
/688
68,2,1
z527
45,1,1
z692
44,1,1
z572
41,1,1
z2483
50,1,1
/619
56,2,1
 822
0,0,0
/645
64,2,1
/598
57,2,1
z471
32,1,1
z589
42,1,1
z626
49,1,1
z374
50,1,1
z443
39,1,1
z458
34,1,1
/612
69,2,1
/493
68,2,1
/834
51,2,1
z607
45,1,1
/546
65,2,1
z701
38,1,1
z1360
60,2,1
/901
53,2,1
z1311
55,2,1
z734
31,1,1
z640
46,1,1
/2307
56,2,1
z1202
43,1,1
z582
47,1,1
z519
41,1,1
/704
70,2,1
/817
62,2,1
z617
54,2,1
/863
58,2,1
z649
33,1,1
/645
63,2,1
/674
66,2,1
/1901
59,2,1
z3026
48,1,1
/2447
61,2,1
z1728
36,1,1
z2341
44,1,1
z1143
35,1,1
z2694
37,1,1
z2162
40,1,1
z668
52,2,1
z988
67,2,1
 837
0,0,0
z992
48,1,1
z583
32,1,1
/2180
58,2,1
z793
37,1,1
/890
69,2,1
z2406
60,2,1
/838
68,2,1
z867
38,1,1
z1201
50,1,1
/2011
67,2,1
z1035
47,1,1
/701
66,2,1
z612
40,1,1
/517
62,2,1
/538
59,2,1
z481
33,1,1
z609
45,1,1
z749
34,1,1
z601
43,1,1
z1867
36,1,1
z787
49,1,1
z3797
44,1,1
z562
39,1,1
z1771
56,2,1
z626
64,2,1
z3055
53,2,1
z499
57,2,1
z666
52,2,1
z782
41,1,1
z1454
46,1,1
/1088
63,2,1
z709
35,1,1
z1092
31,1,1
z948
42,1,1
z852
54,2,1
/1017
65,2,1
/701
61,2,1
/488
70,2,1
/546
55,2,1
/836
51,2,1
 792
0,0,0
z1080
53,2,1
z580
36,1,1
/702
63,2,1
/1809
50,1,1
/601
65,2,1
z788
43,1,1
z757
44,1,1
z1484
55,2,1
z620
37,1,1
z921
42,1,1
z533
39,1,1
z529
46,1,1
z531
40,1,1
/1776
57,2,1
/493
54,2,1
/554
67,2,1
/618
61,2,1
/788
56,2,1
z505
38,1,1
z424
49,1,1
/756
59,2,1
z1130
41,1,1
z630
45,1,1
z806
51,2,1
z466
34,1,1
/648
60,2,1
/806
68,2,1
z3060
58,2,1
z630
33,1,1
/1026
64,2,1
/3727
48,1,1
/579
70,2,1
z1405
35,1,1
z722
32,1,1
z673
31,1,1
z2062
62,2,1
z1041
52,2,1
/1168
66,2,1
/706
69,2,1
z804
47,1,1
END
Start of error log
End of error log
