dt16tl56b dt16bcy149
 16305
0,0,0
z2224
63,2,1
z813
39,1,1
z1127
44,1,1
/1070
67,2,1
z710
33,1,1
z906
34,1,1
/908
60,2,1
/876
70,2,1
z649
40,1,1
/716
61,2,1
z913
47,1,1
z968
49,1,1
/575
64,2,1
/511
62,2,1
z932
45,1,1
z812
52,2,1
z591
50,1,1
/485
68,2,1
z1399
59,2,1
z1544
48,1,1
z979
43,1,1
z639
37,1,1
/572
69,2,1
z1222
42,1,1
z1448
51,2,1
/548
58,2,1
z577
41,1,1
z737
56,2,1
z725
36,1,1
z585
35,1,1
z1086
32,1,1
z485
38,1,1
/576
65,2,1
/537
57,2,1
/526
66,2,1
z1493
46,1,1
z515
53,2,1
z585
31,1,1
/644
55,2,1
/928
54,2,1
 4096
0,0,0
/1240
70,2,1
/813
53,2,1
z875
36,1,1
z1325
48,1,1
z894
50,1,1
/727
49,1,1
/447
51,2,1
/595
62,2,1
z824
41,1,1
z1079
34,1,1
/501
65,2,1
z1951
32,1,1
z1482
56,2,1
/699
64,2,1
z1538
37,1,1
/423
69,2,1
/678
55,2,1
/898
59,2,1
z900
40,1,1
/697
42,1,1
/801
52,2,1
z941
35,1,1
/623
63,2,1
z920
44,1,1
/562
60,2,1
z1548
43,1,1
/500
61,2,1
z981
33,1,1
/709
67,2,1
z844
39,1,1
z857
46,1,1
z768
47,1,1
/619
58,2,1
z512
31,1,1
z392
38,1,1
/446
57,2,1
/557
66,2,1
/384
68,2,1
/675
45,1,1
/437
54,2,1
 1588
0,0,0
z674
39,1,1
/437
67,2,1
z595
37,1,1
z615
46,1,1
/413
40,1,1
/472
64,2,1
/513
62,2,1
z3900
47,1,1
/599
68,2,1
/901
66,2,1
z687
49,1,1
/1357
56,2,1
z1909
44,1,1
/1244
61,2,1
z1051
33,1,1
/570
57,2,1
/1813
58,2,1
z566
36,1,1
z952
38,1,1
z852
31,1,1
/696
59,2,1
/588
48,1,1
/595
69,2,1
/438
65,2,1
/512
63,2,1
z494
41,1,1
/386
55,2,1
/369
42,1,1
/427
70,2,1
/437
53,2,1
z932
43,1,1
z608
35,1,1
z606
50,1,1
/842
52,2,1
z702
45,1,1
/384
60,2,1
z507
32,1,1
z812
51,2,1
/425
54,2,1
z560
34,1,1
 1209
0,0,0
/696
51,2,1
/600
45,1,1
/692
55,2,1
z591
38,1,1
/467
70,2,1
z580
39,1,1
/667
49,1,1
/453
67,2,1
/303
61,2,1
/307
59,2,1
/315
35,1,1
/453
64,2,1
/355
58,2,1
z507
42,1,1
z674
33,1,1
z614
52,2,1
z526
54,2,1
/347
57,2,1
/502
66,2,1
z1163
36,1,1
/532
69,2,1
/831
53,2,1
/436
65,2,1
/432
60,2,1
z624
40,1,1
z579
44,1,1
/530
63,2,1
z590
32,1,1
z1013
47,1,1
/331
56,2,1
/404
48,1,1
/1363
41,1,1
/669
62,2,1
z444
43,1,1
z677
34,1,1
z1002
46,1,1
z680
37,1,1
z1094
31,1,1
/3619
50,1,1
/398
68,2,1
 1432
0,0,0
/603
69,2,1
z523
33,1,1
z1103
49,1,1
/689
68,2,1
z548
37,1,1
/400
55,2,1
/479
58,2,1
/670
46,1,1
z505
35,1,1
/524
59,2,1
/363
60,2,1
/396
63,2,1
z1553
50,1,1
/671
67,2,1
z1150
34,1,1
/515
65,2,1
z1018
44,1,1
/841
42,1,1
/1122
62,2,1
/854
43,1,1
z446
39,1,1
z860
48,1,1
z1844
53,2,1
z897
40,1,1
/661
61,2,1
z674
51,2,1
/447
57,2,1
/411
56,2,1
/779
66,2,1
z804
52,2,1
z590
45,1,1
z627
32,1,1
z479
41,1,1
/1746
64,2,1
z859
36,1,1
z1135
38,1,1
z540
31,1,1
z957
54,2,1
/546
70,2,1
z1426
47,1,1
 1292
0,0,0
z1711
54,2,1
/744
66,2,1
/669
65,2,1
z1180
44,1,1
z692
31,1,1
z1032
45,1,1
/394
52,2,1
z1028
50,1,1
/553
56,2,1
/386
53,2,1
/557
47,1,1
z922
35,1,1
/739
43,1,1
/429
69,2,1
z625
48,1,1
/1386
64,2,1
/590
58,2,1
/588
57,2,1
z731
40,1,1
z750
41,1,1
z628
37,1,1
/430
70,2,1
/443
68,2,1
z713
51,2,1
/550
46,1,1
/413
61,2,1
/382
67,2,1
z531
34,1,1
z787
39,1,1
/446
63,2,1
z1099
49,1,1
/563
62,2,1
z895
42,1,1
z829
33,1,1
z2942
36,1,1
z891
32,1,1
z768
38,1,1
/378
59,2,1
/418
55,2,1
/505
60,2,1
 1323
0,0,0
/755
55,2,1
/388
43,1,1
/390
69,2,1
/360
58,2,1
/517
47,1,1
/536
63,2,1
z514
33,1,1
/1221
46,1,1
z1505
35,1,1
/565
54,2,1
/442
68,2,1
z695
40,1,1
/693
48,1,1
z1377
36,1,1
/1353
49,1,1
z576
37,1,1
z508
34,1,1
/1126
59,2,1
z947
38,1,1
/604
65,2,1
/939
56,2,1
z2755
32,1,1
z2832
62,2,1
/450
66,2,1
z754
42,1,1
z1154
44,1,1
/687
60,2,1
z889
31,1,1
/793
67,2,1
/788
61,2,1
z964
52,2,1
/522
64,2,1
/407
70,2,1
z548
41,1,1
/756
57,2,1
z568
50,1,1
z581
53,2,1
z565
51,2,1
z1332
45,1,1
z763
39,1,1
 2440
0,0,0
/969
51,2,1
z1113
38,1,1
/429
63,2,1
z513
32,1,1
z1779
41,1,1
z678
47,1,1
/412
56,2,1
/530
68,2,1
/802
52,2,1
/1726
58,2,1
z707
44,1,1
/722
66,2,1
z735
36,1,1
/1383
46,1,1
z612
35,1,1
/520
53,2,1
z788
40,1,1
/735
49,1,1
/965
59,2,1
z1949
39,1,1
/640
57,2,1
z625
50,1,1
/946
60,2,1
/535
48,1,1
/820
64,2,1
/672
70,2,1
/395
69,2,1
/346
54,2,1
z487
37,1,1
z441
43,1,1
z717
33,1,1
z491
31,1,1
/585
61,2,1
z1497
45,1,1
/1269
42,1,1
/838
67,2,1
z845
55,2,1
z703
34,1,1
z1097
62,2,1
/687
65,2,1
 1469
0,0,0
/1570
57,2,1
z601
39,1,1
z851
45,1,1
/492
60,2,1
z608
34,1,1
z610
38,1,1
/601
58,2,1
z2367
47,1,1
/580
63,2,1
z967
35,1,1
z1313
55,2,1
z444
40,1,1
/713
64,2,1
z446
36,1,1
z743
41,1,1
/401
67,2,1
/392
44,1,1
/420
48,1,1
z650
42,1,1
/391
56,2,1
/513
31,1,1
/661
51,2,1
/1005
54,2,1
/747
62,2,1
z544
33,1,1
/492
68,2,1
z573
43,1,1
/916
65,2,1
/779
61,2,1
/732
70,2,1
z625
50,1,1
z768
32,1,1
/558
69,2,1
z609
37,1,1
/711
53,2,1
/1359
49,1,1
z584
46,1,1
/445
66,2,1
/444
52,2,1
/365
59,2,1
 1467
0,0,0
/797
59,2,1
z481
40,1,1
z1391
42,1,1
/473
65,2,1
/1099
57,2,1
/1158
56,2,1
z476
49,1,1
/591
62,2,1
/711
58,2,1
z608
33,1,1
/748
53,2,1
/485
55,2,1
z1244
43,1,1
/413
51,2,1
/644
48,1,1
/466
47,1,1
/605
44,1,1
z535
32,1,1
/520
67,2,1
/1585
54,2,1
z487
38,1,1
/529
66,2,1
z790
39,1,1
z915
34,1,1
/1205
50,1,1
z544
31,1,1
/1020
36,1,1
/1291
46,1,1
/581
60,2,1
z665
35,1,1
z796
37,1,1
/492
52,2,1
z1030
41,1,1
/604
64,2,1
/609
61,2,1
/539
69,2,1
/423
63,2,1
/366
70,2,1
/359
68,2,1
/377
45,1,1
 1233
0,0,0
z633
41,1,1
/672
63,2,1
/569
65,2,1
/444
51,2,1
/398
61,2,1
/351
62,2,1
z521
40,1,1
/572
47,1,1
z629
33,1,1
/489
60,2,1
z1168
42,1,1
/511
66,2,1
z860
35,1,1
/399
68,2,1
/862
48,1,1
z538
38,1,1
z530
32,1,1
/632
67,2,1
z817
36,1,1
z548
44,1,1
z748
58,2,1
/1440
59,2,1
/837
57,2,1
/680
56,2,1
z559
37,1,1
/751
69,2,1
z746
45,1,1
z523
39,1,1
/871
54,2,1
z796
43,1,1
z747
34,1,1
/485
64,2,1
z726
46,1,1
z668
31,1,1
z726
53,2,1
/381
70,2,1
z671
52,2,1
/602
49,1,1
/384
50,1,1
/378
55,2,1
 1153
0,0,0
z651
36,1,1
z526
44,1,1
z1096
40,1,1
z473
37,1,1
z922
39,1,1
/503
68,2,1
/390
66,2,1
z784
33,1,1
/729
52,2,1
z540
46,1,1
/484
60,2,1
/477
57,2,1
/419
54,2,1
/352
42,1,1
/1153
45,1,1
/609
67,2,1
/616
59,2,1
/388
70,2,1
/387
65,2,1
z610
38,1,1
/664
56,2,1
/565
69,2,1
/358
63,2,1
z529
31,1,1
/664
51,2,1
z606
53,2,1
z1069
48,1,1
z687
34,1,1
/2724
58,2,1
/404
49,1,1
/535
35,1,1
/607
61,2,1
z751
55,2,1
/833
50,1,1
/567
62,2,1
/563
64,2,1
z554
32,1,1
/792
41,1,1
/757
43,1,1
z340
47,1,1
 1252
0,0,0
z842
45,1,1
z465
32,1,1
z480
34,1,1
/489
65,2,1
/530
62,2,1
/440
69,2,1
/323
49,1,1
z621
38,1,1
/513
54,2,1
z532
37,1,1
/1660
58,2,1
/636
67,2,1
z1114
31,1,1
z1591
52,2,1
/659
61,2,1
Z543
41,1,1
/573
50,1,1
/837
63,2,1
z1540
46,1,1
z1821
39,1,1
/968
51,2,1
z624
35,1,1
/812
66,2,1
/1085
60,2,1
/575
64,2,1
z691
33,1,1
/1423
56,2,1
z1000
57,2,1
z478
36,1,1
z2800
47,1,1
z608
44,1,1
z525
40,1,1
z406
43,1,1
/524
59,2,1
z664
48,1,1
/473
53,2,1
/470
55,2,1
/434
68,2,1
/406
42,1,1
/418
70,2,1
 9135
0,0,0
z699
49,1,1
z484
40,1,1
z1053
39,1,1
/1064
45,1,1
z541
47,1,1
/381
61,2,1
z1113
34,1,1
/502
50,1,1
z924
38,1,1
z1279
44,1,1
/967
53,2,1
/630
67,2,1
/534
54,2,1
/429
64,2,1
z535
37,1,1
/842
59,2,1
/454
42,1,1
/393
51,2,1
/351
66,2,1
z697
32,1,1
/656
58,2,1
z617
41,1,1
/499
60,2,1
/374
65,2,1
z554
31,1,1
z579
33,1,1
z656
36,1,1
/501
56,2,1
z624
35,1,1
/450
69,2,1
/486
55,2,1
/449
68,2,1
/622
52,2,1
z584
43,1,1
/503
57,2,1
/374
48,1,1
/448
63,2,1
z532
46,1,1
/500
70,2,1
/808
62,2,1
 7689
0,0,0
/612
68,2,1
/410
47,1,1
/351
70,2,1
/337
41,1,1
/389
54,2,1
/726
66,2,1
/618
56,2,1
/416
59,2,1
z1109
49,1,1
z672
42,1,1
/512
62,2,1
z743
36,1,1
/483
65,2,1
z417
46,1,1
/863
53,2,1
z905
48,1,1
z1148
58,2,1
/458
67,2,1
z713
34,1,1
z632
32,1,1
z862
50,1,1
z559
39,1,1
z471
35,1,1
/658
60,2,1
z499
44,1,1
/413
64,2,1
z1853
45,1,1
/895
57,2,1
z919
55,2,1
z592
31,1,1
/521
52,2,1
/1057
61,2,1
z1584
63,2,1
z621
33,1,1
z687
37,1,1
z379
38,1,1
/415
69,2,1
z452
40,1,1
/447
51,2,1
z490
43,1,1
 1526
0,0,0
z1086
37,1,1
z612
52,2,1
z524
31,1,1
z645
42,1,1
/682
62,2,1
z756
40,1,1
/668
65,2,1
z1208
47,1,1
/588
68,2,1
/562
70,2,1
z546
36,1,1
z4817
55,2,1
/653
59,2,1
z669
53,2,1
z685
35,1,1
z511
44,1,1
/592
67,2,1
/749
64,2,1
z788
57,2,1
z466
32,1,1
z447
43,1,1
/584
63,2,1
z505
50,1,1
z488
54,2,1
/362
61,2,1
z437
34,1,1
/1389
49,1,1
/611
60,2,1
z587
38,1,1
/1361
46,1,1
/467
69,2,1
/371
58,2,1
/429
66,2,1
z600
56,2,1
z715
48,1,1
z2600
39,1,1
z1786
51,2,1
z492
41,1,1
z603
33,1,1
z458
45,1,1
 7420
0,0,0
z1478
43,1,1
z483
40,1,1
z645
52,2,1
z446
57,2,1
z640
39,1,1
z381
38,1,1
z483
41,1,1
/380
61,2,1
/387
63,2,1
/300
65,2,1
/340
62,2,1
/416
68,2,1
z905
35,1,1
z497
53,2,1
/392
47,1,1
z478
31,1,1
/488
54,2,1
/664
49,1,1
z519
36,1,1
/416
45,1,1
/543
60,2,1
/306
58,2,1
z581
33,1,1
z416
37,1,1
z1023
51,2,1
/521
59,2,1
/408
69,2,1
/678
56,2,1
/1120
50,1,1
/585
70,2,1
/657
55,2,1
/502
66,2,1
/353
42,1,1
/802
46,1,1
/422
67,2,1
z595
34,1,1
z576
32,1,1
z1127
44,1,1
z1202
48,1,1
/558
64,2,1
 2168
0,0,0
z665
33,1,1
z573
32,1,1
z577
50,1,1
/517
62,2,1
z653
36,1,1
/336
52,2,1
z787
48,1,1
/425
67,2,1
z988
39,1,1
/494
68,2,1
z523
51,2,1
/274
70,2,1
/1101
69,2,1
/1817
56,2,1
/685
54,2,1
z2261
42,1,1
z941
37,1,1
z940
35,1,1
z621
46,1,1
z978
40,1,1
/595
63,2,1
/418
60,2,1
/452
66,2,1
/491
64,2,1
z511
38,1,1
/964
44,1,1
/482
57,2,1
/799
47,1,1
/647
58,2,1
/1025
53,2,1
/1397
49,1,1
z789
31,1,1
/602
59,2,1
z627
41,1,1
/666
65,2,1
/911
55,2,1
z679
34,1,1
z744
43,1,1
/547
61,2,1
/972
45,1,1
 6875
0,0,0
/671
70,2,1
/413
63,2,1
z657
44,1,1
z1189
56,2,1
z576
36,1,1
z387
32,1,1
z388
42,1,1
/475
62,2,1
/465
64,2,1
/520
61,2,1
z599
43,1,1
/562
59,2,1
z556
52,2,1
/452
67,2,1
z557
50,1,1
z622
49,1,1
z492
31,1,1
z479
41,1,1
z587
39,1,1
/549
69,2,1
z1023
40,1,1
z520
33,1,1
/479
65,2,1
z1182
48,1,1
z719
51,2,1
/569
57,2,1
z534
34,1,1
/1042
37,1,1
z779
38,1,1
/497
66,2,1
z657
47,1,1
/432
55,2,1
/395
58,2,1
/679
45,1,1
/424
68,2,1
/1078
60,2,1
z671
46,1,1
/676
54,2,1
z605
35,1,1
/1104
53,2,1
 2212
0,0,0
/1178
57,2,1
/551
68,2,1
/1181
53,2,1
/909
61,2,1
/576
44,1,1
/499
46,1,1
/430
66,2,1
/368
52,2,1
/340
63,2,1
z645
31,1,1
/454
67,2,1
/575
69,2,1
/437
64,2,1
z563
36,1,1
/832
55,2,1
/849
54,2,1
/1382
58,2,1
/571
56,2,1
/495
70,2,1
z834
40,1,1
z744
42,1,1
/591
51,2,1
z1059
33,1,1
/576
49,1,1
/469
65,2,1
/468
59,2,1
z722
43,1,1
z508
41,1,1
z1945
37,1,1
z792
45,1,1
z385
32,1,1
z569
34,1,1
/489
60,2,1
z524
38,1,1
z894
47,1,1
z451
48,1,1
z501
39,1,1
/449
50,1,1
/271
62,2,1
z708
35,1,1
 4345
0,0,0
/866
45,1,1
z380
34,1,1
/655
56,2,1
z393
37,1,1
/340
65,2,1
/444
51,2,1
/334
61,2,1
z663
31,1,1
/475
69,2,1
/599
49,1,1
/1003
47,1,1
/2898
57,2,1
/690
52,2,1
/1129
68,2,1
z810
36,1,1
/562
64,2,1
/1316
43,1,1
z1697
39,1,1
z699
42,1,1
z478
46,1,1
z633
44,1,1
/510
58,2,1
z1237
53,2,1
z735
41,1,1
/1079
48,1,1
z763
50,1,1
/586
40,1,1
/328
62,2,1
/501
55,2,1
z563
38,1,1
/525
66,2,1
z591
33,1,1
/580
63,2,1
/450
70,2,1
/437
67,2,1
/468
60,2,1
/448
54,2,1
z1200
35,1,1
/578
59,2,1
z618
32,1,1
 8089
0,0,0
/2043
52,2,1
z1069
45,1,1
z998
49,1,1
/472
54,2,1
/464
62,2,1
z692
35,1,1
z717
33,1,1
z639
37,1,1
z534
34,1,1
/555
59,2,1
z574
43,1,1
/820
47,1,1
z1402
46,1,1
/621
63,2,1
z637
39,1,1
z1119
38,1,1
z1300
48,1,1
/599
57,2,1
/667
56,2,1
/585
64,2,1
/1405
60,2,1
z630
41,1,1
/583
51,2,1
/1548
50,1,1
/389
68,2,1
/965
55,2,1
/444
70,2,1
z778
32,1,1
/455
66,2,1
/590
67,2,1
/671
61,2,1
z537
31,1,1
z700
36,1,1
/556
65,2,1
/1047
53,2,1
z634
40,1,1
/574
58,2,1
z1283
44,1,1
z1508
42,1,1
/479
69,2,1
 1903
0,0,0
z2143
44,1,1
/769
66,2,1
z581
45,1,1
/838
54,2,1
/441
62,2,1
/505
59,2,1
z478
31,1,1
z941
33,1,1
z433
50,1,1
/436
70,2,1
/1264
43,1,1
/811
56,2,1
z659
42,1,1
/838
51,2,1
/557
69,2,1
z672
39,1,1
z741
35,1,1
z639
40,1,1
/651
60,2,1
/691
58,2,1
z688
36,1,1
/754
49,1,1
/622
61,2,1
z1185
48,1,1
?2428
46,1,1
z678
41,1,1
z618
32,1,1
/662
68,2,1
/572
64,2,1
/1118
52,2,1
/683
63,2,1
/1782
55,2,1
/901
57,2,1
z1688
47,1,1
/1162
67,2,1
/548
65,2,1
/1371
53,2,1
z625
37,1,1
z735
34,1,1
/619
38,1,1
 9694
0,0,0
/1033
58,2,1
z522
35,1,1
z769
49,1,1
/1270
54,2,1
/633
59,2,1
z505
33,1,1
z1023
45,1,1
/499
53,2,1
z526
31,1,1
z535
36,1,1
z682
42,1,1
/664
62,2,1
z636
46,1,1
z589
39,1,1
/523
61,2,1
/445
60,2,1
/773
64,2,1
/420
51,2,1
/358
57,2,1
/370
68,2,1
/507
65,2,1
/494
48,1,1
/422
47,1,1
z584
40,1,1
z422
32,1,1
/423
56,2,1
/727
44,1,1
/463
69,2,1
/424
67,2,1
/519
66,2,1
z598
38,1,1
/1175
52,2,1
z1182
50,1,1
z555
41,1,1
z526
55,2,1
z537
34,1,1
z1449
43,1,1
/514
70,2,1
/358
63,2,1
z636
37,1,1
 7714
0,0,0
/841
57,2,1
z1075
42,1,1
z637
46,1,1
/493
70,2,1
/410
56,2,1
/462
52,2,1
/387
59,2,1
/336
68,2,1
z882
41,1,1
z999
47,1,1
/510
65,2,1
z689
49,1,1
z650
45,1,1
z718
39,1,1
/541
44,1,1
z609
37,1,1
/754
64,2,1
z468
60,2,1
/416
69,2,1
/303
53,2,1
z748
43,1,1
/440
58,2,1
z3354
55,2,1
/735
54,2,1
/614
67,2,1
/490
61,2,1
z581
35,1,1
z689
36,1,1
z1158
50,1,1
z502
34,1,1
/484
51,2,1
z1408
33,1,1
z524
66,2,1
z2395
31,1,1
z1148
40,1,1
z521
32,1,1
/472
62,2,1
z927
38,1,1
z1195
48,1,1
/535
63,2,1
 5578
0,0,0
/783
56,2,1
/456
62,2,1
/1093
49,1,1
/478
50,1,1
/317
66,2,1
/279
65,2,1
z696
31,1,1
/709
60,2,1
z713
32,1,1
/355
48,1,1
/590
68,2,1
/370
61,2,1
z610
35,1,1
z564
51,2,1
/1376
59,2,1
/536
54,2,1
z715
41,1,1
/463
55,2,1
z543
52,2,1
/408
46,1,1
/483
67,2,1
z435
57,2,1
/320
39,1,1
z1039
37,1,1
/1004
42,1,1
/797
47,1,1
z964
33,1,1
/635
53,2,1
/1242
36,1,1
z767
38,1,1
/1112
34,1,1
/384
69,2,1
z614
44,1,1
/574
64,2,1
z645
43,1,1
z930
45,1,1
/608
70,2,1
/1110
58,2,1
z585
40,1,1
/2973
63,2,1
 2108
0,0,0
z1200
37,1,1
z659
40,1,1
/372
68,2,1
z375
41,1,1
/545
47,1,1
/456
64,2,1
/727
57,2,1
z1158
45,1,1
z722
35,1,1
/431
65,2,1
/586
54,2,1
/568
49,1,1
/627
51,2,1
/431
58,2,1
z564
32,1,1
z760
33,1,1
z1015
60,2,1
z1429
38,1,1
/1554
56,2,1
/721
69,2,1
/783
67,2,1
z1827
34,1,1
/1501
63,2,1
/1029
50,1,1
z1043
36,1,1
/863
62,2,1
z1063
31,1,1
/862
46,1,1
z574
44,1,1
z1320
42,1,1
/1898
52,2,1
z732
43,1,1
/390
66,2,1
z799
39,1,1
/964
53,2,1
/397
55,2,1
/269
59,2,1
/501
61,2,1
/322
70,2,1
/280
48,1,1
 5475
0,0,0
/394
46,1,1
z568
33,1,1
z789
39,1,1
z710
36,1,1
/880
43,1,1
/400
53,2,1
/367
67,2,1
/388
70,2,1
/318
45,1,1
/722
52,2,1
/643
50,1,1
/412
42,1,1
z766
34,1,1
/2102
37,1,1
z1326
47,1,1
/518
63,2,1
z651
48,1,1
/617
56,2,1
/941
60,2,1
z599
35,1,1
/741
66,2,1
/484
68,2,1
/975
64,2,1
z652
54,2,1
z1274
40,1,1
z1146
49,1,1
/1012
57,2,1
/2994
55,2,1
z788
41,1,1
z446
58,2,1
z554
38,1,1
/515
62,2,1
/603
69,2,1
z565
31,1,1
z624
32,1,1
/792
51,2,1
/844
65,2,1
/526
61,2,1
z606
44,1,1
x213
59,2,1
 66836
0,0,0
z2133
45,1,1
z508
32,1,1
/558
67,2,1
/673
61,2,1
z624
46,1,1
/417
52,2,1
/470
56,2,1
/885
64,2,1
/830
68,2,1
z724
37,1,1
/528
70,2,1
/540
69,2,1
/546
63,2,1
z567
36,1,1
/640
57,2,1
z940
33,1,1
z1013
35,1,1
/417
62,2,1
/699
58,2,1
/799
49,1,1
/1667
51,2,1
z1699
39,1,1
/3778
43,1,1
z1049
42,1,1
/484
60,2,1
/653
50,1,1
/490
66,2,1
/1224
59,2,1
z895
48,1,1
z1155
44,1,1
z645
38,1,1
z543
31,1,1
/382
65,2,1
z536
41,1,1
/651
54,2,1
z826
34,1,1
/458
53,2,1
/533
55,2,1
z466
40,1,1
/427
47,1,1
 1216
0,0,0
/494
49,1,1
/510
52,2,1
/444
66,2,1
/947
45,1,1
z568
36,1,1
/434
68,2,1
/500
61,2,1
/603
51,2,1
/755
54,2,1
/821
48,1,1
z533
41,1,1
/501
63,2,1
z526
37,1,1
/348
56,2,1
z540
32,1,1
z628
31,1,1
/474
60,2,1
/552
46,1,1
z939
39,1,1
/326
67,2,1
/710
59,2,1
z979
35,1,1
z719
40,1,1
/488
65,2,1
z637
38,1,1
z1226
42,1,1
/748
55,2,1
z2066
47,1,1
/2844
62,2,1
/521
53,2,1
/780
58,2,1
z1100
33,1,1
/618
70,2,1
/622
57,2,1
z630
43,1,1
z1570
44,1,1
z1645
50,1,1
/627
34,1,1
/354
69,2,1
/474
64,2,1
END
Start of error log
End of error log
