/home/cogsys/aging/dtpbsy/dt16tl45b /home/cogsys/aging/dtpbsy/dt16bcy127
 4601
0,0,0
/858
43,1,1
/609
55,2,1
z866
50,1,1
/476
67,2,1
/555
68,2,1
z514
44,1,1
/488
36,1,1
/493
63,2,1
z500
41,1,1
z561
54,2,1
z547
47,1,1
/343
62,2,1
z582
31,1,1
z653
42,1,1
/370
65,2,1
z376
38,1,1
z590
40,1,1
/417
60,2,1
/401
61,2,1
/410
59,2,1
z429
37,1,1
/389
53,2,1
/534
58,2,1
z486
51,2,1
z799
33,1,1
/609
66,2,1
/847
52,2,1
/416
57,2,1
/438
70,2,1
z534
45,1,1
z668
46,1,1
z521
34,1,1
z398
39,1,1
z405
32,1,1
z410
56,2,1
/313
69,2,1
/715
49,1,1
/671
64,2,1
z511
35,1,1
z630
48,1,1
 1078
0,0,0
z727
35,1,1
/556
40,1,1
/404
60,2,1
z1410
37,1,1
/1234
58,2,1
/584
59,2,1
/865
70,2,1
z589
48,1,1
z665
38,1,1
z468
31,1,1
/527
68,2,1
/557
52,2,1
z746
45,1,1
/652
47,1,1
/485
65,2,1
/468
67,2,1
z554
39,1,1
/499
41,1,1
/498
61,2,1
z473
34,1,1
z420
33,1,1
z588
51,2,1
/657
64,2,1
z444
32,1,1
/669
63,2,1
/704
54,2,1
z524
44,1,1
z533
46,1,1
z462
56,2,1
z548
36,1,1
/356
66,2,1
z578
49,1,1
/321
62,2,1
/987
42,1,1
/1199
53,2,1
/442
50,1,1
z635
43,1,1
/576
69,2,1
/608
57,2,1
/802
55,2,1
 846
0,0,0
z718
49,1,1
/520
65,2,1
z1698
38,1,1
/484
69,2,1
z4069
59,2,1
/420
70,2,1
/1002
45,1,1
z689
55,2,1
/475
42,1,1
/382
56,2,1
/423
51,2,1
/373
58,2,1
z530
34,1,1
/1216
63,2,1
/449
52,2,1
/1128
46,1,1
/573
64,2,1
/578
47,1,1
z984
43,1,1
/570
62,2,1
z669
39,1,1
z1189
40,1,1
/465
60,2,1
z547
44,1,1
z543
41,1,1
z507
32,1,1
/814
50,1,1
/528
57,2,1
z406
33,1,1
/460
66,2,1
z1053
36,1,1
/424
67,2,1
z567
54,2,1
/509
68,2,1
z654
48,1,1
/471
53,2,1
z794
35,1,1
/526
61,2,1
z535
37,1,1
z490
31,1,1
z525
0,0,0
/1663
55,2,1
z674
31,1,1
z441
46,1,1
/546
69,2,1
z550
35,1,1
z561
53,2,1
z615
39,1,1
/416
65,2,1
z541
38,1,1
z573
42,1,1
/523
70,2,1
/1037
66,2,1
/1345
54,2,1
z760
40,1,1
z478
34,1,1
z504
32,1,1
z848
48,1,1
/521
62,2,1
z463
50,1,1
z628
37,1,1
z1291
57,2,1
/658
60,2,1
z1710
36,1,1
z502
33,1,1
z471
51,2,1
z401
45,1,1
z841
49,1,1
z571
41,1,1
/488
61,2,1
/786
59,2,1
/1510
47,1,1
z510
43,1,1
/823
44,1,1
/591
56,2,1
z536
63,2,1
z410
58,2,1
/609
52,2,1
/332
64,2,1
/614
68,2,1
/471
67,2,1
/546
0,0,0
z464
37,1,1
z828
40,1,1
z456
35,1,1
z336
42,1,1
z884
48,1,1
z517
43,1,1
z1008
44,1,1
/506
70,2,1
z611
38,1,1
/727
47,1,1
/436
67,2,1
/357
58,2,1
/359
55,2,1
/381
65,2,1
z471
32,1,1
/705
56,2,1
/479
68,2,1
/1255
60,2,1
/523
59,2,1
/433
69,2,1
z3093
33,1,1
/783
57,2,1
z2637
52,2,1
z483
39,1,1
z426
51,2,1
z923
62,2,1
z745
63,2,1
z353
34,1,1
z560
54,2,1
z540
49,1,1
z687
31,1,1
z490
45,1,1
z487
50,1,1
z758
66,2,1
z495
36,1,1
z529
41,1,1
z705
61,2,1
z563
64,2,1
z547
46,1,1
z589
53,2,1
z485
0,0,0
z565
35,1,1
/594
52,2,1
/888
54,2,1
/424
66,2,1
z859
49,1,1
z508
41,1,1
/1522
67,2,1
/577
69,2,1
/879
43,1,1
/479
56,2,1
z737
33,1,1
z2889
45,1,1
/1599
57,2,1
z604
39,1,1
/696
64,2,1
/989
55,2,1
/668
48,1,1
/872
60,2,1
/844
61,2,1
/482
68,2,1
z499
31,1,1
z458
38,1,1
z377
40,1,1
z588
53,2,1
z474
34,1,1
z593
58,2,1
z3292
37,1,1
z366
59,2,1
z334
47,1,1
z538
62,2,1
z554
32,1,1
/526
65,2,1
z435
36,1,1
z658
51,2,1
z482
46,1,1
z458
70,2,1
z467
50,1,1
z659
63,2,1
z470
42,1,1
z395
44,1,1
z479
0,0,0
/701
58,2,1
z1022
32,1,1
z709
33,1,1
/1309
48,1,1
z970
40,1,1
/442
57,2,1
/732
61,2,1
/772
60,2,1
/497
64,2,1
/608
56,2,1
z552
46,1,1
/449
66,2,1
z413
42,1,1
/269
49,1,1
z2777
37,1,1
/601
50,1,1
z667
41,1,1
z780
36,1,1
/781
52,2,1
/765
65,2,1
/1371
51,2,1
/687
63,2,1
/491
69,2,1
/908
53,2,1
/716
67,2,1
z498
34,1,1
z478
38,1,1
z645
39,1,1
/465
59,2,1
/493
70,2,1
/712
62,2,1
z443
44,1,1
/608
68,2,1
z693
31,1,1
/568
47,1,1
z1249
35,1,1
/588
54,2,1
/444
45,1,1
/537
43,1,1
/662
55,2,1
/638
0,0,0
/529
51,2,1
z557
37,1,1
/542
68,2,1
/863
55,2,1
z523
31,1,1
z1535
48,1,1
/584
64,2,1
/473
66,2,1
/485
50,1,1
/466
60,2,1
/1117
58,2,1
/461
69,2,1
z558
43,1,1
z988
33,1,1
z607
34,1,1
/727
70,2,1
/1539
52,2,1
/638
41,1,1
/694
35,1,1
/487
61,2,1
/2426
46,1,1
/781
62,2,1
z455
53,2,1
/753
47,1,1
z644
42,1,1
z483
44,1,1
/882
67,2,1
z504
40,1,1
z734
59,2,1
z400
54,2,1
z598
32,1,1
z607
45,1,1
z538
56,2,1
z391
36,1,1
z641
57,2,1
z347
39,1,1
z392
63,2,1
z419
38,1,1
/608
65,2,1
z704
49,1,1
z537
0,0,0
/470
69,2,1
/811
70,2,1
/923
61,2,1
/445
57,2,1
/418
67,2,1
z594
44,1,1
z550
37,1,1
z626
50,1,1
z363
35,1,1
z408
58,2,1
z418
39,1,1
/2513
60,2,1
z792
38,1,1
z623
56,2,1
z370
40,1,1
z450
55,2,1
z457
36,1,1
/635
68,2,1
z530
49,1,1
z438
45,1,1
/847
51,2,1
z792
43,1,1
/655
63,2,1
/578
66,2,1
z992
41,1,1
/2222
65,2,1
z549
31,1,1
/524
62,2,1
z573
46,1,1
/685
59,2,1
z672
52,2,1
/469
47,1,1
z483
42,1,1
z467
33,1,1
z471
32,1,1
/516
64,2,1
/1052
54,2,1
z661
34,1,1
/509
48,1,1
z678
53,2,1
/560
0,0,0
/650
57,2,1
/587
47,1,1
/469
48,1,1
/446
61,2,1
/453
68,2,1
z526
40,1,1
z420
35,1,1
z473
43,1,1
/874
70,2,1
z496
54,2,1
z587
36,1,1
z457
33,1,1
/1168
53,2,1
z471
31,1,1
/619
63,2,1
z534
37,1,1
/682
65,2,1
/1947
52,2,1
/488
62,2,1
/482
49,1,1
z512
38,1,1
/582
59,2,1
z447
46,1,1
z563
41,1,1
z449
44,1,1
z407
55,2,1
/763
58,2,1
z372
32,1,1
/501
50,1,1
z556
56,2,1
/799
39,1,1
/477
42,1,1
/376
34,1,1
/864
69,2,1
/723
51,2,1
/366
64,2,1
/395
60,2,1
/447
66,2,1
/329
45,1,1
/301
67,2,1
/525
0,0,0
/408
68,2,1
/468
66,2,1
z600
37,1,1
/820
62,2,1
/407
52,2,1
/1184
48,1,1
/341
43,1,1
/483
58,2,1
z496
34,1,1
/544
61,2,1
/2073
57,2,1
z535
35,1,1
/520
65,2,1
/517
67,2,1
/391
69,2,1
/705
56,2,1
/971
54,2,1
/517
39,1,1
z364
47,1,1
z437
55,2,1
z456
49,1,1
z660
41,1,1
z609
45,1,1
z530
36,1,1
z830
44,1,1
z444
33,1,1
z473
38,1,1
z462
42,1,1
z409
32,1,1
z452
53,2,1
/386
70,2,1
z408
46,1,1
z734
60,2,1
z441
31,1,1
/511
59,2,1
z307
50,1,1
z557
63,2,1
/723
64,2,1
z515
51,2,1
z427
40,1,1
z523
0,0,0
z770
46,1,1
/505
58,2,1
z426
38,1,1
z469
56,2,1
z434
69,2,1
z384
53,2,1
z385
55,2,1
z426
41,1,1
z400
45,1,1
z430
60,2,1
z472
54,2,1
z440
61,2,1
z457
42,1,1
z461
36,1,1
/591
67,2,1
/2135
52,2,1
/1135
50,1,1
z397
44,1,1
z446
31,1,1
z380
35,1,1
/426
65,2,1
z526
48,1,1
/510
64,2,1
z604
39,1,1
z540
59,2,1
/721
66,2,1
z544
33,1,1
/997
62,2,1
z414
51,2,1
/564
70,2,1
z488
32,1,1
z477
37,1,1
z474
47,1,1
z384
34,1,1
z1119
68,2,1
z507
43,1,1
z663
40,1,1
/830
57,2,1
/901
63,2,1
z1983
49,1,1
z493
0,0,0
/708
56,2,1
/496
60,2,1
z1418
33,1,1
/649
63,2,1
/588
45,1,1
/833
70,2,1
/557
69,2,1
z679
61,2,1
/1148
58,2,1
z622
43,1,1
z420
50,1,1
z347
41,1,1
z461
48,1,1
z431
64,2,1
z443
51,2,1
z773
55,2,1
/503
65,2,1
z437
32,1,1
z494
31,1,1
z655
35,1,1
z482
44,1,1
z808
52,2,1
z537
49,1,1
/975
62,2,1
/515
67,2,1
/555
68,2,1
z631
39,1,1
z898
54,2,1
z426
40,1,1
z471
38,1,1
z401
53,2,1
/536
57,2,1
/413
46,1,1
/517
42,1,1
z423
34,1,1
/732
66,2,1
z469
36,1,1
/431
59,2,1
/875
47,1,1
z1757
37,1,1
z2542
0,0,0
/562
70,2,1
/393
51,2,1
z498
34,1,1
/669
67,2,1
z3012
46,1,1
/8223
55,2,1
/1741
56,2,1
z623
37,1,1
/605
59,2,1
z1215
43,1,1
/886
53,2,1
/407
50,1,1
/567
54,2,1
/753
58,2,1
/513
65,2,1
z596
40,1,1
z560
36,1,1
/563
62,2,1
/1509
68,2,1
z530
41,1,1
/781
49,1,1
/448
38,1,1
/472
48,1,1
z636
31,1,1
z572
42,1,1
/478
63,2,1
/484
64,2,1
/395
44,1,1
/480
35,1,1
/541
61,2,1
z500
39,1,1
/472
66,2,1
z498
45,1,1
/885
57,2,1
z961
33,1,1
/438
52,2,1
z371
60,2,1
/531
69,2,1
z491
32,1,1
z528
47,1,1
z455
0,0,0
z563
34,1,1
z358
56,2,1
z427
59,2,1
/769
66,2,1
/492
67,2,1
z824
43,1,1
z528
58,2,1
z257
33,1,1
/1052
64,2,1
z1681
51,2,1
z559
39,1,1
z566
49,1,1
z545
42,1,1
/429
57,2,1
z730
55,2,1
/341
61,2,1
/387
60,2,1
z519
41,1,1
z745
37,1,1
z913
50,1,1
z438
36,1,1
z475
35,1,1
/1723
47,1,1
/454
62,2,1
z506
46,1,1
z597
38,1,1
z685
48,1,1
/527
54,2,1
/806
65,2,1
z633
44,1,1
z651
45,1,1
/511
63,2,1
z602
32,1,1
z1130
40,1,1
/687
52,2,1
/600
69,2,1
/573
53,2,1
/429
70,2,1
/468
68,2,1
z538
31,1,1
z807
0,0,0
/3355
57,2,1
/439
65,2,1
/325
43,1,1
z405
32,1,1
/1702
59,2,1
/400
70,2,1
/918
55,2,1
/427
68,2,1
/1815
48,1,1
/733
66,2,1
z464
33,1,1
z413
34,1,1
/621
63,2,1
z445
39,1,1
z517
35,1,1
/574
60,2,1
/561
67,2,1
/685
56,2,1
/391
62,2,1
z737
46,1,1
z556
51,2,1
z426
38,1,1
z350
41,1,1
z442
36,1,1
z500
50,1,1
z352
40,1,1
z375
49,1,1
z313
31,1,1
/435
69,2,1
/714
61,2,1
z588
42,1,1
/465
58,2,1
z1403
47,1,1
/872
52,2,1
z645
37,1,1
/933
53,2,1
/425
44,1,1
/401
45,1,1
/348
54,2,1
/333
64,2,1
/485
0,0,0
z2459
32,1,1
/484
70,2,1
z454
31,1,1
/511
58,2,1
/836
52,2,1
z486
36,1,1
z483
50,1,1
z382
39,1,1
/679
69,2,1
/657
55,2,1
/330
61,2,1
/387
41,1,1
/600
42,1,1
z344
43,1,1
/506
67,2,1
z336
38,1,1
z378
37,1,1
/468
65,2,1
/588
54,2,1
/489
59,2,1
/333
60,2,1
/483
48,1,1
/509
62,2,1
z547
40,1,1
/423
33,1,1
z598
51,2,1
z434
35,1,1
/467
63,2,1
/420
57,2,1
z537
49,1,1
z390
45,1,1
/502
66,2,1
z612
46,1,1
z403
44,1,1
z1668
47,1,1
z408
56,2,1
z326
53,2,1
z365
34,1,1
z444
64,2,1
z377
68,2,1
z458
0,0,0
z555
48,1,1
/466
66,2,1
z463
44,1,1
z453
37,1,1
z395
35,1,1
z390
57,2,1
z360
52,2,1
z503
61,2,1
/402
68,2,1
/435
67,2,1
/415
64,2,1
/423
54,2,1
/430
63,2,1
/373
69,2,1
/765
55,2,1
/368
65,2,1
z699
43,1,1
z392
47,1,1
z557
51,2,1
z293
45,1,1
z280
34,1,1
z329
39,1,1
/516
70,2,1
/409
56,2,1
z628
49,1,1
z319
38,1,1
z360
36,1,1
z1426
50,1,1
/507
62,2,1
z262
33,1,1
z410
40,1,1
z449
32,1,1
z265
42,1,1
/837
60,2,1
z838
41,1,1
/751
58,2,1
/416
59,2,1
z1080
31,1,1
z247
53,2,1
/675
46,1,1
/1024
0,0,0
/605
66,2,1
z721
47,1,1
/577
60,2,1
/301
65,2,1
/462
36,1,1
/475
69,2,1
/627
48,1,1
/1252
56,2,1
/442
43,1,1
z579
31,1,1
/533
58,2,1
/823
46,1,1
/904
53,2,1
z545
44,1,1
/542
68,2,1
z1104
42,1,1
/478
63,2,1
z547
45,1,1
z910
54,2,1
/480
51,2,1
z626
50,1,1
/449
59,2,1
/651
39,1,1
/381
57,2,1
z663
41,1,1
/545
62,2,1
z558
38,1,1
z583
40,1,1
/417
67,2,1
z497
35,1,1
/387
64,2,1
/510
61,2,1
z503
32,1,1
z558
49,1,1
z456
52,2,1
z396
34,1,1
z393
33,1,1
z477
37,1,1
/898
55,2,1
/512
70,2,1
/2339
0,0,0
/702
62,2,1
z740
38,1,1
/434
32,1,1
z776
33,1,1
/554
64,2,1
/428
54,2,1
/397
46,1,1
/418
57,2,1
/560
42,1,1
/374
37,1,1
z382
34,1,1
z249
49,1,1
z58
35,1,1
z685
31,1,1
/532
67,2,1
/557
68,2,1
/443
70,2,1
/441
60,2,1
z471
36,1,1
z473
52,2,1
/444
61,2,1
z906
39,1,1
/403
69,2,1
z464
53,2,1
/452
66,2,1
z932
44,1,1
z566
56,2,1
/620
63,2,1
z663
58,2,1
z421
48,1,1
z390
45,1,1
z536
40,1,1
z485
50,1,1
/457
65,2,1
z1133
43,1,1
z613
59,2,1
/578
47,1,1
/940
51,2,1
z1143
41,1,1
/1035
55,2,1
/554
0,0,0
/432
50,1,1
z653
34,1,1
/496
68,2,1
z536
33,1,1
z839
47,1,1
z893
42,1,1
z462
37,1,1
z324
49,1,1
/1224
54,2,1
z458
32,1,1
z804
43,1,1
/659
53,2,1
/534
61,2,1
/779
51,2,1
/448
70,2,1
/489
56,2,1
z945
40,1,1
z653
46,1,1
/1637
64,2,1
z989
45,1,1
z848
48,1,1
/715
69,2,1
/707
67,2,1
z628
39,1,1
/738
63,2,1
/1198
58,2,1
z1694
41,1,1
z540
31,1,1
/929
57,2,1
z593
38,1,1
/414
55,2,1
/639
59,2,1
/324
52,2,1
z608
35,1,1
z469
36,1,1
z594
44,1,1
/437
62,2,1
/629
65,2,1
/723
60,2,1
/414
66,2,1
/2385
0,0,0
z687
32,1,1
z839
53,2,1
/589
69,2,1
/390
64,2,1
/375
67,2,1
z425
39,1,1
/821
55,2,1
z807
45,1,1
/512
66,2,1
z570
36,1,1
z622
40,1,1
z497
49,1,1
/523
63,2,1
z509
48,1,1
z568
37,1,1
/471
62,2,1
z560
54,2,1
z484
35,1,1
/791
59,2,1
z444
50,1,1
z768
47,1,1
z399
44,1,1
/441
70,2,1
/464
60,2,1
/340
68,2,1
z586
42,1,1
/651
65,2,1
/431
52,2,1
z804
31,1,1
/472
61,2,1
z1025
41,1,1
z398
33,1,1
z559
38,1,1
z377
56,2,1
z338
34,1,1
z1229
51,2,1
/592
57,2,1
z843
43,1,1
/597
58,2,1
z839
46,1,1
z624
0,0,0
z484
41,1,1
/775
58,2,1
z1056
61,2,1
z794
47,1,1
z488
63,2,1
z857
45,1,1
z429
53,2,1
z346
32,1,1
z502
43,1,1
z361
42,1,1
/483
65,2,1
z491
44,1,1
z392
36,1,1
z388
39,1,1
z515
38,1,1
z340
31,1,1
z511
57,2,1
z404
37,1,1
z968
52,2,1
z384
46,1,1
z336
51,2,1
z455
34,1,1
/529
50,1,1
z419
33,1,1
/405
59,2,1
/502
66,2,1
z428
40,1,1
z401
48,1,1
/518
67,2,1
/452
70,2,1
/472
64,2,1
/443
55,2,1
/447
62,2,1
z530
35,1,1
/379
68,2,1
/1031
56,2,1
/363
69,2,1
/512
60,2,1
/529
49,1,1
z408
54,2,1
/503
0,0,0
/726
61,2,1
z631
36,1,1
/650
64,2,1
/531
66,2,1
z521
35,1,1
/790
60,2,1
/458
49,1,1
/509
38,1,1
z666
41,1,1
z456
53,2,1
z456
59,2,1
z510
47,1,1
z310
37,1,1
z864
44,1,1
z464
42,1,1
z486
43,1,1
/561
68,2,1
/474
67,2,1
/465
70,2,1
z711
52,2,1
z610
54,2,1
z499
32,1,1
z486
50,1,1
z632
55,2,1
/812
65,2,1
z823
40,1,1
z630
48,1,1
z671
45,1,1
z492
51,2,1
z479
31,1,1
z465
56,2,1
z981
58,2,1
/554
69,2,1
z568
33,1,1
z668
62,2,1
z366
34,1,1
z466
57,2,1
z333
63,2,1
z445
46,1,1
z315
39,1,1
z452
0,0,0
z654
59,2,1
z452
32,1,1
z659
58,2,1
z502
53,2,1
z721
52,2,1
z533
49,1,1
z425
31,1,1
z408
35,1,1
z875
64,2,1
/650
61,2,1
/419
51,2,1
z560
33,1,1
z410
38,1,1
z479
47,1,1
z437
39,1,1
z485
40,1,1
z617
41,1,1
/745
66,2,1
z498
46,1,1
z490
42,1,1
z431
34,1,1
/634
65,2,1
/562
70,2,1
/408
68,2,1
/714
50,1,1
/593
60,2,1
/938
45,1,1
/441
69,2,1
/536
63,2,1
/473
55,2,1
z587
44,1,1
/549
57,2,1
/637
54,2,1
/470
56,2,1
z521
36,1,1
/531
67,2,1
z425
48,1,1
z503
43,1,1
z570
62,2,1
z2208
37,1,1
z470
0,0,0
z2187
32,1,1
z291
38,1,1
z263
46,1,1
/887
51,2,1
/855
55,2,1
/407
69,2,1
/667
58,2,1
z814
43,1,1
/572
65,2,1
z669
52,2,1
/559
68,2,1
z585
41,1,1
/1047
57,2,1
/382
62,2,1
z557
49,1,1
/437
63,2,1
/434
66,2,1
/575
70,2,1
z563
54,2,1
/643
59,2,1
z416
34,1,1
z597
45,1,1
z436
61,2,1
z423
37,1,1
z494
50,1,1
z400
33,1,1
z443
48,1,1
z455
40,1,1
z371
53,2,1
/445
60,2,1
/407
64,2,1
/416
56,2,1
z697
39,1,1
z414
44,1,1
z526
31,1,1
/983
67,2,1
z412
36,1,1
z380
35,1,1
z456
42,1,1
/784
47,1,1
/574
0,0,0
z1068
37,1,1
/1019
70,2,1
z1808
40,1,1
z931
66,2,1
z788
32,1,1
z464
35,1,1
z370
34,1,1
z286
54,2,1
z414
42,1,1
z319
50,1,1
/424
62,2,1
/787
41,1,1
z444
44,1,1
/422
61,2,1
/481
63,2,1
/445
57,2,1
z507
36,1,1
z643
59,2,1
/449
64,2,1
z467
33,1,1
z338
67,2,1
z480
47,1,1
z491
39,1,1
/383
55,2,1
/375
65,2,1
z506
49,1,1
/515
68,2,1
z631
45,1,1
/446
56,2,1
z393
43,1,1
/323
46,1,1
z387
48,1,1
z407
38,1,1
/582
60,2,1
/944
51,2,1
/858
52,2,1
z668
53,2,1
z865
58,2,1
/569
69,2,1
z565
31,1,1
z640
0,0,0
z608
36,1,1
z464
35,1,1
/630
61,2,1
z760
33,1,1
z416
48,1,1
/635
57,2,1
z528
52,2,1
/463
69,2,1
z575
45,1,1
/546
64,2,1
z579
40,1,1
z360
32,1,1
z409
31,1,1
z754
50,1,1
/469
65,2,1
/685
43,1,1
/471
39,1,1
/421
62,2,1
/523
55,2,1
z662
34,1,1
z624
41,1,1
z1371
58,2,1
/560
70,2,1
z976
53,2,1
/709
67,2,1
/702
68,2,1
/585
60,2,1
z621
56,2,1
z1211
66,2,1
z837
63,2,1
z402
38,1,1
z375
37,1,1
z721
46,1,1
z559
54,2,1
z290
42,1,1
z459
51,2,1
z236
49,1,1
z510
44,1,1
z855
47,1,1
/940
59,2,1
/554
0,0,0
/617
52,2,1
z635
40,1,1
/396
47,1,1
/490
39,1,1
/348
67,2,1
z696
54,2,1
/426
70,2,1
z739
61,2,1
z660
32,1,1
/577
63,2,1
z600
34,1,1
z939
46,1,1
/496
68,2,1
z445
38,1,1
z355
51,2,1
/506
65,2,1
/468
66,2,1
z463
36,1,1
z531
35,1,1
z457
33,1,1
z541
57,2,1
z993
45,1,1
z346
31,1,1
z424
37,1,1
z332
41,1,1
z373
48,1,1
/440
64,2,1
/3320
49,1,1
/402
62,2,1
/365
55,2,1
/449
69,2,1
/389
58,2,1
/1618
53,2,1
/3858
43,1,1
/702
59,2,1
/410
60,2,1
/509
42,1,1
/915
44,1,1
/637
56,2,1
z5523
50,1,1
z11
0,0,0
z245
56,2,1
z414
57,2,1
z967
32,1,1
/523
65,2,1
z611
53,2,1
/1009
64,2,1
/1635
38,1,1
/932
45,1,1
z744
36,1,1
/565
52,2,1
/452
59,2,1
/493
70,2,1
/315
41,1,1
/415
49,1,1
z250
50,1,1
/609
61,2,1
z527
44,1,1
/424
54,2,1
z428
33,1,1
/740
58,2,1
/782
69,2,1
z522
35,1,1
z434
60,2,1
z499
43,1,1
z400
48,1,1
/435
34,1,1
/534
39,1,1
/413
63,2,1
z501
42,1,1
z484
31,1,1
/474
47,1,1
z423
40,1,1
/312
68,2,1
/385
66,2,1
z444
37,1,1
/529
62,2,1
/446
67,2,1
/349
55,2,1
/341
51,2,1
z338
46,1,1
END
Start of error log
End of error log
