/home/cogsys/aging/dtpbsy/dt16tl40b /home/cogsys/aging/dtpbsy/dt16bcy116
/6395
0,0,0
z1213
57,2,1
/3641
54,2,1
z591
31,1,1
z2854
47,1,1
/554
66,2,1
z2036
46,1,1
z1972
40,1,1
/437
63,2,1
z719
34,1,1
/368
64,2,1
z1182
36,1,1
/480
58,2,1
z924
33,1,1
/405
52,2,1
/548
48,1,1
/956
56,2,1
/713
59,2,1
/614
69,2,1
/1101
53,2,1
/732
65,2,1
/1243
43,1,1
z913
61,2,1
/1751
60,2,1
z935
51,2,1
/476
67,2,1
/486
55,2,1
z1421
39,1,1
z629
50,1,1
/553
62,2,1
z1630
44,1,1
/860
49,1,1
z641
38,1,1
/563
45,1,1
z728
42,1,1
z591
32,1,1
z698
41,1,1
/435
68,2,1
/437
70,2,1
z744
35,1,1
z587
37,1,1
/17598
0,0,0
z2030
48,1,1
/867
68,2,1
/4552
46,1,1
z4249
53,2,1
z569
37,1,1
z861
43,1,1
z735
33,1,1
z552
31,1,1
/447
63,2,1
/2697
41,1,1
/448
64,2,1
z607
40,1,1
/442
65,2,1
/662
61,2,1
/893
55,2,1
/2289
54,2,1
/598
58,2,1
/452
59,2,1
z462
34,1,1
/810
57,2,1
/603
70,2,1
z536
32,1,1
z729
36,1,1
/583
52,2,1
/2318
49,1,1
z2499
42,1,1
/1952
62,2,1
z648
47,1,1
/409
67,2,1
z787
38,1,1
z2564
51,2,1
/573
66,2,1
/528
69,2,1
/584
56,2,1
z1254
44,1,1
z2069
45,1,1
z1424
50,1,1
z1088
39,1,1
/874
60,2,1
z1179
35,1,1
/975
0,0,0
z4075
56,2,1
z1268
43,1,1
/439
61,2,1
/370
70,2,1
z2284
48,1,1
/397
68,2,1
/594
63,2,1
/589
60,2,1
/671
55,2,1
z497
37,1,1
/1211
58,2,1
/488
49,1,1
z1051
42,1,1
/424
69,2,1
z1069
39,1,1
z754
47,1,1
/2007
64,2,1
z1424
41,1,1
z641
45,1,1
/1804
57,2,1
/509
65,2,1
z1049
34,1,1
z1563
50,1,1
z500
44,1,1
z2923
52,2,1
z770
35,1,1
/572
62,2,1
z603
32,1,1
z543
36,1,1
/691
67,2,1
z2066
46,1,1
z476
33,1,1
z450
31,1,1
/449
66,2,1
/438
51,2,1
z728
40,1,1
/496
54,2,1
/715
53,2,1
z568
38,1,1
/478
59,2,1
/949
0,0,0
z3324
49,1,1
z1311
39,1,1
z1035
34,1,1
/497
65,2,1
/458
44,1,1
/372
68,2,1
z1314
38,1,1
/462
66,2,1
z860
33,1,1
z693
35,1,1
z4309
40,1,1
z1133
50,1,1
z1543
46,1,1
/440
63,2,1
/322
67,2,1
/608
61,2,1
z525
32,1,1
/565
59,2,1
/519
55,2,1
/972
62,2,1
z441
36,1,1
/512
60,2,1
z522
43,1,1
z811
37,1,1
/774
54,2,1
z1275
57,2,1
z641
52,2,1
z741
45,1,1
z916
41,1,1
/435
69,2,1
/445
70,2,1
/560
53,2,1
/442
64,2,1
/1826
51,2,1
z504
42,1,1
z427
31,1,1
z4301
48,1,1
z1661
47,1,1
/463
56,2,1
/440
58,2,1
/668
0,0,0
/666
62,2,1
/674
57,2,1
z570
32,1,1
z693
43,1,1
/500
49,1,1
/463
66,2,1
z638
35,1,1
/906
53,2,1
/435
63,2,1
/474
61,2,1
z1076
44,1,1
z5150
51,2,1
z674
40,1,1
/513
70,2,1
z469
38,1,1
z783
46,1,1
z462
36,1,1
/508
56,2,1
/1133
67,2,1
z961
37,1,1
z488
33,1,1
/565
64,2,1
/541
65,2,1
/494
55,2,1
/401
69,2,1
z493
41,1,1
/483
58,2,1
/481
60,2,1
z3388
52,2,1
z2269
45,1,1
z639
48,1,1
z533
47,1,1
z2512
54,2,1
/488
68,2,1
z1782
42,1,1
z1088
31,1,1
/1055
59,2,1
z549
39,1,1
/1074
50,1,1
z2450
34,1,1
/873
0,0,0
/580
69,2,1
/624
58,2,1
z510
39,1,1
z764
49,1,1
/1029
48,1,1
z598
31,1,1
z3338
41,1,1
z475
38,1,1
/468
67,2,1
/538
63,2,1
z519
40,1,1
/1862
55,2,1
z1758
51,2,1
/4285
53,2,1
/634
61,2,1
/1309
59,2,1
/1026
62,2,1
z2313
57,2,1
z674
47,1,1
z1451
46,1,1
z615
36,1,1
z671
34,1,1
/471
66,2,1
/544
56,2,1
/424
64,2,1
z3647
37,1,1
/1155
70,2,1
/1289
54,2,1
z2424
52,2,1
/1207
50,1,1
z4038
44,1,1
z515
33,1,1
z576
43,1,1
z505
35,1,1
/484
60,2,1
/361
65,2,1
z4369
45,1,1
z2672
42,1,1
z617
32,1,1
/465
68,2,1
/803
0,0,0
z2602
47,1,1
z566
32,1,1
/854
65,2,1
z1118
45,1,1
z632
35,1,1
z729
39,1,1
/609
69,2,1
z2050
46,1,1
/553
70,2,1
/2881
49,1,1
z653
48,1,1
/707
62,2,1
z1958
50,1,1
z668
36,1,1
/658
54,2,1
z886
37,1,1
z738
33,1,1
z446
43,1,1
/545
68,2,1
/430
66,2,1
/426
67,2,1
/1164
58,2,1
/666
60,2,1
/477
57,2,1
z622
41,1,1
z737
42,1,1
z2000
53,2,1
z2775
59,2,1
z635
31,1,1
z2292
44,1,1
z1157
40,1,1
z5053
52,2,1
/973
61,2,1
/1662
63,2,1
z561
56,2,1
/2464
64,2,1
/2101
55,2,1
z821
34,1,1
z1947
51,2,1
z678
38,1,1
/676
0,0,0
/764
68,2,1
/424
70,2,1
z943
39,1,1
z760
42,1,1
/3901
59,2,1
z744
40,1,1
z4919
57,2,1
/686
66,2,1
z1417
37,1,1
/1479
64,2,1
/1057
61,2,1
z1573
44,1,1
z591
31,1,1
z515
32,1,1
z401
36,1,1
/2111
63,2,1
z518
41,1,1
/547
67,2,1
z1045
35,1,1
z907
48,1,1
/1289
52,2,1
/505
69,2,1
z5606
56,2,1
z626
47,1,1
z1106
53,2,1
z409
34,1,1
z2680
51,2,1
/2694
60,2,1
z797
49,1,1
z1401
50,1,1
/570
65,2,1
/2310
55,2,1
/1384
58,2,1
z680
54,2,1
z1075
62,2,1
z2373
46,1,1
z522
38,1,1
z1018
43,1,1
z493
33,1,1
z2221
45,1,1
/1073
0,0,0
z1861
38,1,1
z526
35,1,1
z1291
37,1,1
z2668
50,1,1
z1630
32,1,1
/576
65,2,1
z3325
45,1,1
z1478
44,1,1
/606
70,2,1
/815
69,2,1
z1336
40,1,1
/642
63,2,1
/4390
57,2,1
z1061
55,2,1
z1489
39,1,1
z2307
53,2,1
z2603
51,2,1
/935
66,2,1
z3109
49,1,1
z1292
41,1,1
/750
62,2,1
/567
67,2,1
/624
64,2,1
z639
42,1,1
/1681
61,2,1
/919
54,2,1
z1041
31,1,1
/819
68,2,1
z1220
33,1,1
z2120
52,2,1
/2413
58,2,1
z728
34,1,1
z3226
56,2,1
z1029
43,1,1
z1649
47,1,1
z741
46,1,1
z5068
60,2,1
/1773
59,2,1
z3992
48,1,1
z563
36,1,1
/2611
0,0,0
z780
47,1,1
z1998
54,2,1
z1402
43,1,1
/644
68,2,1
z889
53,2,1
z585
31,1,1
z651
42,1,1
z2639
51,2,1
z848
35,1,1
/1587
57,2,1
z1459
52,2,1
/509
69,2,1
z481
49,1,1
/872
55,2,1
/592
59,2,1
/488
62,2,1
z491
39,1,1
/434
64,2,1
/923
65,2,1
/924
63,2,1
z632
44,1,1
/1029
66,2,1
z593
41,1,1
/1485
56,2,1
z1895
50,1,1
z777
37,1,1
z490
36,1,1
z454
40,1,1
z1395
45,1,1
/933
48,1,1
/2081
58,2,1
z531
32,1,1
/681
70,2,1
z1255
33,1,1
z1029
38,1,1
z1427
46,1,1
z742
34,1,1
/1344
67,2,1
/462
61,2,1
/655
60,2,1
/1677
0,0,0
z2451
50,1,1
z604
32,1,1
/542
69,2,1
/831
57,2,1
/475
65,2,1
/555
70,2,1
/724
64,2,1
z2170
43,1,1
z481
39,1,1
z1498
55,2,1
z501
41,1,1
/1200
59,2,1
/1883
63,2,1
z2372
46,1,1
/4723
56,2,1
z657
47,1,1
/674
62,2,1
z1437
49,1,1
z556
45,1,1
z1157
48,1,1
z4729
53,2,1
/526
61,2,1
z630
34,1,1
z414
38,1,1
z474
44,1,1
z2008
52,2,1
z610
42,1,1
z3195
51,2,1
z1047
37,1,1
z2595
35,1,1
z838
33,1,1
z828
40,1,1
z764
36,1,1
/1997
54,2,1
/458
68,2,1
/397
67,2,1
/3828
60,2,1
/459
58,2,1
z476
31,1,1
/573
66,2,1
/1249
0,0,0
z1116
47,1,1
/555
59,2,1
/706
55,2,1
z1977
45,1,1
/515
65,2,1
/506
67,2,1
/535
53,2,1
z510
42,1,1
/3379
52,2,1
z582
40,1,1
z376
34,1,1
z484
31,1,1
/553
64,2,1
/950
57,2,1
/947
61,2,1
/2532
51,2,1
/518
68,2,1
z1920
33,1,1
z1292
32,1,1
/579
66,2,1
z695
39,1,1
/1653
58,2,1
z1618
35,1,1
z664
36,1,1
z743
43,1,1
z603
37,1,1
z1716
50,1,1
z1753
49,1,1
z663
41,1,1
/1128
63,2,1
z610
44,1,1
/877
62,2,1
/607
70,2,1
/666
60,2,1
z1003
56,2,1
z1123
38,1,1
/480
69,2,1
z516
46,1,1
z801
54,2,1
z646
48,1,1
/842
0,0,0
/1753
60,2,1
z661
38,1,1
/572
63,2,1
z540
32,1,1
z722
52,2,1
/996
57,2,1
z628
48,1,1
z609
34,1,1
z745
43,1,1
z1874
53,2,1
z2659
50,1,1
/684
68,2,1
/753
59,2,1
z563
31,1,1
/605
69,2,1
/542
61,2,1
z2031
41,1,1
z2390
45,1,1
z1413
47,1,1
z1932
39,1,1
/526
67,2,1
/1346
55,2,1
z1284
49,1,1
/1078
66,2,1
/575
65,2,1
z1206
51,2,1
z1292
36,1,1
z2473
37,1,1
/575
64,2,1
z577
44,1,1
z559
42,1,1
/464
62,2,1
z936
35,1,1
/602
56,2,1
z614
40,1,1
z425
33,1,1
z1143
46,1,1
z3965
54,2,1
/440
70,2,1
/635
58,2,1
/789
0,0,0
z825
44,1,1
z401
36,1,1
/525
64,2,1
/1033
57,2,1
/765
54,2,1
/485
69,2,1
/994
58,2,1
/594
65,2,1
z473
31,1,1
/3083
66,2,1
/1006
67,2,1
z453
34,1,1
z558
49,1,1
z537
43,1,1
z514
38,1,1
/812
63,2,1
z537
35,1,1
z1461
48,1,1
/1205
61,2,1
z2380
52,2,1
z1396
37,1,1
z507
32,1,1
z608
42,1,1
z1834
50,1,1
z559
45,1,1
z754
53,2,1
z3373
56,2,1
/4207
60,2,1
z3345
41,1,1
z485
40,1,1
/501
70,2,1
/1086
59,2,1
/994
62,2,1
z1683
46,1,1
z659
33,1,1
/875
68,2,1
z1550
47,1,1
z838
55,2,1
z630
39,1,1
z916
51,2,1
/1135
0,0,0
z559
40,1,1
/1069
57,2,1
/767
65,2,1
z694
46,1,1
z2408
59,2,1
z2447
54,2,1
z496
32,1,1
/1947
61,2,1
z1193
53,2,1
z614
43,1,1
z836
37,1,1
z479
38,1,1
z1113
49,1,1
z3705
52,2,1
z3007
58,2,1
/1316
68,2,1
/582
67,2,1
z725
48,1,1
z1084
41,1,1
z1760
51,2,1
/1835
69,2,1
z1237
47,1,1
z513
36,1,1
/564
70,2,1
/376
64,2,1
z528
31,1,1
/678
55,2,1
z890
50,1,1
z1880
56,2,1
/2604
63,2,1
z466
34,1,1
z513
33,1,1
z1472
44,1,1
z687
35,1,1
z719
39,1,1
/1241
62,2,1
z2989
42,1,1
/575
66,2,1
/596
60,2,1
z1422
45,1,1
/5959
0,0,0
/1083
62,2,1
z1375
49,1,1
z1033
41,1,1
/548
69,2,1
/598
67,2,1
/526
59,2,1
z594
48,1,1
z1148
45,1,1
z3217
36,1,1
/798
52,2,1
/2561
63,2,1
z528
31,1,1
/515
70,2,1
z2079
35,1,1
z1008
64,2,1
z2243
55,2,1
/1103
61,2,1
z3403
51,2,1
z572
44,1,1
z1010
46,1,1
z3071
60,2,1
z1045
42,1,1
z635
47,1,1
z568
32,1,1
z699
38,1,1
z2256
50,1,1
z567
34,1,1
z1667
43,1,1
/1534
58,2,1
/563
68,2,1
z1166
57,2,1
z1776
56,2,1
z557
37,1,1
/1423
66,2,1
/2094
54,2,1
z494
39,1,1
/1452
65,2,1
z710
40,1,1
z759
53,2,1
/646
33,1,1
/3682
0,0,0
z1768
35,1,1
z1196
44,1,1
z617
34,1,1
z524
33,1,1
/581
61,2,1
z842
39,1,1
z692
45,1,1
/1046
70,2,1
z780
41,1,1
z530
32,1,1
/3572
66,2,1
/1008
67,2,1
/797
59,2,1
z1220
53,2,1
z1360
46,1,1
z1674
65,2,1
z606
58,2,1
z508
36,1,1
z1269
56,2,1
/4091
57,2,1
z505
43,1,1
/2064
68,2,1
z812
48,1,1
z459
40,1,1
/3565
60,2,1
z1588
52,2,1
z629
47,1,1
z1833
51,2,1
z3683
49,1,1
/566
69,2,1
z1950
55,2,1
/846
63,2,1
/655
62,2,1
z536
54,2,1
z482
31,1,1
z443
38,1,1
z390
42,1,1
z381
37,1,1
/760
50,1,1
/500
64,2,1
/2327
0,0,0
z719
32,1,1
z3132
47,1,1
z437
50,1,1
z977
56,2,1
/995
60,2,1
z1069
53,2,1
z489
35,1,1
/983
57,2,1
/1802
61,2,1
z2073
48,1,1
/592
69,2,1
z520
36,1,1
z542
41,1,1
z519
34,1,1
z559
54,2,1
z665
51,2,1
z507
31,1,1
z473
39,1,1
z552
33,1,1
/1204
55,2,1
z1356
45,1,1
z538
38,1,1
/1422
58,2,1
/596
70,2,1
/506
66,2,1
/496
49,1,1
/539
59,2,1
z1216
43,1,1
z803
37,1,1
/629
67,2,1
z906
46,1,1
z1357
44,1,1
/667
65,2,1
/501
62,2,1
z967
42,1,1
/1162
52,2,1
/1345
63,2,1
z796
40,1,1
/653
64,2,1
/564
68,2,1
/610
0,0,0
z2317
51,2,1
z2028
41,1,1
z518
32,1,1
/1538
61,2,1
/495
68,2,1
z720
42,1,1
z671
45,1,1
z699
50,1,1
z462
43,1,1
z3020
52,2,1
z475
46,1,1
z633
55,2,1
/618
70,2,1
/909
56,2,1
z476
33,1,1
z525
38,1,1
/489
64,2,1
z1016
40,1,1
/1280
63,2,1
/1197
57,2,1
z660
44,1,1
z1147
49,1,1
z732
36,1,1
/800
66,2,1
/1642
54,2,1
/472
69,2,1
z472
31,1,1
z1188
37,1,1
/593
60,2,1
/1616
58,2,1
/548
65,2,1
/1552
62,2,1
/1388
39,1,1
z2799
67,2,1
z4001
47,1,1
z569
34,1,1
/938
59,2,1
z3313
53,2,1
z655
48,1,1
z733
35,1,1
/1045
0,0,0
z760
42,1,1
/1317
58,2,1
/1549
63,2,1
z775
43,1,1
z1029
49,1,1
z1165
41,1,1
z465
35,1,1
/800
61,2,1
z1005
47,1,1
/846
59,2,1
/1989
54,2,1
/990
52,2,1
z907
40,1,1
/552
70,2,1
z901
45,1,1
z1091
33,1,1
z772
46,1,1
/505
60,2,1
z468
31,1,1
z905
37,1,1
z627
56,2,1
z1014
32,1,1
z677
38,1,1
z2933
53,2,1
z1279
44,1,1
/775
57,2,1
/444
62,2,1
z531
39,1,1
/530
68,2,1
/481
64,2,1
z542
55,2,1
z689
50,1,1
/710
51,2,1
/513
65,2,1
z553
48,1,1
z734
36,1,1
/483
66,2,1
/434
69,2,1
/379
67,2,1
z461
34,1,1
/730
0,0,0
/1233
55,2,1
z1402
37,1,1
/1189
60,2,1
/541
57,2,1
z919
56,2,1
z1605
50,1,1
z1430
51,2,1
z522
35,1,1
z489
38,1,1
/932
62,2,1
z3586
47,1,1
z486
44,1,1
z650
32,1,1
z712
45,1,1
z1066
34,1,1
z643
48,1,1
/658
67,2,1
/412
66,2,1
z914
46,1,1
z765
36,1,1
/524
52,2,1
/1376
63,2,1
/515
69,2,1
/606
64,2,1
z563
33,1,1
z637
40,1,1
/457
61,2,1
z485
39,1,1
/392
68,2,1
/1204
58,2,1
/600
65,2,1
z398
31,1,1
/813
49,1,1
z739
42,1,1
/472
59,2,1
/381
70,2,1
z547
41,1,1
z618
43,1,1
/942
54,2,1
/789
53,2,1
/702
0,0,0
z2044
49,1,1
/1056
53,2,1
/634
70,2,1
/572
57,2,1
/464
67,2,1
z1653
55,2,1
z525
37,1,1
z623
32,1,1
z1217
46,1,1
z495
36,1,1
z599
43,1,1
z1311
42,1,1
/774
63,2,1
/1197
45,1,1
/588
60,2,1
z989
47,1,1
z511
39,1,1
/577
62,2,1
/367
66,2,1
z4809
40,1,1
z924
52,2,1
/540
65,2,1
z1203
34,1,1
z1287
41,1,1
z919
44,1,1
z656
31,1,1
z558
38,1,1
/575
69,2,1
/549
51,2,1
/773
50,1,1
/628
59,2,1
/490
64,2,1
/1448
56,2,1
/630
68,2,1
z528
35,1,1
/490
48,1,1
/1425
58,2,1
z378
33,1,1
/733
61,2,1
/801
54,2,1
/700
0,0,0
/2510
56,2,1
z1795
46,1,1
z3840
54,2,1
/455
70,2,1
z554
38,1,1
z1826
48,1,1
z533
31,1,1
/1417
64,2,1
/547
62,2,1
z686
34,1,1
z1220
40,1,1
/1378
49,1,1
z2362
51,2,1
z956
44,1,1
z554
42,1,1
z545
32,1,1
/677
57,2,1
/410
67,2,1
/690
55,2,1
/669
52,2,1
/741
61,2,1
z771
43,1,1
/812
65,2,1
z1318
35,1,1
/577
66,2,1
/663
69,2,1
z1010
39,1,1
z878
53,2,1
/2731
50,1,1
z541
37,1,1
/798
60,2,1
z546
41,1,1
z590
36,1,1
/760
59,2,1
z1602
45,1,1
/560
63,2,1
/1954
58,2,1
z457
33,1,1
/499
68,2,1
/4528
47,1,1
/17268
0,0,0
z5096
45,1,1
/976
62,2,1
z652
37,1,1
z1003
40,1,1
/1052
50,1,1
z1115
47,1,1
z875
46,1,1
z476
33,1,1
/2229
56,2,1
z1725
44,1,1
/725
57,2,1
z923
39,1,1
z1059
36,1,1
/473
70,2,1
z2591
48,1,1
z536
35,1,1
/476
69,2,1
/444
65,2,1
/796
63,2,1
/622
51,2,1
/831
49,1,1
/686
55,2,1
/854
64,2,1
z792
42,1,1
/724
67,2,1
z480
32,1,1
z412
54,2,1
z658
53,2,1
z827
38,1,1
/519
58,2,1
z1397
41,1,1
z526
31,1,1
/952
59,2,1
/535
68,2,1
/847
60,2,1
z1974
43,1,1
/628
66,2,1
/931
52,2,1
/569
61,2,1
z589
34,1,1
/899
0,0,0
z3685
40,1,1
/613
68,2,1
z1692
41,1,1
z1130
48,1,1
/1340
60,2,1
z1409
46,1,1
z1598
57,2,1
z417
37,1,1
z1010
42,1,1
/925
62,2,1
z660
35,1,1
/497
65,2,1
z569
38,1,1
z1237
47,1,1
z496
31,1,1
/690
54,2,1
/474
59,2,1
/637
63,2,1
/546
55,2,1
z489
34,1,1
/583
66,2,1
/428
56,2,1
z896
50,1,1
z1234
49,1,1
/615
61,2,1
/530
67,2,1
z1424
44,1,1
/800
64,2,1
/707
52,2,1
/677
51,2,1
/523
69,2,1
z882
32,1,1
z417
36,1,1
z897
43,1,1
/528
70,2,1
z695
39,1,1
z515
33,1,1
/2057
58,2,1
/1311
53,2,1
z950
45,1,1
/728
0,0,0
z1170
39,1,1
z581
51,2,1
z1186
55,2,1
z1668
34,1,1
/514
70,2,1
/1041
60,2,1
/896
62,2,1
/1036
69,2,1
/588
65,2,1
z2210
49,1,1
z798
53,2,1
z1517
41,1,1
/1132
54,2,1
z1289
50,1,1
/983
64,2,1
z959
43,1,1
z779
36,1,1
z2279
45,1,1
/521
68,2,1
z1379
52,2,1
/679
61,2,1
/624
63,2,1
z512
37,1,1
z489
35,1,1
z545
38,1,1
/680
58,2,1
/1690
59,2,1
/1099
56,2,1
z627
48,1,1
z1365
46,1,1
z579
44,1,1
z544
47,1,1
z462
32,1,1
z1654
42,1,1
z556
31,1,1
z860
33,1,1
/1755
57,2,1
z1175
40,1,1
/697
66,2,1
/537
67,2,1
/658
0,0,0
z1198
47,1,1
/681
68,2,1
z2452
39,1,1
z442
42,1,1
z799
51,2,1
/501
60,2,1
/491
62,2,1
/731
55,2,1
z756
49,1,1
/620
56,2,1
z544
34,1,1
z531
41,1,1
/474
70,2,1
z1057
46,1,1
z825
45,1,1
z570
36,1,1
z937
33,1,1
/1607
50,1,1
/548
57,2,1
/1143
58,2,1
z1819
40,1,1
z494
38,1,1
/841
61,2,1
/403
63,2,1
z819
44,1,1
z978
54,2,1
/705
69,2,1
z498
37,1,1
z675
43,1,1
/750
66,2,1
/432
64,2,1
/423
67,2,1
z426
32,1,1
/1954
59,2,1
z898
31,1,1
z1352
52,2,1
/1032
48,1,1
/511
65,2,1
z2078
53,2,1
z980
35,1,1
/882
0,0,0
z679
36,1,1
z1641
32,1,1
z612
57,2,1
/1106
58,2,1
/1064
44,1,1
z624
37,1,1
/685
56,2,1
z881
45,1,1
/646
61,2,1
/563
66,2,1
/1279
52,2,1
z812
48,1,1
/836
62,2,1
z627
50,1,1
z875
38,1,1
/661
64,2,1
/1535
63,2,1
/807
53,2,1
/478
69,2,1
z2880
51,2,1
z750
39,1,1
/909
59,2,1
z690
31,1,1
/988
60,2,1
z530
33,1,1
/500
70,2,1
z703
35,1,1
z439
41,1,1
z427
40,1,1
z2605
55,2,1
/832
54,2,1
/643
65,2,1
/596
68,2,1
z660
47,1,1
z1219
49,1,1
/545
67,2,1
z669
43,1,1
z562
34,1,1
z1450
46,1,1
z553
42,1,1
/10965
0,0,0
/806
67,2,1
z691
49,1,1
/941
63,2,1
z1006
45,1,1
z630
40,1,1
z615
37,1,1
/593
57,2,1
z1208
34,1,1
/539
68,2,1
/618
62,2,1
/986
64,2,1
/662
53,2,1
z2093
54,2,1
/669
69,2,1
z1544
38,1,1
z1229
44,1,1
/706
70,2,1
z1257
36,1,1
/901
47,1,1
z1063
48,1,1
z1506
39,1,1
z1388
43,1,1
z919
52,2,1
z1059
42,1,1
z1752
46,1,1
/625
66,2,1
z605
33,1,1
/493
60,2,1
/455
65,2,1
z785
41,1,1
z667
32,1,1
z591
35,1,1
z2307
59,2,1
/714
61,2,1
/1669
55,2,1
z526
31,1,1
/1287
56,2,1
/2966
51,2,1
/576
58,2,1
/2144
50,1,1
/876
0,0,0
/717
65,2,1
/437
68,2,1
z1060
39,1,1
z482
35,1,1
z865
41,1,1
/633
61,2,1
z1222
44,1,1
/569
70,2,1
z524
46,1,1
/1251
57,2,1
z2197
51,2,1
z1298
33,1,1
/997
62,2,1
z1099
40,1,1
/565
60,2,1
z1003
43,1,1
z552
38,1,1
z900
37,1,1
z378
42,1,1
z374
56,2,1
/812
64,2,1
z1496
47,1,1
/1171
54,2,1
/563
67,2,1
/1578
50,1,1
/776
52,2,1
z704
31,1,1
/636
58,2,1
/631
66,2,1
z896
32,1,1
z2508
49,1,1
z712
36,1,1
z1369
45,1,1
/553
55,2,1
z3253
48,1,1
/708
53,2,1
/437
69,2,1
/830
59,2,1
/442
63,2,1
z1344
34,1,1
END
Start of error log
End of error log
