/home/cogsys/aging/dtpbsy/dt16tl39b /home/cogsys/aging/dtpbsy/dt16bcy113
z29878
0,0,0
/2277
55,2,1
/922
65,2,1
/743
64,2,1
z1123
47,1,1
z713
53,2,1
z1074
48,1,1
/2017
66,2,1
/2227
57,2,1
/849
56,2,1
z612
43,1,1
z616
36,1,1
/3137
62,2,1
z619
42,1,1
z443
35,1,1
/622
63,2,1
/578
59,2,1
/483
68,2,1
z515
40,1,1
z599
45,1,1
/1018
60,2,1
z647
51,2,1
z626
31,1,1
z516
37,1,1
z511
32,1,1
/643
69,2,1
/541
58,2,1
/509
50,1,1
/531
61,2,1
z556
38,1,1
/1054
52,2,1
z975
46,1,1
z747
33,1,1
z2327
54,2,1
z553
41,1,1
z570
39,1,1
/636
67,2,1
/2037
44,1,1
z673
34,1,1
z747
49,1,1
/533
70,2,1
/1526
0,0,0
z774
37,1,1
/767
70,2,1
/414
56,2,1
/770
52,2,1
/448
61,2,1
/685
45,1,1
/1087
48,1,1
/655
60,2,1
/730
63,2,1
/641
62,2,1
z731
42,1,1
/2522
53,2,1
z1277
38,1,1
/918
59,2,1
z1256
46,1,1
z718
47,1,1
z2007
51,2,1
/704
69,2,1
/396
57,2,1
/353
65,2,1
/323
66,2,1
z1590
54,2,1
z1713
40,1,1
z458
41,1,1
z1001
50,1,1
z424
55,2,1
/498
58,2,1
/323
64,2,1
z679
34,1,1
z602
35,1,1
/570
67,2,1
z632
39,1,1
z489
36,1,1
z498
31,1,1
z958
49,1,1
z507
44,1,1
z787
32,1,1
/613
68,2,1
z571
33,1,1
z555
43,1,1
/1014
0,0,0
z900
33,1,1
z533
41,1,1
/374
70,2,1
/306
38,1,1
/406
50,1,1
z632
34,1,1
/734
58,2,1
/395
42,1,1
/449
47,1,1
/682
57,2,1
z493
39,1,1
z563
61,2,1
/705
69,2,1
z698
45,1,1
z1997
52,2,1
z764
35,1,1
z578
46,1,1
z614
37,1,1
z762
44,1,1
/1139
66,2,1
z695
32,1,1
/710
64,2,1
/791
59,2,1
/568
67,2,1
/536
68,2,1
/503
51,2,1
/499
60,2,1
/479
62,2,1
/484
54,2,1
z502
36,1,1
z504
31,1,1
z475
48,1,1
/827
49,1,1
/489
65,2,1
z762
43,1,1
/457
63,2,1
/706
55,2,1
/576
56,2,1
z2657
53,2,1
z536
40,1,1
/787
0,0,0
z3853
40,1,1
/1297
69,2,1
/590
68,2,1
z1276
38,1,1
/1266
53,2,1
z1479
52,2,1
z1640
47,1,1
z748
44,1,1
z1274
51,2,1
z598
50,1,1
z644
45,1,1
/583
67,2,1
z665
39,1,1
/789
35,1,1
z1824
32,1,1
z384
31,1,1
z497
34,1,1
z810
41,1,1
/826
62,2,1
/742
46,1,1
/519
56,2,1
/1129
42,1,1
z598
43,1,1
/1767
59,2,1
/489
36,1,1
/631
54,2,1
z2770
48,1,1
z505
55,2,1
/366
60,2,1
/788
49,1,1
/343
70,2,1
/496
66,2,1
z503
33,1,1
/503
65,2,1
/376
58,2,1
/306
63,2,1
z408
37,1,1
/368
61,2,1
/540
64,2,1
/353
57,2,1
/744
0,0,0
z3847
41,1,1
z501
34,1,1
z1129
35,1,1
/583
44,1,1
/801
49,1,1
/465
70,2,1
/394
51,2,1
z909
40,1,1
/1856
57,2,1
z1335
38,1,1
/1117
64,2,1
z900
33,1,1
z611
43,1,1
/769
46,1,1
/637
68,2,1
z1107
48,1,1
z716
37,1,1
z967
36,1,1
z898
53,2,1
z664
39,1,1
/486
60,2,1
/606
56,2,1
/552
62,2,1
/484
63,2,1
/828
66,2,1
/381
65,2,1
z506
31,1,1
z3418
32,1,1
/694
61,2,1
/631
55,2,1
/601
58,2,1
/417
59,2,1
z3832
50,1,1
z537
52,2,1
/438
69,2,1
z646
45,1,1
z410
42,1,1
z481
67,2,1
/476
47,1,1
z393
54,2,1
/761
0,0,0
z842
31,1,1
/469
69,2,1
/723
58,2,1
/670
52,2,1
/738
48,1,1
z787
41,1,1
/655
65,2,1
z674
32,1,1
/473
63,2,1
/449
43,1,1
z467
37,1,1
/580
60,2,1
z797
34,1,1
z941
39,1,1
/559
66,2,1
/796
61,2,1
z616
44,1,1
z1631
54,2,1
z1652
45,1,1
z4588
50,1,1
z634
57,2,1
z1254
56,2,1
/876
62,2,1
z963
46,1,1
z1575
42,1,1
z677
49,1,1
/705
33,1,1
z866
36,1,1
z378
64,2,1
/447
59,2,1
/294
55,2,1
/334
47,1,1
/329
68,2,1
z584
40,1,1
z696
38,1,1
z577
67,2,1
/690
70,2,1
z636
53,2,1
z638
51,2,1
z484
35,1,1
/776
0,0,0
/614
65,2,1
z552
41,1,1
/840
61,2,1
z1582
34,1,1
z3355
38,1,1
z790
37,1,1
z402
53,2,1
z485
57,2,1
/1018
51,2,1
z529
32,1,1
z4125
58,2,1
z670
59,2,1
z671
36,1,1
/504
64,2,1
/387
67,2,1
z678
45,1,1
z675
40,1,1
z2650
47,1,1
z398
46,1,1
z521
43,1,1
/695
68,2,1
z572
55,2,1
z753
31,1,1
z914
50,1,1
z1918
52,2,1
z1081
35,1,1
/805
62,2,1
z706
44,1,1
z3684
49,1,1
z596
54,2,1
/609
56,2,1
/396
69,2,1
z590
33,1,1
/881
60,2,1
z1145
42,1,1
/754
66,2,1
/556
39,1,1
/1025
48,1,1
/463
63,2,1
/483
70,2,1
/657
0,0,0
z484
51,2,1
z776
45,1,1
/500
35,1,1
/556
65,2,1
/357
69,2,1
/327
70,2,1
z725
33,1,1
/836
49,1,1
/487
57,2,1
/1668
54,2,1
z544
39,1,1
z499
43,1,1
z10648
48,1,1
z1277
52,2,1
z1476
31,1,1
/517
68,2,1
z410
34,1,1
z879
46,1,1
z799
50,1,1
/655
64,2,1
z557
36,1,1
z605
38,1,1
/951
53,2,1
/457
47,1,1
/895
61,2,1
/4890
60,2,1
/658
44,1,1
z583
37,1,1
z537
40,1,1
/653
67,2,1
/438
56,2,1
z730
41,1,1
/540
59,2,1
z427
42,1,1
/717
66,2,1
/600
55,2,1
/429
63,2,1
/338
58,2,1
/283
62,2,1
/272
32,1,1
/4662
0,0,0
z3087
40,1,1
z472
45,1,1
/807
53,2,1
/958
67,2,1
z2104
47,1,1
/1082
56,2,1
z1440
54,2,1
/416
70,2,1
/1163
57,2,1
z669
44,1,1
/535
64,2,1
z586
35,1,1
/575
66,2,1
z869
41,1,1
/1322
62,2,1
z973
42,1,1
z947
38,1,1
z462
48,1,1
/533
59,2,1
/379
60,2,1
z572
43,1,1
z1289
52,2,1
/1217
68,2,1
z933
36,1,1
/1012
63,2,1
z696
37,1,1
/498
69,2,1
z1311
46,1,1
z791
51,2,1
z598
55,2,1
z818
31,1,1
z986
34,1,1
z462
32,1,1
z541
65,2,1
/563
61,2,1
/402
49,1,1
/488
39,1,1
z474
33,1,1
/949
58,2,1
/540
50,1,1
z2537
0,0,0
z657
47,1,1
z4137
53,2,1
z689
45,1,1
z720
56,2,1
/1362
66,2,1
/334
51,2,1
z388
50,1,1
/309
37,1,1
z350
35,1,1
z552
34,1,1
/991
54,2,1
/808
61,2,1
/730
70,2,1
z3509
64,2,1
z893
44,1,1
/568
60,2,1
/593
63,2,1
z995
38,1,1
/7540
55,2,1
z760
46,1,1
z537
39,1,1
/945
68,2,1
z528
41,1,1
/514
58,2,1
z451
32,1,1
z585
31,1,1
z707
43,1,1
z584
36,1,1
z1039
40,1,1
/636
59,2,1
z1069
42,1,1
/394
62,2,1
z527
33,1,1
/499
69,2,1
/1012
67,2,1
/1512
52,2,1
z1495
49,1,1
/1057
65,2,1
z796
48,1,1
z659
57,2,1
/733
0,0,0
/817
61,2,1
z504
37,1,1
z501
45,1,1
z528
46,1,1
/1013
57,2,1
z738
44,1,1
z575
55,2,1
z870
51,2,1
/732
48,1,1
/1178
70,2,1
z595
33,1,1
z701
41,1,1
z442
36,1,1
/665
68,2,1
/616
60,2,1
z549
35,1,1
z552
50,1,1
z516
49,1,1
z1040
39,1,1
/761
56,2,1
/593
63,2,1
/569
59,2,1
/520
66,2,1
/429
53,2,1
/538
69,2,1
/475
54,2,1
z4487
40,1,1
z533
42,1,1
z506
43,1,1
z437
31,1,1
/429
47,1,1
z1062
32,1,1
z481
38,1,1
/979
58,2,1
/422
67,2,1
/476
65,2,1
/479
64,2,1
/460
52,2,1
z701
34,1,1
/814
62,2,1
/703
0,0,0
z4522
47,1,1
/1916
65,2,1
/751
58,2,1
z695
35,1,1
/719
63,2,1
/701
68,2,1
/2116
70,2,1
z450
39,1,1
z642
43,1,1
/1088
60,2,1
z492
33,1,1
z489
42,1,1
z553
64,2,1
/6108
56,2,1
z618
59,2,1
z798
54,2,1
z2287
49,1,1
z360
61,2,1
z1768
48,1,1
z562
31,1,1
/830
66,2,1
z696
57,2,1
z665
55,2,1
z4730
45,1,1
z672
51,2,1
z542
44,1,1
z407
50,1,1
z315
67,2,1
/206
40,1,1
z393
32,1,1
z1348
37,1,1
z512
38,1,1
z539
34,1,1
/1113
69,2,1
/693
62,2,1
z735
41,1,1
z1019
53,2,1
z713
36,1,1
z604
46,1,1
z427
52,2,1
/1044
0,0,0
z538
31,1,1
/548
51,2,1
z689
34,1,1
/536
70,2,1
/497
67,2,1
/871
58,2,1
/430
52,2,1
/365
64,2,1
z529
39,1,1
/549
57,2,1
z1030
45,1,1
/492
65,2,1
/928
69,2,1
z572
33,1,1
/439
60,2,1
/510
55,2,1
/1851
61,2,1
z2421
38,1,1
/1349
42,1,1
/10399
48,1,1
/450
49,1,1
/583
40,1,1
/2372
59,2,1
z787
41,1,1
z316
68,2,1
/787
62,2,1
z708
32,1,1
/1186
66,2,1
z786
56,2,1
z7021
53,2,1
z498
35,1,1
z3430
46,1,1
z604
37,1,1
z574
44,1,1
z829
36,1,1
/391
54,2,1
/358
63,2,1
/331
50,1,1
/694
43,1,1
z652
47,1,1
/742
0,0,0
z1935
57,2,1
z463
64,2,1
z584
38,1,1
z361
33,1,1
/682
56,2,1
z573
34,1,1
/738
59,2,1
z539
45,1,1
z917
37,1,1
z458
41,1,1
z486
44,1,1
z578
47,1,1
z653
65,2,1
/2970
62,2,1
/686
66,2,1
z658
36,1,1
z520
42,1,1
z557
39,1,1
z2721
43,1,1
z1093
48,1,1
z609
51,2,1
z4386
40,1,1
z4798
54,2,1
z1689
67,2,1
z609
31,1,1
z1177
63,2,1
z1044
55,2,1
/1351
53,2,1
/422
70,2,1
/307
52,2,1
z445
32,1,1
z433
50,1,1
/438
69,2,1
/321
60,2,1
z398
35,1,1
/424
58,2,1
/895
49,1,1
/480
61,2,1
z457
46,1,1
/677
68,2,1
z2611
0,0,0
z671
34,1,1
z597
43,1,1
z760
58,2,1
/600
66,2,1
/395
67,2,1
/329
54,2,1
/386
49,1,1
/329
48,1,1
z397
47,1,1
/790
56,2,1
/570
69,2,1
z509
41,1,1
z588
42,1,1
z449
62,2,1
z397
51,2,1
z486
52,2,1
z350
45,1,1
z369
61,2,1
/390
33,1,1
/540
50,1,1
z336
53,2,1
/439
64,2,1
/353
44,1,1
z750
38,1,1
/575
70,2,1
/317
60,2,1
z682
35,1,1
z465
40,1,1
/444
68,2,1
z1254
39,1,1
z605
31,1,1
/1745
57,2,1
/1250
55,2,1
/1041
59,2,1
z609
65,2,1
/9725
63,2,1
z1537
36,1,1
z615
46,1,1
z389
37,1,1
z389
32,1,1
z1283
0,0,0
/748
65,2,1
/1091
50,1,1
/802
68,2,1
/7050
62,2,1
/475
66,2,1
z522
54,2,1
z569
44,1,1
z634
51,2,1
z559
38,1,1
z478
57,2,1
z395
31,1,1
z3617
39,1,1
/3589
59,2,1
z1353
46,1,1
/549
60,2,1
/406
61,2,1
/636
53,2,1
z1502
34,1,1
z682
42,1,1
z855
48,1,1
/4596
56,2,1
z679
45,1,1
z660
36,1,1
z708
32,1,1
/712
69,2,1
/3336
63,2,1
/1268
52,2,1
/829
67,2,1
/1365
55,2,1
/705
64,2,1
z616
41,1,1
z497
33,1,1
z588
49,1,1
z459
43,1,1
z418
35,1,1
z494
37,1,1
z738
58,2,1
z464
40,1,1
/714
70,2,1
z1027
47,1,1
/852
0,0,0
z1329
31,1,1
z817
36,1,1
z528
67,2,1
/577
58,2,1
z600
44,1,1
z593
34,1,1
z1270
52,2,1
/1600
57,2,1
/905
63,2,1
/745
70,2,1
z854
46,1,1
z3866
42,1,1
z2206
39,1,1
/1197
61,2,1
z561
43,1,1
z588
35,1,1
/843
59,2,1
/809
64,2,1
z654
47,1,1
/730
50,1,1
/919
66,2,1
/613
55,2,1
/448
56,2,1
z501
41,1,1
z531
48,1,1
z547
38,1,1
z433
51,2,1
z409
62,2,1
/1057
69,2,1
z675
33,1,1
/1545
54,2,1
z565
32,1,1
/786
68,2,1
z880
40,1,1
z865
37,1,1
z353
65,2,1
z632
53,2,1
z574
60,2,1
z1405
45,1,1
z972
49,1,1
/36860
0,0,0
z703
45,1,1
z478
33,1,1
z440
31,1,1
z416
48,1,1
z380
38,1,1
z394
43,1,1
z377
44,1,1
z414
55,2,1
/531
46,1,1
/410
62,2,1
/410
66,2,1
z669
52,2,1
z649
49,1,1
/1077
58,2,1
z1409
54,2,1
/607
68,2,1
/1194
67,2,1
z725
35,1,1
/2174
64,2,1
/535
69,2,1
/594
59,2,1
/459
51,2,1
z405
41,1,1
z472
60,2,1
z709
47,1,1
z4428
39,1,1
z2267
65,2,1
z644
34,1,1
z448
53,2,1
/7641
61,2,1
z628
32,1,1
/917
56,2,1
/734
63,2,1
z1058
36,1,1
z823
50,1,1
z1856
40,1,1
z591
42,1,1
/972
70,2,1
z1674
37,1,1
/679
57,2,1
z749
0,0,0
z657
35,1,1
/748
59,2,1
/467
60,2,1
z387
37,1,1
z339
34,1,1
z393
42,1,1
/1533
49,1,1
z1067
33,1,1
z363
40,1,1
/409
64,2,1
z242
70,2,1
/423
54,2,1
z2298
46,1,1
z546
44,1,1
/1052
57,2,1
z2112
50,1,1
z436
51,2,1
/345
55,2,1
/315
67,2,1
z635
48,1,1
/484
56,2,1
/2693
45,1,1
z448
32,1,1
/812
58,2,1
/559
68,2,1
z572
31,1,1
z2094
47,1,1
z704
41,1,1
z606
38,1,1
z858
63,2,1
z5937
62,2,1
z1133
43,1,1
z565
65,2,1
/697
53,2,1
z749
61,2,1
z530
69,2,1
z857
52,2,1
z467
66,2,1
z845
39,1,1
z388
36,1,1
z705
0,0,0
z526
35,1,1
/683
68,2,1
z524
32,1,1
/403
56,2,1
z920
33,1,1
z789
57,2,1
/369
59,2,1
z789
44,1,1
z637
38,1,1
/974
49,1,1
z546
47,1,1
/479
50,1,1
z386
65,2,1
/536
66,2,1
/299
48,1,1
/318
64,2,1
/290
69,2,1
z395
31,1,1
/550
62,2,1
z640
45,1,1
/325
55,2,1
z1288
61,2,1
z1218
58,2,1
z496
40,1,1
/390
70,2,1
/593
67,2,1
z594
37,1,1
z524
46,1,1
z652
36,1,1
z1249
60,2,1
z2550
51,2,1
z562
42,1,1
/5787
52,2,1
z548
39,1,1
z750
53,2,1
/572
43,1,1
/641
63,2,1
z340
34,1,1
z417
41,1,1
z445
54,2,1
/596
0,0,0
z743
43,1,1
z356
63,2,1
/345
45,1,1
z450
38,1,1
z832
37,1,1
z1612
44,1,1
z1844
36,1,1
/581
69,2,1
/637
58,2,1
/810
65,2,1
/523
70,2,1
z718
57,2,1
z1142
49,1,1
z671
40,1,1
z717
35,1,1
z621
50,1,1
z766
42,1,1
z441
33,1,1
z751
31,1,1
z885
39,1,1
z822
51,2,1
z892
64,2,1
z583
47,1,1
z642
52,2,1
z620
68,2,1
z749
48,1,1
z849
56,2,1
/536
59,2,1
z794
32,1,1
z738
34,1,1
/1580
55,2,1
z698
62,2,1
/427
54,2,1
z421
41,1,1
/862
66,2,1
z726
46,1,1
/957
60,2,1
z654
67,2,1
/802
61,2,1
z553
53,2,1
/624
0,0,0
z746
45,1,1
z451
56,2,1
/467
59,2,1
z1053
39,1,1
/729
62,2,1
/587
67,2,1
z791
40,1,1
/781
58,2,1
z1527
33,1,1
/832
53,2,1
z460
64,2,1
/1037
47,1,1
z1051
37,1,1
/476
57,2,1
/2541
44,1,1
/5636
61,2,1
z3007
35,1,1
z471
32,1,1
/555
68,2,1
/599
69,2,1
z1070
38,1,1
z486
49,1,1
z401
54,2,1
/694
60,2,1
z386
43,1,1
/732
63,2,1
z416
70,2,1
/553
65,2,1
z573
48,1,1
/533
66,2,1
z457
36,1,1
z508
34,1,1
z629
46,1,1
/1142
55,2,1
z1089
51,2,1
z731
52,2,1
z426
31,1,1
z448
41,1,1
z493
42,1,1
/334
50,1,1
z905
0,0,0
/1755
66,2,1
z509
42,1,1
z524
45,1,1
z447
41,1,1
z706
51,2,1
/673
68,2,1
/388
63,2,1
z539
49,1,1
/361
34,1,1
z303
38,1,1
z262
69,2,1
/553
64,2,1
z987
36,1,1
/653
70,2,1
/733
65,2,1
z872
47,1,1
z2668
39,1,1
z671
33,1,1
z2182
44,1,1
/11931
67,2,1
z745
59,2,1
z4457
55,2,1
z729
62,2,1
z646
32,1,1
z2391
48,1,1
/1477
40,1,1
z9531
31,1,1
/1037
50,1,1
/561
60,2,1
/1153
61,2,1
z622
43,1,1
z758
56,2,1
z665
37,1,1
/701
58,2,1
/497
52,2,1
/390
54,2,1
/387
57,2,1
z437
35,1,1
/482
46,1,1
/358
53,2,1
/499
0,0,0
z590
43,1,1
/601
51,2,1
z506
33,1,1
/640
54,2,1
z607
38,1,1
/578
46,1,1
/430
62,2,1
/343
50,1,1
/350
45,1,1
/334
34,1,1
/732
63,2,1
/569
52,2,1
z561
40,1,1
/833
64,2,1
/506
53,2,1
z1076
41,1,1
/707
68,2,1
/3471
58,2,1
/492
65,2,1
z470
31,1,1
/551
59,2,1
/714
55,2,1
z1802
56,2,1
z756
42,1,1
z1202
49,1,1
/719
69,2,1
z3209
70,2,1
/467
48,1,1
z621
57,2,1
z555
32,1,1
/494
35,1,1
/762
61,2,1
/305
67,2,1
/358
66,2,1
z648
47,1,1
/521
60,2,1
z1025
37,1,1
z656
44,1,1
z730
36,1,1
z487
39,1,1
/742
0,0,0
z763
35,1,1
z537
44,1,1
z1577
42,1,1
z1272
47,1,1
z2946
41,1,1
/936
54,2,1
/671
58,2,1
/620
57,2,1
/917
63,2,1
z834
48,1,1
z528
40,1,1
/1740
49,1,1
z590
52,2,1
/1038
65,2,1
/1173
70,2,1
z711
31,1,1
z2507
69,2,1
z4152
45,1,1
z698
46,1,1
z1011
59,2,1
z3089
39,1,1
/614
64,2,1
/499
53,2,1
z508
37,1,1
z418
38,1,1
/610
61,2,1
z696
43,1,1
z485
55,2,1
z749
32,1,1
/706
50,1,1
z603
33,1,1
/555
66,2,1
z529
36,1,1
z481
34,1,1
/658
56,2,1
/761
67,2,1
/438
68,2,1
/446
60,2,1
/882
62,2,1
z655
51,2,1
z663
0,0,0
z658
40,1,1
z3278
49,1,1
z471
62,2,1
/811
33,1,1
z279
69,2,1
z748
35,1,1
z711
45,1,1
z799
55,2,1
/716
68,2,1
z1421
36,1,1
/1072
60,2,1
/593
43,1,1
z2992
51,2,1
z2548
34,1,1
/1081
65,2,1
z714
48,1,1
/1203
64,2,1
/1017
61,2,1
z948
47,1,1
z10807
59,2,1
z677
67,2,1
z6043
66,2,1
z793
31,1,1
z901
56,2,1
z619
50,1,1
z889
52,2,1
z615
46,1,1
z464
38,1,1
/519
57,2,1
/467
42,1,1
/486
70,2,1
/562
58,2,1
/519
44,1,1
z492
32,1,1
z555
39,1,1
/1311
54,2,1
z636
41,1,1
/898
63,2,1
z450
37,1,1
z675
53,2,1
z2807
0,0,0
z867
33,1,1
/757
55,2,1
z497
38,1,1
/649
50,1,1
/1086
53,2,1
/932
68,2,1
z469
31,1,1
z759
64,2,1
z448
70,2,1
z724
66,2,1
z743
61,2,1
z639
40,1,1
z716
62,2,1
/2385
36,1,1
/615
45,1,1
/749
39,1,1
/535
59,2,1
/586
41,1,1
/507
60,2,1
/483
58,2,1
z1599
47,1,1
/589
52,2,1
/727
54,2,1
z596
51,2,1
/3254
67,2,1
/2225
42,1,1
/802
69,2,1
z336
32,1,1
z362
49,1,1
/461
63,2,1
z1343
48,1,1
z2006
44,1,1
z492
46,1,1
z457
43,1,1
z559
35,1,1
z467
56,2,1
z538
34,1,1
z363
37,1,1
z397
57,2,1
z442
65,2,1
z1420
0,0,0
z499
45,1,1
/605
60,2,1
/538
50,1,1
/418
69,2,1
z438
44,1,1
/1155
57,2,1
z404
49,1,1
/905
55,2,1
z1542
52,2,1
/700
68,2,1
z788
51,2,1
z530
33,1,1
z457
36,1,1
z598
37,1,1
z1517
47,1,1
z1883
41,1,1
z909
53,2,1
z556
38,1,1
z447
46,1,1
/726
66,2,1
z757
31,1,1
/885
56,2,1
z740
34,1,1
/599
62,2,1
/1277
70,2,1
z534
35,1,1
z1123
48,1,1
/867
63,2,1
/1070
61,2,1
/1280
59,2,1
z640
32,1,1
/1175
67,2,1
z589
40,1,1
z1619
58,2,1
z744
39,1,1
/831
54,2,1
/3716
65,2,1
z771
43,1,1
z11380
42,1,1
/1215
64,2,1
z1285
0,0,0
/835
66,2,1
z1229
51,2,1
/2898
70,2,1
/653
33,1,1
/554
64,2,1
z634
45,1,1
/525
55,2,1
z783
42,1,1
z497
40,1,1
z365
46,1,1
/387
58,2,1
z526
39,1,1
/1596
54,2,1
z1270
47,1,1
/962
63,2,1
z7663
50,1,1
z736
49,1,1
z738
37,1,1
z6222
36,1,1
/580
68,2,1
z513
34,1,1
z1972
69,2,1
z705
35,1,1
z591
56,2,1
z1559
48,1,1
/1249
59,2,1
/559
62,2,1
z918
44,1,1
z671
38,1,1
z730
52,2,1
z592
53,2,1
z853
60,2,1
z535
57,2,1
z513
41,1,1
z582
31,1,1
/750
65,2,1
z1251
43,1,1
/7892
61,2,1
z636
32,1,1
/814
67,2,1
z1041
0,0,0
z631
44,1,1
z526
32,1,1
z452
43,1,1
z1463
62,2,1
z616
33,1,1
/685
70,2,1
z495
56,2,1
/436
61,2,1
z344
42,1,1
z417
36,1,1
z1660
47,1,1
/414
60,2,1
/590
63,2,1
z569
46,1,1
/340
67,2,1
z424
54,2,1
z605
34,1,1
z5855
53,2,1
z628
59,2,1
z871
45,1,1
z798
49,1,1
/1685
57,2,1
/603
50,1,1
/403
58,2,1
z489
39,1,1
z517
41,1,1
/387
68,2,1
/705
55,2,1
z511
65,2,1
/460
40,1,1
z453
51,2,1
z703
35,1,1
/545
52,2,1
z621
31,1,1
z667
38,1,1
/869
69,2,1
/931
37,1,1
/604
64,2,1
/401
66,2,1
z1590
48,1,1
END
Start of error log
End of error log
