dt16tl53b dt16bcy143
 9541
0,0,0
z3055
36,1,1
z1207
42,1,1
z7530
53,2,1
z1051
41,1,1
z920
45,1,1
/1953
62,2,1
z722
31,1,1
z5034
54,2,1
z2004
59,2,1
z900
37,1,1
z611
44,1,1
z1233
38,1,1
/480
69,2,1
/512
61,2,1
/511
65,2,1
z633
35,1,1
z979
48,1,1
z841
56,2,1
/515
64,2,1
z583
43,1,1
z512
46,1,1
z921
57,2,1
z859
51,2,1
z575
39,1,1
/539
60,2,1
z595
50,1,1
z722
52,2,1
z702
47,1,1
/597
68,2,1
/528
67,2,1
/591
70,2,1
z509
33,1,1
z1278
32,1,1
/4820
63,2,1
z520
40,1,1
z557
49,1,1
z470
34,1,1
z787
58,2,1
/3226
66,2,1
z1535
55,2,1
 4497
0,0,0
z1507
40,1,1
/714
69,2,1
z489
35,1,1
z705
32,1,1
z23354
56,2,1
/517
70,2,1
z2118
58,2,1
z542
39,1,1
/566
64,2,1
z550
41,1,1
/773
65,2,1
z752
46,1,1
z606
42,1,1
z551
34,1,1
/445
61,2,1
z1336
49,1,1
z2055
54,2,1
/481
68,2,1
z7012
51,2,1
z2284
59,2,1
/1109
62,2,1
z620
31,1,1
z758
50,1,1
z524
37,1,1
/1104
66,2,1
/1129
57,2,1
z874
43,1,1
z692
47,1,1
z1035
36,1,1
z535
33,1,1
z540
45,1,1
z1096
48,1,1
z517
38,1,1
z725
52,2,1
/2481
60,2,1
/544
67,2,1
/559
63,2,1
z2259
55,2,1
z838
53,2,1
z710
44,1,1
 2666
0,0,0
z739
47,1,1
/663
69,2,1
z576
50,1,1
z644
37,1,1
z1058
35,1,1
z864
40,1,1
/613
63,2,1
z1248
52,2,1
/560
66,2,1
/614
61,2,1
z620
51,2,1
z879
32,1,1
z1593
46,1,1
/1480
70,2,1
/771
60,2,1
z737
38,1,1
z515
42,1,1
z515
34,1,1
z1049
36,1,1
z800
43,1,1
/4010
58,2,1
z4221
55,2,1
z2547
48,1,1
z566
31,1,1
/509
65,2,1
/463
64,2,1
z457
33,1,1
/409
68,2,1
z563
45,1,1
z984
56,2,1
/510
67,2,1
z1477
53,2,1
z529
41,1,1
z511
44,1,1
z845
59,2,1
z517
39,1,1
/669
62,2,1
/1041
54,2,1
z616
57,2,1
z614
49,1,1
 988
0,0,0
/1004
65,2,1
z2991
45,1,1
z500
42,1,1
z487
40,1,1
/970
63,2,1
z539
37,1,1
z2372
53,2,1
z683
46,1,1
z4976
39,1,1
/404
64,2,1
z652
38,1,1
z1681
41,1,1
z686
43,1,1
/1332
66,2,1
/9867
57,2,1
/949
52,2,1
z794
49,1,1
z666
36,1,1
/9998
51,2,1
/556
62,2,1
/714
61,2,1
/914
56,2,1
/707
60,2,1
z543
31,1,1
z801
35,1,1
z1060
48,1,1
/521
69,2,1
z502
33,1,1
z3049
50,1,1
/2412
55,2,1
/485
68,2,1
/399
67,2,1
z698
47,1,1
/2280
58,2,1
z514
32,1,1
z485
44,1,1
/784
59,2,1
z4409
54,2,1
/441
70,2,1
z483
34,1,1
 890
0,0,0
z1520
48,1,1
z669
32,1,1
z1434
35,1,1
z427
37,1,1
/650
68,2,1
z2610
36,1,1
/440
62,2,1
/538
59,2,1
z855
47,1,1
z1899
46,1,1
/637
63,2,1
z523
34,1,1
z1818
53,2,1
/514
65,1,1
z2562
33,1,1
/569
57,2,1
/574
58,2,1
z570
38,1,1
z734
39,1,1
z667
31,1,1
/545
61,2,1
/478
64,2,1
/719
56,2,1
/552
67,2,1
z569
41,1,1
/471
70,2,1
z634
40,1,1
/507
55,2,1
z1142
50,1,1
z1626
49,1,1
z696
45,1,1
z629
43,1,1
/2363
54,2,1
/460
69,2,1
/636
60,2,1
/2419
51,2,1
z532
42,1,1
z2022
52,2,1
z722
44,1,1
/512
66,2,1
 1791
0,0,0
z1723
37,1,1
z980
38,1,1
z767
31,1,1
z609
34,1,1
/642
61,2,1
/581
69,2,1
z528
32,1,1
/3892
48,1,1
z588
35,1,1
/433
64,2,1
z677
49,1,1
z661
33,1,1
/414
65,2,1
z730
46,1,1
/529
57,2,1
/597
59,2,1
/621
67,2,1
/601
70,2,1
z782
50,1,1
/584
54,2,1
z515
40,1,1
/524
66,2,1
z612
53,2,1
/537
58,2,1
z4126
55,2,1
z644
41,1,1
z608
43,1,1
/1200
62,2,1
/2019
51,2,1
/1157
52,2,1
z557
36,1,1
z919
44,1,1
/568
60,2,1
/570
63,2,1
z3663
47,1,1
/401
68,2,1
/6222
56,2,1
z464
39,1,1
z1707
45,1,1
z600
42,1,1
 829
0,0,0
z1915
50,1,1
z688
49,1,1
/468
65,2,1
/745
56,2,1
/2140
53,2,1
/768
62,2,1
z1275
48,1,1
z659
42,1,1
/451
69,2,1
/519
68,2,1
z676
55,2,1
/674
67,2,1
z481
31,1,1
z859
38,1,1
/1015
58,2,1
z569
37,1,1
/928
60,2,1
z513
35,1,1
/1124
54,2,1
z895
52,2,1
/789
61,2,1
z1324
51,2,1
/406
66,2,1
z581
47,1,1
z664
39,1,1
/591
64,2,1
z1129
57,2,1
z543
41,1,1
z483
45,1,1
/555
70,2,1
z435
33,1,1
z1433
46,1,1
/647
59,2,1
z956
40,1,1
z678
36,1,1
z544
34,1,1
z485
44,1,1
/535
63,2,1
z571
32,1,1
z633
43,1,1
 509
0,0,0
z661
40,1,1
/514
56,2,1
z326
53,2,1
z559
34,1,1
z575
38,1,1
z552
49,1,1
z551
47,1,1
z524
48,1,1
/520
61,2,1
z558
41,1,1
/1206
62,2,1
/731
66,2,1
/1853
55,2,1
/763
70,2,1
z611
46,1,1
/973
60,2,1
z1195
36,1,1
z614
42,1,1
z1163
51,2,1
z979
54,2,1
z1421
31,1,1
/611
58,2,1
z10668
44,1,1
z898
50,1,1
/518
64,2,1
/540
63,2,1
/772
68,2,1
z782
35,1,1
/397
69,2,1
z446
32,1,1
z721
39,1,1
/598
67,2,1
z628
45,1,1
/2709
59,2,1
z564
33,1,1
z515
37,1,1
/533
65,2,1
z397
52,2,1
/572
57,2,1
z629
43,1,1
 4087
0,0,0
z706
54,2,1
z484
55,2,1
z417
35,1,1
z459
32,1,1
/566
66,2,1
/566
63,2,1
/524
65,2,1
/665
67,2,1
/494
70,2,1
/765
68,2,1
/796
57,2,1
z579
38,1,1
z479
34,1,1
z1235
45,1,1
z499
53,2,1
z628
51,2,1
z493
44,1,1
z541
39,1,1
z537
42,1,1
z481
58,2,1
z469
41,1,1
z874
43,1,1
z345
33,1,1
/1196
59,2,1
z460
40,1,1
/3350
69,2,1
z3617
64,2,1
z706
50,1,1
z1126
61,2,1
z603
56,2,1
z819
37,1,1
z762
52,2,1
z568
46,1,1
z1555
60,2,1
z577
48,1,1
z466
49,1,1
z562
31,1,1
z529
36,1,1
z475
47,1,1
/820
62,2,1
 781
0,0,0
z548
33,1,1
/2175
61,2,1
/688
65,2,1
z512
48,1,1
z501
45,1,1
/19068
62,2,1
z531
42,1,1
z674
44,1,1
z384
53,2,1
z637
46,1,1
z639
57,2,1
z427
40,1,1
z465
39,1,1
z325
38,1,1
z298
43,1,1
z392
41,1,1
/765
68,2,1
/543
64,2,1
z426
31,1,1
/659
60,2,1
z752
35,1,1
/607
66,2,1
z407
37,1,1
z380
32,1,1
z262
49,1,1
z4255
51,2,1
z2010
59,2,1
z510
34,1,1
z356
52,2,1
z290
58,2,1
/521
63,2,1
z1100
55,2,1
/522
67,2,1
z476
36,1,1
z580
50,1,1
z333
56,2,1
z342
54,2,1
z492
47,1,1
/989
69,2,1
z344
70,2,1
 733
0,0,0
/4438
58,2,1
z616
51,2,1
z462
33,1,1
z4555
34,1,1
/567
64,2,1
z1279
48,1,1
z441
41,1,1
z2131
52,2,1
z485
37,1,1
z700
53,2,1
/1104
63,2,1
/486
67,2,1
/992
56,2,1
/3573
61,2,1
z450
44,1,1
z435
35,1,1
/1234
68,2,1
/432
65,2,1
z520
46,1,1
z1032
45,1,1
/420
70,2,1
/1425
55,2,1
z502
42,1,1
z437
38,1,1
z422
31,1,1
z306
60,2,1
z533
32,1,1
z340
36,1,1
z304
49,1,1
/408
50,1,1
z1070
54,2,1
z507
39,1,1
/503
66,2,1
/963
57,2,1
/1853
62,2,1
z381
47,1,1
z270
43,1,1
z945
59,2,1
z564
40,1,1
/954
69,2,1
 711
0,0,0
z375
46,1,1
/543
61,2,1
z609
51,2,1
z428
50,1,1
z529
39,1,1
z398
38,1,1
z821
57,2,1
z472
33,1,1
/523
63,2,1
z426
31,1,1
z407
34,1,1
/1751
55,2,1
z309
65,2,1
/847
67,2,1
z452
35,1,1
/428
70,2,1
z370
48,1,1
/373
62,2,1
z427
42,1,1
/453
45,1,1
/761
66,2,1
z910
49,1,1
z535
53,2,1
z406
54,2,1
z493
56,2,1
z494
32,1,1
z403
43,1,1
/1208
60,2,1
z505
58,2,1
z405
52,2,1
/479
68,2,1
z515
40,1,1
z306
41,1,1
z422
36,1,1
z300
69,2,1
/487
64,2,1
/396
59,2,1
z752
37,1,1
z748
44,1,1
z632
47,1,1
 729
0,0,0
z616
37,1,1
z1267
40,1,1
z608
41,1,1
/927
60,2,1
/1811
59,2,1
z485
42,1,1
/659
57,2,1
z2989
53,2,1
/605
66,2,1
z510
45,1,1
z453
51,2,1
z414
39,1,1
z467
38,1,1
z541
56,2,1
/8612
61,2,1
/603
64,2,1
/566
68,2,1
z453
33,1,1
/540
63,2,1
z510
55,2,1
z522
31,1,1
z399
36,1,1
/419
69,2,1
z541
34,1,1
/323
48,1,1
z4758
35,1,1
/503
62,2,1
z1537
54,2,1
z630
49,1,1
/497
65,2,1
z369
43,1,1
/475
70,2,1
z368
46,1,1
/402
67,2,1
/848
58,2,1
z357
50,1,1
z693
47,1,1
z444
32,1,1
z629
44,1,1
/533
52,2,1
 9510
0,0,0
z4800
59,2,1
z814
41,1,1
z6050
50,1,1
z2261
64,2,1
/654
61,2,1
z454
32,1,1
z284
34,1,1
z364
36,1,1
z301
49,1,1
/437
67,2,1
z317
40,1,1
z325
60,2,1
z561
44,1,1
/411
65,2,1
z459
38,1,1
/402
63,2,1
/495
70,2,1
z588
45,1,1
/3291
56,2,1
z420
43,1,1
z344
58,2,1
z446
39,1,1
/566
62,2,1
z347
48,1,1
z405
33,1,1
z289
52,2,1
z331
55,2,1
z369
47,1,1
z659
42,1,1
z481
53,2,1
z417
57,2,1
/451
66,2,1
z1305
54,2,1
z447
46,1,1
/481
69,2,1
z451
31,1,1
z518
51,2,1
z469
35,1,1
/484
68,2,1
z344
37,1,1
 845
0,0,0
z657
49,1,1
/380
70,2,1
z352
50,1,1
z572
34,1,1
/528
60,2,1
/597
58,2,1
z500
43,1,1
z457
40,1,1
z570
35,1,1
z519
31,1,1
/1263
57,2,1
z397
39,1,1
z281
46,1,1
/636
64,2,1
z455
51,2,1
z458
32,1,1
z386
42,1,1
z600
47,1,1
z475
41,1,1
/545
62,2,1
z1134
48,1,1
z2350
33,1,1
/462
67,2,1
z1732
55,2,1
z1058
56,2,1
/407
65,2,1
z682
38,1,1
z400
37,1,1
z363
53,2,1
/383
59,2,1
/475
69,2,1
z505
36,1,1
/521
63,2,1
/797
52,2,1
z470
44,1,1
z608
45,1,1
z1903
54,2,1
/625
61,2,1
/570
68,2,1
/468
66,2,1
 710
0,0,0
z570
39,1,1
z271
44,1,1
z1222
41,1,1
z710
54,2,1
/523
58,2,1
/514
61,2,1
z551
42,1,1
/528
62,2,1
z1227
52,2,1
z445
43,1,1
/547
66,2,1
/474
64,2,1
z474
40,1,1
/465
70,2,1
/777
55,2,1
/570
67,2,1
z528
46,1,1
z444
38,1,1
/444
69,2,1
z464
50,1,1
/624
65,2,1
z599
45,1,1
z423
31,1,1
z715
60,2,1
/498
68,2,1
/790
57,2,1
z466
35,1,1
z615
53,2,1
z491
37,1,1
z479
48,1,1
z365
51,2,1
z3681
59,2,1
z634
32,1,1
/432
63,2,1
z241
36,1,1
z892
49,1,1
z457
33,1,1
z434
47,1,1
z408
56,2,1
z375
34,1,1
 1298
0,0,0
z855
57,2,1
/594
65,2,1
z285
47,1,1
/703
64,2,1
z312
37,1,1
/1368
61,2,1
z323
43,1,1
z409
48,1,1
z1241
56,2,1
z426
54,2,1
z495
40,1,1
/618
67,2,1
z237
50,1,1
z521
35,1,1
/577
69,2,1
z418
38,1,1
z361
32,1,1
z1170
58,2,1
z351
51,2,1
z511
52,2,1
z479
46,1,1
/450
66,2,1
z366
33,1,1
z425
34,1,1
z451
41,1,1
z676
55,2,1
z502
49,1,1
/1101
59,2,1
z320
68,2,1
/543
60,2,1
z531
31,1,1
z398
39,1,1
z787
53,2,1
z1223
62,2,1
z409
45,1,1
z416
44,1,1
/589
63,2,1
z507
42,1,1
/548
70,2,1
z285
36,1,1
 823
0,0,0
z629
45,1,1
z489
47,1,1
z476
33,1,1
z1431
59,2,1
z468
39,1,1
z450
53,2,1
z1004
61,2,1
z1304
57,2,1
z474
40,1,1
z490
32,1,1
/454
60,2,1
z319
49,1,1
z662
37,1,1
z743
48,1,1
z519
44,1,1
/585
65,2,1
z537
42,1,1
/773
58,2,1
z442
38,1,1
/641
69,2,1
z454
34,1,1
z649
50,1,1
z644
52,2,1
/1230
66,2,1
/3586
67,2,1
z398
55,2,1
z590
63,2,1
z990
56,2,1
z532
54,2,1
z559
31,1,1
z534
35,1,1
z614
51,2,1
z1237
64,2,1
z423
43,1,1
z400
41,1,1
/729
70,2,1
/675
62,2,1
/982
68,2,1
z444
46,1,1
z445
36,1,1
 1123
0,0,0
/827
64,2,1
z1021
36,1,1
z519
43,1,1
z1917
63,2,1
z431
35,1,1
z402
33,1,1
/534
60,2,1
z538
37,1,1
z1211
57,2,1
/573
66,2,1
z498
45,1,1
z2768
62,2,1
z686
55,2,1
/587
67,2,1
z628
46,1,1
/3231
32,1,1
z2917
41,1,1
z955
53,2,1
z633
56,2,1
z427
39,1,1
z458
58,2,1
z788
44,1,1
z790
40,1,1
/575
61,2,1
/718
69,2,1
/578
65,2,1
/526
68,2,1
z520
52,2,1
z537
38,1,1
z889
47,1,1
/752
59,2,1
z448
34,1,1
z454
31,1,1
z470
48,1,1
z579
51,2,1
/569
70,2,1
z1326
54,2,1
z573
42,1,1
z607
49,1,1
z745
50,1,1
 1010
0,0,0
z514
37,1,1
/592
67,2,1
z401
49,1,1
z427
42,1,1
/626
66,2,1
z391
41,1,1
z413
48,1,1
z502
54,2,1
z447
35,1,1
/627
52,2,1
z354
43,1,1
z314
57,2,1
/525
65,2,1
/575
62,2,1
z508
40,1,1
z395
46,1,1
z616
44,1,1
z735
53,2,1
z469
60,2,1
z590
55,2,1
z408
47,1,1
z469
33,1,1
/685
56,2,1
z527
45,1,1
z379
38,1,1
z477
51,2,1
/1759
64,2,1
z623
61,2,1
z771
50,1,1
z957
34,1,1
z725
58,2,1
z922
39,1,1
z1261
59,2,1
/484
68,2,1
z328
32,1,1
z388
31,1,1
/822
70,2,1
/616
63,2,1
/539
69,2,1
z409
36,1,1
 971
0,0,0
z625
57,2,1
/656
65,2,1
z275
37,1,1
z397
67,2,1
z726
38,1,1
/636
58,2,1
z434
42,1,1
z444
43,1,1
z455
48,1,1
z380
33,1,1
z803
60,2,1
z450
44,1,1
z444
34,1,1
z443
45,1,1
z632
54,2,1
z493
50,1,1
z400
40,1,1
/530
61,2,1
z499
49,1,1
z509
52,2,1
z606
55,2,1
z404
51,2,1
z425
59,2,1
/561
66,2,1
z228
56,2,1
z16
69,2,1
z2168
62,2,1
/632
68,2,1
z506
41,1,1
z463
32,1,1
/718
63,2,1
z447
31,1,1
z374
39,1,1
z498
46,1,1
/569
70,2,1
z452
36,1,1
z499
47,1,1
/468
64,2,1
z1058
53,2,1
z529
35,1,1
 808
0,0,0
z577
59,2,1
z503
36,1,1
/552
65,2,1
z6153
53,2,1
z448
43,1,1
z429
49,1,1
z407
34,1,1
/578
69,2,1
z324
58,2,1
z578
35,1,1
/533
61,2,1
z451
33,1,1
z458
38,1,1
z351
46,1,1
z988
54,2,1
z356
56,2,1
/540
68,2,1
z456
48,1,1
z405
32,1,1
z897
39,1,1
z351
52,2,1
/531
62,2,1
/495
66,2,1
/785
60,2,1
z924
57,2,1
/688
67,2,1
z529
40,1,1
z474
41,1,1
z579
47,1,1
/586
63,2,1
z432
50,1,1
z977
42,1,1
z610
45,1,1
z492
37,1,1
z866
51,2,1
z695
55,2,1
/512
64,2,1
z405
44,1,1
/467
70,2,1
z448
31,1,1
 778
0,0,0
/770
67,2,1
z584
52,2,1
z515
46,1,1
/565
70,2,1
/771
63,2,1
z371
44,1,1
z514
36,1,1
/1640
65,2,1
z2327
59,2,1
z762
45,1,1
/1031
66,2,1
z425
42,1,1
z399
34,1,1
z323
47,1,1
z421
54,2,1
z385
64,2,1
z429
49,1,1
z459
40,1,1
z312
68,2,1
z636
51,2,1
z488
39,1,1
z2898
62,2,1
z413
48,1,1
z449
57,2,1
z2823
38,1,1
z1618
58,2,1
z453
41,1,1
z600
61,2,1
z484
32,1,1
z401
33,1,1
z299
56,2,1
z352
50,1,1
z496
37,1,1
z1080
55,2,1
z398
31,1,1
z330
53,2,1
z692
60,2,1
/610
69,2,1
z506
43,1,1
z428
35,1,1
 1142
0,0,0
/872
66,2,1
z404
55,2,1
z494
49,1,1
z493
31,1,1
z675
61,2,1
z911
42,1,1
z520
51,2,1
z1103
60,2,1
z679
38,1,1
z569
53,2,1
/505
68,2,1
/686
67,2,1
z378
36,1,1
z542
47,1,1
z1211
63,2,1
z402
39,1,1
z562
50,1,1
z1536
58,2,1
z403
45,1,1
z469
44,1,1
z1707
52,2,1
z459
48,1,1
z391
37,1,1
z513
43,1,1
z369
35,1,1
z477
34,1,1
z399
41,1,1
z457
40,1,1
z299
64,2,1
/727
62,2,1
z338
33,1,1
z602
46,1,1
z580
56,2,1
/580
65,2,1
/593
70,2,1
z472
32,1,1
/518
59,2,1
/469
69,2,1
z1055
57,2,1
z555
54,2,1
 775
0,0,0
z992
50,1,1
z581
34,1,1
z362
31,1,1
/620
62,2,1
z275
57,2,1
/963
70,2,1
z485
46,1,1
/1524
64,2,1
z506
40,1,1
/2237
65,2,1
z392
37,1,1
z525
55,2,1
/591
69,2,1
z389
38,1,1
z521
44,1,1
z416
33,1,1
/777
63,2,1
z1146
49,1,1
/564
66,2,1
z392
59,2,1
z639
35,1,1
z608
54,2,1
z1208
58,2,1
/2180
60,2,1
z444
47,1,1
z420
41,1,1
z439
39,1,1
z462
36,1,1
z840
61,2,1
z434
67,2,1
z509
53,2,1
z340
51,2,1
z531
32,1,1
z315
42,1,1
z772
45,1,1
/654
68,2,1
z354
52,2,1
z396
48,1,1
z428
56,2,1
z555
43,1,1
 1834
0,0,0
z1788
48,1,1
/573
68,2,1
/1350
56,2,1
z1419
51,2,1
z519
41,1,1
z751
52,2,1
z490
37,1,1
/531
62,2,1
/515
70,2,1
/463
61,2,1
z540
42,1,1
z622
44,1,1
z469
36,1,1
z1352
32,1,1
z425
47,1,1
z583
43,1,1
z592
31,1,1
/1088
60,2,1
z1215
45,1,1
z1094
38,1,1
z403
46,1,1
z304
33,1,1
z421
50,1,1
/376
66,2,1
z401
53,2,1
z457
34,1,1
z483
39,1,1
z318
65,2,1
/472
67,2,1
/565
64,2,1
z817
57,2,1
z1282
49,1,1
/1201
55,2,1
z442
40,1,1
z918
58,2,1
/640
69,2,1
z377
35,1,1
z951
54,2,1
z472
59,2,1
z572
63,2,1
 736
0,0,0
z548
58,2,1
/509
69,2,1
z252
53,2,1
z503
56,2,1
z821
61,2,1
/1102
65,2,1
z300
55,2,1
z526
48,1,1
z356
31,1,1
z252
47,1,1
z448
52,2,1
z730
62,2,1
z666
63,2,1
z543
46,1,1
z411
42,1,1
z374
35,1,1
z468
40,1,1
z318
38,1,1
z285
64,2,1
z384
51,2,1
z496
36,1,1
z337
59,2,1
/483
57,2,1
z278
34,1,1
z31
54,2,1
z909
67,2,1
/477
66,2,1
z280
43,1,1
z646
60,2,1
z431
32,1,1
z462
44,1,1
z312
70,2,1
z551
41,1,1
z547
45,1,1
z351
68,2,1
z887
33,1,1
z457
39,1,1
z494
50,1,1
z481
37,1,1
z548
49,1,1
 848
0,0,0
z463
54,2,1
z754
61,2,1
/480
68,2,1
/460
67,2,1
z583
52,2,1
z465
40,1,1
z762
50,1,1
z340
49,1,1
z491
35,1,1
z513
51,2,1
z500
56,2,1
z437
39,1,1
z513
42,1,1
z385
55,2,1
z488
57,2,1
z387
47,1,1
z420
64,2,1
z400
37,1,1
z1736
70,2,1
z459
44,1,1
z440
36,1,1
z302
60,2,1
z546
69,2,1
/567
66,2,1
z471
43,1,1
z524
41,1,1
z659
48,1,1
z1589
53,2,1
z429
65,2,1
z4951
63,2,1
z450
33,1,1
z432
46,1,1
z731
31,1,1
z606
32,1,1
z359
58,2,1
z471
34,1,1
z614
38,1,1
z610
59,2,1
/542
62,2,1
z625
45,1,1
 723
0,0,0
z1223
33,1,1
/837
58,2,1
z290
37,1,1
z587
43,1,1
z602
52,2,1
z973
54,2,1
z4216
70,2,1
z1365
36,1,1
z3566
38,1,1
z1774
44,1,1
z1683
56,2,1
z656
59,2,1
z4407
32,1,1
z587
40,1,1
z753
31,1,1
z1233
34,1,1
z1695
50,1,1
z744
42,1,1
/551
66,2,1
z515
39,1,1
z557
47,1,1
/627
60,2,1
z1154
61,2,1
/1472
65,2,1
z864
46,1,1
z545
45,1,1
/523
67,2,1
z451
49,1,1
z702
48,1,1
/617
69,2,1
/784
64,2,1
/669
62,2,1
z531
51,2,1
/677
63,2,1
z561
53,2,1
/1726
68,2,1
z554
41,1,1
z655
55,2,1
z437
57,2,1
z390
35,1,1
 1204
0,0,0
z5770
58,2,1
z550
54,2,1
z533
43,1,1
z999
53,2,1
z524
37,1,1
z306
68,2,1
z485
48,1,1
z356
33,1,1
z334
45,1,1
z459
55,2,1
z368
41,1,1
z395
51,2,1
z302
36,1,1
z261
31,1,1
z651
47,1,1
z444
50,1,1
z341
65,2,1
z355
44,1,1
z386
42,1,1
z332
67,2,1
/485
70,2,1
z414
35,1,1
z489
38,1,1
/647
61,2,1
/536
64,2,1
z399
39,1,1
/733
62,2,1
z373
32,1,1
/670
63,2,1
z565
40,1,1
z704
57,2,1
z636
52,2,1
z458
49,1,1
/617
66,2,1
z462
56,2,1
/952
59,2,1
z318
34,1,1
z555
46,1,1
z353
60,2,1
/666
69,2,1
END
Start of error log
End of error log
