/home/cogsys/aging/dtpbsy/dt16tl39b /home/cogsys/aging/dtpbsy/dt16bcy115
z10921
0,0,0
z1606
55,2,1
/1849
65,2,1
/772
64,2,1
z879
47,1,1
/2169
53,2,1
/1488
48,1,1
/3335
66,2,1
/917
57,2,1
z597
56,2,1
z857
43,1,1
z946
36,1,1
/593
62,2,1
z1060
42,1,1
z1494
35,1,1
/1244
63,2,1
/860
59,2,1
z1876
68,2,1
z821
40,1,1
/1675
45,1,1
/682
60,2,1
z731
51,2,1
z872
31,1,1
z2170
37,1,1
z776
32,1,1
/1444
69,2,1
/734
58,2,1
/3179
50,1,1
/678
61,2,1
z828
38,1,1
z1570
52,2,1
z778
46,1,1
z1171
33,1,1
/705
54,2,1
z686
41,1,1
z884
39,1,1
/686
67,2,1
z546
44,1,1
z656
34,1,1
/670
49,1,1
/872
70,2,1
z3660
0,0,0
z755
37,1,1
/585
70,2,1
/618
56,2,1
/537
52,2,1
/1010
61,2,1
/739
45,1,1
/728
48,1,1
/1236
60,2,1
/631
63,2,1
/579
62,2,1
z566
42,1,1
/532
53,2,1
z668
38,1,1
/605
59,2,1
/1981
46,1,1
z746
47,1,1
/1281
51,2,1
/926
69,2,1
z1839
57,2,1
/1413
65,2,1
/735
66,2,1
z776
54,2,1
z851
40,1,1
/822
41,1,1
/1085
50,1,1
/1724
55,2,1
/986
58,2,1
/593
64,2,1
z510
34,1,1
z876
35,1,1
/788
67,2,1
z666
39,1,1
z807
36,1,1
z862
31,1,1
z3074
49,1,1
z1540
44,1,1
z809
32,1,1
/647
68,2,1
z698
33,1,1
z917
43,1,1
z4029
0,0,0
z2531
33,1,1
z4235
41,1,1
/592
70,2,1
z1706
38,1,1
/644
50,1,1
z658
34,1,1
/829
58,2,1
z774
42,1,1
z3048
47,1,1
/607
57,2,1
z630
39,1,1
z2712
61,2,1
/600
69,2,1
z658
45,1,1
/502
52,2,1
z621
35,1,1
z5099
46,1,1
z1486
37,1,1
z3102
44,1,1
/1391
66,2,1
z1443
32,1,1
z2802
64,2,1
/3145
59,2,1
/629
67,2,1
/632
68,2,1
z1035
51,2,1
/692
60,2,1
/611
62,2,1
/592
54,2,1
z535
36,1,1
z1000
31,1,1
z1107
48,1,1
/674
49,1,1
/615
65,2,1
z1839
43,1,1
/617
63,2,1
z1112
55,2,1
/813
56,2,1
/668
53,2,1
z934
40,1,1
z1638
0,0,0
z1193
40,1,1
/1161
69,2,1
/618
68,2,1
z1327
38,1,1
z8598
53,2,1
z2177
52,2,1
z1847
47,1,1
z709
44,1,1
/1055
51,2,1
z715
50,1,1
/983
45,1,1
/668
67,2,1
z649
39,1,1
z1926
35,1,1
z1736
32,1,1
z774
31,1,1
z715
34,1,1
z2773
41,1,1
/2030
62,2,1
z4129
46,1,1
/763
56,2,1
z1089
42,1,1
z696
43,1,1
/622
59,2,1
z1155
36,1,1
/744
54,2,1
/37
48,1,1
z5817
55,2,1
/813
60,2,1
/1209
49,1,1
/824
70,2,1
/1283
66,2,1
z674
33,1,1
/681
65,2,1
z4469
58,2,1
/637
63,2,1
z2000
37,1,1
/736
61,2,1
/593
64,2,1
/1266
57,2,1
z1272
0,0,0
z1204
41,1,1
z718
34,1,1
z1085
35,1,1
/777
44,1,1
z1016
49,1,1
/705
70,2,1
/986
51,2,1
z696
40,1,1
/2686
57,2,1
z842
38,1,1
/668
64,2,1
z937
33,1,1
/755
43,1,1
/2534
46,1,1
/589
68,2,1
z615
48,1,1
z916
37,1,1
z2066
36,1,1
/712
53,2,1
z708
39,1,1
/937
60,2,1
/1275
56,2,1
/645
62,2,1
/2136
63,2,1
/6362
66,2,1
/1804
65,2,1
z536
31,1,1
z1202
32,1,1
/1011
61,2,1
/944
55,2,1
/847
58,2,1
z625
59,2,1
z1495
50,1,1
z4963
52,2,1
/1473
69,2,1
z712
45,1,1
z865
42,1,1
/685
67,2,1
/3355
47,1,1
/2510
54,2,1
z983
0,0,0
z802
31,1,1
/682
69,2,1
z7124
58,2,1
/723
52,2,1
z574
48,1,1
z1347
41,1,1
z1408
65,2,1
z826
32,1,1
/745
63,2,1
z1020
43,1,1
/1305
37,1,1
/742
60,2,1
z1107
34,1,1
z886
39,1,1
/1441
66,2,1
/859
61,2,1
z1335
44,1,1
z1913
54,2,1
/4188
45,1,1
/2839
50,1,1
z1695
57,2,1
/2628
56,2,1
/628
62,2,1
z846
46,1,1
/3275
42,1,1
/831
49,1,1
z810
33,1,1
z3954
36,1,1
/628
64,2,1
/559
59,2,1
/821
55,2,1
z817
47,1,1
/739
68,2,1
z832
40,1,1
z974
38,1,1
/617
67,2,1
/1192
70,2,1
z759
53,2,1
z799
51,2,1
z692
35,1,1
z937
0,0,0
/2218
65,2,1
z588
41,1,1
/606
61,2,1
z679
34,1,1
z672
38,1,1
z1240
37,1,1
/732
53,2,1
z711
57,2,1
z697
51,2,1
z799
32,1,1
/4903
58,2,1
/752
59,2,1
z879
36,1,1
z3013
64,2,1
z2999
67,2,1
z1688
45,1,1
z1299
40,1,1
z1379
47,1,1
z843
46,1,1
z1325
43,1,1
/614
68,2,1
z984
55,2,1
z665
31,1,1
/796
50,1,1
z942
52,2,1
z929
35,1,1
z1058
62,2,1
z570
44,1,1
z827
49,1,1
z2598
54,2,1
z1702
56,2,1
/725
69,2,1
z708
33,1,1
z2075
60,2,1
z675
42,1,1
/655
66,2,1
z470
39,1,1
z1355
48,1,1
/885
63,2,1
/876
70,2,1
z996
0,0,0
z4838
51,2,1
z5198
45,1,1
z2878
35,1,1
/4451
65,2,1
/817
69,2,1
z1172
70,2,1
z1107
33,1,1
z1825
49,1,1
z2192
57,2,1
z756
54,2,1
z538
39,1,1
z909
43,1,1
z1281
48,1,1
z1449
52,2,1
z556
31,1,1
/500
68,2,1
z695
34,1,1
z1072
46,1,1
z1590
50,1,1
/838
64,2,1
z652
36,1,1
z4679
38,1,1
/2344
53,2,1
z3842
47,1,1
/630
61,2,1
/3172
60,2,1
z1573
44,1,1
z579
37,1,1
z2073
40,1,1
/683
67,2,1
/1422
56,2,1
z2428
41,1,1
z1156
59,2,1
z1058
42,1,1
/849
66,2,1
z2073
55,2,1
/1282
63,2,1
z730
58,2,1
/1124
62,2,1
z902
32,1,1
/805
0,0,0
/2018
40,1,1
z582
45,1,1
/1627
53,2,1
/775
67,2,1
z835
47,1,1
z861
56,2,1
/4236
54,2,1
/1101
70,2,1
z6030
57,2,1
z649
44,1,1
/734
64,2,1
z680
35,1,1
/1493
66,2,1
z4155
41,1,1
/1758
62,2,1
z761
42,1,1
z671
38,1,1
z1256
48,1,1
z817
59,2,1
/577
60,2,1
z652
43,1,1
z1137
52,2,1
/819
68,2,1
z855
36,1,1
z1045
63,2,1
z1685
37,1,1
/715
69,2,1
z663
46,1,1
z725
51,2,1
/2450
55,2,1
z548
31,1,1
z1247
34,1,1
z1128
32,1,1
/833
65,2,1
/2269
61,2,1
z2510
49,1,1
/1298
39,1,1
z4538
33,1,1
/1168
58,2,1
z400
50,1,1
z1324
0,0,0
z1012
47,1,1
/2270
53,2,1
/743
45,1,1
z1369
56,2,1
/3177
66,2,1
z2201
51,2,1
z1208
50,1,1
/819
37,1,1
/944
35,1,1
z3250
34,1,1
/3287
54,2,1
z1004
61,2,1
/976
70,2,1
/786
64,2,1
z1148
44,1,1
/1020
60,2,1
/2167
63,2,1
z850
38,1,1
z5729
55,2,1
z931
46,1,1
z2376
39,1,1
/645
68,2,1
z811
41,1,1
z1666
58,2,1
z858
32,1,1
/892
31,1,1
z1561
43,1,1
z1007
36,1,1
z973
40,1,1
/1069
59,2,1
z639
42,1,1
z1566
62,2,1
z1029
33,1,1
/782
69,2,1
/729
67,2,1
/1488
52,2,1
/1402
49,1,1
/826
65,2,1
z862
48,1,1
/771
57,2,1
z5288
0,0,0
/1846
61,2,1
z649
37,1,1
z954
45,1,1
/1875
46,1,1
/932
57,2,1
z605
44,1,1
/805
55,2,1
z1180
51,2,1
z1046
48,1,1
/822
70,2,1
z990
33,1,1
/1215
41,1,1
z894
36,1,1
/983
68,2,1
/568
60,2,1
z623
35,1,1
z1557
50,1,1
z1210
49,1,1
z1072
39,1,1
z1470
56,2,1
/675
63,2,1
z2846
59,2,1
/1035
66,2,1
z4012
53,2,1
/9441
69,2,1
z1240
54,2,1
z1438
40,1,1
z5123
42,1,1
z1197
43,1,1
z927
31,1,1
/6446
47,1,1
z641
32,1,1
z715
38,1,1
/828
58,2,1
/1525
67,2,1
z693
65,2,1
z1203
64,2,1
z1646
52,2,1
z1280
34,1,1
/657
62,2,1
/1756
0,0,0
z705
47,1,1
/2788
65,2,1
z525
58,2,1
z1055
35,1,1
/706
63,2,1
/1435
68,2,1
/1283
70,2,1
z1576
39,1,1
/1747
43,1,1
z1338
60,2,1
/3614
33,1,1
z3112
42,1,1
z2678
64,2,1
/2029
56,2,1
z3838
59,2,1
/903
54,2,1
z468
49,1,1
z855
61,2,1
z952
48,1,1
z667
31,1,1
/745
66,2,1
/645
57,2,1
z578
55,2,1
z711
45,1,1
z1039
51,2,1
z1610
44,1,1
/633
50,1,1
/963
67,2,1
z584
40,1,1
z1485
32,1,1
z882
37,1,1
z1432
38,1,1
z1517
34,1,1
z1981
69,2,1
/2670
62,2,1
z648
41,1,1
/880
53,2,1
z1233
36,1,1
/3032
46,1,1
/951
52,2,1
z860
0,0,0
z730
31,1,1
z2882
51,2,1
z1192
34,1,1
/956
70,2,1
/1224
67,2,1
z1376
58,2,1
z1168
52,2,1
z2986
64,2,1
z1297
39,1,1
/604
57,2,1
z651
45,1,1
z2034
65,2,1
/839
69,2,1
z576
33,1,1
/780
60,2,1
z1279
55,2,1
/3598
61,2,1
z2008
38,1,1
z1065
42,1,1
z666
48,1,1
z754
49,1,1
z657
40,1,1
/2034
59,2,1
z747
41,1,1
/964
68,2,1
z1562
62,2,1
z707
32,1,1
/738
66,2,1
z910
56,2,1
z2574
53,2,1
z3141
35,1,1
z965
46,1,1
z1300
37,1,1
z4871
44,1,1
z6221
36,1,1
z4367
54,2,1
/1594
63,2,1
z975
50,1,1
z668
43,1,1
z1983
47,1,1
z706
0,0,0
z4730
57,2,1
z2013
64,2,1
z876
38,1,1
z2337
33,1,1
z748
56,2,1
z977
34,1,1
/2231
59,2,1
z1596
45,1,1
z534
37,1,1
z747
41,1,1
z1310
44,1,1
z819
47,1,1
/680
65,2,1
/2478
62,2,1
/812
66,2,1
z558
36,1,1
z866
42,1,1
z1471
39,1,1
z1186
43,1,1
z1407
48,1,1
z805
51,2,1
z690
40,1,1
z1485
54,2,1
/996
67,2,1
z634
31,1,1
/639
63,2,1
z1281
55,2,1
/1111
53,2,1
/837
70,2,1
/2293
52,2,1
z4227
32,1,1
/1140
50,1,1
/999
69,2,1
/1169
60,2,1
z1457
35,1,1
/1088
58,2,1
z724
49,1,1
/903
61,2,1
z2253
46,1,1
/690
68,2,1
/835
0,0,0
z1477
34,1,1
z5150
43,1,1
/4680
58,2,1
/692
66,2,1
/805
67,2,1
z625
54,2,1
z671
49,1,1
z5401
48,1,1
z844
47,1,1
/880
56,2,1
/549
69,2,1
z599
41,1,1
z618
42,1,1
z4846
62,2,1
z737
51,2,1
z1208
52,2,1
z667
45,1,1
/1226
61,2,1
z1576
33,1,1
z5717
50,1,1
z1731
53,2,1
/1045
64,2,1
z1324
44,1,1
z634
38,1,1
/619
70,2,1
/1986
60,2,1
z727
35,1,1
z804
40,1,1
/826
68,2,1
z634
39,1,1
z1035
31,1,1
/3180
57,2,1
z1567
55,2,1
/6555
59,2,1
/1567
65,2,1
/5660
63,2,1
z685
36,1,1
z832
46,1,1
z665
37,1,1
z811
32,1,1
z788
0,0,0
/1204
65,2,1
z675
50,1,1
/643
68,2,1
/937
62,2,1
/719
66,2,1
z793
54,2,1
z940
44,1,1
z1448
51,2,1
z1366
38,1,1
/3102
57,2,1
z790
31,1,1
z2585
39,1,1
/2201
59,2,1
z703
46,1,1
/792
60,2,1
/886
61,2,1
/1118
53,2,1
z1571
34,1,1
z795
42,1,1
/926
48,1,1
/1160
56,2,1
/641
45,1,1
z776
36,1,1
z964
32,1,1
/1120
69,2,1
/971
63,2,1
/1364
52,2,1
/1741
67,2,1
/1368
55,2,1
/630
64,2,1
z706
41,1,1
z631
33,1,1
/870
49,1,1
z1518
43,1,1
z781
35,1,1
z821
37,1,1
/716
58,2,1
z964
40,1,1
/828
70,2,1
z976
47,1,1
z6379
0,0,0
z3453
31,1,1
z2522
36,1,1
/772
67,2,1
/759
58,2,1
z1193
44,1,1
z565
34,1,1
z940
52,2,1
z4098
57,2,1
/1770
63,2,1
/3017
70,2,1
z792
46,1,1
z1310
42,1,1
z1326
39,1,1
/3007
61,2,1
z706
43,1,1
z696
35,1,1
/1832
59,2,1
z886
64,2,1
z2069
47,1,1
z2618
50,1,1
/639
66,2,1
z600
55,2,1
/736
56,2,1
z556
41,1,1
z14735
48,1,1
z590
38,1,1
/798
51,2,1
/557
62,2,1
/1062
69,2,1
z693
33,1,1
/871
54,2,1
z738
32,1,1
/1110
68,2,1
z687
40,1,1
z2180
37,1,1
/537
65,2,1
z1420
53,2,1
/667
60,2,1
z1733
45,1,1
z2656
49,1,1
z11366
0,0,0
z3499
45,1,1
z674
33,1,1
z763
31,1,1
/695
48,1,1
z587
38,1,1
z3358
43,1,1
z886
44,1,1
/543
55,2,1
/2295
46,1,1
/1250
62,2,1
/956
66,2,1
/939
52,2,1
z3387
49,1,1
/748
58,2,1
z735
54,2,1
/641
68,2,1
/996
67,2,1
z652
35,1,1
/1705
64,2,1
/582
69,2,1
z750
59,2,1
z1870
51,2,1
z1369
41,1,1
/1755
60,2,1
z1183
47,1,1
z720
39,1,1
/1458
65,2,1
z680
34,1,1
z1180
53,2,1
/1411
61,2,1
z724
32,1,1
z6078
56,2,1
/2784
63,2,1
z5057
36,1,1
/2905
50,1,1
z655
40,1,1
z807
42,1,1
/660
70,2,1
z1250
37,1,1
/841
57,2,1
/8696
0,0,0
z695
35,1,1
/1007
59,2,1
/757
60,2,1
z639
37,1,1
z801
34,1,1
/870
42,1,1
/1120
49,1,1
z1802
33,1,1
z1901
40,1,1
/627
64,2,1
/1007
70,2,1
/6201
54,2,1
z760
46,1,1
z1241
44,1,1
z1337
57,2,1
z891
50,1,1
z1192
51,2,1
/2290
55,2,1
z883
67,2,1
z846
48,1,1
z2989
56,2,1
z526
45,1,1
z656
32,1,1
z901
58,2,1
/946
68,2,1
z644
31,1,1
z3713
47,1,1
z5299
41,1,1
z524
38,1,1
/617
63,2,1
/1846
62,2,1
z1024
43,1,1
/789
65,2,1
z1937
53,2,1
/2001
61,2,1
/883
69,2,1
z678
52,2,1
/668
66,2,1
z954
39,1,1
z903
36,1,1
/2716
0,0,0
z814
35,1,1
/2276
68,2,1
z561
32,1,1
/1655
56,2,1
z787
33,1,1
/2540
57,2,1
/1200
59,2,1
z608
44,1,1
z654
38,1,1
z857
49,1,1
z1476
47,1,1
z2669
50,1,1
/2408
65,2,1
/961
66,2,1
z682
48,1,1
z6252
64,2,1
/1995
69,2,1
z734
31,1,1
/1485
62,2,1
z829
45,1,1
z1585
55,2,1
z605
61,2,1
z747
58,2,1
z782
40,1,1
/1027
70,2,1
/880
67,2,1
z1437
37,1,1
z5315
46,1,1
z944
36,1,1
/1407
60,2,1
/1363
51,2,1
/5148
42,1,1
z768
52,2,1
z797
39,1,1
/1725
53,2,1
z1150
43,1,1
/3381
63,2,1
z803
34,1,1
z1166
41,1,1
/1920
54,2,1
/6754
0,0,0
/4668
43,1,1
/783
63,2,1
z872
45,1,1
z1993
38,1,1
z9859
37,1,1
/1128
44,1,1
z730
36,1,1
/763
69,2,1
z1271
58,2,1
/787
65,2,1
/602
70,2,1
z7860
57,2,1
z666
49,1,1
z1228
40,1,1
z1454
35,1,1
z2266
50,1,1
z825
42,1,1
z884
33,1,1
z656
31,1,1
z1719
39,1,1
/773
51,2,1
/672
64,2,1
z708
47,1,1
/1422
52,2,1
/1552
68,2,1
z1571
48,1,1
z7908
56,2,1
/1511
59,2,1
z646
32,1,1
z1262
34,1,1
/4152
55,2,1
/834
62,2,1
/947
54,2,1
z1758
41,1,1
/702
66,2,1
/2088
46,1,1
/1489
60,2,1
/1011
67,2,1
/4382
61,2,1
/1644
53,2,1
/6621
0,0,0
z1843
45,1,1
/1760
56,2,1
/1874
59,2,1
z2019
39,1,1
/1989
62,2,1
/2539
67,2,1
z1487
40,1,1
/2747
58,2,1
z1186
33,1,1
z1941
53,2,1
/831
64,2,1
z1014
47,1,1
z1006
37,1,1
z5019
57,2,1
/1292
44,1,1
/1028
61,2,1
z3715
35,1,1
z646
32,1,1
/665
68,2,1
/657
69,2,1
z1160
38,1,1
/1080
49,1,1
/8495
54,2,1
/617
60,2,1
z619
43,1,1
/680
63,2,1
/663
70,2,1
/918
65,2,1
z1182
48,1,1
/658
66,2,1
z755
36,1,1
z2003
34,1,1
z754
46,1,1
z2010
55,2,1
z1072
51,2,1
/1873
52,2,1
z707
31,1,1
z892
41,1,1
z866
42,1,1
/750
50,1,1
z10084
0,0,0
z15139
66,2,1
/1676
42,1,1
/1224
45,1,1
z827
41,1,1
z1423
51,2,1
/961
68,2,1
/723
63,2,1
z1353
49,1,1
z615
34,1,1
z7063
38,1,1
/727
69,2,1
/875
64,2,1
z698
36,1,1
/676
70,2,1
/738
65,2,1
/1891
47,1,1
z1006
39,1,1
z1079
33,1,1
z2578
44,1,1
/1167
67,2,1
z2331
59,2,1
z1769
55,2,1
/1905
62,2,1
z2475
32,1,1
z1399
48,1,1
/2097
40,1,1
z656
31,1,1
/722
50,1,1
/1330
60,2,1
/912
61,2,1
z657
43,1,1
z1754
56,2,1
/3620
37,1,1
/1076
58,2,1
/2607
52,2,1
/821
54,2,1
/949
57,2,1
z697
35,1,1
z992
46,1,1
/1680
53,2,1
z33020
0,0,0
/1578
43,1,1
/7130
51,2,1
z746
33,1,1
/819
54,2,1
z732
38,1,1
z790
46,1,1
/645
62,2,1
/711
50,1,1
z604
45,1,1
z733
34,1,1
/1440
63,2,1
/642
52,2,1
z672
40,1,1
/1618
64,2,1
/1918
53,2,1
z630
41,1,1
/1548
68,2,1
/857
58,2,1
/1180
65,2,1
z675
31,1,1
/1226
59,2,1
/1408
55,2,1
/1083
56,2,1
z1776
42,1,1
/1166
49,1,1
/3771
69,2,1
/2460
70,2,1
/2717
48,1,1
/1243
57,2,1
z731
32,1,1
z1574
35,1,1
/1249
61,2,1
/826
67,2,1
/1370
66,2,1
z1176
47,1,1
/2824
60,2,1
z1222
37,1,1
z960
44,1,1
z10167
36,1,1
/1539
39,1,1
z1305
0,0,0
z1179
35,1,1
/2013
44,1,1
z1254
42,1,1
z1714
47,1,1
z816
41,1,1
z2018
54,2,1
/2891
58,2,1
z2451
57,2,1
/1425
63,2,1
z1864
48,1,1
z1565
40,1,1
/1271
49,1,1
/3683
52,2,1
/2601
65,2,1
/687
70,2,1
z566
31,1,1
/984
69,2,1
z2653
45,1,1
z1181
46,1,1
z1062
59,2,1
z988
39,1,1
/1326
64,2,1
z1267
53,2,1
z931
37,1,1
/2537
38,1,1
/1428
61,2,1
/2226
43,1,1
z6531
55,2,1
z1000
32,1,1
/921
50,1,1
z986
33,1,1
/930
66,2,1
z1316
36,1,1
z1489
34,1,1
/1985
56,2,1
/2443
67,2,1
/1210
68,2,1
/623
60,2,1
/2544
62,2,1
z798
51,2,1
z12813
0,0,0
z2089
40,1,1
z2271
49,1,1
z877
62,2,1
z628
33,1,1
/652
69,2,1
z1026
35,1,1
z1032
45,1,1
/892
55,2,1
/1304
68,2,1
z740
36,1,1
z9026
60,2,1
z4303
43,1,1
z2405
51,2,1
z2188
34,1,1
/1002
65,2,1
/1878
48,1,1
/1099
64,2,1
/917
61,2,1
z2803
47,1,1
/2813
59,2,1
/869
67,2,1
/3054
66,2,1
z953
31,1,1
z13221
56,2,1
/1127
50,1,1
z1169
52,2,1
z910
46,1,1
z2123
38,1,1
/4288
57,2,1
z849
42,1,1
/727
70,2,1
z698
58,2,1
z2003
44,1,1
z889
32,1,1
z1337
39,1,1
/958
54,2,1
z794
41,1,1
/2210
63,2,1
z635
37,1,1
/1314
53,2,1
z1607
0,0,0
z2405
33,1,1
/594
55,2,1
z761
38,1,1
/1681
50,1,1
/1096
53,2,1
/4733
68,2,1
z668
31,1,1
/701
64,2,1
/678
70,2,1
/659
66,2,1
/1511
61,2,1
z640
40,1,1
z1587
62,2,1
z763
36,1,1
z2357
45,1,1
z948
39,1,1
/828
59,2,1
z843
41,1,1
/616
60,2,1
/831
58,2,1
z682
47,1,1
/593
52,2,1
/700
54,2,1
/1276
51,2,1
/805
67,2,1
z741
42,1,1
/496
69,2,1
z704
32,1,1
z884
49,1,1
/793
63,2,1
z724
48,1,1
/1760
44,1,1
/1020
46,1,1
z675
43,1,1
z658
35,1,1
/847
56,2,1
z665
34,1,1
z753
37,1,1
/1131
57,2,1
/645
65,2,1
/987
0,0,0
/5735
45,1,1
/1414
60,2,1
/636
50,1,1
/558
69,2,1
z562
44,1,1
/647
57,2,1
z844
49,1,1
/867
55,2,1
/767
52,2,1
/559
68,2,1
z689
51,2,1
z697
33,1,1
z694
36,1,1
z613
37,1,1
z709
47,1,1
z698
41,1,1
/687
53,2,1
z554
38,1,1
/575
46,1,1
/657
66,2,1
z794
31,1,1
z766
56,2,1
z1703
34,1,1
/637
62,2,1
/620
70,2,1
z561
35,1,1
/619
48,1,1
/958
63,2,1
/944
61,2,1
/696
59,2,1
z533
32,1,1
/613
67,2,1
z788
40,1,1
/699
58,2,1
z771
39,1,1
/840
54,2,1
/2263
65,2,1
z1569
43,1,1
z649
42,1,1
/663
64,2,1
/981
0,0,0
/944
66,2,1
/609
51,2,1
/600
70,2,1
z613
33,1,1
/814
64,2,1
z883
45,1,1
z917
55,2,1
/632
42,1,1
/870
40,1,1
z4486
46,1,1
z839
58,2,1
z1745
39,1,1
/1164
54,2,1
z689
47,1,1
/566
63,2,1
z584
50,1,1
/600
49,1,1
/515
37,1,1
z567
36,1,1
/791
68,2,1
z666
34,1,1
/776
69,2,1
z747
35,1,1
/818
56,2,1
z1369
48,1,1
/583
59,2,1
/699
62,2,1
/1241
44,1,1
z812
38,1,1
/741
52,2,1
/884
53,2,1
/1342
60,2,1
/788
57,2,1
/1339
41,1,1
z869
31,1,1
/607
65,2,1
/1204
43,1,1
/675
61,2,1
z589
32,1,1
/789
67,2,1
/5668
0,0,0
z1699
44,1,1
z588
32,1,1
/610
43,1,1
/453
62,2,1
z526
33,1,1
/737
70,2,1
z705
56,2,1
/1317
61,2,1
z661
42,1,1
z979
36,1,1
z2086
47,1,1
/483
60,2,1
/589
63,2,1
z550
46,1,1
/422
67,2,1
z579
54,2,1
z768
34,1,1
/551
53,2,1
/612
59,2,1
z648
45,1,1
/727
49,1,1
/882
57,2,1
/573
50,1,1
/754
58,2,1
z551
39,1,1
z518
41,1,1
/682
68,2,1
z715
55,2,1
/2556
65,2,1
z660
40,1,1
z2014
51,2,1
z624
35,1,1
/565
52,2,1
z641
31,1,1
/673
38,1,1
/576
69,2,1
z602
37,1,1
/640
64,2,1
/633
66,2,1
z796
48,1,1
END
Start of error log
End of error log
