/home/cogsys/aging/dtpbsy/../dtpbsy/dt16tl32b /home/cogsys/aging/dtpbsy/../dtpbsy/dt16bcy106
z17065
0,0,0
z961
58,2,1
/807
69,2,1
z593
38,1,1
z794
60,2,1
z721
39,1,1
/591
59,2,1
z665
40,1,1
/626
65,2,1
z503
32,1,1
/522
52,2,1
z586
49,1,1
/569
63,2,1
/509
70,2,1
z430
37,1,1
/585
64,2,1
z542
43,1,1
z462
46,1,1
/463
67,2,1
z396
31,1,1
/515
54,2,1
z673
35,1,1
z770
55,2,1
z648
53,2,1
z470
36,1,1
/428
68,2,1
/543
50,1,1
z568
33,1,1
/746
56,2,1
z704
42,1,1
/591
62,2,1
z690
47,1,1
z538
48,1,1
/630
57,2,1
z803
41,1,1
z930
44,1,1
/515
66,2,1
/537
61,2,1
z576
45,1,1
z668
34,1,1
z540
51,2,1
z9393
0,0,0
z791
33,1,1
/497
55,2,1
/397
51,2,1
/663
65,2,1
/796
57,2,1
z502
39,1,1
/663
61,2,1
/576
67,2,1
z417
58,2,1
z629
60,2,1
/969
56,2,1
z578
52,2,1
z633
45,1,1
z545
37,1,1
/520
69,2,1
z601
35,1,1
z494
32,1,1
z639
40,1,1
z653
41,1,1
z689
36,1,1
z898
54,2,1
/445
68,2,1
/496
70,2,1
/1088
48,1,1
z579
43,1,1
/594
64,2,1
z582
31,1,1
/494
63,2,1
/448
59,2,1
/560
50,1,1
z1085
53,2,1
z786
38,1,1
z551
34,1,1
/605
66,2,1
/832
44,1,1
/634
62,2,1
/903
47,1,1
/526
49,1,1
z695
46,1,1
z429
42,1,1
z1231
0,0,0
/698
61,2,1
z1095
49,1,1
z604
44,1,1
/992
63,2,1
z678
40,1,1
z708
51,2,1
z671
31,1,1
z574
48,1,1
z528
36,1,1
z557
34,1,1
z613
35,1,1
z690
38,1,1
/650
65,2,1
z795
45,1,1
/905
54,2,1
z757
39,1,1
/481
70,2,1
/940
46,1,1
/486
64,2,1
/466
62,2,1
z638
33,1,1
z623
50,1,1
/950
67,2,1
/492
60,2,1
z528
43,1,1
/590
69,2,1
/805
56,2,1
z683
32,1,1
z921
41,1,1
z748
47,1,1
/689
52,2,1
z977
42,1,1
/533
66,2,1
/617
58,2,1
/643
59,2,1
/854
57,2,1
/534
68,2,1
/709
55,2,1
/874
53,2,1
z708
37,1,1
z1012
0,0,0
z946
41,1,1
/664
54,2,1
z722
43,1,1
/566
60,2,1
z884
42,1,1
/472
64,2,1
z796
34,1,1
z1078
47,1,1
/757
69,2,1
/693
49,1,1
z512
32,1,1
z612
48,1,1
/930
52,2,1
/1233
57,2,1
z500
45,1,1
/1197
61,2,1
z1377
59,2,1
z836
35,1,1
/552
70,2,1
z605
33,1,1
z951
46,1,1
/678
56,2,1
z720
40,1,1
/467
36,1,1
z806
38,1,1
/661
66,2,1
/871
58,2,1
/663
63,2,1
/737
62,2,1
/687
65,2,1
z696
53,2,1
z638
50,1,1
z562
51,2,1
z841
39,1,1
z473
31,1,1
z533
37,1,1
z527
55,2,1
/430
67,2,1
/535
68,2,1
z545
44,1,1
z667
0,0,0
/812
57,2,1
/1443
58,2,1
/485
66,2,1
/893
55,2,1
z723
43,1,1
z465
32,1,1
/969
46,1,1
/671
64,2,1
/588
63,2,1
z515
52,2,1
z476
44,1,1
/993
48,1,1
z765
51,2,1
/912
53,2,1
/552
61,2,1
z811
54,2,1
/577
68,2,1
z482
35,1,1
z486
40,1,1
z714
47,1,1
z568
33,1,1
z810
37,1,1
/774
49,1,1
/634
59,2,1
/776
45,1,1
/502
70,2,1
z504
36,1,1
/819
56,2,1
z614
41,1,1
/690
62,2,1
/851
50,1,1
/527
69,2,1
/486
65,2,1
/695
67,2,1
/429
60,2,1
z527
31,1,1
z724
34,1,1
z471
39,1,1
z596
42,1,1
z452
38,1,1
z560
0,0,0
/672
62,2,1
z653
35,1,1
z615
40,1,1
z494
34,1,1
z516
41,1,1
z841
47,1,1
/607
58,2,1
/597
60,2,1
/584
69,2,1
/623
66,2,1
z1065
46,1,1
/741
52,2,1
/586
70,2,1
/1128
65,2,1
/432
67,2,1
z535
56,2,1
z700
49,1,1
z787
38,1,1
/472
68,2,1
/593
55,2,1
z646
32,1,1
z624
50,1,1
z612
33,1,1
/723
59,2,1
/1036
44,1,1
z660
42,1,1
z573
31,1,1
z466
39,1,1
z661
48,1,1
/596
63,2,1
z987
43,1,1
z846
45,1,1
/761
53,2,1
/578
57,2,1
z591
51,2,1
z539
54,2,1
/384
64,2,1
z529
36,1,1
z520
37,1,1
/555
61,2,1
z753
0,0,0
/670
70,2,1
z512
38,1,1
/617
69,2,1
/447
67,2,1
/741
47,1,1
/684
61,2,1
/791
65,2,1
z698
51,2,1
z691
39,1,1
/676
46,1,1
z740
40,1,1
z566
35,1,1
z723
52,2,1
z701
50,1,1
/695
66,2,1
z626
43,1,1
/821
53,2,1
/477
63,2,1
/649
58,2,1
/532
60,2,1
/555
57,2,1
z574
49,1,1
z683
41,1,1
z492
34,1,1
/484
64,2,1
z493
33,1,1
z459
59,2,1
/1075
62,2,1
z743
45,1,1
z626
44,1,1
z580
36,1,1
z912
48,1,1
z721
32,1,1
/575
68,2,1
/702
55,2,1
z787
42,1,1
z637
31,1,1
z438
37,1,1
z692
56,2,1
/515
54,2,1
z584
0,0,0
z1031
50,1,1
z815
49,1,1
/431
64,2,1
/601
60,2,1
z870
43,1,1
z535
32,1,1
/500
62,2,1
z770
38,1,1
/1052
53,2,1
z401
33,1,1
/426
69,2,1
/565
48,1,1
/532
68,2,1
z507
35,1,1
/972
58,2,1
z423
39,1,1
/523
70,2,1
z670
47,1,1
z680
41,1,1
z766
36,1,1
z410
31,1,1
z480
34,1,1
/576
56,2,1
/475
65,2,1
z869
44,1,1
/1215
42,1,1
/488
66,2,1
/453
67,2,1
/465
59,2,1
/432
61,2,1
/827
52,2,1
z630
37,1,1
z418
40,1,1
z767
55,2,1
/812
57,2,1
z531
46,1,1
z623
51,2,1
z599
54,2,1
/574
63,2,1
z550
45,1,1
z599
0,0,0
z683
35,1,1
z578
45,1,1
z472
34,1,1
z491
47,1,1
z594
46,1,1
z605
52,2,1
z700
53,2,1
z857
48,1,1
z447
41,1,1
/721
37,1,1
/1283
51,2,1
z410
36,1,1
/747
59,2,1
/550
68,2,1
/408
70,2,1
/387
67,2,1
z973
44,1,1
/679
58,2,1
z632
54,2,1
z695
38,1,1
/703
57,2,1
z657
55,2,1
z642
50,1,1
z490
43,1,1
z700
31,1,1
/679
66,2,1
/715
60,2,1
/606
62,2,1
z478
32,1,1
/526
64,2,1
/508
61,2,1
z562
39,1,1
/516
69,2,1
/447
63,2,1
/559
56,2,1
z554
33,1,1
z654
40,1,1
z756
49,1,1
/562
65,2,1
z624
42,1,1
z670
0,0,0
/794
60,2,1
z514
33,1,1
/433
67,2,1
z474
39,1,1
/423
59,2,1
/487
63,2,1
z484
44,1,1
z455
37,1,1
/464
69,2,1
z521
41,1,1
/594
48,1,1
z459
36,1,1
z406
61,2,1
/600
55,2,1
/969
56,2,1
z706
42,1,1
/807
53,2,1
/778
58,2,1
z455
32,1,1
/935
46,1,1
z604
54,2,1
z525
35,1,1
z484
49,1,1
z503
43,1,1
/674
62,2,1
z623
40,1,1
z1035
47,1,1
z558
50,1,1
z570
70,2,1
z740
31,1,1
/416
65,2,1
z475
38,1,1
z807
45,1,1
/598
64,2,1
/565
52,2,1
z491
34,1,1
/654
57,2,1
/466
68,2,1
/478
66,2,1
/704
51,2,1
/822
0,0,0
z1169
39,1,1
z637
50,1,1
z431
41,1,1
z818
53,2,1
/614
58,2,1
/469
62,2,1
z587
56,2,1
z635
46,1,1
z480
35,1,1
z583
52,2,1
z477
54,2,1
z603
57,2,1
/762
55,2,1
z465
34,1,1
z629
49,1,1
z659
59,2,1
/621
67,2,1
/521
69,2,1
z609
42,1,1
z608
51,2,1
z499
32,1,1
/639
61,2,1
/577
63,2,1
/460
70,2,1
/976
47,1,1
/545
65,2,1
z446
43,1,1
z466
60,2,1
z429
66,2,1
/580
68,2,1
z629
33,1,1
z563
37,1,1
z512
36,1,1
z594
31,1,1
z744
48,1,1
z444
40,1,1
z490
38,1,1
z484
44,1,1
/592
64,2,1
z656
45,1,1
z612
0,0,0
z860
44,1,1
/705
57,2,1
z403
47,1,1
/537
69,2,1
z448
51,2,1
z487
36,1,1
/615
50,1,1
/667
52,2,1
/549
66,2,1
/570
67,2,1
/481
63,2,1
z531
42,1,1
/728
58,2,1
/751
55,2,1
/502
68,2,1
/461
64,2,1
z485
37,1,1
z377
32,1,1
z421
38,1,1
/498
62,2,1
z444
33,1,1
z867
46,1,1
z459
35,1,1
/514
61,2,1
z387
40,1,1
z480
43,1,1
/527
70,2,1
z465
53,2,1
z511
45,1,1
z453
54,2,1
/789
59,2,1
z570
49,1,1
/700
56,2,1
z757
60,2,1
z585
31,1,1
/712
65,2,1
z500
41,1,1
z435
34,1,1
z612
48,1,1
z490
39,1,1
z568
0,0,0
/537
64,2,1
/530
68,2,1
z520
41,1,1
z543
58,2,1
z474
37,1,1
/600
67,2,1
z530
48,1,1
z723
47,1,1
z465
33,1,1
z460
34,1,1
z464
36,1,1
z410
40,1,1
/437
66,2,1
z612
38,1,1
z736
43,1,1
z541
35,1,1
z394
51,2,1
/687
62,2,1
z472
31,1,1
/700
56,2,1
z505
49,1,1
/510
59,2,1
z576
54,2,1
z664
50,1,1
/588
55,2,1
/457
65,2,1
z625
52,2,1
/461
39,1,1
z896
45,1,1
/598
70,2,1
z622
57,2,1
/504
53,2,1
/656
60,2,1
/535
61,2,1
z469
44,1,1
/666
69,2,1
z540
42,1,1
z489
46,1,1
z450
32,1,1
/471
63,2,1
/657
0,0,0
/670
70,2,1
z415
32,1,1
/423
52,2,1
z575
33,1,1
z513
35,1,1
/478
44,1,1
/503
69,2,1
/536
58,2,1
z444
39,1,1
/474
48,1,1
/494
62,2,1
z692
46,1,1
/552
66,2,1
/833
53,2,1
/450
68,2,1
/667
63,2,1
/430
36,1,1
z571
41,1,1
z348
40,1,1
z450
31,1,1
z365
51,2,1
z469
55,2,1
/475
60,2,1
/446
65,2,1
/884
64,2,1
/1204
61,2,1
z640
45,1,1
z675
34,1,1
z758
57,2,1
z483
43,1,1
/637
67,2,1
/449
54,2,1
/719
56,2,1
z481
38,1,1
z649
59,2,1
z536
42,1,1
z401
49,1,1
z640
50,1,1
z607
47,1,1
z559
37,1,1
z485
0,0,0
/520
66,2,1
/481
50,1,1
/635
52,2,1
/522
67,2,1
/530
65,2,1
z524
36,1,1
/489
69,2,1
/417
60,2,1
z451
38,1,1
z461
32,1,1
/562
57,2,1
/485
64,2,1
z484
47,1,1
z502
43,1,1
z490
33,1,1
/590
56,2,1
z468
49,1,1
/580
68,2,1
z540
34,1,1
z595
55,2,1
z522
70,2,1
z658
53,2,1
z713
48,1,1
z571
37,1,1
z542
45,1,1
/605
62,2,1
z596
54,2,1
z727
44,1,1
z465
59,2,1
z468
46,1,1
z826
58,2,1
z384
61,2,1
z447
40,1,1
z383
41,1,1
z457
51,2,1
z448
42,1,1
z429
35,1,1
z501
31,1,1
z546
39,1,1
/474
63,2,1
z588
0,0,0
z665
33,1,1
z361
47,1,1
z406
32,1,1
z614
57,2,1
/452
60,2,1
z526
38,1,1
/652
59,2,1
/575
62,2,1
/413
66,2,1
/647
61,2,1
z507
36,1,1
z420
35,1,1
z375
58,2,1
z440
63,2,1
z721
49,1,1
/573
64,2,1
z662
43,1,1
z619
52,2,1
z900
56,2,1
z459
40,1,1
z504
54,2,1
z630
48,1,1
z579
42,1,1
/470
55,2,1
/528
51,2,1
z441
31,1,1
z719
37,1,1
/450
68,2,1
/516
67,2,1
/453
70,2,1
z537
50,1,1
z508
39,1,1
/739
65,2,1
z444
34,1,1
z633
53,2,1
z605
46,1,1
z390
41,1,1
z466
44,1,1
/479
69,2,1
z414
45,1,1
z548
0,0,0
/648
62,2,1
z374
53,2,1
z733
36,1,1
z649
46,1,1
z626
45,1,1
z977
47,1,1
/415
69,2,1
/504
51,2,1
/519
63,2,1
z540
41,1,1
/485
57,2,1
/573
48,1,1
z363
34,1,1
/492
67,2,1
/514
60,2,1
/751
56,2,1
/612
49,1,1
z412
64,2,1
/708
68,2,1
/476
52,2,1
z658
54,2,1
/408
43,1,1
z688
39,1,1
/662
50,1,1
z704
44,1,1
z374
32,1,1
z425
35,1,1
z463
37,1,1
z384
65,2,1
/468
61,2,1
z548
31,1,1
/517
66,2,1
z595
40,1,1
/581
55,2,1
z584
58,2,1
z397
38,1,1
z451
33,1,1
z332
42,1,1
/555
70,2,1
/432
59,2,1
/680
0,0,0
z1098
50,1,1
z399
41,1,1
z405
37,1,1
/433
66,2,1
z356
35,1,1
/621
54,2,1
/497
62,2,1
/411
68,2,1
/361
70,2,1
/435
61,2,1
/419
64,2,1
/451
55,2,1
z447
49,1,1
/745
60,2,1
z501
31,1,1
z614
46,1,1
z456
36,1,1
/598
59,2,1
/508
67,2,1
z660
47,1,1
z406
45,1,1
/491
69,2,1
z643
52,2,1
z603
39,1,1
z442
44,1,1
z475
40,1,1
/471
58,2,1
/592
63,2,1
z535
34,1,1
/477
57,2,1
z622
33,1,1
z448
42,1,1
z324
43,1,1
/430
65,2,1
/862
56,2,1
z499
48,1,1
z453
38,1,1
/704
53,2,1
z384
32,1,1
/714
51,2,1
z680
0,0,0
/709
69,2,1
/626
52,2,1
/533
62,2,1
/431
59,2,1
/467
63,2,1
/913
57,2,1
/791
61,2,1
z572
42,1,1
z501
53,2,1
/534
68,2,1
z438
47,1,1
z731
44,1,1
/547
55,2,1
z947
38,1,1
z408
56,2,1
z394
50,1,1
z438
32,1,1
z372
48,1,1
z407
58,2,1
/444
64,2,1
z468
35,1,1
z398
36,1,1
z369
37,1,1
z391
45,1,1
z388
43,1,1
z1098
60,2,1
/603
54,2,1
/486
41,1,1
z572
31,1,1
z502
40,1,1
z434
49,1,1
z474
46,1,1
z460
33,1,1
z391
34,1,1
/486
65,2,1
z593
39,1,1
/471
66,2,1
z636
51,2,1
/569
67,2,1
/440
70,2,1
z562
0,0,0
z678
45,1,1
/538
63,2,1
/492
70,2,1
/376
55,2,1
z400
38,1,1
/526
69,2,1
/747
52,2,1
z398
42,1,1
/537
60,2,1
/462
65,2,1
z454
43,1,1
z497
36,1,1
z672
48,1,1
z318
41,1,1
/434
67,2,1
/539
58,2,1
z417
49,1,1
z438
54,2,1
z542
35,1,1
z472
31,1,1
/530
66,2,1
z417
50,1,1
z572
32,1,1
z478
40,1,1
z407
47,1,1
z430
61,2,1
z405
44,1,1
z393
46,1,1
/1041
68,2,1
/680
59,2,1
z414
51,2,1
z475
34,1,1
z490
37,1,1
z379
39,1,1
z1092
56,2,1
z414
53,2,1
/564
64,2,1
z399
33,1,1
z501
57,2,1
/668
62,2,1
/722
0,0,0
z525
44,1,1
z398
47,1,1
z409
31,1,1
z398
43,1,1
z396
39,1,1
z374
48,1,1
/362
64,2,1
/347
58,2,1
z503
34,1,1
/503
67,2,1
/560
49,1,1
/484
53,2,1
/490
61,2,1
/424
70,2,1
/423
63,2,1
z470
35,1,1
z350
38,1,1
z427
37,1,1
/548
56,2,1
/561
66,2,1
z577
32,1,1
/521
69,2,1
z554
40,1,1
/504
62,2,1
/894
51,2,1
/542
68,2,1
/352
57,2,1
z465
42,1,1
z391
50,1,1
z338
59,2,1
z637
45,1,1
z432
46,1,1
z383
41,1,1
z437
33,1,1
z672
36,1,1
/535
65,2,1
z652
54,2,1
/758
55,2,1
z648
52,2,1
/771
60,2,1
/581
0,0,0
/739
66,2,1
/418
54,2,1
z386
62,2,1
/513
65,2,1
z512
42,1,1
/634
63,2,1
z534
41,1,1
z562
53,2,1
/598
68,2,1
z770
40,1,1
z754
49,1,1
z356
38,1,1
/517
64,2,1
z792
33,1,1
z457
47,1,1
z419
35,1,1
z344
57,2,1
z420
45,1,1
z381
56,2,1
z350
34,1,1
z366
46,1,1
z1018
55,2,1
z608
61,2,1
/414
67,2,1
z541
43,1,1
z407
50,1,1
z400
48,1,1
z479
31,1,1
z455
44,1,1
z431
37,1,1
/590
69,2,1
/894
60,2,1
z490
52,2,1
z428
51,2,1
z478
59,2,1
z574
36,1,1
/483
70,2,1
z682
39,1,1
z594
32,1,1
/423
58,2,1
/643
0,0,0
/634
63,2,1
z477
31,1,1
z425
36,1,1
z359
50,1,1
z432
47,1,1
/490
66,2,1
z431
52,2,1
/691
44,1,1
z711
42,1,1
z546
51,2,1
/489
67,2,1
/418
64,2,1
/524
55,2,1
z476
34,1,1
z393
35,1,1
/445
57,2,1
z402
38,1,1
z373
68,2,1
/479
70,2,1
z569
41,1,1
/428
69,2,1
/653
49,1,1
/714
60,2,1
z606
45,1,1
z510
32,1,1
/483
59,2,1
z509
37,1,1
/559
65,2,1
z1350
46,1,1
/524
58,2,1
z572
33,1,1
z402
40,1,1
z444
39,1,1
/616
62,2,1
/518
61,2,1
/645
54,2,1
z455
43,1,1
z991
56,2,1
z518
48,1,1
z514
53,2,1
z577
0,0,0
z551
37,1,1
z398
53,2,1
z710
45,1,1
z432
40,1,1
z422
39,1,1
/454
64,2,1
/425
58,2,1
/452
63,2,1
z479
35,1,1
z472
48,1,1
z447
51,2,1
/584
56,2,1
z474
43,1,1
/455
68,2,1
z665
52,2,1
z761
49,1,1
z475
32,1,1
z694
54,2,1
z469
31,1,1
/426
59,2,1
z458
41,1,1
/779
55,2,1
/517
70,2,1
z454
36,1,1
/574
61,2,1
/944
47,1,1
z686
44,1,1
z353
34,1,1
/522
69,2,1
z481
50,1,1
z490
42,1,1
/559
65,2,1
/534
66,2,1
/502
60,2,1
z1010
38,1,1
/515
62,2,1
z537
33,1,1
z416
46,1,1
/530
67,2,1
/513
57,2,1
/636
0,0,0
z657
40,1,1
z851
57,2,1
z374
41,1,1
z1199
55,2,1
z443
62,2,1
/481
66,2,1
z388
38,1,1
z460
37,1,1
z336
33,1,1
z458
42,1,1
z402
45,1,1
z468
58,2,1
z550
50,1,1
z505
31,1,1
/541
64,2,1
z523
52,2,1
z436
39,1,1
/534
60,2,1
/435
69,2,1
z434
43,1,1
z479
35,1,1
/607
63,2,1
z469
48,1,1
z436
44,1,1
z395
32,1,1
z486
49,1,1
/591
68,2,1
/458
70,2,1
z518
47,1,1
z559
61,2,1
/614
67,2,1
z878
36,1,1
/561
65,2,1
z530
56,2,1
z407
46,1,1
z428
59,2,1
z473
34,1,1
z486
54,2,1
z429
53,2,1
z529
51,2,1
z497
0,0,0
/578
65,2,1
z398
62,2,1
/433
70,2,1
z428
33,1,1
z426
54,2,1
z443
32,1,1
z444
34,1,1
z354
39,1,1
/455
66,2,1
z434
42,1,1
z398
46,1,1
/576
63,2,1
/953
52,2,1
z426
50,1,1
z679
49,1,1
/935
58,2,1
z525
48,1,1
z470
51,2,1
z434
36,1,1
z545
55,2,1
/574
64,2,1
z503
45,1,1
z818
31,1,1
/591
60,2,1
/463
61,2,1
z545
43,1,1
z760
57,2,1
z540
44,1,1
z479
40,1,1
z422
56,2,1
z622
47,1,1
/499
68,2,1
/556
67,2,1
/519
69,2,1
z671
38,1,1
z517
37,1,1
z841
53,2,1
/597
59,2,1
z430
35,1,1
z709
41,1,1
z504
0,0,0
z1041
54,2,1
/533
67,2,1
/427
55,2,1
z501
34,1,1
z444
38,1,1
z280
58,2,1
z479
63,2,1
z434
46,1,1
z392
31,1,1
z396
41,1,1
z544
47,1,1
z411
53,2,1
z425
40,1,1
z529
37,1,1
z463
44,1,1
z493
33,1,1
z370
61,2,1
/410
65,2,1
/421
60,2,1
z390
36,1,1
z521
42,1,1
/412
56,2,1
z361
48,1,1
/446
57,2,1
z394
52,2,1
/468
70,2,1
z401
35,1,1
z523
43,1,1
/554
59,2,1
/671
64,2,1
z497
32,1,1
/450
69,2,1
/426
68,2,1
/389
66,2,1
/420
62,2,1
/494
45,1,1
z613
49,1,1
z634
51,2,1
z362
50,1,1
z451
39,1,1
z516
0,0,0
z499
31,1,1
z419
55,2,1
/667
61,2,1
/674
62,2,1
z463
33,1,1
z378
34,1,1
/864
52,2,1
/503
65,2,1
z425
35,1,1
z402
51,2,1
z397
46,1,1
/505
64,2,1
/519
60,2,1
z524
49,1,1
z861
44,1,1
z398
41,1,1
/497
70,2,1
z476
39,1,1
z483
42,1,1
/439
56,2,1
z552
48,1,1
z488
37,1,1
z403
38,1,1
z380
32,1,1
z646
59,2,1
/425
67,2,1
z398
54,2,1
z706
47,1,1
z466
43,1,1
z567
40,1,1
/659
57,2,1
z617
36,1,1
/673
50,1,1
/590
58,2,1
/409
68,2,1
/439
53,2,1
/381
63,2,1
/423
69,2,1
/441
66,2,1
z457
45,1,1
z540
0,0,0
/1279
69,2,1
/365
60,2,1
/482
58,2,1
z549
37,1,1
/586
65,2,1
/461
48,1,1
z509
46,1,1
/562
63,2,1
z712
57,2,1
/511
42,1,1
z819
47,1,1
z331
33,1,1
z699
55,2,1
z450
36,1,1
/1041
67,2,1
z390
45,1,1
/477
66,2,1
z778
61,2,1
z331
44,1,1
z416
32,1,1
/735
52,2,1
z644
56,2,1
/763
64,2,1
z729
59,2,1
z449
38,1,1
z331
40,1,1
z402
35,1,1
z375
53,2,1
/530
62,2,1
/705
68,2,1
z537
43,1,1
/505
70,2,1
z433
39,1,1
z430
31,1,1
z490
50,1,1
z410
41,1,1
z552
51,2,1
z425
49,1,1
z485
34,1,1
z620
54,2,1
z521
0,0,0
/603
70,2,1
z421
36,1,1
z422
34,1,1
/591
62,2,1
z495
50,1,1
/508
63,2,1
z442
58,2,1
z962
49,1,1
z460
37,1,1
/503
51,2,1
/938
52,2,1
z598
44,1,1
z492
31,1,1
/656
55,2,1
z418
38,1,1
/937
56,2,1
z607
46,1,1
z534
43,1,1
z714
41,1,1
z407
45,1,1
z641
61,2,1
z869
42,1,1
/667
65,2,1
z554
32,1,1
/506
69,2,1
/712
67,2,1
z436
68,2,1
/528
66,2,1
z835
53,2,1
/794
64,2,1
z529
48,1,1
z427
39,1,1
z943
60,2,1
z483
35,1,1
z704
54,2,1
/906
59,2,1
z415
33,1,1
z504
47,1,1
/681
57,2,1
z345
40,1,1
END
Start of error log
End of error log
