dt16tl50b dt16bcy135
 35416
0,0,0
/2311
52,2,1
z801
44,1,1
z912
48,1,1
/1212
50,1,1
z1910
49,1,1
/659
68,2,1
/894
57,2,1
/729
64,2,1
z730
36,1,1
z2526
58,2,1
/790
67,2,1
z647
37,1,1
z713
39,1,1
z667
51,2,1
z865
47,1,1
z670
59,2,1
/1253
55,2,1
z1196
54,2,1
/692
70,2,1
/913
62,2,1
z622
41,1,1
/812
65,2,1
z1371
38,1,1
z847
53,2,1
z737
45,1,1
z589
32,1,1
z553
31,1,1
z1646
56,2,1
z895
35,1,1
/614
61,2,1
z888
43,1,1
/706
63,2,1
/878
66,2,1
/716
69,2,1
z603
33,1,1
z799
40,1,1
z990
34,1,1
/1187
60,2,1
z2096
42,1,1
z1490
46,1,1
 1122
0,0,0
z3392
51,2,1
z1577
55,2,1
z618
37,1,1
z2660
63,2,1
z912
46,1,1
z618
36,1,1
z4086
60,2,1
z979
58,2,1
z535
34,1,1
z678
35,1,1
z964
43,1,1
z1854
54,2,1
z1829
40,1,1
z1032
42,1,1
z834
44,1,1
z705
48,1,1
z774
38,1,1
/813
70,2,1
/696
68,2,1
/848
52,2,1
/887
62,2,1
/831
61,2,1
z955
49,1,1
z2612
57,2,1
z823
39,1,1
/605
67,2,1
z1135
53,2,1
z1604
50,1,1
/971
65,2,1
z596
31,1,1
/1435
64,2,1
/727
69,2,1
z686
59,2,1
z1628
66,2,1
z2251
56,2,1
z1069
47,1,1
z637
41,1,1
z1729
33,1,1
z684
32,1,1
z685
45,1,1
/946
0,0,0
z1619
53,2,1
z2477
52,2,1
z784
32,1,1
z944
43,1,1
/644
64,2,1
z1793
45,1,1
z922
47,1,1
z815
41,1,1
z3847
60,2,1
/610
66,2,1
z1936
48,1,1
z1304
40,1,1
/1114
68,2,1
z1044
55,2,1
z1410
34,1,1
/672
70,2,1
z1106
46,1,1
z529
42,1,1
z1447
59,2,1
z1188
35,1,1
z4276
67,2,1
z909
31,1,1
z2402
50,1,1
/2076
69,2,1
z677
33,1,1
z864
51,2,1
z666
36,1,1
/635
61,2,1
/2022
63,2,1
z779
56,2,1
/2670
65,2,1
z662
37,1,1
z1468
49,1,1
z1254
57,2,1
z3769
54,2,1
z1204
44,1,1
z3359
62,2,1
z942
39,1,1
z997
58,2,1
z606
38,1,1
/831
0,0,0
/1264
62,2,1
/655
69,2,1
z570
35,1,1
z834
44,1,1
z584
37,1,1
z522
33,1,1
/732
65,2,1
/947
61,2,1
z567
32,1,1
z795
46,1,1
z1012
53,2,1
z2143
48,1,1
/1446
52,2,1
z1089
40,1,1
/700
67,2,1
z882
45,1,1
z840
38,1,1
/1147
70,2,1
/1032
63,2,1
z804
55,2,1
z1201
54,2,1
/983
66,2,1
/875
68,2,1
z772
43,1,1
z1357
47,1,1
/5509
60,2,1
z1662
51,2,1
z949
56,2,1
z1005
39,1,1
/2575
64,2,1
z716
41,1,1
z1036
42,1,1
/1151
58,2,1
z817
31,1,1
z759
36,1,1
z916
49,1,1
/1847
50,1,1
/2947
59,2,1
/1474
57,2,1
z764
34,1,1
/645
0,0,0
/638
68,2,1
/601
67,2,1
z1087
33,1,1
/1475
52,2,1
z896
35,1,1
z2023
38,1,1
/2791
55,2,1
z673
34,1,1
/1399
51,2,1
/842
63,2,1
/615
61,2,1
z2058
44,1,1
/2456
57,2,1
z576
32,1,1
/1142
47,1,1
z718
42,1,1
z1293
39,1,1
z1449
36,1,1
z2638
40,1,1
z3283
45,1,1
/761
65,2,1
/506
69,2,1
z1473
41,1,1
/1056
66,2,1
/977
62,2,1
z1719
48,1,1
z3877
37,1,1
z1885
50,1,1
/860
59,2,1
/3905
58,2,1
z3161
56,2,1
z1349
49,1,1
/4152
54,2,1
z3743
43,1,1
/4645
46,1,1
z787
31,1,1
/679
70,2,1
/1401
53,2,1
/1634
60,2,1
/709
64,2,1
/8169
0,0,0
/876
66,2,1
/949
50,1,1
/2124
54,2,1
z1324
36,1,1
/851
58,2,1
z990
37,1,1
/672
67,2,1
/1281
70,2,1
z2981
35,1,1
/814
57,2,1
z996
40,1,1
z828
34,1,1
z1959
45,1,1
/867
68,2,1
z3019
51,2,1
/1207
52,2,1
z4372
39,1,1
z999
33,1,1
/1072
42,1,1
/2582
46,1,1
/575
64,2,1
/437
62,2,1
/483
69,2,1
z473
32,1,1
/562
65,2,1
/783
61,2,1
/1706
60,2,1
z971
38,1,1
/1553
47,1,1
/2526
48,1,1
/866
49,1,1
/691
63,2,1
z1074
43,1,1
z661
44,1,1
z846
41,1,1
/3116
59,2,1
/944
56,2,1
/1660
55,2,1
z663
31,1,1
z1060
53,2,1
/903
0,0,0
z4250
33,1,1
/486
70,2,1
z647
32,1,1
z834
41,1,1
z914
39,1,1
z1109
48,1,1
/1906
49,1,1
z1494
42,1,1
/1441
50,1,1
/729
57,2,1
/475
58,2,1
/455
59,2,1
/529
63,2,1
/1247
54,2,1
z2616
47,1,1
/799
60,2,1
z788
40,1,1
/1232
52,2,1
/1269
55,2,1
z7474
46,1,1
/1639
62,2,1
/1068
53,2,1
/673
69,2,1
z3125
51,2,1
/1057
45,1,1
/1552
44,1,1
z767
38,1,1
/579
65,2,1
/2895
36,1,1
/553
66,2,1
z687
34,1,1
/677
56,2,1
z1076
35,1,1
/530
68,2,1
z669
43,1,1
z868
37,1,1
/638
67,2,1
z610
31,1,1
/679
61,2,1
/850
64,2,1
/4934
0,0,0
/1139
54,2,1
/540
62,2,1
/463
47,1,1
/553
52,2,1
/1281
51,2,1
z725
33,1,1
z644
31,1,1
/1716
50,1,1
/2189
42,1,1
/1977
58,2,1
/1520
59,2,1
/2768
55,2,1
z2115
44,1,1
/893
64,2,1
z2098
41,1,1
/1787
61,2,1
/4218
57,2,1
/2320
48,1,1
z1113
40,1,1
/1005
63,2,1
/625
68,2,1
/621
70,2,1
z734
37,1,1
/684
69,2,1
/678
66,2,1
z2739
49,1,1
z2098
46,1,1
z652
35,1,1
z474
32,1,1
z463
39,1,1
z1741
45,1,1
z1000
43,1,1
/646
65,2,1
/2395
56,2,1
/679
67,2,1
/993
60,2,1
/930
53,2,1
z843
36,1,1
z859
38,1,1
z734
34,1,1
/1433
0,0,0
z2701
44,1,1
/681
62,2,1
/1452
70,2,1
z927
38,1,1
z1739
36,1,1
/1254
57,2,1
/1676
55,2,1
z2813
31,1,1
/1471
49,1,1
z698
33,1,1
/653
61,2,1
/911
50,1,1
z3223
37,1,1
z2751
35,1,1
/1048
46,1,1
/854
54,2,1
/694
65,2,1
/786
69,2,1
/894
56,2,1
/884
66,2,1
/1030
52,2,1
/1573
40,1,1
z1243
39,1,1
z2638
42,1,1
/531
68,2,1
/1413
48,1,1
/723
67,2,1
z1623
45,1,1
z1614
41,1,1
/907
51,2,1
/1673
43,1,1
/843
58,2,1
z1109
32,1,1
/1902
60,2,1
/757
59,2,1
z753
34,1,1
z633
53,2,1
/768
63,2,1
/1171
64,2,1
/2704
47,1,1
/1647
0,0,0
/1547
51,2,1
/1001
56,2,1
/1145
62,2,1
z2731
41,1,1
/869
65,2,1
/1612
60,2,1
/1346
70,2,1
z1646
47,1,1
/776
66,2,1
/1671
68,2,1
z661
40,1,1
z832
43,1,1
/2309
59,2,1
z1102
35,1,1
z1754
37,1,1
z1266
38,1,1
z873
32,1,1
z877
31,1,1
/1082
53,2,1
/1255
48,1,1
/1671
45,1,1
/1383
44,1,1
/847
61,2,1
z738
39,1,1
/1706
54,2,1
/2808
33,1,1
/1120
46,1,1
/724
63,2,1
/753
52,2,1
/764
49,1,1
z667
34,1,1
z2161
42,1,1
/1040
58,2,1
/1079
55,2,1
/837
69,2,1
/641
67,2,1
/3150
50,1,1
/838
64,2,1
z3640
36,1,1
/728
57,2,1
/9207
0,0,0
/2545
46,1,1
/1506
50,1,1
/716
65,2,1
z1068
39,1,1
z640
32,1,1
/655
70,2,1
/1535
48,1,1
/1640
41,1,1
/612
64,2,1
/850
52,2,1
/1839
47,1,1
/826
60,2,1
/622
61,2,1
z840
33,1,1
z598
31,1,1
/1057
57,2,1
/667
54,2,1
z959
34,1,1
/541
66,2,1
/602
68,2,1
/2510
53,2,1
/661
62,2,1
/680
67,2,1
/567
51,2,1
/490
58,2,1
/1672
49,1,1
z1337
43,1,1
/1430
45,1,1
/708
63,2,1
z1179
37,1,1
z1129
35,1,1
z915
44,1,1
/602
69,2,1
z599
40,1,1
z641
36,1,1
/1002
59,2,1
z896
38,1,1
z498
42,1,1
/1600
56,2,1
z912
55,2,1
/731
0,0,0
z1458
32,1,1
/1364
56,2,1
z856
38,1,1
/1109
47,1,1
/1331
46,1,1
/1862
50,1,1
/1076
60,2,1
z1569
35,1,1
z745
40,1,1
z535
31,1,1
/566
69,2,1
z3507
42,1,1
z1748
33,1,1
/823
63,2,1
/1177
66,2,1
/1075
64,2,1
z3803
49,1,1
z2390
48,1,1
/1094
62,2,1
/2291
53,2,1
z767
41,1,1
/2548
59,2,1
z1801
39,1,1
/981
55,2,1
/2045
54,2,1
z834
34,1,1
/1087
58,2,1
z2213
37,1,1
/756
51,2,1
z2675
36,1,1
/1696
52,2,1
/2569
43,1,1
/1378
68,2,1
/670
70,2,1
/567
67,2,1
/1192
57,2,1
z3530
44,1,1
/635
61,2,1
/603
65,2,1
/1871
45,1,1
 12637
0,0,0
/2012
44,1,1
/624
63,2,1
/1727
49,1,1
z1806
46,1,1
/595
66,2,1
z553
34,1,1
/728
64,2,1
z596
36,1,1
/1032
58,2,1
/1161
52,2,1
z1562
48,1,1
/601
62,2,1
/704
60,2,1
/653
67,2,1
z748
38,1,1
/812
50,1,1
/2368
57,2,1
z988
40,1,1
z1836
54,2,1
z1552
43,1,1
z492
33,1,1
/675
56,2,1
z3155
42,1,1
z492
31,1,1
z1554
51,2,1
/1709
55,2,1
z739
35,1,1
z1147
39,1,1
/1278
45,1,1
/755
61,2,1
/1272
53,2,1
/792
68,2,1
z2202
47,1,1
/823
70,2,1
z1065
32,1,1
/1274
69,2,1
z1513
37,1,1
/2425
59,2,1
/677
65,2,1
z1221
41,1,1
/5505
0,0,0
/655
67,2,1
/768
63,2,1
z2214
44,1,1
z1245
37,1,1
z1603
38,1,1
/522
50,1,1
/606
57,2,1
/1627
53,2,1
/1171
60,2,1
/1189
59,2,1
/4605
66,2,1
/3091
65,2,1
/3163
52,2,1
/1011
69,2,1
/2336
49,1,1
z959
34,1,1
z1860
41,1,1
/2525
54,2,1
z1365
43,1,1
/725
58,2,1
/497
68,2,1
z456
35,1,1
/441
64,2,1
z492
42,1,1
z499
31,1,1
/916
55,2,1
/968
46,1,1
z614
33,1,1
/965
62,2,1
/732
61,2,1
z680
40,1,1
/824
45,1,1
z2072
47,1,1
z665
36,1,1
z609
48,1,1
z787
32,1,1
z990
56,2,1
/558
70,2,1
/515
51,2,1
z738
39,1,1
/578
0,0,0
z1001
44,1,1
/498
69,2,1
/685
52,2,1
z582
36,1,1
z637
46,1,1
/568
64,2,1
/1487
49,1,1
/2083
40,1,1
/1023
45,1,1
z1404
38,1,1
/923
48,1,1
z819
42,1,1
z632
41,1,1
/548
66,2,1
/683
62,2,1
/815
60,2,1
z1405
51,2,1
z1353
43,1,1
/2154
56,2,1
/1891
47,1,1
z658
34,1,1
z548
35,1,1
/514
67,2,1
/448
50,1,1
/503
70,2,1
z585
32,1,1
/481
65,2,1
/3163
53,2,1
z814
31,1,1
z694
37,1,1
z722
55,2,1
/919
59,2,1
/864
58,2,1
/1027
68,2,1
/1878
54,2,1
/979
57,2,1
/940
63,2,1
z685
33,1,1
/911
61,2,1
z925
39,1,1
/761
0,0,0
/1180
57,2,1
/837
56,2,1
/1057
49,1,1
/1231
58,2,1
z742
39,1,1
/623
54,2,1
z854
34,1,1
/492
61,2,1
/643
60,2,1
/479
68,2,1
z686
43,1,1
/700
70,2,1
/1270
51,2,1
z2029
48,1,1
z870
37,1,1
/480
69,2,1
z671
31,1,1
/694
65,2,1
z1476
50,1,1
z1190
33,1,1
z490
41,1,1
z655
53,2,1
z665
42,1,1
z548
59,2,1
/537
63,2,1
/485
67,2,1
/3549
47,1,1
z705
38,1,1
/1670
64,2,1
z857
35,1,1
z501
32,1,1
z725
36,1,1
z2732
52,2,1
z5280
45,1,1
z1825
44,1,1
z537
40,1,1
/480
66,2,1
/862
55,2,1
/864
62,2,1
z978
46,1,1
 9489
0,0,0
z668
56,2,1
z476
38,1,1
z421
35,1,1
/483
61,2,1
/572
60,2,1
z470
39,1,1
z611
47,1,1
/432
62,2,1
/604
70,2,1
/651
49,1,1
/1559
63,2,1
z797
42,1,1
z1248
48,1,1
/2797
46,1,1
z1540
41,1,1
z570
37,1,1
z502
34,1,1
/688
66,2,1
z505
40,1,1
/683
55,2,1
z553
33,1,1
/534
69,2,1
z536
36,1,1
/512
64,2,1
z659
44,1,1
/500
58,2,1
z990
32,1,1
/690
50,1,1
/656
57,2,1
/625
67,2,1
/784
59,2,1
/577
54,2,1
/622
68,2,1
/2290
51,2,1
z718
31,1,1
/544
65,2,1
/1314
45,1,1
/1685
53,2,1
z835
43,1,1
z1349
52,2,1
/715
0,0,0
/605
61,2,1
/583
66,2,1
/469
64,2,1
z1028
54,2,1
/879
69,2,1
z1456
48,1,1
/769
60,2,1
z3303
45,1,1
/1721
63,2,1
/699
65,2,1
/843
59,2,1
z1233
37,1,1
/2080
62,2,1
/760
67,2,1
/537
56,2,1
z1132
33,1,1
/775
57,2,1
/1521
47,1,1
z616
34,1,1
z1152
44,1,1
/3267
51,2,1
z705
42,1,1
/566
70,2,1
z2153
52,2,1
z875
38,1,1
z1642
35,1,1
z1256
32,1,1
z797
39,1,1
z2049
53,2,1
/1214
50,1,1
/1387
43,1,1
z1559
40,1,1
z1355
49,1,1
/1233
55,2,1
z1680
36,1,1
/815
58,2,1
/3134
41,1,1
/1615
46,1,1
z647
31,1,1
/579
68,2,1
/705
0,0,0
/403
69,2,1
/652
51,2,1
/1204
44,1,1
z743
33,1,1
/460
66,2,1
/445
41,1,1
z487
59,2,1
/847
45,1,1
/1752
49,1,1
/938
46,1,1
/670
55,2,1
/880
62,2,1
z484
32,1,1
z977
39,1,1
z844
34,1,1
/735
63,2,1
/563
68,2,1
/575
65,2,1
/1001
61,2,1
z804
52,2,1
/542
53,2,1
z1400
35,1,1
z1141
37,1,1
z755
40,1,1
/525
60,2,1
z542
47,1,1
z584
31,1,1
z847
38,1,1
/1039
58,2,1
/805
50,1,1
/652
67,2,1
/618
54,2,1
z705
36,1,1
/577
57,2,1
/1264
48,1,1
/579
64,2,1
/464
70,2,1
/1089
56,2,1
z1399
42,1,1
z621
43,1,1
/1694
0,0,0
z849
45,1,1
z604
31,1,1
z1035
43,1,1
z1063
46,1,1
/600
63,2,1
/886
56,2,1
/554
69,2,1
/613
60,2,1
/544
67,2,1
/786
61,2,1
/763
51,2,1
/696
52,2,1
/1045
47,1,1
z860
33,1,1
/975
38,1,1
/698
62,2,1
/723
68,2,1
/473
64,2,1
/597
54,2,1
/624
59,2,1
/987
49,1,1
z742
35,1,1
z695
42,1,1
z773
36,1,1
z999
34,1,1
z952
32,1,1
/820
65,2,1
z2554
37,1,1
z718
40,1,1
/658
57,2,1
/1599
58,2,1
/1109
70,2,1
/918
50,1,1
z1317
39,1,1
z1740
53,2,1
/636
66,2,1
/1051
48,1,1
/925
55,2,1
z1265
44,1,1
z1379
41,1,1
/765
0,0,0
z1151
41,1,1
z1276
44,1,1
/565
56,2,1
/826
53,2,1
/1534
45,1,1
/639
47,1,1
/933
48,1,1
/625
68,2,1
/900
49,1,1
/765
64,2,1
z925
40,1,1
z1880
36,1,1
/597
62,2,1
/893
69,2,1
z1704
35,1,1
z1779
32,1,1
z2544
34,1,1
/635
67,2,1
z2292
31,1,1
/566
70,2,1
z1502
39,1,1
/875
63,2,1
/518
66,2,1
/656
65,2,1
/1043
60,2,1
/1281
59,2,1
z2410
42,1,1
/2412
50,1,1
/1355
43,1,1
/711
58,2,1
/924
52,2,1
/1461
46,1,1
/948
55,2,1
z1151
38,1,1
z699
33,1,1
/933
61,2,1
/1208
51,2,1
/955
54,2,1
/1644
57,2,1
z925
37,1,1
/856
0,0,0
z579
32,1,1
/526
67,2,1
z583
36,1,1
z617
42,1,1
z456
33,1,1
/551
66,2,1
z1239
43,1,1
/641
51,2,1
/837
68,2,1
/757
61,2,1
/2233
53,2,1
/1296
55,2,1
/1564
44,1,1
z3340
38,1,1
/975
47,1,1
/990
52,2,1
/2566
37,1,1
z3342
41,1,1
/904
49,1,1
/869
70,2,1
/2416
57,2,1
/1457
56,2,1
z1619
39,1,1
z882
35,1,1
/888
58,2,1
/3846
45,1,1
/1268
50,1,1
z567
34,1,1
z787
48,1,1
/535
64,2,1
z685
31,1,1
/611
60,2,1
/654
65,2,1
/597
54,2,1
/543
59,2,1
/700
69,2,1
/718
62,2,1
/480
63,2,1
z558
46,1,1
z690
40,1,1
/582
0,0,0
z607
49,1,1
z2372
33,1,1
z1468
39,1,1
/821
57,2,1
z1561
47,1,1
/502
70,2,1
z578
34,1,1
/484
61,2,1
/537
67,2,1
z995
43,1,1
z790
32,1,1
/636
60,2,1
z631
38,1,1
/655
69,2,1
/1244
52,2,1
z1131
45,1,1
/957
58,2,1
/680
65,2,1
/4251
46,1,1
/947
53,2,1
/898
62,2,1
z620
37,1,1
z464
44,1,1
z898
54,2,1
/1196
55,2,1
/754
51,2,1
/620
68,2,1
/578
66,2,1
z1621
36,1,1
z829
50,1,1
z723
40,1,1
/1609
56,2,1
/863
59,2,1
/1004
63,2,1
z1401
31,1,1
/1552
48,1,1
z1211
35,1,1
z548
42,1,1
z816
41,1,1
/546
64,2,1
/801
0,0,0
/534
61,2,1
z1630
48,1,1
z1599
41,1,1
/487
67,2,1
/684
59,2,1
/688
66,2,1
/702
68,2,1
/456
60,2,1
z736
46,1,1
z544
33,1,1
z466
31,1,1
/759
70,2,1
z2348
44,1,1
/561
52,2,1
z676
35,1,1
/1364
49,1,1
/1893
64,2,1
/817
56,2,1
/1166
58,2,1
/1054
45,1,1
/797
57,2,1
/617
65,2,1
z1197
40,1,1
z1263
34,1,1
/766
50,1,1
/858
47,1,1
z1058
36,1,1
z763
42,1,1
z653
43,1,1
/2087
55,2,1
z785
39,1,1
/771
69,2,1
z1248
51,2,1
z1670
38,1,1
z799
32,1,1
z800
37,1,1
/1085
54,2,1
/731
62,2,1
/598
53,2,1
/626
63,2,1
/586
0,0,0
/478
58,2,1
/543
57,2,1
z1275
32,1,1
/687
53,2,1
z707
31,1,1
/1446
52,2,1
z730
34,1,1
z668
39,1,1
z1862
44,1,1
z765
48,1,1
/794
62,2,1
z1371
42,1,1
/1795
46,1,1
/658
63,2,1
z1222
43,1,1
/927
56,2,1
z862
41,1,1
/688
66,2,1
/769
51,2,1
/553
61,2,1
/675
59,2,1
/559
67,2,1
/544
69,2,1
z671
37,1,1
z459
38,1,1
z489
35,1,1
/542
70,2,1
/1100
54,2,1
/552
65,2,1
z623
33,1,1
/889
49,1,1
z586
45,1,1
z2660
47,1,1
/2876
55,2,1
/797
64,2,1
z1639
36,1,1
/1088
60,2,1
z779
40,1,1
/1131
50,1,1
/2318
68,2,1
/11409
0,0,0
/1506
57,2,1
/487
69,2,1
z619
38,1,1
/742
59,2,1
/837
42,1,1
/520
62,2,1
/555
65,2,1
z1249
44,1,1
z426
35,1,1
z353
31,1,1
z436
34,1,1
/446
53,2,1
/906
50,1,1
z746
39,1,1
z567
33,1,1
z613
43,1,1
z695
40,1,1
z578
37,1,1
/1079
58,2,1
z1274
41,1,1
/660
68,2,1
z492
32,1,1
/625
63,2,1
/515
56,2,1
/461
66,2,1
/1040
49,1,1
z870
54,2,1
z994
45,1,1
/604
61,2,1
z787
55,2,1
z770
47,1,1
/647
60,2,1
z878
36,1,1
/642
67,2,1
z743
51,2,1
/1750
46,1,1
/811
52,2,1
/727
64,2,1
/2340
48,1,1
/666
70,2,1
/716
0,0,0
z784
43,1,1
z696
39,1,1
/603
70,2,1
/699
61,2,1
z867
57,2,1
/1072
53,2,1
/717
54,2,1
/617
67,2,1
/1121
68,2,1
z760
44,1,1
/809
49,1,1
/696
45,1,1
/540
65,2,1
z441
64,2,1
z566
31,1,1
z815
40,1,1
/1391
55,2,1
/1133
58,2,1
z854
47,1,1
z1268
41,1,1
z616
34,1,1
/1265
69,2,1
/656
56,2,1
/603
52,2,1
/573
60,2,1
/689
51,2,1
/417
66,2,1
/499
63,2,1
z888
37,1,1
z884
35,1,1
z642
33,1,1
z650
32,1,1
z606
42,1,1
z1068
46,1,1
z1178
36,1,1
/643
62,2,1
/1025
48,1,1
z1559
38,1,1
/796
59,2,1
z976
50,1,1
/775
0,0,0
/1153
54,2,1
/464
62,2,1
/542
53,2,1
/423
64,2,1
/816
55,2,1
z556
33,1,1
/547
66,2,1
/510
47,1,1
z621
46,1,1
z683
34,1,1
z856
51,2,1
/654
57,2,1
z915
39,1,1
/601
56,2,1
z683
37,1,1
/664
60,2,1
z669
31,1,1
/1397
52,2,1
/854
68,2,1
/1294
45,1,1
z1998
44,1,1
/1201
58,2,1
/1224
35,1,1
z2845
32,1,1
z1216
48,1,1
/643
70,2,1
/537
67,2,1
/418
69,2,1
/814
61,2,1
z752
42,1,1
z670
36,1,1
z561
43,1,1
z489
59,2,1
z587
40,1,1
z584
38,1,1
z1174
49,1,1
z901
50,1,1
/715
63,2,1
z877
41,1,1
/861
65,2,1
/778
0,0,0
z809
48,1,1
z632
32,1,1
z1097
51,2,1
/1144
54,2,1
/1054
61,2,1
z803
35,1,1
z1211
41,1,1
/1043
68,2,1
z741
40,1,1
/903
47,1,1
/1922
45,1,1
z572
37,1,1
/1197
49,1,1
z878
55,2,1
z711
46,1,1
/633
70,2,1
/1051
63,2,1
z777
33,1,1
z500
57,2,1
z2108
43,1,1
/666
66,2,1
z906
64,2,1
z649
52,2,1
z565
60,2,1
z817
38,1,1
z1002
44,1,1
z490
39,1,1
z1203
50,1,1
z859
31,1,1
z638
42,1,1
z588
36,1,1
/1452
58,2,1
/741
69,2,1
z670
34,1,1
/2259
56,2,1
/712
62,2,1
/867
53,2,1
/718
65,2,1
/1170
67,2,1
/491
59,2,1
/6544
0,0,0
/601
64,2,1
z548
40,1,1
z578
37,1,1
/613
52,2,1
z713
41,1,1
z503
31,1,1
z769
46,1,1
/819
70,2,1
/4465
62,2,1
/3063
59,2,1
z606
33,1,1
z414
53,2,1
/564
51,2,1
z845
43,1,1
/500
65,2,1
z777
34,1,1
/570
55,2,1
/1120
49,1,1
z1013
47,1,1
/856
48,1,1
/646
61,2,1
z651
39,1,1
/1098
63,2,1
/583
69,2,1
z591
32,1,1
/3067
60,2,1
z705
44,1,1
/665
54,2,1
/618
66,2,1
/864
50,1,1
/790
67,2,1
/760
57,2,1
z950
42,1,1
/539
68,2,1
z718
36,1,1
/1403
56,2,1
z1305
35,1,1
/633
58,2,1
z735
45,1,1
z879
38,1,1
END
Start of error log
End of error log
