dt16tl54b dt16bcy144
 47928
0,0,0
/650
67,2,1
/656
60,2,1
z462
41,1,1
z593
47,1,1
/512
70,2,1
z584
65,2,1
z613
54,2,1
z555
48,1,1
z548
46,1,1
z923
59,2,1
z609
36,1,1
z557
38,1,1
z474
31,1,1
z489
34,1,1
/1519
51,2,1
/489
58,2,1
z519
42,1,1
/491
66,2,1
z741
49,1,1
z647
40,1,1
/548
57,2,1
z597
32,1,1
z1667
52,2,1
/513
61,2,1
z567
35,1,1
z1071
56,2,1
z707
44,1,1
/402
69,2,1
/481
62,2,1
z606
43,1,1
z500
37,1,1
z885
55,2,1
/454
64,2,1
/591
53,2,1
/685
63,2,1
/549
68,2,1
z485
33,1,1
z749
45,1,1
z504
39,1,1
z514
50,1,1
 722
0,0,0
z1936
53,2,1
/498
69,2,1
z515
50,1,1
z561
54,2,1
z848
43,1,1
z831
49,1,1
/590
63,2,1
z564
52,2,1
z442
38,1,1
/574
58,2,1
z531
41,1,1
/477
66,2,1
z502
46,1,1
/614
59,2,1
z453
33,1,1
z834
39,1,1
z955
47,1,1
/605
62,2,1
z542
42,1,1
/445
70,2,1
/533
67,2,1
/943
51,2,1
/527
60,2,1
z860
55,2,1
/426
68,2,1
/579
61,2,1
z443
45,1,1
/474
64,2,1
z513
36,1,1
/443
65,2,1
z516
34,1,1
z708
48,1,1
z853
44,1,1
z525
35,1,1
z953
40,1,1
/630
56,2,1
z649
31,1,1
z534
32,1,1
z771
37,1,1
/655
57,2,1
 721
0,0,0
z752
42,1,1
z650
33,1,1
/770
61,2,1
/636
66,2,1
z498
36,1,1
z661
45,1,1
/728
57,2,1
/461
64,2,1
/1090
46,1,1
/562
55,2,1
z636
49,1,1
z668
32,1,1
/500
63,2,1
/658
52,2,1
/632
60,2,1
/2328
59,2,1
/2544
53,2,1
z603
31,1,1
z1241
44,1,1
/1667
56,2,1
z1578
34,1,1
/317
68,2,1
/386
70,2,1
/499
50,1,1
/512
54,2,1
z431
35,1,1
/435
41,1,1
/385
69,2,1
/400
62,2,1
/377
67,2,1
z575
51,2,1
/453
40,1,1
z1172
38,1,1
/1455
48,1,1
/509
58,2,1
z502
43,1,1
z428
37,1,1
/445
65,2,1
z410
39,1,1
/535
47,1,1
 644
0,0,0
/627
60,2,1
/408
67,2,1
/382
70,2,1
z369
55,2,1
/397
54,2,1
/559
51,2,1
/485
64,2,1
z444
36,1,1
/656
46,1,1
/420
53,2,1
z424
31,1,1
z416
52,2,1
/483
49,1,1
/461
68,2,1
/414
56,2,1
z537
32,1,1
/690
50,1,1
z593
33,1,1
/625
43,1,1
/524
59,2,1
/478
48,1,1
/420
65,2,1
/380
58,2,1
z1921
37,1,1
/582
69,2,1
z746
39,1,1
/590
66,2,1
/353
61,2,1
z484
34,1,1
/364
38,1,1
z405
42,1,1
z432
47,1,1
/466
57,2,1
z463
40,1,1
z388
35,1,1
/519
44,1,1
/385
45,1,1
/356
63,2,1
/280
62,2,1
z413
41,1,1
 520
0,0,0
z631
32,1,1
/283
70,2,1
z397
42,1,1
/289
63,2,1
z375
35,1,1
/277
47,1,1
/788
56,2,1
/388
53,2,1
/355
46,1,1
/405
68,2,1
/414
41,1,1
/440
57,2,1
z978
43,1,1
z951
40,1,1
z632
50,1,1
/372
69,2,1
/484
52,2,1
/761
34,1,1
/966
45,1,1
z621
39,1,1
z523
33,1,1
/736
55,2,1
/568
60,2,1
/546
58,2,1
/416
48,1,1
z1555
36,1,1
z402
31,1,1
z587
51,2,1
/488
64,2,1
z460
37,1,1
/479
59,2,1
z1628
44,1,1
/607
61,2,1
/466
65,2,1
/421
62,2,1
/467
54,2,1
/500
67,2,1
z545
38,1,1
/364
49,1,1
/431
66,2,1
 800
0,0,0
z911
40,1,1
z746
44,1,1
/469
65,2,1
/487
57,2,1
/423
69,2,1
z603
37,1,1
z685
33,1,1
/706
54,2,1
z979
43,1,1
/543
64,2,1
/562
66,2,1
/395
68,2,1
z391
32,1,1
/373
52,2,1
/474
56,2,1
z390
46,1,1
/512
60,2,1
/647
49,1,1
/440
59,2,1
/381
62,2,1
/406
47,1,1
/439
61,2,1
z359
51,2,1
/473
50,1,1
z498
41,1,1
/868
55,2,1
z581
38,1,1
z684
53,2,1
z384
34,1,1
z450
31,1,1
/472
70,2,1
/454
63,2,1
/425
42,1,1
z601
39,1,1
z431
36,1,1
z765
58,2,1
z482
45,1,1
/373
67,2,1
z555
48,1,1
z667
35,1,1
 636
0,0,0
/498
57,2,1
/535
62,2,1
/406
66,2,1
/303
46,1,1
/344
69,2,1
z396
64,2,1
/389
68,2,1
/487
56,2,1
/333
36,1,1
z1106
47,1,1
/472
50,1,1
z589
40,1,1
/362
65,2,1
/528
51,2,1
/357
44,1,1
z496
37,1,1
z511
35,1,1
/477
61,2,1
z538
39,1,1
z695
34,1,1
/431
58,2,1
/351
54,2,1
/299
48,1,1
/314
49,1,1
/413
43,1,1
z518
33,1,1
z494
42,1,1
/302
67,2,1
/543
55,2,1
z482
31,1,1
/467
63,2,1
/769
38,1,1
z620
32,1,1
/459
45,1,1
/348
52,2,1
/641
41,1,1
/400
60,2,1
/427
70,2,1
/406
59,2,1
/303
53,2,1
 1208
0,0,0
/888
43,1,1
/569
58,2,1
/578
47,1,1
/548
64,2,1
/700
61,2,1
/499
70,2,1
z1034
42,1,1
/1355
48,1,1
/529
51,2,1
z459
40,1,1
/804
67,2,1
/404
68,2,1
/396
60,2,1
/400
65,2,1
z419
55,2,1
z620
36,1,1
z642
44,1,1
/498
50,1,1
z454
34,1,1
/429
66,2,1
z574
54,2,1
/674
52,2,1
z522
38,1,1
/839
69,2,1
z616
39,1,1
z574
32,1,1
z486
33,1,1
/490
56,2,1
/489
63,2,1
/414
62,2,1
z701
46,1,1
z495
37,1,1
/479
53,2,1
z591
45,1,1
z1286
59,2,1
/808
57,2,1
z442
41,1,1
z1241
49,1,1
z451
35,1,1
z470
31,1,1
 713
0,0,0
/614
53,2,1
z1458
39,1,1
z552
42,1,1
/378
63,2,1
/518
60,2,1
z555
49,1,1
/256
50,1,1
/308
66,2,1
/385
40,1,1
z504
51,2,1
/329
67,2,1
z464
38,1,1
/376
68,2,1
/344
69,2,1
/467
57,2,1
/356
61,2,1
/349
44,1,1
/625
47,1,1
z541
36,1,1
/477
59,2,1
/414
52,2,1
/375
70,2,1
/410
58,2,1
/440
46,1,1
z819
41,1,1
z476
34,1,1
/583
65,2,1
z466
45,1,1
z406
32,1,1
/384
62,2,1
z413
31,1,1
z381
55,2,1
/508
64,2,1
z517
43,1,1
/512
37,1,1
z877
33,1,1
/452
54,2,1
/550
56,2,1
z622
35,1,1
/514
48,1,1
 714
0,0,0
/531
62,2,1
/397
59,2,1
/447
63,2,1
/966
67,2,1
z633
37,1,1
z445
39,1,1
z399
34,1,1
z485
50,1,1
/1000
46,1,1
z686
31,1,1
/466
64,2,1
/428
57,2,1
/358
55,2,1
/320
69,2,1
/306
54,2,1
/389
42,1,1
z332
53,2,1
z385
48,1,1
z467
51,2,1
z437
33,1,1
z443
45,1,1
/353
70,2,1
/419
43,1,1
/503
60,2,1
/622
56,2,1
z513
35,1,1
/333
61,2,1
/423
68,2,1
/630
58,2,1
z443
36,1,1
z395
49,1,1
/525
65,2,1
z453
44,1,1
z415
32,1,1
z419
47,1,1
z462
40,1,1
z410
41,1,1
z894
52,2,1
z433
38,1,1
/430
66,2,1
 624
0,0,0
/987
46,1,1
z456
32,1,1
z441
49,1,1
z376
40,1,1
z421
45,1,1
/354
52,2,1
/302
59,2,1
/285
61,2,1
/315
33,1,1
z644
44,1,1
z423
36,1,1
/431
58,2,1
/864
43,1,1
/411
66,2,1
z437
41,1,1
z347
35,1,1
/389
62,2,1
z398
51,2,1
/382
67,2,1
/403
69,2,1
z766
42,1,1
z489
34,1,1
z436
54,2,1
z456
48,1,1
z790
55,2,1
/473
60,2,1
/406
63,2,1
/399
65,2,1
/402
70,2,1
/485
47,1,1
z741
53,2,1
/808
56,2,1
/572
68,2,1
z447
39,1,1
/671
57,2,1
z501
31,1,1
/472
64,2,1
z444
38,1,1
z418
37,1,1
z583
50,1,1
 796
0,0,0
z644
44,1,1
z453
50,1,1
z429
32,1,1
z587
49,1,1
/666
61,2,1
z377
35,1,1
z475
53,2,1
z1043
56,2,1
z536
37,1,1
z525
42,1,1
/778
65,2,1
z474
52,2,1
z447
64,2,1
/714
62,2,1
/399
70,2,1
z551
58,2,1
z400
43,1,1
z327
31,1,1
/433
67,2,1
/353
57,2,1
z342
34,1,1
/367
45,1,1
z363
59,2,1
/430
55,2,1
/435
68,2,1
z538
47,1,1
/499
40,1,1
z514
41,1,1
z477
39,1,1
z539
51,2,1
z781
54,2,1
z395
38,1,1
/410
60,2,1
/445
69,2,1
/356
66,2,1
z534
48,1,1
z488
36,1,1
z453
46,1,1
/331
63,2,1
z447
33,1,1
 589
0,0,0
z1738
60,2,1
z391
38,1,1
z377
50,1,1
z412
45,1,1
z506
39,1,1
z458
43,1,1
z450
59,2,1
/480
65,2,1
z1515
47,1,1
/612
56,2,1
z413
36,1,1
/446
70,2,1
/343
68,2,1
/390
66,2,1
z443
62,2,1
z325
53,2,1
z597
55,2,1
/418
69,2,1
z562
57,2,1
z434
63,2,1
z373
32,1,1
z414
33,1,1
z454
31,1,1
z362
34,1,1
z364
44,1,1
z461
46,1,1
z417
51,2,1
z395
42,1,1
/545
61,2,1
/760
58,2,1
/442
64,2,1
z630
48,1,1
z429
40,1,1
/370
67,2,1
/612
52,2,1
z556
35,1,1
z506
41,1,1
/332
54,2,1
z494
37,1,1
z1279
49,1,1
 875
0,0,0
/694
61,2,1
z625
40,1,1
z953
51,2,1
z935
60,2,1
z408
46,1,1
/677
62,2,1
z400
32,1,1
z632
47,1,1
z484
38,1,1
z556
54,2,1
z476
34,1,1
/529
65,2,1
/446
59,2,1
z384
36,1,1
/425
67,2,1
/742
57,2,1
/396
64,2,1
/651
63,2,1
/496
48,1,1
/470
69,2,1
z568
55,2,1
z420
39,1,1
/590
70,2,1
z517
31,1,1
/456
66,2,1
z417
35,1,1
/359
56,2,1
z458
50,1,1
z481
33,1,1
z569
49,1,1
z367
42,1,1
z761
53,2,1
z419
37,1,1
z345
58,2,1
z450
45,1,1
z533
52,2,1
z462
41,1,1
/391
68,2,1
z368
44,1,1
z443
43,1,1
 597
0,0,0
z461
39,1,1
z345
36,1,1
z423
35,1,1
z860
44,1,1
z412
32,1,1
/476
45,1,1
/395
54,2,1
/327
55,2,1
/345
62,2,1
/343
40,1,1
/381
52,2,1
/524
38,1,1
/508
51,2,1
/367
53,2,1
z452
33,1,1
z634
50,1,1
/377
65,2,1
/362
66,2,1
/428
59,2,1
/423
61,2,1
z373
31,1,1
/412
41,1,1
/425
68,2,1
/434
49,1,1
z380
37,1,1
z496
48,1,1
/488
58,2,1
/403
63,2,1
z380
57,2,1
/338
70,2,1
/395
67,2,1
/412
64,2,1
z346
43,1,1
z400
34,1,1
/418
60,2,1
/494
56,2,1
z418
46,1,1
/562
69,2,1
z366
42,1,1
/381
47,1,1
 492
0,0,0
z428
31,1,1
/397
69,2,1
z412
48,1,1
/340
53,2,1
/368
60,2,1
/353
40,1,1
/453
57,2,1
/456
52,2,1
z358
58,2,1
z399
35,1,1
/606
42,1,1
/440
66,2,1
z485
41,1,1
/500
37,1,1
/465
64,2,1
/369
68,2,1
/878
59,2,1
/514
54,2,1
/607
49,1,1
/559
63,2,1
/419
47,1,1
/375
62,2,1
/359
50,1,1
/427
56,2,1
/392
65,2,1
/334
51,2,1
z491
39,1,1
/483
46,1,1
/423
44,1,1
z558
43,1,1
/494
67,2,1
/451
61,2,1
z466
32,1,1
z492
33,1,1
/417
70,2,1
z545
34,1,1
z483
38,1,1
z395
36,1,1
/387
55,2,1
z544
45,1,1
 480
0,0,0
z717
44,1,1
/473
58,2,1
/519
60,2,1
/427
55,2,1
/364
67,2,1
/310
70,2,1
z414
40,1,1
/341
36,1,1
z334
38,1,1
z308
48,1,1
/366
63,2,1
z411
32,1,1
z485
51,2,1
/345
49,1,1
/358
62,2,1
/492
66,2,1
/776
61,2,1
z528
43,1,1
z445
34,1,1
/454
68,2,1
/499
65,2,1
z478
33,1,1
z661
56,2,1
z553
35,1,1
z466
41,1,1
/494
69,2,1
z510
52,2,1
/578
59,2,1
z670
50,1,1
z513
45,1,1
z680
54,2,1
/478
64,2,1
/416
46,1,1
z774
31,1,1
z425
37,1,1
z508
42,1,1
/441
57,2,1
z470
39,1,1
/840
53,2,1
z522
47,1,1
 654
0,0,0
/870
62,2,1
/446
64,2,1
z492
35,1,1
/464
66,2,1
/435
56,2,1
/408
59,2,1
/583
43,1,1
z449
34,1,1
z487
37,1,1
z434
45,1,1
/481
63,2,1
/478
50,1,1
z513
32,1,1
z448
42,1,1
/695
39,1,1
/520
48,1,1
/702
36,1,1
z504
33,1,1
/455
67,2,1
z491
49,1,1
z513
31,1,1
z448
41,1,1
/388
65,2,1
/540
53,2,1
/432
38,1,1
/408
55,2,1
/381
61,2,1
/442
44,1,1
/465
70,2,1
/414
68,2,1
z571
40,1,1
/381
69,2,1
/369
60,2,1
/629
46,1,1
/336
57,2,1
/337
52,2,1
/453
58,2,1
/389
47,1,1
 466
54,2,1
/289
51,2,1
 740
0,0,0
z1386
41,1,1
z501
35,1,1
/421
57,2,1
/360
66,2,1
/358
44,1,1
/375
56,2,1
/432
47,1,1
/400
42,1,1
/393
52,2,1
/332
49,1,1
/387
64,2,1
/420
59,2,1
/450
68,2,1
/438
53,2,1
/322
43,1,1
/373
65,2,1
/453
50,1,1
/865
46,1,1
/399
60,2,1
/540
63,2,1
z448
34,1,1
z486
39,1,1
z492
38,1,1
z495
33,1,1
/577
69,2,1
z475
32,1,1
z446
48,1,1
/341
51,2,1
/325
61,2,1
z573
37,1,1
/447
54,2,1
z834
36,1,1
/575
45,1,1
z442
31,1,1
/357
58,2,1
/730
40,1,1
/382
70,2,1
/421
62,2,1
/362
67,2,1
/500
55,2,1
 659
0,0,0
/394
56,2,1
/392
32,1,1
/383
49,1,1
z2449
46,1,1
/448
69,2,1
z669
37,1,1
/396
61,2,1
/501
51,2,1
/402
55,2,1
/552
41,1,1
/440
58,2,1
z557
39,1,1
/368
67,2,1
/498
54,2,1
z421
34,1,1
/375
65,2,1
/370
48,1,1
/378
50,1,1
/314
70,2,1
/311
33,1,1
/329
68,2,1
z539
38,1,1
z483
43,1,1
/581
47,1,1
/406
53,2,1
/406
60,2,1
z691
31,1,1
/518
57,2,1
/486
66,2,1
/431
44,1,1
/401
52,2,1
z368
35,1,1
/369
62,2,1
z474
45,1,1
z505
42,1,1
z458
40,1,1
z375
36,1,1
/459
59,2,1
/426
64,2,1
/362
63,2,1
 611
0,0,0
/625
41,1,1
z698
43,1,1
z513
36,1,1
z377
38,1,1
/431
60,2,1
/653
68,2,1
/371
64,2,1
/540
62,2,1
z420
39,1,1
/439
69,2,1
z406
53,2,1
/439
57,2,1
/419
66,2,1
z547
49,1,1
/395
61,2,1
z365
35,1,1
z385
31,1,1
z609
55,2,1
z757
48,1,1
z462
46,1,1
z361
33,1,1
/519
70,2,1
z803
58,2,1
z510
42,1,1
/495
65,2,1
z360
56,2,1
/318
59,2,1
z556
44,1,1
z705
45,1,1
z433
40,1,1
z489
32,1,1
/613
50,1,1
/455
54,2,1
z411
51,2,1
z600
47,1,1
z378
34,1,1
z462
37,1,1
/385
67,2,1
/372
52,2,1
/399
63,2,1
/3080
0,0,0
z2141
52,2,1
z672
54,2,1
z478
67,2,1
/372
61,2,1
z548
50,1,1
z447
40,1,1
z375
38,1,1
/409
65,2,1
/346
66,2,1
z447
45,1,1
z456
56,2,1
z452
36,1,1
z499
48,1,1
/352
64,2,1
/396
57,2,1
z407
47,1,1
z381
37,1,1
z448
41,1,1
z697
44,1,1
/373
62,2,1
/821
53,2,1
z428
39,1,1
z534
32,1,1
/334
63,2,1
/384
55,2,1
/322
46,1,1
/731
58,2,1
z481
34,1,1
/351
68,2,1
/274
43,1,1
z450
35,1,1
/401
69,2,1
z484
31,1,1
z407
33,1,1
z450
51,2,1
/433
70,2,1
z434
60,2,1
z481
49,1,1
/411
59,2,1
z425
42,1,1
 1119
0,0,0
z563
45,1,1
/588
59,2,1
z476
54,2,1
z351
55,2,1
z423
36,1,1
z285
61,2,1
z1172
44,1,1
z611
47,1,1
z756
34,1,1
z509
35,1,1
/558
62,2,1
/465
64,2,1
z622
48,1,1
z609
39,1,1
/408
66,2,1
/412
63,2,1
z855
52,2,1
z420
38,1,1
z454
41,1,1
/511
67,2,1
/425
68,2,1
/434
70,2,1
z427
33,1,1
/501
57,2,1
z592
49,1,1
/530
53,2,1
z471
40,1,1
/407
65,2,1
z415
43,1,1
z572
51,2,1
/394
56,2,1
z369
31,1,1
/362
60,2,1
/507
46,1,1
z412
42,1,1
z441
37,1,1
/373
58,2,1
/375
69,2,1
/313
32,1,1
/398
50,1,1
 716
0,0,0
z474
33,1,1
/450
60,2,1
/373
54,2,1
/342
64,2,1
/365
48,1,1
/356
52,2,1
z448
40,1,1
z486
34,1,1
z430
45,1,1
/468
61,2,1
/256
59,2,1
/226
43,1,1
z799
37,1,1
/398
62,2,1
/350
69,2,1
z335
41,1,1
/410
50,1,1
z381
38,1,1
/367
66,2,1
z347
49,1,1
/557
46,1,1
/351
65,2,1
z515
39,1,1
z443
35,1,1
z364
36,1,1
z553
55,2,1
/400
63,2,1
z429
47,1,1
z408
31,1,1
/412
51,2,1
/366
44,1,1
/403
67,2,1
z338
42,1,1
/359
58,2,1
/435
56,2,1
/415
68,2,1
z539
57,2,1
z431
32,1,1
/348
70,2,1
/270
53,2,1
/171
0,0,0
/521
50,1,1
/434
46,1,1
/397
64,2,1
/448
61,2,1
z518
40,1,1
/347
66,2,1
z513
42,1,1
/409
52,2,1
/385
51,2,1
/375
60,2,1
/409
55,2,1
z446
44,1,1
z523
43,1,1
z3324
53,2,1
/869
70,2,1
z367
33,1,1
z416
36,1,1
z465
34,1,1
/467
62,2,1
z448
41,1,1
z484
38,1,1
z411
31,1,1
z387
35,1,1
/372
67,2,1
/341
69,2,1
/457
57,2,1
/384
59,2,1
/358
63,2,1
/401
68,2,1
/397
54,2,1
/282
49,1,1
z376
32,1,1
z537
47,1,1
z447
48,1,1
/381
58,2,1
/410
65,2,1
z456
37,1,1
z377
39,1,1
/445
56,2,1
/432
45,1,1
 3769
0,0,0
z481
34,1,1
z847
39,1,1
z350
59,2,1
z368
40,1,1
/368
68,2,1
z438
45,1,1
/353
69,2,1
z384
38,1,1
/384
44,1,1
/794
66,2,1
z623
43,1,1
z454
31,1,1
/433
58,2,1
z553
33,1,1
z570
37,1,1
/410
48,1,1
/454
60,2,1
/414
67,2,1
/371
64,2,1
z392
41,1,1
z361
32,1,1
z373
35,1,1
/428
53,2,1
/510
49,1,1
z450
36,1,1
/391
70,2,1
/492
63,2,1
/410
55,2,1
/371
47,1,1
/484
50,1,1
/354
56,2,1
/337
65,2,1
z446
52,2,1
/333
42,1,1
/368
54,2,1
/429
61,2,1
/341
51,2,1
z520
57,2,1
/387
62,2,1
/351
46,1,1
/1024
0,0,0
/656
49,1,1
z880
47,1,1
z481
37,1,1
z413
41,1,1
z456
40,1,1
/466
59,2,1
z488
38,1,1
/344
56,2,1
/387
39,1,1
/365
69,2,1
/389
66,2,1
/348
65,2,1
/435
33,1,1
/450
48,1,1
z612
43,1,1
/419
70,2,1
z373
45,1,1
z449
35,1,1
z528
34,1,1
/440
64,2,1
/381
57,2,1
/483
61,2,1
z487
31,1,1
/386
53,2,1
/357
52,2,1
/374
62,2,1
z374
51,2,1
/339
36,1,1
/333
42,1,1
/410
58,2,1
/572
68,2,1
/1055
54,2,1
z601
50,1,1
/298
67,2,1
/407
63,2,1
z391
46,1,1
z476
32,1,1
z428
60,2,1
z372
44,1,1
z356
55,2,1
/723
0,0,0
/491
63,2,1
/347
51,2,1
/392
62,2,1
/378
60,2,1
/400
69,2,1
/395
49,1,1
z888
41,1,1
z492
32,1,1
z486
45,1,1
/361
68,2,1
/319
44,1,1
/373
66,2,1
/331
54,2,1
/312
46,1,1
/461
65,2,1
z600
37,1,1
/415
59,2,1
/729
48,1,1
z636
42,1,1
/490
52,2,1
/274
58,2,1
/484
64,2,1
z766
50,1,1
z430
34,1,1
/524
57,2,1
/490
67,2,1
/421
56,2,1
/754
43,1,1
z802
33,1,1
z509
40,1,1
z550
39,1,1
/611
70,2,1
z1203
47,1,1
/1589
53,2,1
z2139
35,1,1
/623
61,2,1
z1045
36,1,1
/652
55,2,1
z654
38,1,1
z588
31,1,1
 9298
0,0,0
/733
60,2,1
/488
46,1,1
z525
39,1,1
z713
38,1,1
/402
66,2,1
z435
36,1,1
/417
48,1,1
z436
43,1,1
/359
59,2,1
/445
52,2,1
/373
62,2,1
/407
57,2,1
/383
53,2,1
/362
41,1,1
/257
50,1,1
/214
58,2,1
/391
64,2,1
z431
42,1,1
/572
51,2,1
/434
67,2,1
/336
63,2,1
/380
69,2,1
z1083
32,1,1
/533
56,2,1
/407
49,1,1
/383
47,1,1
z414
34,1,1
z381
37,1,1
z383
54,2,1
z339
45,1,1
/409
55,2,1
/344
40,1,1
z381
31,1,1
z310
33,1,1
z410
44,1,1
/387
70,2,1
/487
61,2,1
/303
35,1,1
/380
65,2,1
/320
68,2,1
/1107
0,0,0
/700
59,2,1
/439
57,2,1
/413
55,2,1
/316
61,2,1
/362
43,1,1
/311
69,2,1
z311
34,1,1
/338
58,2,1
/443
68,2,1
z388
48,1,1
/643
60,2,1
/410
67,2,1
/700
53,2,1
z512
51,2,1
z328
35,1,1
/489
65,2,1
z440
41,1,1
/409
70,2,1
z403
33,1,1
z1216
44,1,1
z399
42,1,1
/555
62,2,1
z418
50,1,1
/407
54,2,1
z513
32,1,1
z581
46,1,1
/771
56,2,1
z1073
36,1,1
/508
66,2,1
/402
49,1,1
/399
64,2,1
z740
47,1,1
z432
37,1,1
z390
31,1,1
/621
52,2,1
z546
45,1,1
/412
63,2,1
z468
40,1,1
z803
38,1,1
z449
39,1,1
END
Start of error log
End of error log
