dt16tl57b dt16bcy150
/18438
0,0,0
z533
40,1,1
/906
68,2,1
z457
44,1,1
z530
45,1,1
/699
59,2,1
z434
53,2,1
/1168
58,2,1
z443
50,1,1
/555
66,2,1
/651
54,2,1
z582
49,1,1
/814
60,2,1
z389
31,1,1
z426
42,1,1
/973
56,2,1
z421
35,1,1
z680
46,1,1
/406
70,2,1
/433
64,2,1
/540
69,2,1
/588
63,2,1
z578
47,1,1
/551
65,2,1
z492
36,1,1
z465
43,1,1
z422
57,2,1
/618
55,2,1
/438
62,2,1
z422
38,1,1
z917
51,2,1
z534
39,1,1
z515
33,1,1
z486
41,1,1
/413
67,2,1
/540
52,2,1
z367
32,1,1
/467
61,2,1
z420
34,1,1
z534
37,1,1
z681
48,1,1
/1295
0,0,0
z706
42,1,1
/1060
53,2,1
/584
46,1,1
/599
60,2,1
z382
37,1,1
z435
32,1,1
/851
62,2,1
z1013
50,1,1
/476
55,2,1
/595
56,2,1
/483
66,2,1
/511
65,2,1
z410
39,1,1
z522
44,1,1
/556
67,2,1
/670
69,2,1
z451
43,1,1
z545
38,1,1
/467
63,2,1
z364
31,1,1
z427
35,1,1
z431
40,1,1
z1011
57,2,1
/341
59,2,1
/587
47,1,1
/559
58,2,1
z418
41,1,1
z679
45,1,1
z834
49,1,1
/539
61,2,1
z559
34,1,1
z540
54,2,1
z710
36,1,1
z471
33,1,1
/448
70,2,1
z1053
48,1,1
/378
68,2,1
z619
51,2,1
/369
64,2,1
/976
52,2,1
/756
0,0,0
z679
37,1,1
/494
66,2,1
z431
39,1,1
/543
68,2,1
z481
43,1,1
/505
60,2,1
/577
59,2,1
/617
63,2,1
/469
55,2,1
z432
36,1,1
z462
35,1,1
z662
53,2,1
/392
56,2,1
z480
34,1,1
/544
57,2,1
z505
44,1,1
z514
38,1,1
z526
41,1,1
z694
50,1,1
/397
69,2,1
/575
64,2,1
/403
67,2,1
z443
32,1,1
z453
48,1,1
z510
46,1,1
z533
42,1,1
z443
40,1,1
/587
62,2,1
/648
58,2,1
z472
47,1,1
/440
70,2,1
/643
65,2,1
z589
33,1,1
z724
49,1,1
/427
54,2,1
z657
45,1,1
/436
51,2,1
z592
31,1,1
/604
61,2,1
/528
52,2,1
/583
0,0,0
z910
43,1,1
z597
48,1,1
z497
35,1,1
z795
46,1,1
/513
53,2,1
/551
64,2,1
/409
69,2,1
/670
57,2,1
z523
45,1,1
z1081
55,2,1
z420
41,1,1
z809
51,2,1
/991
54,2,1
z534
40,1,1
z695
31,1,1
z673
42,1,1
/789
52,2,1
/386
68,2,1
/431
66,2,1
z423
37,1,1
z518
38,1,1
/666
60,2,1
z449
34,1,1
z495
47,1,1
/487
59,2,1
/644
44,1,1
z402
33,1,1
/626
65,2,1
/641
56,2,1
/978
50,1,1
/561
61,2,1
/491
63,2,1
z397
32,1,1
/566
70,2,1
/1089
62,2,1
z497
49,1,1
z580
39,1,1
z617
36,1,1
/555
67,2,1
/533
58,2,1
/653
0,0,0
z587
49,1,1
z1156
52,2,1
/556
64,2,1
z591
40,1,1
/1198
51,2,1
z926
41,1,1
z719
33,1,1
/608
60,2,1
z498
70,2,1
/1334
66,2,1
/406
62,2,1
z524
43,1,1
/551
65,2,1
z624
48,1,1
z696
47,1,1
z493
38,1,1
z505
55,2,1
z483
32,1,1
z598
35,1,1
/484
67,2,1
z512
31,1,1
z546
36,1,1
/803
61,2,1
/570
59,2,1
/797
63,2,1
/504
54,2,1
/536
57,2,1
z2510
58,2,1
/539
56,2,1
z612
50,1,1
z1364
53,2,1
z656
46,1,1
z1093
44,1,1
z468
34,1,1
z846
45,1,1
/515
68,2,1
z591
39,1,1
/564
69,2,1
z726
42,1,1
z580
37,1,1
/642
0,0,0
/682
60,2,1
/1347
64,2,1
/933
58,2,1
z398
40,1,1
/754
57,2,1
z635
43,1,1
/698
67,2,1
/436
65,2,1
/1175
51,2,1
z487
39,1,1
z469
37,1,1
/709
52,2,1
z502
47,1,1
z520
32,1,1
/744
69,2,1
/655
56,2,1
z433
34,1,1
z373
33,1,1
z441
38,1,1
/876
66,2,1
z438
31,1,1
z1104
54,2,1
z731
53,2,1
/738
62,2,1
z670
50,1,1
z949
49,1,1
/362
59,2,1
/840
45,1,1
z693
55,2,1
/439
70,2,1
z580
41,1,1
z640
46,1,1
z494
44,1,1
/468
68,2,1
/687
48,1,1
z691
36,1,1
z558
42,1,1
/451
61,2,1
/363
63,2,1
z558
35,1,1
/692
0,0,0
/811
59,2,1
/541
55,2,1
z551
34,1,1
z943
43,1,1
z581
44,1,1
z595
38,1,1
/379
64,2,1
/623
60,2,1
/783
46,1,1
z647
41,1,1
z619
47,1,1
/716
45,1,1
z909
49,1,1
/473
65,2,1
/902
61,2,1
/1223
50,1,1
z541
32,1,1
/570
70,2,1
z590
31,1,1
/536
68,2,1
/453
66,2,1
/630
63,2,1
z1697
52,2,1
z933
54,2,1
z621
48,1,1
z478
35,1,1
/503
69,2,1
z1704
53,2,1
/440
56,2,1
z485
33,1,1
z685
42,1,1
z504
39,1,1
z749
51,2,1
/354
67,2,1
/921
58,2,1
z719
37,1,1
/970
57,2,1
/472
62,2,1
z571
40,1,1
z703
36,1,1
z623
0,0,0
/592
66,2,1
/631
53,2,1
/908
49,1,1
z788
52,2,1
z587
38,1,1
z710
45,1,1
/575
58,2,1
z537
37,1,1
z546
31,1,1
/442
62,2,1
z691
40,1,1
/488
69,2,1
/654
55,2,1
/667
54,2,1
/443
61,2,1
/933
47,1,1
/957
60,2,1
z602
39,1,1
/665
56,2,1
/778
48,1,1
/446
63,2,1
/461
65,2,1
/685
51,2,1
/492
67,2,1
z412
35,1,1
/623
68,2,1
z427
46,1,1
z528
34,1,1
z679
44,1,1
/530
42,1,1
/442
57,2,1
/448
43,1,1
z425
32,1,1
z399
33,1,1
z1438
50,1,1
z486
41,1,1
/694
64,2,1
/562
70,2,1
/712
59,2,1
z465
36,1,1
z556
0,0,0
z856
35,1,1
z877
40,1,1
/546
52,2,1
z1210
47,1,1
/831
61,2,1
/1447
57,2,1
.767
33,1,1
x581
36,1,1
z522
46,1,1
x1027
68,2,1
z1574
39,1,1
z657
32,1,1
z496
34,1,1
z702
38,1,1
z610
62,2,1
/362
63,2,1
/419
66,2,1
/345
53,2,1
/388
70,2,1
z1326
55,2,1
z510
42,1,1
z1335
59,2,1
z695
60,2,1
/1823
64,2,1
/406
49,1,1
z480
48,1,1
/533
69,2,1
/895
67,2,1
z444
37,1,1
z2189
58,2,1
z737
50,1,1
z520
43,1,1
z827
44,1,1
z674
45,1,1
z363
41,1,1
z422
56,2,1
z433
51,2,1
z496
31,1,1
/679
65,2,1
z781
54,2,1
/630
0,0,0
z497
32,1,1
z944
43,1,1
/570
53,2,1
/713
49,1,1
/414
60,2,1
/401
52,2,1
z472
45,1,1
/569
62,2,1
z553
59,2,1
/579
55,2,1
z441
34,1,1
z670
54,2,1
/595
57,2,1
z2089
51,2,1
/374
69,2,1
z552
46,1,1
z440
42,1,1
z612
36,1,1
z1008
50,1,1
z510
40,1,1
/494
64,2,1
/660
65,2,1
z507
41,1,1
z596
47,1,1
z418
38,1,1
/562
66,2,1
/652
67,2,1
z739
68,2,1
/408
70,2,1
z539
44,1,1
/499
63,2,1
/530
61,2,1
z513
35,1,1
/993
56,2,1
/811
48,1,1
z460
33,1,1
z535
31,1,1
/715
58,2,1
z542
37,1,1
z577
39,1,1
/707
0,0,0
/1303
42,1,1
/491
65,2,1
/800
50,1,1
z580
37,1,1
z446
41,1,1
/430
68,2,1
/867
55,2,1
/1586
54,2,1
/673
52,2,1
/809
44,1,1
z428
57,2,1
/332
63,2,1
/379
51,2,1
/454
64,2,1
/665
58,2,1
/437
67,2,1
/448
61,2,1
/662
56,2,1
/661
66,2,1
z894
46,1,1
z607
32,1,1
z1076
38,1,1
z413
33,1,1
z447
47,1,1
z472
35,1,1
/821
53,2,1
z743
43,1,1
z657
39,1,1
z941
49,1,1
/908
59,2,1
z563
31,1,1
/572
69,2,1
z980
45,1,1
/679
70,2,1
/783
48,1,1
z468
40,1,1
z602
34,1,1
/704
62,2,1
z1199
36,1,1
z955
60,2,1
/542
0,0,0
z504
31,1,1
z603
48,1,1
/629
63,2,1
/420
67,2,1
/412
55,2,1
z557
37,1,1
/1005
59,2,1
z682
41,1,1
z1129
51,2,1
z489
38,1,1
/718
58,2,1
z574
44,1,1
z711
32,1,1
z767
35,1,1
/832
56,2,1
/409
50,1,1
/464
69,2,1
/1062
65,2,1
/1137
66,2,1
z501
33,1,1
z831
42,1,1
z466
53,2,1
/478
54,2,1
/535
70,2,1
/665
49,1,1
z478
34,1,1
z639
57,2,1
/412
60,2,1
z533
36,1,1
z937
52,2,1
z492
47,1,1
/983
64,2,1
z483
46,1,1
/476
61,2,1
z474
40,1,1
/522
62,2,1
/543
68,2,1
z729
39,1,1
z686
43,1,1
z1115
45,1,1
/561
0,0,0
/675
51,2,1
/533
57,2,1
/658
66,2,1
/406
48,1,1
/850
49,1,1
z559
40,1,1
/751
58,2,1
z443
53,2,1
/371
60,2,1
/551
69,2,1
z496
38,1,1
z708
54,2,1
z507
34,1,1
/596
56,2,1
z737
39,1,1
z742
46,1,1
z1863
50,1,1
/381
67,2,1
/483
63,2,1
/976
52,2,1
z525
37,1,1
/722
68,2,1
z523
42,1,1
z505
33,1,1
z586
35,1,1
z526
41,1,1
z831
45,1,1
/690
65,2,1
z478
31,1,1
/783
62,2,1
/533
64,2,1
z566
43,1,1
z469
70,2,1
z592
44,1,1
/762
61,2,1
z632
47,1,1
/411
36,1,1
/613
32,1,1
/648
59,2,1
/664
55,2,1
/492
0,0,0
/761
54,2,1
/479
51,2,1
z440
39,1,1
/522
63,2,1
/521
62,2,1
/592
59,2,1
/458
60,2,1
z497
50,1,1
/430
70,2,1
/486
47,1,1
z907
61,2,1
z458
32,1,1
/420
69,2,1
/601
65,2,1
z937
38,1,1
/701
67,2,1
z1270
46,1,1
z775
52,2,1
z458
33,1,1
z460
45,1,1
/662
56,2,1
/457
43,1,1
z542
42,1,1
/805
53,2,1
z876
41,1,1
z1842
49,1,1
z895
66,2,1
z547
36,1,1
z406
55,2,1
z522
44,1,1
/849
68,2,1
/658
58,2,1
z488
34,1,1
z468
40,1,1
z612
48,1,1
z714
37,1,1
z422
35,1,1
/395
64,2,1
/407
57,2,1
z543
31,1,1
z611
0,0,0
z743
50,1,1
/925
38,1,1
/612
65,2,1
z537
47,1,1
/553
54,2,1
/400
63,2,1
/940
67,2,1
/918
59,2,1
z416
46,1,1
z524
41,1,1
/711
55,2,1
/689
61,2,1
/663
64,2,1
z496
43,1,1
z691
53,2,1
/692
68,2,1
z623
39,1,1
/1532
60,2,1
/414
58,2,1
z517
37,1,1
/547
32,1,1
z521
45,1,1
z685
49,1,1
z472
31,1,1
z370
42,1,1
z319
57,2,1
z433
34,1,1
/565
69,2,1
z629
40,1,1
z467
35,1,1
/445
70,2,1
/721
56,2,1
z544
44,1,1
z1538
51,2,1
z545
36,1,1
z415
33,1,1
/749
52,2,1
/371
62,2,1
z881
48,1,1
/421
66,2,1
/557
0,0,0
z625
38,1,1
/826
65,2,1
z519
48,1,1
z660
45,1,1
/386
64,2,1
/492
68,2,1
z923
35,1,1
z617
43,1,1
z920
59,2,1
/381
62,2,1
z977
42,1,1
/430
61,2,1
/521
70,2,1
/416
63,2,1
z651
44,1,1
z709
39,1,1
z634
32,1,1
z709
53,2,1
/819
55,2,1
/1658
56,2,1
z1193
50,1,1
z1197
40,1,1
/648
67,2,1
z564
34,1,1
z675
31,1,1
/690
57,2,1
z536
33,1,1
z640
36,1,1
z1766
37,1,1
z436
47,1,1
/795
60,2,1
/2591
52,2,1
/494
66,2,1
z1165
51,2,1
/791
58,2,1
z813
46,1,1
/742
69,2,1
/1554
49,1,1
/664
54,2,1
z605
41,1,1
/753
0,0,0
z940
56,2,1
/1145
65,2,1
z598
59,2,1
/286
62,2,1
z732
44,1,1
z504
36,1,1
z526
33,1,1
z1389
42,1,1
/719
61,2,1
/644
70,2,1
z457
49,1,1
z622
51,2,1
/994
48,1,1
/1535
60,2,1
/416
67,2,1
/423
64,2,1
z740
37,1,1
z695
58,2,1
/491
47,1,1
/510
54,2,1
z817
50,1,1
z613
63,2,1
z517
34,1,1
z1570
57,2,1
z487
31,1,1
z384
46,1,1
z708
43,1,1
/354
68,2,1
/435
69,2,1
z408
32,1,1
/572
66,2,1
z476
52,2,1
z474
39,1,1
z378
35,1,1
z1152
55,2,1
z555
53,2,1
/403
40,1,1
z463
38,1,1
/656
45,1,1
z875
41,1,1
/547
0,0,0
z855
50,1,1
/876
37,1,1
z475
33,1,1
z470
38,1,1
/855
55,2,1
z1774
43,1,1
/344
54,2,1
/2084
49,1,1
/411
65,2,1
z766
44,1,1
/347
62,2,1
z646
47,1,1
/354
69,2,1
z534
56,2,1
/383
42,1,1
z585
31,1,1
/548
61,2,1
/477
58,2,1
z807
59,2,1
/639
63,2,1
z579
52,2,1
/386
45,1,1
/441
68,2,1
z480
36,1,1
z664
40,1,1
/376
67,2,1
z506
46,1,1
z662
35,1,1
z534
32,1,1
/272
48,1,1
/1981
64,2,1
z626
53,2,1
z1427
66,2,1
z73
39,1,1
z2332
51,2,1
z515
57,2,1
z769
34,1,1
z573
41,1,1
/428
60,2,1
/2294
70,2,1
/1168
0,0,0
z623
48,1,1
z576
41,1,1
/381
62,2,1
z580
35,1,1
/465
45,1,1
z222
52,2,1
z646
33,1,1
z1155
43,1,1
/222
63,2,1
/448
66,2,1
/462
61,2,1
z510
49,1,1
/265
42,1,1
/699
53,2,1
z633
31,1,1
z1879
59,2,1
z1568
60,2,1
z501
44,1,1
/903
51,2,1
z677
40,1,1
z821
32,1,1
/795
64,2,1
/1191
56,2,1
/631
69,2,1
z676
47,1,1
/571
68,2,1
/729
50,1,1
z726
46,1,1
z756
58,2,1
/600
57,2,1
/537
67,2,1
z797
55,2,1
z614
38,1,1
z647
36,1,1
z827
54,2,1
z589
37,1,1
/472
70,2,1
z553
34,1,1
z580
65,2,1
z779
39,1,1
z711
0,0,0
/421
43,1,1
/515
66,2,1
z458
38,1,1
/537
65,2,1
z484
32,1,1
/383
56,2,1
/515
69,2,1
z629
42,1,1
z1641
50,1,1
z528
39,1,1
z517
34,1,1
/680
67,2,1
z553
47,1,1
/703
49,1,1
z697
41,1,1
z425
35,1,1
z550
58,2,1
/737
54,2,1
/351
62,2,1
z1151
33,1,1
/572
68,2,1
/497
59,2,1
/450
63,2,1
z1025
44,1,1
/494
53,2,1
/484
52,2,1
/1605
55,2,1
z1065
36,1,1
z650
31,1,1
z801
40,1,1
/635
51,2,1
/671
70,2,1
/769
60,2,1
z431
46,1,1
/636
48,1,1
z456
45,1,1
/593
64,2,1
z823
37,1,1
/1077
57,2,1
/544
61,2,1
/795
0,0,0
/473
68,2,1
/553
67,2,1
/446
61,2,1
z374
45,1,1
/1008
44,1,1
/665
70,2,1
/880
63,2,1
z461
38,1,1
/790
66,2,1
z732
54,2,1
z776
40,1,1
z650
32,1,1
z880
34,1,1
/443
64,2,1
z887
43,1,1
/423
47,1,1
/624
55,2,1
/518
57,2,1
z657
35,1,1
z1072
41,1,1
z696
50,1,1
z566
48,1,1
/505
59,2,1
z619
31,1,1
/555
56,2,1
z1022
49,1,1
z541
52,2,1
z687
65,2,1
z1232
36,1,1
z546
33,1,1
/617
51,2,1
z608
39,1,1
z704
37,1,1
z575
42,1,1
/511
60,2,1
/973
58,2,1
z65
53,2,1
/1109
46,1,1
z35
62,2,1
z377
69,2,1
/725
0,0,0
/683
57,2,1
z486
31,1,1
/589
56,2,1
/512
63,2,1
z1053
37,1,1
/64
54,2,1
/435
48,1,1
/845
49,1,1
z388
51,2,1
/561
66,2,1
/432
64,2,1
z239
53,2,1
/275
32,1,1
z2149
43,1,1
z893
41,1,1
/979
59,2,1
/790
55,2,1
/645
42,1,1
/517
47,1,1
z607
40,1,1
z586
39,1,1
/598
50,1,1
/451
58,2,1
z392
33,1,1
/746
68,2,1
z652
35,1,1
z668
44,1,1
/593
62,2,1
/916
46,1,1
/449
70,2,1
/559
60,2,1
z804
34,1,1
z535
52,2,1
z757
38,1,1
/949
45,1,1
z463
69,2,1
/483
61,2,1
/377
67,2,1
z758
36,1,1
/815
65,2,1
/945
0,0,0
z894
34,1,1
/541
68,2,1
/1568
49,1,1
/788
59,2,1
z536
45,1,1
z1457
54,2,1
z636
35,1,1
z382
33,1,1
z472
37,1,1
/946
55,2,1
/906
60,2,1
/637
69,2,1
/544
61,2,1
/656
51,2,1
z574
36,1,1
z568
65,2,1
z1268
40,1,1
z677
50,1,1
/769
57,2,1
/504
67,2,1
z611
48,1,1
/631
58,2,1
z466
42,1,1
z441
38,1,1
z1874
31,1,1
z633
52,2,1
z534
32,1,1
/942
47,1,1
/466
62,2,1
/598
66,2,1
/522
56,2,1
/514
64,2,1
/447
70,2,1
/880
63,2,1
z523
39,1,1
z513
43,1,1
z468
46,1,1
/453
44,1,1
/447
53,2,1
z949
41,1,1
z677
0,0,0
z1339
53,2,1
z1535
52,2,1
/314
57,2,1
z447
42,1,1
z1477
35,1,1
/596
70,2,1
z639
46,1,1
z770
39,1,1
z1211
51,2,1
z567
47,1,1
/959
54,2,1
z1410
62,2,1
/824
67,2,1
z1764
58,2,1
/381
36,1,1
z541
32,1,1
/1483
65,2,1
/609
66,2,1
z482
41,1,1
z779
56,2,1
/398
63,2,1
/685
61,2,1
z670
37,1,1
z902
45,1,1
z589
44,1,1
z407
34,1,1
/491
50,1,1
z540
33,1,1
z620
31,1,1
/842
55,2,1
z444
38,1,1
/584
69,2,1
/914
48,1,1
/433
64,2,1
z733
40,1,1
z814
49,1,1
/888
59,2,1
z605
43,1,1
z918
60,2,1
/469
68,2,1
/623
0,0,0
z826
52,2,1
z771
31,1,1
z706
36,1,1
z517
39,1,1
/456
60,2,1
z1183
32,1,1
z1299
49,1,1
/375
64,2,1
z610
42,1,1
z550
48,1,1
/632
65,2,1
/845
63,2,1
z990
47,1,1
z613
51,2,1
z591
44,1,1
/805
70,2,1
z614
41,1,1
z517
35,1,1
/575
59,2,1
z934
34,1,1
z1637
46,1,1
z1435
45,1,1
/936
57,2,1
z589
33,1,1
z3009
37,1,1
z534
40,1,1
z884
50,1,1
/439
61,2,1
/455
54,2,1
/1079
55,2,1
/696
67,2,1
z841
43,1,1
/1241
53,2,1
/609
62,2,1
z858
38,1,1
/621
58,2,1
/1198
56,2,1
/742
68,2,1
/640
66,2,1
/673
69,2,1
z1091
0,0,0
/784
61,2,1
/521
68,2,1
z741
37,1,1
z646
40,1,1
z578
42,1,1
/2575
45,1,1
/2752
53,2,1
/581
55,2,1
/964
67,2,1
/693
52,2,1
/589
63,2,1
z580
50,1,1
/2273
57,2,1
/832
70,2,1
z1110
38,1,1
/537
69,2,1
z640
51,2,1
z531
47,1,1
z915
36,1,1
z574
41,1,1
/423
64,2,1
z777
49,1,1
z628
56,2,1
z750
35,1,1
z650
44,1,1
/1260
58,2,1
/577
66,2,1
/3279
60,2,1
z624
43,1,1
/644
65,2,1
/689
59,2,1
z512
33,1,1
z623
46,1,1
z500
32,1,1
z509
31,1,1
z472
34,1,1
z469
39,1,1
/555
54,2,1
/401
62,2,1
z461
48,1,1
/590
0,0,0
z560
39,1,1
/633
65,2,1
z689
32,1,1
/557
63,2,1
/660
50,1,1
/551
64,2,1
/436
61,2,1
/416
62,2,1
/448
70,2,1
z514
45,1,1
z721
41,1,1
/898
51,2,1
z608
35,1,1
z557
34,1,1
z2346
53,2,1
z620
36,1,1
/391
52,2,1
/562
56,2,1
z734
42,1,1
z2746
48,1,1
z443
40,1,1
z476
38,1,1
/646
69,2,1
z1006
47,1,1
/473
67,2,1
/445
57,2,1
/435
59,2,1
/1069
46,1,1
z716
37,1,1
z909
31,1,1
z1078
49,1,1
/367
55,2,1
/415
60,2,1
/639
54,2,1
z420
66,2,1
/320
43,1,1
z763
44,1,1
/961
58,2,1
/561
68,2,1
z557
33,1,1
z562
0,0,0
z552
33,1,1
/711
70,2,1
z1299
52,2,1
z478
34,1,1
z490
39,1,1
/809
57,2,1
z672
45,1,1
z943
50,1,1
z524
54,2,1
z493
51,2,1
/702
62,2,1
z453
32,1,1
z444
37,1,1
z477
35,1,1
/576
60,2,1
/467
61,2,1
/818
64,2,1
z581
31,1,1
z1124
53,2,1
z1618
42,1,1
/489
66,2,1
z463
41,1,1
z826
43,1,1
/383
63,2,1
/541
69,2,1
/1054
48,1,1
/834
68,2,1
/619
59,2,1
z744
55,2,1
z823
46,1,1
z620
40,1,1
z1064
47,1,1
z754
38,1,1
z536
36,1,1
/537
65,2,1
/948
67,2,1
/991
49,1,1
/648
56,2,1
z740
44,1,1
/1376
58,2,1
/1192
0,0,0
z733
50,1,1
/380
69,2,1
z601
48,1,1
z769
41,1,1
/2651
51,2,1
z1790
58,2,1
/559
66,2,1
z779
52,2,1
z528
32,1,1
/564
62,2,1
z442
35,1,1
z594
70,2,1
/594
59,2,1
/410
67,2,1
z703
43,1,1
z576
31,1,1
z682
34,1,1
z544
49,1,1
/344
46,1,1
z425
42,1,1
/543
65,2,1
/624
68,2,1
/640
33,1,1
/734
55,2,1
z462
37,1,1
z1185
45,1,1
z6
60,2,1
z1633
47,1,1
z904
40,1,1
/619
61,2,1
/434
63,2,1
z723
44,1,1
/100
56,2,1
z870
36,1,1
/787
64,2,1
/4734
57,2,1
/1687
53,2,1
z455
38,1,1
/586
54,2,1
z536
39,1,1
/666
0,0,0
z660
45,1,1
/534
69,2,1
/1413
48,1,1
/2086
50,1,1
/1010
55,2,1
z649
46,1,1
/809
36,1,1
/574
67,2,1
z615
38,1,1
z247
65,2,1
z335
39,1,1
z756
52,2,1
/363
63,2,1
/620
56,2,1
z1223
44,1,1
z1181
41,1,1
/1255
58,2,1
/454
60,2,1
z800
34,1,1
z1108
32,1,1
z1012
43,1,1
/567
35,1,1
/514
70,2,1
z542
31,1,1
z1112
37,1,1
/429
54,2,1
z638
33,1,1
/590
47,1,1
/407
68,2,1
/433
59,2,1
/491
49,1,1
/428
64,2,1
/649
62,2,1
/1004
51,2,1
/1276
61,2,1
z565
53,2,1
z993
40,1,1
/526
57,2,1
/438
66,2,1
z599
42,1,1
END
Start of error log
End of error log
