/home/cogsys/aging/dtpbsy/dt16tl37b /home/cogsys/aging/dtpbsy/dt16bcy112
z8798
0,0,0
z1088
40,1,1
/959
68,2,1
z676
44,1,1
z1336
45,1,1
/1319
59,2,1
z697
53,2,1
z1998
58,2,1
z1260
50,1,1
/1464
66,2,1
z2510
54,2,1
z849
49,1,1
/1085
60,2,1
z606
31,1,1
z708
42,1,1
/2833
56,2,1
z1301
35,1,1
z3099
46,1,1
/1238
70,2,1
/730
64,2,1
/894
69,2,1
/921
63,2,1
/1393
47,1,1
/1333
65,2,1
z529
36,1,1
z845
43,1,1
/590
57,2,1
/1181
55,2,1
/614
62,2,1
z582
38,1,1
z3172
51,2,1
z1147
39,1,1
z956
33,1,1
z788
41,1,1
/634
67,2,1
/756
52,2,1
z948
32,1,1
/547
61,2,1
z562
34,1,1
z646
37,1,1
z2894
48,1,1
/26112
0,0,0
z957
42,1,1
z1413
53,2,1
z680
46,1,1
/692
60,2,1
z682
37,1,1
z963
32,1,1
/621
62,2,1
/1220
50,1,1
/531
55,2,1
z794
56,2,1
/730
66,2,1
/610
65,2,1
z823
39,1,1
z690
44,1,1
/596
67,2,1
/624
69,2,1
z1043
43,1,1
z939
38,1,1
/837
63,2,1
z767
31,1,1
z929
35,1,1
z1598
40,1,1
/773
57,2,1
/719
59,2,1
/902
47,1,1
/793
58,2,1
z748
41,1,1
z2144
45,1,1
/3226
49,1,1
z831
61,2,1
/658
34,1,1
/1127
54,2,1
z714
36,1,1
z850
33,1,1
/637
70,2,1
/1365
48,1,1
/3712
68,2,1
z1353
51,2,1
/1659
64,2,1
/1552
52,2,1
/1343
0,0,0
z841
37,1,1
/736
66,2,1
z1633
39,1,1
/710
68,2,1
z875
43,1,1
/815
60,2,1
/783
59,2,1
/1450
63,2,1
/1634
55,2,1
z641
36,1,1
z1359
35,1,1
z4504
53,2,1
/651
56,2,1
z2003
34,1,1
/814
57,2,1
z1311
44,1,1
z796
38,1,1
/765
41,1,1
/598
50,1,1
/557
69,2,1
/380
64,2,1
/356
67,2,1
z468
32,1,1
z992
48,1,1
/885
46,1,1
z4056
42,1,1
z873
40,1,1
/717
62,2,1
/1249
58,2,1
z979
47,1,1
/694
70,2,1
/565
65,2,1
z618
33,1,1
z1029
49,1,1
z3995
54,2,1
z690
45,1,1
z1679
51,2,1
z760
31,1,1
/490
61,2,1
/701
52,2,1
/1011
0,0,0
z1056
43,1,1
/2757
48,1,1
z781
35,1,1
z2140
46,1,1
z3928
53,2,1
/685
64,2,1
/694
69,2,1
/1142
57,2,1
/615
45,1,1
/387
55,2,1
z448
41,1,1
/868
51,2,1
z636
54,2,1
/606
40,1,1
z627
31,1,1
z892
42,1,1
/831
52,2,1
/465
68,2,1
/544
66,2,1
/756
37,1,1
z507
38,1,1
/722
60,2,1
z804
34,1,1
/724
47,1,1
/604
59,2,1
z860
44,1,1
z731
33,1,1
/514
65,2,1
z1058
56,2,1
/840
50,1,1
/723
61,2,1
/871
63,2,1
z605
32,1,1
/590
70,2,1
/593
62,2,1
z626
49,1,1
z1248
39,1,1
z1914
36,1,1
/495
67,2,1
/478
58,2,1
/1260
0,0,0
z2987
49,1,1
z962
52,2,1
/820
64,2,1
/858
40,1,1
z981
51,2,1
z770
41,1,1
z683
33,1,1
/595
60,2,1
/523
70,2,1
/509
66,2,1
/530
62,2,1
z634
43,1,1
/674
65,2,1
/2437
48,1,1
z644
47,1,1
z998
38,1,1
z1336
55,2,1
z731
32,1,1
z1907
35,1,1
/645
67,2,1
z532
31,1,1
z584
36,1,1
/535
61,2,1
z614
59,2,1
/530
63,2,1
/404
54,2,1
/443
57,2,1
/339
58,2,1
/384
56,2,1
/327
50,1,1
/320
53,2,1
z458
46,1,1
z530
44,1,1
z671
34,1,1
/564
45,1,1
/804
68,2,1
z497
39,1,1
/682
69,2,1
z593
42,1,1
z599
37,1,1
/1065
0,0,0
/667
60,2,1
/364
64,2,1
/338
58,2,1
/287
40,1,1
/551
57,2,1
z430
43,1,1
/575
67,2,1
/445
65,2,1
/408
51,2,1
z451
39,1,1
z571
37,1,1
/552
52,2,1
/989
47,1,1
z561
32,1,1
/675
69,2,1
z10771
56,2,1
z1171
34,1,1
z1841
33,1,1
z3299
38,1,1
/893
66,2,1
z1214
31,1,1
z2147
54,2,1
z1456
53,2,1
/757
62,2,1
z1227
50,1,1
z1626
49,1,1
/772
59,2,1
z1449
45,1,1
/760
55,2,1
/717
70,2,1
z577
41,1,1
z1114
46,1,1
z654
44,1,1
/609
68,2,1
/469
48,1,1
z386
36,1,1
z1389
42,1,1
/676
61,2,1
/889
63,2,1
z571
35,1,1
z3992
0,0,0
z850
59,2,1
/587
55,2,1
z565
34,1,1
z821
43,1,1
z1200
44,1,1
z757
38,1,1
/532
64,2,1
/538
60,2,1
z585
46,1,1
z1131
41,1,1
/520
47,1,1
z479
45,1,1
/659
49,1,1
/608
65,2,1
/424
61,2,1
z636
50,1,1
z702
32,1,1
/512
70,2,1
z479
31,1,1
/616
68,2,1
/646
66,2,1
/585
63,2,1
z748
52,2,1
/516
54,2,1
z1345
48,1,1
/616
35,1,1
/686
69,2,1
z518
53,2,1
z5403
56,2,1
z593
33,1,1
z5039
42,1,1
z744
39,1,1
z681
51,2,1
/480
67,2,1
/466
58,2,1
z536
37,1,1
/558
57,2,1
/610
62,2,1
z561
40,1,1
z491
36,1,1
/1138
0,0,0
z627
66,2,1
z931
53,2,1
/514
49,1,1
/405
52,2,1
z496
38,1,1
z1080
45,1,1
/607
58,2,1
z605
37,1,1
z741
31,1,1
/535
62,2,1
z3052
40,1,1
z2094
69,2,1
/921
55,2,1
/3380
54,2,1
/785
61,2,1
z1054
47,1,1
z735
60,2,1
z682
39,1,1
/562
56,2,1
/603
48,1,1
/469
63,2,1
/433
65,2,1
/550
51,2,1
/467
67,2,1
z527
35,1,1
/576
68,2,1
z539
46,1,1
z694
34,1,1
z663
44,1,1
/836
42,1,1
/656
57,2,1
z1471
43,1,1
z699
32,1,1
z678
33,1,1
/785
50,1,1
z569
41,1,1
/763
64,2,1
/674
70,2,1
z919
59,2,1
z790
36,1,1
/2677
0,0,0
z750
35,1,1
z693
40,1,1
/766
52,2,1
/704
47,1,1
/456
61,2,1
/423
57,2,1
z1111
33,1,1
z1340
36,1,1
z1895
46,1,1
/543
68,2,1
z661
39,1,1
z588
32,1,1
z825
34,1,1
z632
38,1,1
z1401
62,2,1
/1703
63,2,1
/757
66,2,1
z968
53,2,1
/424
70,2,1
/1386
55,2,1
z880
42,1,1
/792
59,2,1
/744
60,2,1
/468
64,2,1
z782
49,1,1
z714
48,1,1
/833
69,2,1
/619
67,2,1
z548
37,1,1
/2744
58,2,1
z1905
50,1,1
z2069
43,1,1
/934
44,1,1
z913
45,1,1
z603
41,1,1
z998
56,2,1
z1028
51,2,1
z531
31,1,1
/641
65,2,1
/2066
54,2,1
/6570
0,0,0
z1433
32,1,1
z817
43,1,1
/776
53,2,1
z2491
49,1,1
/796
60,2,1
z3413
52,2,1
z620
45,1,1
/659
62,2,1
z801
59,2,1
z926
55,2,1
z821
34,1,1
/939
54,2,1
/703
57,2,1
z654
51,2,1
/679
69,2,1
z583
46,1,1
z732
42,1,1
z652
36,1,1
z486
50,1,1
z441
40,1,1
/1841
64,2,1
/633
65,2,1
z605
41,1,1
z1632
47,1,1
z512
38,1,1
/467
66,2,1
/479
67,2,1
z1196
68,2,1
z684
70,2,1
z655
44,1,1
z700
63,2,1
/637
61,2,1
z560
35,1,1
/970
56,2,1
/1415
48,1,1
z612
33,1,1
z798
31,1,1
/652
58,2,1
z593
37,1,1
z655
39,1,1
/1047
0,0,0
z1535
42,1,1
/570
65,2,1
/1149
50,1,1
z444
37,1,1
z852
41,1,1
/515
68,2,1
/422
55,2,1
z658
54,2,1
z2139
52,2,1
/695
44,1,1
/544
57,2,1
/604
63,2,1
z861
51,2,1
/2691
64,2,1
z937
58,2,1
/1302
67,2,1
/649
61,2,1
/459
56,2,1
/390
66,2,1
z537
46,1,1
z550
32,1,1
z563
38,1,1
z654
33,1,1
z468
47,1,1
z1114
35,1,1
z950
53,2,1
/914
43,1,1
z613
39,1,1
z1368
49,1,1
/723
59,2,1
z567
31,1,1
/532
69,2,1
z515
45,1,1
/511
70,2,1
z1085
48,1,1
z596
40,1,1
z596
34,1,1
/597
62,2,1
z555
36,1,1
/728
60,2,1
/786
0,0,0
z598
31,1,1
z778
48,1,1
/450
63,2,1
/449
67,2,1
/394
55,2,1
z397
37,1,1
/775
59,2,1
z510
41,1,1
z1081
51,2,1
z567
38,1,1
/595
58,2,1
z487
44,1,1
z601
32,1,1
z534
35,1,1
/734
56,2,1
/645
50,1,1
/578
69,2,1
/546
65,2,1
/394
66,2,1
z702
33,1,1
z1230
42,1,1
/656
53,2,1
/737
54,2,1
/515
70,2,1
/347
49,1,1
z507
34,1,1
/583
57,2,1
/573
60,2,1
z423
36,1,1
z898
52,2,1
z2852
47,1,1
/616
64,2,1
z525
46,1,1
/2157
61,2,1
z582
40,1,1
/628
62,2,1
/617
68,2,1
z570
39,1,1
z607
43,1,1
z1709
45,1,1
z5091
0,0,0
z1227
51,2,1
z1479
57,2,1
/676
66,2,1
/1305
48,1,1
z1728
49,1,1
z669
40,1,1
/524
58,2,1
/628
53,2,1
/642
60,2,1
/645
69,2,1
z619
38,1,1
z1526
54,2,1
z585
34,1,1
/730
56,2,1
z731
39,1,1
/1371
46,1,1
z1462
50,1,1
/622
67,2,1
/555
63,2,1
/1484
52,2,1
z533
37,1,1
/609
68,2,1
z559
42,1,1
z639
33,1,1
z560
35,1,1
z449
41,1,1
/616
45,1,1
/1345
65,2,1
z619
31,1,1
/585
62,2,1
/553
64,2,1
z567
43,1,1
/754
70,2,1
z617
44,1,1
/527
61,2,1
z492
47,1,1
z704
36,1,1
z492
32,1,1
/470
59,2,1
/665
55,2,1
/782
0,0,0
/4571
54,2,1
/1248
51,2,1
z522
39,1,1
/630
63,2,1
/702
62,2,1
/3849
59,2,1
/1014
60,2,1
z510
50,1,1
/598
70,2,1
z707
47,1,1
z3415
61,2,1
z652
32,1,1
/547
69,2,1
/824
65,2,1
z611
38,1,1
/696
67,2,1
z916
46,1,1
z3650
52,2,1
z589
33,1,1
z614
45,1,1
/1190
56,2,1
z510
43,1,1
/507
42,1,1
z577
53,2,1
z929
41,1,1
/1094
49,1,1
/610
66,2,1
z767
36,1,1
z995
55,2,1
z650
44,1,1
/808
68,2,1
/774
58,2,1
z579
34,1,1
z604
40,1,1
z616
48,1,1
z666
37,1,1
z622
35,1,1
z1150
64,2,1
z2247
57,2,1
z552
31,1,1
z500
0,0,0
z1607
50,1,1
z566
38,1,1
/528
65,2,1
z570
47,1,1
/482
54,2,1
/1033
63,2,1
/535
67,2,1
/593
59,2,1
z456
46,1,1
z477
41,1,1
z934
55,2,1
z542
61,2,1
z1882
64,2,1
z499
43,1,1
z539
53,2,1
/1034
68,2,1
z504
39,1,1
z1115
60,2,1
/529
58,2,1
z763
37,1,1
z529
32,1,1
/603
45,1,1
/476
49,1,1
z537
31,1,1
z1256
42,1,1
/689
57,2,1
z500
34,1,1
/847
69,2,1
z505
40,1,1
z587
35,1,1
/570
70,2,1
/965
56,2,1
z860
44,1,1
z670
51,2,1
z574
36,1,1
z463
33,1,1
/609
52,2,1
/828
62,2,1
z638
48,1,1
/939
66,2,1
/4774
0,0,0
z677
38,1,1
/758
65,2,1
z607
48,1,1
z577
45,1,1
/540
64,2,1
/413
68,2,1
z522
35,1,1
z723
43,1,1
z541
59,2,1
/611
62,2,1
z540
42,1,1
/519
61,2,1
/652
70,2,1
/560
63,2,1
z447
44,1,1
z717
39,1,1
z536
32,1,1
/855
53,2,1
/1119
55,2,1
/668
56,2,1
/772
50,1,1
z528
40,1,1
/788
67,2,1
z497
34,1,1
z521
31,1,1
/575
57,2,1
z601
33,1,1
z548
36,1,1
z513
37,1,1
z458
47,1,1
z439
60,2,1
z1001
52,2,1
/573
66,2,1
/1169
51,2,1
/955
58,2,1
z605
46,1,1
/2249
69,2,1
z1254
49,1,1
z754
54,2,1
z498
41,1,1
/11584
0,0,0
z2568
56,2,1
/752
65,2,1
/720
59,2,1
/773
62,2,1
z1423
44,1,1
z564
36,1,1
z576
33,1,1
z497
42,1,1
/604
61,2,1
/543
70,2,1
z899
49,1,1
z2068
51,2,1
z741
48,1,1
/1024
60,2,1
/655
67,2,1
/562
64,2,1
z1653
37,1,1
/773
58,2,1
z1291
47,1,1
/1299
54,2,1
z643
50,1,1
/633
63,2,1
z618
34,1,1
/884
57,2,1
z726
31,1,1
z1507
46,1,1
z1145
43,1,1
/732
68,2,1
/664
69,2,1
z529
32,1,1
/766
66,2,1
/739
52,2,1
z885
39,1,1
z1260
35,1,1
z1324
55,2,1
/634
53,2,1
z1409
40,1,1
z858
38,1,1
z1039
45,1,1
z994
41,1,1
z3001
0,0,0
z937
50,1,1
z664
37,1,1
z489
33,1,1
z1149
38,1,1
/1677
55,2,1
z546
43,1,1
/1007
54,2,1
z1119
49,1,1
/846
65,2,1
z841
44,1,1
/668
62,2,1
/1189
47,1,1
/564
69,2,1
/555
56,2,1
z599
42,1,1
z571
31,1,1
/615
61,2,1
/495
58,2,1
/532
59,2,1
/728
63,2,1
/415
52,2,1
/415
45,1,1
/526
68,2,1
z931
36,1,1
z537
40,1,1
/587
67,2,1
z594
46,1,1
/474
35,1,1
z710
32,1,1
z1728
48,1,1
/3388
64,2,1
z2993
53,2,1
z2989
66,2,1
z622
39,1,1
z2994
51,2,1
z3721
57,2,1
z3260
34,1,1
z2222
41,1,1
/2489
60,2,1
/1320
70,2,1
/893
0,0,0
z1190
48,1,1
z652
41,1,1
/768
62,2,1
z495
35,1,1
z799
45,1,1
z4492
52,2,1
z516
33,1,1
z804
43,1,1
/587
63,2,1
/490
66,2,1
/475
61,2,1
z560
49,1,1
z773
42,1,1
z478
53,2,1
z427
31,1,1
/520
59,2,1
/417
60,2,1
z520
44,1,1
z558
51,2,1
z592
40,1,1
z521
32,1,1
/552
64,2,1
/563
56,2,1
/539
69,2,1
z510
47,1,1
/1105
68,2,1
/893
50,1,1
/802
46,1,1
/481
58,2,1
/427
57,2,1
/1058
67,2,1
/440
55,2,1
z474
38,1,1
z622
36,1,1
z656
54,2,1
z656
37,1,1
/565
70,2,1
z539
34,1,1
/791
65,2,1
z5541
39,1,1
/1454
0,0,0
z739
43,1,1
/618
66,2,1
z2691
38,1,1
/619
65,2,1
z561
32,1,1
/896
56,2,1
/594
69,2,1
z1759
42,1,1
/564
50,1,1
z613
39,1,1
z597
34,1,1
/591
67,2,1
z485
47,1,1
/509
49,1,1
z575
41,1,1
z535
35,1,1
/654
58,2,1
z528
54,2,1
/552
62,2,1
z563
33,1,1
/561
68,2,1
/1227
59,2,1
/2042
63,2,1
z868
44,1,1
/585
53,2,1
/1074
52,2,1
/831
55,2,1
z1074
36,1,1
z486
31,1,1
z543
40,1,1
/581
51,2,1
/597
70,2,1
/550
60,2,1
/420
46,1,1
z514
48,1,1
/704
45,1,1
z414
64,2,1
z512
37,1,1
/675
57,2,1
/620
61,2,1
/833
0,0,0
/2302
68,2,1
/4501
67,2,1
/489
61,2,1
z745
45,1,1
z946
44,1,1
z952
70,2,1
/811
63,2,1
z476
38,1,1
/652
66,2,1
/906
54,2,1
z664
40,1,1
z474
32,1,1
z433
34,1,1
/4628
64,2,1
z3208
43,1,1
z1215
47,1,1
/391
55,2,1
/455
57,2,1
z565
35,1,1
z2829
41,1,1
z833
50,1,1
/473
48,1,1
/826
59,2,1
z633
31,1,1
/776
56,2,1
z1416
49,1,1
z674
52,2,1
/424
65,2,1
z717
36,1,1
z2073
33,1,1
z779
51,2,1
z588
39,1,1
z633
37,1,1
z504
42,1,1
z429
60,2,1
/496
58,2,1
/456
53,2,1
z332
46,1,1
/500
62,2,1
/427
69,2,1
z5979
0,0,0
/633
57,2,1
z474
31,1,1
/572
56,2,1
z720
63,2,1
z598
37,1,1
/571
54,2,1
z988
48,1,1
/899
49,1,1
z522
51,2,1
/725
66,2,1
/833
64,2,1
z849
53,2,1
z403
32,1,1
z667
43,1,1
z827
41,1,1
/637
59,2,1
/490
55,2,1
z674
42,1,1
z1195
47,1,1
z658
40,1,1
z607
39,1,1
z820
50,1,1
/523
58,2,1
z553
33,1,1
/570
68,2,1
z592
35,1,1
z616
44,1,1
/538
62,2,1
/556
46,1,1
/449
70,2,1
/372
60,2,1
z536
34,1,1
/852
52,2,1
z527
38,1,1
/501
45,1,1
/437
69,2,1
/405
61,2,1
/497
67,2,1
z563
36,1,1
/612
65,2,1
/10691
0,0,0
z746
34,1,1
/554
68,2,1
/888
49,1,1
z1169
59,2,1
z706
45,1,1
/2564
54,2,1
z675
35,1,1
z647
33,1,1
z651
37,1,1
/676
55,2,1
/680
60,2,1
/625
69,2,1
/578
61,2,1
/974
51,2,1
z714
36,1,1
/548
65,2,1
z869
40,1,1
/530
50,1,1
/550
57,2,1
/544
67,2,1
z793
48,1,1
/704
58,2,1
z581
42,1,1
z685
38,1,1
z609
31,1,1
/642
52,2,1
z594
32,1,1
/1227
47,1,1
/533
62,2,1
/634
66,2,1
/522
56,2,1
/630
64,2,1
/568
70,2,1
/550
63,2,1
z544
39,1,1
z1748
43,1,1
/727
46,1,1
z553
44,1,1
z1805
53,2,1
z681
41,1,1
/1273
0,0,0
z1093
53,2,1
/816
52,2,1
/715
57,2,1
z863
42,1,1
z703
35,1,1
/656
70,2,1
z792
46,1,1
z993
39,1,1
z540
51,2,1
z980
47,1,1
z691
54,2,1
/520
62,2,1
/524
67,2,1
z1351
58,2,1
z589
36,1,1
z414
32,1,1
/504
65,2,1
/536
66,2,1
z549
41,1,1
z1230
56,2,1
/564
63,2,1
/491
61,2,1
z524
37,1,1
z515
45,1,1
z489
44,1,1
z657
34,1,1
z2409
50,1,1
z471
33,1,1
z477
31,1,1
/934
55,2,1
z508
38,1,1
/494
69,2,1
z464
48,1,1
/572
64,2,1
z577
40,1,1
z1276
49,1,1
/1328
59,2,1
z402
43,1,1
/701
60,2,1
/689
68,2,1
z1119
0,0,0
z633
52,2,1
/511
31,1,1
z474
36,1,1
z624
39,1,1
/495
60,2,1
z480
32,1,1
z1900
49,1,1
/808
64,2,1
z495
42,1,1
z563
48,1,1
/625
65,2,1
/907
63,2,1
z527
47,1,1
z1292
51,2,1
/551
44,1,1
/689
70,2,1
z575
41,1,1
z623
35,1,1
/648
59,2,1
z527
34,1,1
z1297
46,1,1
z686
45,1,1
z2389
57,2,1
z536
33,1,1
z524
37,1,1
z404
40,1,1
z704
50,1,1
/452
61,2,1
/435
54,2,1
/1626
55,2,1
/515
67,2,1
z617
43,1,1
/1048
53,2,1
/587
62,2,1
z552
38,1,1
z849
58,2,1
z643
56,2,1
/700
68,2,1
z1310
66,2,1
/435
69,2,1
/4968
0,0,0
/1461
61,2,1
/513
68,2,1
z471
37,1,1
z781
40,1,1
z955
42,1,1
z1747
45,1,1
/612
53,2,1
/565
55,2,1
/604
67,2,1
z590
52,2,1
/661
63,2,1
z843
50,1,1
z3643
57,2,1
/673
70,2,1
z760
38,1,1
/631
69,2,1
z766
51,2,1
/814
47,1,1
z522
36,1,1
z804
41,1,1
/960
64,2,1
z975
49,1,1
/733
56,2,1
z813
35,1,1
z1232
44,1,1
/813
58,2,1
/2303
66,2,1
/604
60,2,1
z673
43,1,1
/661
65,2,1
/566
59,2,1
z655
33,1,1
z586
46,1,1
z1275
32,1,1
z742
31,1,1
z746
34,1,1
z493
39,1,1
/831
54,2,1
/637
62,2,1
/743
48,1,1
/13420
0,0,0
z811
39,1,1
/729
65,2,1
z729
32,1,1
/651
63,2,1
z713
50,1,1
/659
64,2,1
/479
61,2,1
/553
62,2,1
/531
70,2,1
z558
45,1,1
z436
41,1,1
z1402
51,2,1
/556
35,1,1
z523
34,1,1
z1636
53,2,1
z558
36,1,1
z1058
52,2,1
/617
56,2,1
z497
42,1,1
z1698
48,1,1
z803
40,1,1
z623
38,1,1
/548
69,2,1
z2125
47,1,1
/649
67,2,1
/725
57,2,1
/676
59,2,1
z713
46,1,1
z619
37,1,1
z642
31,1,1
/1661
49,1,1
/663
55,2,1
/1354
60,2,1
/682
54,2,1
/1263
66,2,1
z642
43,1,1
z881
44,1,1
/614
58,2,1
/544
68,2,1
z489
33,1,1
/490
0,0,0
z750
33,1,1
/521
70,2,1
z1248
52,2,1
z460
34,1,1
z1229
39,1,1
/1039
57,2,1
z639
45,1,1
/615
50,1,1
z520
54,2,1
/409
51,2,1
/505
62,2,1
z573
32,1,1
z486
37,1,1
z501
35,1,1
/529
60,2,1
/568
61,2,1
/560
64,2,1
z542
31,1,1
z2194
53,2,1
z945
42,1,1
/595
66,2,1
z2089
41,1,1
z878
43,1,1
/553
63,2,1
/532
69,2,1
z640
48,1,1
/534
68,2,1
/539
59,2,1
z1308
55,2,1
z643
46,1,1
z771
40,1,1
/576
47,1,1
z524
38,1,1
/598
36,1,1
z425
65,2,1
/450
67,2,1
z887
49,1,1
/449
56,2,1
/1028
44,1,1
z375
58,2,1
z3497
0,0,0
/1285
50,1,1
/688
69,2,1
/848
48,1,1
/708
41,1,1
/463
51,2,1
/774
58,2,1
/482
66,2,1
/941
52,2,1
z496
32,1,1
/643
62,2,1
z663
35,1,1
/928
70,2,1
/968
59,2,1
/424
67,2,1
z1358
43,1,1
z2289
31,1,1
z1231
34,1,1
z604
49,1,1
z777
46,1,1
z670
42,1,1
/486
65,2,1
/463
68,2,1
z512
33,1,1
/517
55,2,1
z567
37,1,1
/1369
45,1,1
/741
60,2,1
/997
47,1,1
z1331
40,1,1
/987
61,2,1
/812
63,2,1
z1143
44,1,1
/879
56,2,1
z1387
36,1,1
/607
64,2,1
/606
57,2,1
z1376
53,2,1
z473
38,1,1
/571
54,2,1
z921
39,1,1
z946
0,0,0
z2384
45,1,1
/574
69,2,1
/2717
48,1,1
z508
50,1,1
z442
55,2,1
z655
46,1,1
z561
36,1,1
/494
67,2,1
z594
38,1,1
/478
65,2,1
z511
39,1,1
/796
52,2,1
/433
63,2,1
/389
56,2,1
z699
44,1,1
z589
41,1,1
/514
58,2,1
/584
60,2,1
z477
34,1,1
z458
32,1,1
z445
43,1,1
z405
35,1,1
z665
70,2,1
/402
31,1,1
z1092
37,1,1
/451
54,2,1
z585
33,1,1
z609
47,1,1
/480
68,2,1
/736
59,2,1
/517
49,1,1
/479
64,2,1
/443
62,2,1
z650
51,2,1
/468
61,2,1
/573
53,2,1
z475
40,1,1
/597
57,2,1
/652
66,2,1
z459
42,1,1
END
Start of error log
End of error log
