/home/cogsys/aging/dtpbsy/dt16tl57b /home/cogsys/aging/dtpbsy/dt16bcy151
z9732
0,0,0
z2932
40,1,1
/990
68,2,1
z663
44,1,1
/879
45,1,1
/748
59,2,1
/1269
53,2,1
/867
58,2,1
z628
50,1,1
/976
66,2,1
z838
54,2,1
/815
49,1,1
/666
60,2,1
z723
31,1,1
z1042
42,1,1
z1152
56,2,1
z640
35,1,1
z882
46,1,1
/31623
70,2,1
/742
64,2,1
/639
69,2,1
/517
63,2,1
z1032
47,1,1
/650
65,2,1
z759
36,1,1
z713
43,1,1
z660
57,2,1
/777
55,2,1
/640
62,2,1
z535
38,1,1
z1023
51,2,1
z515
39,1,1
z473
33,1,1
/262
41,1,1
/695
67,2,1
/425
52,2,1
z640
32,1,1
/518
61,2,1
z537
34,1,1
z578
37,1,1
z669
48,1,1
/603
0,0,0
z671
42,1,1
/291
53,2,1
z3
46,1,1
/275
60,2,1
/86
37,1,1
z105
32,1,1
/148
62,2,1
/34
50,1,1
/50
55,2,1
/17
56,2,1
/34
66,2,1
z295
65,2,1
z579
39,1,1
z515
44,1,1
/765
67,2,1
/594
69,2,1
z578
43,1,1
z1474
38,1,1
/640
63,2,1
z726
31,1,1
z583
35,1,1
z805
40,1,1
z1074
57,2,1
/551
59,2,1
z708
47,1,1
z1314
58,2,1
z566
41,1,1
z1307
45,1,1
z1109
49,1,1
/2545
61,2,1
z650
34,1,1
/1528
54,2,1
z629
36,1,1
z893
33,1,1
/547
70,2,1
z612
48,1,1
/376
68,2,1
z1263
51,2,1
/519
64,2,1
/1233
52,2,1
/652
0,0,0
z760
37,1,1
/576
66,2,1
z532
39,1,1
/949
68,2,1
z572
43,1,1
/1041
60,2,1
/1228
59,2,1
/901
63,2,1
/7511
55,2,1
z854
36,1,1
z2445
35,1,1
/383
53,2,1
/541
56,2,1
z792
34,1,1
/4419
57,2,1
z653
44,1,1
z445
38,1,1
z538
41,1,1
z746
50,1,1
/499
69,2,1
/957
64,2,1
/636
67,2,1
z596
32,1,1
z4586
48,1,1
/714
46,1,1
z693
42,1,1
z668
40,1,1
/581
62,2,1
z1598
58,2,1
z622
47,1,1
/485
70,2,1
/6015
65,2,1
z574
33,1,1
/1185
49,1,1
/970
54,2,1
z1930
45,1,1
z3218
51,2,1
z538
31,1,1
/691
61,2,1
/1198
52,2,1
/449
0,0,0
z728
43,1,1
z659
48,1,1
z586
35,1,1
z748
46,1,1
z458
53,2,1
z321
64,2,1
/558
69,2,1
/476
57,2,1
/388
45,1,1
/497
55,2,1
z668
41,1,1
/553
51,2,1
/697
54,2,1
z1007
40,1,1
z615
31,1,1
z693
42,1,1
/722
52,2,1
/839
68,2,1
/940
66,2,1
z673
37,1,1
z600
38,1,1
/988
60,2,1
/932
34,1,1
/1042
47,1,1
/929
59,2,1
/1039
44,1,1
z705
33,1,1
/1164
65,2,1
/966
56,2,1
/983
50,1,1
/931
61,2,1
/1039
63,2,1
z883
32,1,1
/942
70,2,1
/1043
62,2,1
/1060
49,1,1
z913
39,1,1
z1026
36,1,1
/1037
67,2,1
/859
58,2,1
/628
0,0,0
/1338
49,1,1
/828
52,2,1
/1047
64,2,1
z1005
40,1,1
/7833
51,2,1
z488
41,1,1
z499
33,1,1
/540
60,2,1
/463
70,2,1
/499
66,2,1
z617
62,2,1
/296
43,1,1
/13
65,2,1
/407
48,1,1
z196
47,1,1
/206
38,1,1
z268
55,2,1
z1536
32,1,1
z1473
35,1,1
/868
67,2,1
z839
31,1,1
z1036
36,1,1
/954
61,2,1
/1075
59,2,1
/971
63,2,1
/951
54,2,1
/940
57,2,1
/981
58,2,1
/869
56,2,1
/1008
50,1,1
/959
53,2,1
z1015
46,1,1
z950
44,1,1
z899
34,1,1
/1027
45,1,1
/1012
68,2,1
z939
39,1,1
/2950
69,2,1
z975
42,1,1
z1271
37,1,1
/471
0,0,0
/5461
60,2,1
/525
64,2,1
/462
58,2,1
/504
40,1,1
/433
57,2,1
z740
43,1,1
/518
67,2,1
/463
65,2,1
/307
51,2,1
/329
39,1,1
/459
37,1,1
/775
52,2,1
/849
47,1,1
z1032
32,1,1
/1312
69,2,1
/958
56,2,1
z625
34,1,1
z566
33,1,1
z953
38,1,1
/658
66,2,1
z519
31,1,1
/954
54,2,1
/9366
53,2,1
/634
62,2,1
/680
50,1,1
/512
49,1,1
/628
59,2,1
z981
45,1,1
/925
55,2,1
/507
70,2,1
z842
41,1,1
z553
46,1,1
z597
44,1,1
/652
68,2,1
/789
48,1,1
z655
36,1,1
z836
42,1,1
/893
61,2,1
/410
63,2,1
z623
35,1,1
/644
0,0,0
/2956
59,2,1
/523
55,2,1
z642
34,1,1
z880
43,1,1
z1034
44,1,1
z909
38,1,1
/609
64,2,1
/635
60,2,1
z977
46,1,1
z688
41,1,1
/479
47,1,1
/1045
45,1,1
/599
49,1,1
/396
65,2,1
/340
61,2,1
/288
50,1,1
z699
32,1,1
/883
70,2,1
z976
31,1,1
/904
68,2,1
/1045
66,2,1
/972
63,2,1
z1174
52,2,1
z758
54,2,1
/331
48,1,1
z259
35,1,1
/46
69,2,1
/1107
53,2,1
/9110
56,2,1
z9755
33,1,1
/5263
42,1,1
z3077
39,1,1
/852
51,2,1
/520
67,2,1
/22068
58,2,1
z926
37,1,1
z1370
57,2,1
z640
62,2,1
/735
40,1,1
z795
36,1,1
z491
0,0,0
/1610
66,2,1
z916
53,2,1
z2429
49,1,1
z1274
52,2,1
z824
38,1,1
z588
45,1,1
/494
58,2,1
z520
37,1,1
z497
31,1,1
/575
62,2,1
z637
40,1,1
/514
69,2,1
z688
55,2,1
/667
54,2,1
z470
61,2,1
/288
47,1,1
/403
60,2,1
z392
39,1,1
/505
56,2,1
/509
48,1,1
/513
63,2,1
/489
65,2,1
/565
51,2,1
/495
67,2,1
z508
35,1,1
/453
68,2,1
z643
46,1,1
z520
34,1,1
z675
44,1,1
/605
42,1,1
/556
57,2,1
/447
43,1,1
z881
32,1,1
z450
33,1,1
z492
50,1,1
z319
41,1,1
z335
64,2,1
/393
70,2,1
/773
59,2,1
z493
36,1,1
z513
0,0,0
z609
35,1,1
z481
40,1,1
/521
52,2,1
z1526
47,1,1
/660
61,2,1
z536
57,2,1
/398
33,1,1
z829
36,1,1
z533
46,1,1
/659
68,2,1
z756
39,1,1
z596
32,1,1
z451
34,1,1
z408
38,1,1
/806
62,2,1
/663
63,2,1
/535
66,2,1
z526
53,2,1
/506
70,2,1
z1310
55,2,1
z630
42,1,1
/570
59,2,1
z630
60,2,1
/453
64,2,1
z503
49,1,1
z722
48,1,1
/567
69,2,1
z635
67,2,1
/287
37,1,1
/526
58,2,1
/819
50,1,1
z941
43,1,1
/649
44,1,1
z787
45,1,1
z599
41,1,1
z908
56,2,1
z876
51,2,1
/498
31,1,1
z438
65,2,1
/617
54,2,1
/467
0,0,0
z681
32,1,1
z687
43,1,1
/845
53,2,1
/740
49,1,1
/718
60,2,1
z923
52,2,1
z715
45,1,1
/817
62,2,1
z533
59,2,1
z593
55,2,1
/574
34,1,1
z500
54,2,1
/456
57,2,1
/602
51,2,1
/615
69,2,1
z742
46,1,1
z1161
42,1,1
z722
36,1,1
z805
50,1,1
z2905
40,1,1
z1436
64,2,1
/543
65,2,1
z576
41,1,1
z1330
47,1,1
z1448
38,1,1
/747
66,2,1
z876
67,2,1
/1036
68,2,1
/434
70,2,1
z603
44,1,1
/513
63,2,1
z707
61,2,1
z592
35,1,1
/779
56,2,1
/1051
48,1,1
z480
33,1,1
z492
31,1,1
/654
58,2,1
z530
37,1,1
z612
39,1,1
/473
0,0,0
z726
42,1,1
/660
65,2,1
/843
50,1,1
z655
37,1,1
z738
41,1,1
/619
68,2,1
/543
55,2,1
z599
54,2,1
/425
52,2,1
/937
44,1,1
/649
57,2,1
/471
63,2,1
/294
51,2,1
/327
64,2,1
/260
58,2,1
/430
67,2,1
/391
61,2,1
/742
56,2,1
/1247
66,2,1
z1213
46,1,1
z651
32,1,1
z526
38,1,1
z1097
33,1,1
z465
47,1,1
z791
35,1,1
/869
53,2,1
z729
43,1,1
/292
39,1,1
/525
49,1,1
/1177
59,2,1
z651
31,1,1
/594
69,2,1
z1884
45,1,1
/2124
70,2,1
z1063
48,1,1
z562
40,1,1
z767
34,1,1
/501
62,2,1
z722
36,1,1
/475
60,2,1
/440
0,0,0
z788
31,1,1
z846
48,1,1
/641
63,2,1
/415
67,2,1
/468
55,2,1
z448
37,1,1
z1369
59,2,1
z839
41,1,1
z870
51,2,1
z680
38,1,1
/525
58,2,1
z12367
44,1,1
z795
32,1,1
z4831
35,1,1
/410
56,2,1
/1388
50,1,1
z368
69,2,1
/349
65,2,1
/459
66,2,1
z531
33,1,1
z579
42,1,1
z627
53,2,1
/673
54,2,1
/519
70,2,1
z662
49,1,1
z643
34,1,1
/744
57,2,1
z869
60,2,1
z510
36,1,1
z601
52,2,1
z432
47,1,1
/794
64,2,1
z1164
46,1,1
/1279
61,2,1
z755
40,1,1
/2748
62,2,1
/7334
68,2,1
z530
39,1,1
z953
43,1,1
z991
45,1,1
/493
0,0,0
z2385
51,2,1
z684
57,2,1
z1126
66,2,1
z8676
48,1,1
/364
49,1,1
z415
40,1,1
/593
58,2,1
/3312
53,2,1
/439
60,2,1
/494
69,2,1
z464
38,1,1
/551
54,2,1
z494
34,1,1
z2827
56,2,1
/789
39,1,1
z312
46,1,1
z432
50,1,1
/671
67,2,1
/1130
63,2,1
/667
52,2,1
z661
37,1,1
/743
68,2,1
z547
42,1,1
z390
33,1,1
z360
35,1,1
z308
41,1,1
/576
45,1,1
/598
65,2,1
z626
31,1,1
/1153
62,2,1
/473
64,2,1
z690
43,1,1
/538
70,2,1
z553
44,1,1
/630
61,2,1
z487
47,1,1
z568
36,1,1
z557
32,1,1
/595
59,2,1
/1166
55,2,1
z830
0,0,0
/5565
54,2,1
/1874
51,2,1
z599
39,1,1
/859
63,2,1
/433
62,2,1
/304
59,2,1
/386
60,2,1
/386
50,1,1
/354
70,2,1
z638
47,1,1
/494
61,2,1
z477
32,1,1
/658
69,2,1
/563
65,2,1
z612
38,1,1
/464
67,2,1
z587
46,1,1
z1591
52,2,1
z667
33,1,1
z736
45,1,1
z482
56,2,1
z460
43,1,1
z422
42,1,1
z451
53,2,1
z357
41,1,1
z262
49,1,1
/716
66,2,1
z560
36,1,1
/600
55,2,1
z571
44,1,1
/645
68,2,1
z854
58,2,1
z877
34,1,1
z582
40,1,1
z676
48,1,1
z430
37,1,1
z365
35,1,1
/567
64,2,1
/581
57,2,1
z1049
31,1,1
/522
0,0,0
z1544
50,1,1
z517
38,1,1
/671
65,2,1
z640
47,1,1
z745
54,2,1
z1114
63,2,1
/1519
67,2,1
z518
59,2,1
z479
46,1,1
z441
41,1,1
z1201
55,2,1
/576
61,2,1
/692
64,2,1
z843
43,1,1
z514
53,2,1
/553
68,2,1
z425
39,1,1
/1780
60,2,1
z3575
58,2,1
/571
37,1,1
z429
32,1,1
z509
45,1,1
z495
49,1,1
z565
31,1,1
z713
42,1,1
z402
57,2,1
z747
34,1,1
z274
69,2,1
z439
40,1,1
z504
35,1,1
/787
70,2,1
/510
56,2,1
z603
44,1,1
z438
51,2,1
z1287
36,1,1
z387
33,1,1
/571
52,2,1
/668
62,2,1
z1079
48,1,1
z786
66,2,1
z506
0,0,0
z666
38,1,1
/1091
65,2,1
z838
48,1,1
z556
45,1,1
/1062
64,2,1
/529
68,2,1
z510
35,1,1
z833
43,1,1
/583
59,2,1
/484
62,2,1
z541
42,1,1
z827
61,2,1
/681
70,2,1
/588
63,2,1
z852
44,1,1
z629
39,1,1
z555
32,1,1
z489
53,2,1
/750
55,2,1
/611
56,2,1
z5142
50,1,1
z618
40,1,1
/699
67,2,1
z634
34,1,1
z820
31,1,1
z4767
57,2,1
z557
33,1,1
z996
36,1,1
z905
37,1,1
z825
47,1,1
z1099
60,2,1
z576
52,2,1
/4985
66,2,1
z869
51,2,1
/668
58,2,1
z592
46,1,1
/692
69,2,1
z2725
49,1,1
/783
54,2,1
z620
41,1,1
/467
0,0,0
/969
56,2,1
/584
65,2,1
/554
59,2,1
/553
62,2,1
z880
44,1,1
z651
36,1,1
z408
33,1,1
z753
42,1,1
/694
61,2,1
/521
70,2,1
z540
49,1,1
z2538
51,2,1
z726
48,1,1
/595
60,2,1
/569
67,2,1
/536
64,2,1
z643
37,1,1
/549
58,2,1
z972
47,1,1
/571
54,2,1
z654
50,1,1
z700
63,2,1
z481
34,1,1
z1446
57,2,1
z432
31,1,1
z632
46,1,1
z537
43,1,1
/628
68,2,1
/886
69,2,1
z840
32,1,1
z1420
66,2,1
z3792
52,2,1
z852
39,1,1
z663
35,1,1
/695
55,2,1
/1041
53,2,1
z7454
40,1,1
z488
38,1,1
z4351
45,1,1
z405
41,1,1
z6167
0,0,0
z3138
50,1,1
z526
37,1,1
z436
33,1,1
z648
38,1,1
z10445
55,2,1
z1034
43,1,1
/858
54,2,1
z902
49,1,1
/634
65,2,1
z1080
44,1,1
/984
62,2,1
z552
47,1,1
/587
69,2,1
/937
56,2,1
z574
42,1,1
z925
31,1,1
/571
61,2,1
z871
58,2,1
/1391
59,2,1
z562
63,2,1
z616
52,2,1
z574
45,1,1
/615
68,2,1
z694
36,1,1
z495
40,1,1
z305
67,2,1
z840
46,1,1
z332
35,1,1
z401
32,1,1
z1094
48,1,1
/536
64,2,1
z587
53,2,1
z744
66,2,1
z1589
39,1,1
z937
51,2,1
/1016
57,2,1
z708
34,1,1
z721
41,1,1
/630
60,2,1
/543
70,2,1
z499
0,0,0
z679
48,1,1
z1613
41,1,1
/613
62,2,1
z756
35,1,1
z1533
45,1,1
/588
52,2,1
z396
33,1,1
z999
43,1,1
z437
63,2,1
/447
66,2,1
/290
61,2,1
/382
49,1,1
/335
42,1,1
/264
53,2,1
/254
31,1,1
/198
59,2,1
/208
60,2,1
/195
44,1,1
/581
51,2,1
z333
40,1,1
/246
32,1,1
z378
64,2,1
/542
56,2,1
z281
69,2,1
/434
47,1,1
/472
68,2,1
/581
50,1,1
/420
46,1,1
/591
58,2,1
/943
57,2,1
/564
67,2,1
z938
55,2,1
z614
38,1,1
z501
36,1,1
z1053
54,2,1
z506
37,1,1
/571
70,2,1
z736
34,1,1
/833
65,2,1
z647
39,1,1
/530
0,0,0
z783
43,1,1
/704
66,2,1
z1039
38,1,1
/879
65,2,1
z578
32,1,1
/543
56,2,1
/670
69,2,1
z500
42,1,1
/379
50,1,1
z596
39,1,1
z401
34,1,1
/637
67,2,1
z622
47,1,1
z741
49,1,1
z658
41,1,1
z601
35,1,1
/694
58,2,1
/551
54,2,1
/698
62,2,1
z839
33,1,1
z434
68,2,1
/438
59,2,1
z11569
63,2,1
/596
44,1,1
z581
53,2,1
z381
52,2,1
z373
55,2,1
z356
36,1,1
z324
31,1,1
z339
40,1,1
z228
51,2,1
/146
70,2,1
z267
60,2,1
z277
46,1,1
/663
48,1,1
z602
45,1,1
/28517
64,2,1
z541
37,1,1
/935
57,2,1
/475
61,2,1
z416
0,0,0
/598
68,2,1
/1384
67,2,1
/973
61,2,1
z574
45,1,1
z578
44,1,1
/659
70,2,1
/835
63,2,1
z538
38,1,1
/658
66,2,1
z876
54,2,1
z447
40,1,1
z396
32,1,1
z554
34,1,1
/560
64,2,1
z744
43,1,1
z712
47,1,1
/606
55,2,1
/398
57,2,1
z431
35,1,1
z482
41,1,1
/422
50,1,1
z286
48,1,1
/422
59,2,1
z436
31,1,1
/518
56,2,1
z474
49,1,1
/280
52,2,1
z398
65,2,1
/441
36,1,1
z510
33,1,1
z288
51,2,1
z360
39,1,1
z353
37,1,1
z513
42,1,1
z261
60,2,1
/91
58,2,1
z357
53,2,1
/422
46,1,1
z290
62,2,1
/493
69,2,1
z1437
0,0,0
z898
57,2,1
/217
31,1,1
z137
56,2,1
z671
63,2,1
/144
37,1,1
/538
54,2,1
z189
48,1,1
z413
49,1,1
/22
51,2,1
/264
66,2,1
/859
64,2,1
z947
53,2,1
z747
32,1,1
z1848
43,1,1
z503
41,1,1
z860
59,2,1
z669
55,2,1
z1795
42,1,1
z11292
47,1,1
z473
40,1,1
z894
39,1,1
z582
50,1,1
z676
58,2,1
z380
33,1,1
z332
68,2,1
z418
35,1,1
z330
44,1,1
z316
62,2,1
/716
46,1,1
/332
70,2,1
/338
60,2,1
z627
34,1,1
z827
52,2,1
z623
38,1,1
z470
45,1,1
/709
69,2,1
z702
61,2,1
/506
67,2,1
z926
36,1,1
/1072
65,2,1
/522
0,0,0
z775
34,1,1
/573
68,2,1
z1557
49,1,1
z789
59,2,1
z502
45,1,1
z659
54,2,1
z578
35,1,1
z619
33,1,1
z524
37,1,1
z401
55,2,1
/367
60,2,1
/448
69,2,1
/432
61,2,1
/856
51,2,1
z590
36,1,1
/632
65,2,1
z505
40,1,1
z912
50,1,1
/853
57,2,1
/640
67,2,1
z690
48,1,1
/525
58,2,1
z656
42,1,1
z871
38,1,1
z726
31,1,1
z1066
52,2,1
z590
32,1,1
z1066
47,1,1
/1040
62,2,1
/656
66,2,1
/584
56,2,1
/600
64,2,1
/459
70,2,1
/831
63,2,1
z622
39,1,1
z1251
43,1,1
z1526
46,1,1
z38691
44,1,1
z1092
53,2,1
z392
41,1,1
z464
0,0,0
z613
53,2,1
z453
52,2,1
z501
57,2,1
z700
42,1,1
z452
35,1,1
/6792
70,2,1
z426
46,1,1
z489
39,1,1
z484
51,2,1
z385
47,1,1
z297
54,2,1
/522
62,2,1
/442
67,2,1
z536
58,2,1
z421
36,1,1
z414
32,1,1
/583
65,2,1
z588
66,2,1
/303
41,1,1
z504
56,2,1
z273
63,2,1
/380
61,2,1
z537
37,1,1
z399
45,1,1
z330
44,1,1
z377
34,1,1
z359
50,1,1
z404
33,1,1
z229
31,1,1
z292
55,2,1
/477
38,1,1
z196
69,2,1
/319
48,1,1
z20
64,2,1
z226
40,1,1
z138
49,1,1
z156
59,2,1
z67
43,1,1
z147
60,2,1
z1
68,2,1
/104
0,0,0
z309
52,2,1
z130
31,1,1
/110
36,1,1
/26
39,1,1
/51
60,2,1
/31
32,1,1
/55
49,1,1
/47
64,2,1
z40
42,1,1
/57
48,1,1
z129
65,2,1
/79
63,2,1
/19
47,1,1
z149
51,2,1
/62
44,1,1
z13
70,2,1
/62
41,1,1
/27
35,1,1
z25
59,2,1
/98
34,1,1
/60
46,1,1
/15
45,1,1
/97
57,2,1
z101
33,1,1
/83
37,1,1
/0
40,1,1
/81
50,1,1
/224
61,2,1
/25
54,2,1
/30
55,2,1
/90
67,2,1
/52
43,1,1
/67
53,2,1
/129
62,2,1
/151
38,1,1
z31
58,2,1
/86
56,2,1
z64
68,2,1
/74
66,2,1
/12
69,2,1
z1
0,0,0
/47
61,2,1
/59
68,2,1
/16
37,1,1
z1
40,1,1
/38
42,1,1
/97
45,1,1
/66
53,2,1
/95
55,2,1
/66
67,2,1
/74
52,2,1
/87
63,2,1
/13
50,1,1
/644
57,2,1
/366
70,2,1
z1422
38,1,1
/1354
69,2,1
z1359
51,2,1
z532
47,1,1
z405
36,1,1
z470
41,1,1
z326
64,2,1
z424
49,1,1
z494
56,2,1
z311
35,1,1
z369
44,1,1
z294
58,2,1
z301
66,2,1
z286
60,2,1
z296
43,1,1
/907
65,2,1
/556
59,2,1
/391
33,1,1
z2672
46,1,1
z654
32,1,1
z386
31,1,1
z422
34,1,1
z685
39,1,1
/551
54,2,1
/528
62,2,1
z395
48,1,1
/12166
0,0,0
z707
39,1,1
z2596
65,2,1
z503
32,1,1
z1080
63,2,1
/456
50,1,1
z301
64,2,1
/409
61,2,1
/404
62,2,1
/1139
70,2,1
z1067
45,1,1
z6716
41,1,1
z4128
51,2,1
z11727
35,1,1
z646
34,1,1
z677
53,2,1
z596
36,1,1
z1224
52,2,1
z747
56,2,1
z456
42,1,1
z1245
48,1,1
z3946
40,1,1
z477
38,1,1
/683
69,2,1
z489
47,1,1
/514
67,2,1
/418
57,2,1
/926
59,2,1
z11637
46,1,1
z870
37,1,1
z417
31,1,1
z736
49,1,1
z587
55,2,1
/536
60,2,1
z491
54,2,1
z430
66,2,1
/260
43,1,1
z210
44,1,1
/551
58,2,1
/558
68,2,1
z543
33,1,1
/792
0,0,0
z574
33,1,1
z359
70,2,1
/591
52,2,1
z584
34,1,1
z624
39,1,1
z412
57,2,1
z534
45,1,1
z626
50,1,1
z487
54,2,1
z404
51,2,1
z605
62,2,1
z385
32,1,1
z343
37,1,1
z331
35,1,1
z373
60,2,1
/331
61,2,1
/388
64,2,1
z458
31,1,1
z723
53,2,1
z454
42,1,1
/532
66,2,1
z542
41,1,1
z574
43,1,1
/1307
63,2,1
/578
69,2,1
z1824
48,1,1
/557
68,2,1
z437
59,2,1
/425
55,2,1
z1074
46,1,1
z489
40,1,1
z1028
47,1,1
z416
38,1,1
z566
36,1,1
/4735
65,2,1
z574
67,2,1
z743
49,1,1
/586
56,2,1
z503
44,1,1
z768
58,2,1
z807
0,0,0
z831
50,1,1
z738
69,2,1
z438
48,1,1
z581
41,1,1
z452
51,2,1
z438
58,2,1
/548
66,2,1
z467
52,2,1
z370
32,1,1
/562
62,2,1
z406
35,1,1
/600
70,2,1
/768
59,2,1
/677
67,2,1
z499
43,1,1
z679
31,1,1
z1135
34,1,1
z598
49,1,1
z579
46,1,1
z387
42,1,1
z239
65,2,1
/711
68,2,1
z486
33,1,1
/576
55,2,1
z466
37,1,1
z471
45,1,1
/634
60,2,1
z468
47,1,1
/296
40,1,1
z210
61,2,1
/300
63,2,1
z511
44,1,1
/447
56,2,1
z265
36,1,1
/308
64,2,1
z436
57,2,1
/359
53,2,1
z259
38,1,1
/803
54,2,1
z380
39,1,1
z1864
0,0,0
z549
45,1,1
/610
69,2,1
z857
48,1,1
z627
50,1,1
z658
55,2,1
z576
46,1,1
z536
36,1,1
z620
67,2,1
z891
38,1,1
/436
65,2,1
z490
39,1,1
/300
52,2,1
/487
63,2,1
/412
56,2,1
z1241
44,1,1
z505
41,1,1
z496
58,2,1
/879
60,2,1
z472
34,1,1
z486
32,1,1
z627
43,1,1
z692
35,1,1
/1276
70,2,1
z518
31,1,1
z668
37,1,1
z2445
54,2,1
z639
33,1,1
z481
47,1,1
/512
68,2,1
/2696
59,2,1
z801
49,1,1
/847
64,2,1
/1021
62,2,1
z512
51,2,1
z553
61,2,1
z595
53,2,1
/564
40,1,1
/1144
57,2,1
z385
66,2,1
z472
42,1,1
END
Start of error log
End of error log
