/home/cogsys/aging/dtpbsy/dt16tl34b /home/cogsys/aging/dtpbsy/dt16bcy109
/16257
0,0,0
/816
67,2,1
z803
60,2,1
z681
41,1,1
z761
47,1,1
/496
70,2,1
/586
65,2,1
z646
54,2,1
/521
48,1,1
z687
46,1,1
/618
59,2,1
z549
36,1,1
z545
38,1,1
z478
31,1,1
z700
34,1,1
/606
51,2,1
/597
58,2,1
z556
42,1,1
/724
66,2,1
/1125
49,1,1
z469
40,1,1
/561
57,2,1
z447
32,1,1
/738
52,2,1
z639
61,2,1
z1109
35,1,1
/459
56,2,1
z811
44,1,1
/676
69,2,1
/499
62,2,1
z1276
43,1,1
z540
37,1,1
/611
55,2,1
/700
64,2,1
/694
53,2,1
/939
63,2,1
/746
68,2,1
z531
33,1,1
z708
45,1,1
z700
39,1,1
/606
50,1,1
/1707
0,0,0
z884
53,2,1
/430
69,2,1
z437
50,1,1
z732
54,2,1
z428
43,1,1
z784
49,1,1
/358
63,2,1
z503
52,2,1
z872
38,1,1
/423
58,2,1
z1130
41,1,1
/655
66,2,1
z615
46,1,1
z1309
59,2,1
z593
33,1,1
z1669
39,1,1
z826
47,1,1
/569
62,2,1
/1279
42,1,1
/580
70,2,1
/491
67,2,1
/601
51,2,1
/479
60,2,1
z1145
55,2,1
/629
68,2,1
z520
61,2,1
z1132
45,1,1
/552
64,2,1
z720
36,1,1
/1457
65,2,1
z571
34,1,1
z568
48,1,1
z560
44,1,1
z559
35,1,1
z836
40,1,1
z1370
56,2,1
z563
31,1,1
z1040
32,1,1
z655
37,1,1
/701
57,2,1
/1037
0,0,0
z2063
42,1,1
z586
33,1,1
/490
61,2,1
/569
66,2,1
z531
36,1,1
/569
45,1,1
/887
57,2,1
/549
64,2,1
z466
46,1,1
z1535
55,2,1
z587
49,1,1
z798
32,1,1
/503
63,2,1
/564
52,2,1
/709
60,2,1
/747
59,2,1
z1162
53,2,1
z559
31,1,1
z1160
44,1,1
/1224
56,2,1
z579
34,1,1
/518
68,2,1
/993
70,2,1
/631
50,1,1
z1146
54,2,1
z781
35,1,1
/1405
41,1,1
/664
69,2,1
/620
62,2,1
/618
67,2,1
z698
51,2,1
z577
40,1,1
z521
38,1,1
z1230
48,1,1
/571
58,2,1
/951
43,1,1
z479
37,1,1
/661
65,2,1
z1464
39,1,1
z1224
47,1,1
z1231
0,0,0
/1275
60,2,1
/626
67,2,1
/821
70,2,1
z1229
55,2,1
z1513
54,2,1
/553
51,2,1
/1431
64,2,1
z667
36,1,1
/692
46,1,1
/1381
53,2,1
z644
31,1,1
z1394
52,2,1
z950
49,1,1
/622
68,2,1
/1683
56,2,1
z568
32,1,1
/549
50,1,1
z505
33,1,1
z862
43,1,1
/615
59,2,1
z1479
48,1,1
/785
65,2,1
/2345
58,2,1
z595
37,1,1
/878
69,2,1
z946
39,1,1
z1680
66,2,1
/566
61,2,1
z866
34,1,1
z921
38,1,1
z1043
42,1,1
z936
47,1,1
/768
57,2,1
z708
40,1,1
z1147
35,1,1
z1997
44,1,1
z1011
45,1,1
/719
63,2,1
/518
62,2,1
z865
41,1,1
/852
0,0,0
z692
32,1,1
/503
70,2,1
z707
42,1,1
/645
63,2,1
z436
35,1,1
/1233
47,1,1
/794
56,2,1
/777
53,2,1
z818
46,1,1
/571
68,2,1
/690
41,1,1
/979
57,2,1
z541
43,1,1
z661
40,1,1
z1101
50,1,1
/484
69,2,1
/657
52,2,1
z689
34,1,1
z651
45,1,1
z1356
39,1,1
z669
33,1,1
z2111
55,2,1
z1054
60,2,1
/1361
58,2,1
/429
48,1,1
z699
36,1,1
z782
31,1,1
z1588
51,2,1
/582
64,2,1
z1369
37,1,1
/1304
59,2,1
z680
44,1,1
/486
61,2,1
/767
65,2,1
/813
62,2,1
/1503
54,2,1
/1492
67,2,1
z521
38,1,1
z834
49,1,1
/865
66,2,1
/857
0,0,0
z643
40,1,1
z581
44,1,1
/464
65,2,1
z550
57,2,1
/505
69,2,1
z442
37,1,1
z617
33,1,1
z911
54,2,1
z1204
43,1,1
/587
64,2,1
/648
66,2,1
/653
68,2,1
z459
32,1,1
/649
52,2,1
/764
56,2,1
z687
46,1,1
/890
60,2,1
/1246
49,1,1
z2284
59,2,1
/580
62,2,1
z1186
47,1,1
/583
61,2,1
z786
51,2,1
/1006
50,1,1
z1118
41,1,1
/1825
55,2,1
z487
38,1,1
z992
53,2,1
z587
34,1,1
z571
31,1,1
/517
70,2,1
/668
63,2,1
z1975
42,1,1
z584
39,1,1
z1305
36,1,1
/525
58,2,1
z1566
45,1,1
/652
67,2,1
/601
48,1,1
z932
35,1,1
/817
0,0,0
/597
57,2,1
/464
62,2,1
/424
66,2,1
/570
46,1,1
/1197
69,2,1
/624
64,2,1
/805
68,2,1
/972
56,2,1
z500
36,1,1
z692
47,1,1
/1160
50,1,1
z603
40,1,1
/626
65,2,1
z2555
51,2,1
z741
44,1,1
z527
37,1,1
z553
35,1,1
/458
61,2,1
z590
39,1,1
z562
34,1,1
/526
58,2,1
/915
54,2,1
z1622
48,1,1
/749
49,1,1
z723
43,1,1
z1204
33,1,1
z1331
42,1,1
/1864
67,2,1
/1771
55,2,1
z535
31,1,1
/636
63,2,1
z1592
38,1,1
z569
32,1,1
/1091
45,1,1
/2112
52,2,1
z1244
41,1,1
/518
60,2,1
/635
70,2,1
/525
59,2,1
z1070
53,2,1
/1184
0,0,0
z652
43,1,1
z569
58,2,1
z958
47,1,1
/781
64,2,1
/585
61,2,1
/605
70,2,1
z746
42,1,1
/1033
48,1,1
/665
51,2,1
z519
40,1,1
/621
67,2,1
/468
68,2,1
/574
60,2,1
/557
65,2,1
/1481
55,2,1
z545
36,1,1
/595
44,1,1
/1351
50,1,1
z616
34,1,1
/645
66,2,1
/1074
54,2,1
z1458
52,2,1
z982
38,1,1
/577
69,2,1
z663
39,1,1
z812
32,1,1
z644
33,1,1
/1308
56,2,1
/954
63,2,1
/485
62,2,1
z2010
46,1,1
z504
37,1,1
/1146
53,2,1
/728
45,1,1
/711
59,2,1
/644
57,2,1
z682
41,1,1
/1301
49,1,1
z594
35,1,1
z473
31,1,1
/845
0,0,0
z637
53,2,1
/498
39,1,1
z695
42,1,1
/789
63,2,1
/587
60,2,1
/588
49,1,1
/763
50,1,1
/598
66,2,1
/936
40,1,1
z739
51,2,1
/1026
67,2,1
z1031
38,1,1
/479
68,2,1
/541
69,2,1
/519
57,2,1
/508
61,2,1
/580
44,1,1
z1044
47,1,1
z704
36,1,1
/531
59,2,1
/1198
52,2,1
/523
70,2,1
/654
58,2,1
z1623
46,1,1
z1097
41,1,1
z544
34,1,1
/543
65,2,1
/490
45,1,1
z1614
32,1,1
/1127
62,2,1
z664
31,1,1
/1585
55,2,1
/611
64,2,1
z1426
43,1,1
z927
37,1,1
z664
33,1,1
/1055
54,2,1
/642
56,2,1
z993
35,1,1
/963
48,1,1
/1792
0,0,0
/1175
62,2,1
/627
59,2,1
/474
63,2,1
/512
67,2,1
z563
37,1,1
z486
39,1,1
z1161
34,1,1
/1183
50,1,1
z2049
46,1,1
z639
31,1,1
/495
64,2,1
/868
57,2,1
/1060
55,2,1
/644
69,2,1
/1699
54,2,1
z554
42,1,1
/674
53,2,1
z999
48,1,1
z2872
51,2,1
z1450
33,1,1
z1429
45,1,1
/911
70,2,1
z1702
43,1,1
/2503
60,2,1
/1894
56,2,1
z913
35,1,1
/1608
61,2,1
/896
68,2,1
/1017
58,2,1
z579
36,1,1
z1345
49,1,1
/1304
65,2,1
z702
44,1,1
z760
32,1,1
/2147
47,1,1
z1399
40,1,1
z564
41,1,1
z2198
52,2,1
z1398
38,1,1
/1181
66,2,1
/1868
0,0,0
z940
46,1,1
z545
32,1,1
z1015
49,1,1
z964
40,1,1
z874
45,1,1
/2317
52,2,1
/678
59,2,1
/645
61,2,1
z578
33,1,1
z494
44,1,1
z996
36,1,1
/754
58,2,1
z2212
43,1,1
/643
66,2,1
z2237
41,1,1
z654
35,1,1
/622
62,2,1
/1470
51,2,1
/995
67,2,1
/782
69,2,1
z3094
42,1,1
z805
34,1,1
/2026
54,2,1
z1685
48,1,1
z2333
55,2,1
/1222
60,2,1
z705
63,2,1
/1129
65,2,1
/1103
70,2,1
/680
47,1,1
/1996
53,2,1
/2219
56,2,1
/1197
68,2,1
z506
39,1,1
/990
57,2,1
z654
31,1,1
/1225
64,2,1
z724
38,1,1
z869
37,1,1
z1121
50,1,1
/2296
0,0,0
z2502
44,1,1
z980
50,1,1
z1076
32,1,1
/568
49,1,1
/491
61,2,1
z564
35,1,1
/554
53,2,1
/608
56,2,1
z557
37,1,1
/1068
42,1,1
/1037
65,2,1
/499
52,2,1
/463
64,2,1
/413
62,2,1
/440
70,2,1
/595
58,2,1
z739
43,1,1
z527
31,1,1
/547
67,2,1
/1040
57,2,1
z475
34,1,1
z479
45,1,1
z929
59,2,1
/541
55,2,1
/673
68,2,1
z578
47,1,1
z623
40,1,1
/730
41,1,1
/1082
39,1,1
/1363
51,2,1
/511
54,2,1
z469
38,1,1
/932
60,2,1
/568
69,2,1
/546
66,2,1
z752
48,1,1
z547
36,1,1
/1449
46,1,1
/669
63,2,1
z503
33,1,1
/767
0,0,0
/902
60,2,1
z494
38,1,1
/1007
50,1,1
z477
45,1,1
z655
39,1,1
z685
43,1,1
/790
59,2,1
/553
65,2,1
/672
47,1,1
/926
56,2,1
z558
36,1,1
/604
70,2,1
/723
68,2,1
/536
66,2,1
/651
62,2,1
/691
53,2,1
/509
55,2,1
/1180
69,2,1
/831
57,2,1
/536
63,2,1
z585
32,1,1
z682
33,1,1
z645
31,1,1
z986
34,1,1
z640
44,1,1
z1654
46,1,1
z1351
51,2,1
z1502
42,1,1
/653
61,2,1
/650
58,2,1
/503
64,2,1
z1725
48,1,1
z588
40,1,1
/1428
67,2,1
z1863
52,2,1
z911
35,1,1
z1437
41,1,1
z3209
54,2,1
z713
37,1,1
z782
49,1,1
/967
0,0,0
/1231
61,2,1
z715
40,1,1
z3706
51,2,1
/567
60,2,1
/594
46,1,1
/833
62,2,1
z504
32,1,1
z664
47,1,1
z381
38,1,1
/566
54,2,1
z790
34,1,1
/858
65,2,1
/746
59,2,1
z546
36,1,1
/564
67,2,1
/1035
57,2,1
/689
64,2,1
/716
63,2,1
z1466
48,1,1
/498
69,2,1
z475
55,2,1
z817
39,1,1
/461
70,2,1
z583
31,1,1
/505
66,2,1
z382
35,1,1
z1844
56,2,1
z2014
50,1,1
z413
33,1,1
z1326
49,1,1
z450
42,1,1
/841
53,2,1
/656
37,1,1
/1907
58,2,1
z532
45,1,1
z1457
52,2,1
z715
41,1,1
/558
68,2,1
z553
44,1,1
z1313
43,1,1
/11164
0,0,0
z564
39,1,1
z392
36,1,1
z340
35,1,1
z484
44,1,1
z422
32,1,1
z449
45,1,1
/512
54,2,1
/607
55,2,1
/1052
62,2,1
z785
40,1,1
z533
52,2,1
z489
38,1,1
z1114
51,2,1
/1569
53,2,1
z662
33,1,1
z535
50,1,1
/541
65,2,1
/490
66,2,1
/1028
59,2,1
/635
61,2,1
z537
31,1,1
z779
41,1,1
/643
68,2,1
/436
49,1,1
z900
37,1,1
/1523
48,1,1
/582
58,2,1
/1645
63,2,1
/604
57,2,1
/582
70,2,1
/1030
67,2,1
/434
64,2,1
z567
43,1,1
z482
34,1,1
/692
60,2,1
/1518
56,2,1
z1626
46,1,1
/659
69,2,1
z657
42,1,1
z1460
47,1,1
/1995
0,0,0
z952
31,1,1
z423
69,2,1
/1597
48,1,1
/651
53,2,1
/491
60,2,1
z894
40,1,1
/832
57,2,1
z1100
52,2,1
/529
58,2,1
z1049
35,1,1
z561
42,1,1
/539
66,2,1
z1543
41,1,1
z752
37,1,1
/814
64,2,1
/484
68,2,1
/653
59,2,1
/764
54,2,1
z2083
49,1,1
/504
63,2,1
z502
47,1,1
/515
62,2,1
z539
50,1,1
/762
56,2,1
/964
65,2,1
/1531
51,2,1
z552
39,1,1
/714
46,1,1
z615
44,1,1
z834
43,1,1
/565
67,2,1
z728
61,2,1
z2611
32,1,1
z542
33,1,1
/552
70,2,1
z491
34,1,1
z729
38,1,1
z533
36,1,1
z693
55,2,1
z661
45,1,1
/2060
0,0,0
z562
44,1,1
/713
58,2,1
/555
60,2,1
/469
55,2,1
/466
67,2,1
/497
70,2,1
z492
40,1,1
z610
36,1,1
z466
38,1,1
z680
48,1,1
/1119
63,2,1
z552
32,1,1
z583
51,2,1
z589
49,1,1
/636
62,2,1
/1342
66,2,1
/1304
61,2,1
z742
43,1,1
z505
34,1,1
/572
68,2,1
/2329
65,2,1
z522
33,1,1
/619
56,2,1
z505
35,1,1
z706
41,1,1
/630
69,2,1
z1757
52,2,1
z526
59,2,1
/505
50,1,1
/676
45,1,1
/1507
54,2,1
/721
64,2,1
/727
46,1,1
z484
31,1,1
z557
37,1,1
z851
42,1,1
/1184
57,2,1
z706
39,1,1
/612
53,2,1
/539
47,1,1
/1109
0,0,0
/941
62,2,1
/547
64,2,1
z445
35,1,1
/526
66,2,1
/574
56,2,1
/1016
59,2,1
z744
43,1,1
z488
34,1,1
z475
37,1,1
z426
45,1,1
/842
63,2,1
z693
50,1,1
/449
32,1,1
z1058
42,1,1
z531
39,1,1
z1111
48,1,1
z741
36,1,1
z935
33,1,1
/614
67,2,1
/1141
49,1,1
z688
31,1,1
z1441
41,1,1
/639
65,2,1
/1595
53,2,1
z607
38,1,1
/1312
55,2,1
/695
61,2,1
/1640
44,1,1
/636
70,2,1
/1005
68,2,1
z488
40,1,1
/536
69,2,1
/696
60,2,1
z2407
46,1,1
/922
57,2,1
/485
52,2,1
/550
58,2,1
z565
47,1,1
/811
54,2,1
z1124
51,2,1
z12033
0,0,0
z553
41,1,1
z382
35,1,1
z451
57,2,1
/509
66,2,1
/473
44,1,1
/436
56,2,1
/519
47,1,1
z370
42,1,1
/512
52,2,1
/682
49,1,1
/621
64,2,1
/447
59,2,1
/442
68,2,1
z459
53,2,1
z649
43,1,1
/541
65,2,1
/510
50,1,1
z592
46,1,1
/575
60,2,1
/499
63,2,1
z489
34,1,1
z520
39,1,1
/735
38,1,1
z2261
33,1,1
/507
69,2,1
z581
32,1,1
z1445
48,1,1
/642
51,2,1
/763
61,2,1
z545
37,1,1
z764
54,2,1
z584
36,1,1
z491
45,1,1
z792
31,1,1
/567
58,2,1
z1918
40,1,1
/541
70,2,1
/443
62,2,1
/376
67,2,1
/583
55,2,1
/1470
0,0,0
/746
56,2,1
z603
32,1,1
z824
49,1,1
z482
46,1,1
/501
69,2,1
z652
37,1,1
/595
61,2,1
/598
51,2,1
/1760
55,2,1
z416
41,1,1
/518
58,2,1
z604
39,1,1
/3285
67,2,1
/979
54,2,1
z510
34,1,1
/472
65,2,1
/476
48,1,1
/379
50,1,1
/560
70,2,1
z480
33,1,1
/606
68,2,1
/586
38,1,1
z1398
43,1,1
/1021
47,1,1
/896
53,2,1
/484
60,2,1
z526
31,1,1
z492
57,2,1
/533
66,2,1
z692
44,1,1
/609
52,2,1
z865
35,1,1
z489
62,2,1
z582
45,1,1
z513
42,1,1
z514
40,1,1
z744
36,1,1
/771
59,2,1
/551
64,2,1
/638
63,2,1
/1048
0,0,0
z1039
41,1,1
z635
43,1,1
z489
36,1,1
z611
38,1,1
/1102
60,2,1
/522
68,2,1
/389
64,2,1
/345
62,2,1
z550
39,1,1
/465
69,2,1
z597
53,2,1
/856
57,2,1
/881
66,2,1
/696
49,1,1
/1148
61,2,1
z458
35,1,1
z390
31,1,1
z537
55,2,1
z800
48,1,1
z571
46,1,1
z526
33,1,1
/666
70,2,1
/500
58,2,1
z634
42,1,1
/560
65,2,1
/1913
56,2,1
/1398
59,2,1
z533
44,1,1
/1381
45,1,1
z600
40,1,1
z521
32,1,1
z432
50,1,1
/420
54,2,1
/592
51,2,1
z972
47,1,1
z517
34,1,1
/730
37,1,1
/812
67,2,1
/1440
52,2,1
/487
63,2,1
/21193
0,0,0
z523
52,2,1
z505
54,2,1
/507
67,2,1
/450
61,2,1
/635
50,1,1
z457
40,1,1
z495
38,1,1
z431
65,2,1
/491
66,2,1
z694
45,1,1
/585
56,2,1
z500
36,1,1
z532
48,1,1
/693
64,2,1
/495
57,2,1
z767
47,1,1
z522
37,1,1
z455
41,1,1
/653
44,1,1
z669
62,2,1
/1301
53,2,1
z601
39,1,1
z590
32,1,1
/760
63,2,1
/978
55,2,1
z1880
46,1,1
/1014
58,2,1
z622
34,1,1
/591
68,2,1
z684
43,1,1
/779
35,1,1
/562
69,2,1
z716
31,1,1
z699
33,1,1
z1213
51,2,1
/479
70,2,1
/728
60,2,1
/954
49,1,1
/463
59,2,1
z799
42,1,1
/800
0,0,0
z1398
45,1,1
/603
59,2,1
/420
54,2,1
/443
55,2,1
z466
36,1,1
/715
61,2,1
/482
44,1,1
z631
47,1,1
z629
34,1,1
z556
35,1,1
/573
62,2,1
/505
64,2,1
z1051
48,1,1
z556
39,1,1
/584
66,2,1
/511
63,2,1
/427
52,2,1
z473
38,1,1
z604
41,1,1
/481
67,2,1
/518
68,2,1
/462
70,2,1
z466
33,1,1
/572
57,2,1
z518
49,1,1
/460
53,2,1
z424
40,1,1
/580
65,2,1
z1307
43,1,1
/455
51,2,1
/1521
56,2,1
z629
31,1,1
/660
60,2,1
z1546
46,1,1
z1107
42,1,1
z724
37,1,1
/891
58,2,1
/1975
69,2,1
z540
32,1,1
z688
50,1,1
/1897
0,0,0
z657
33,1,1
/496
60,2,1
/429
54,2,1
/513
64,2,1
z450
48,1,1
/613
52,2,1
/457
40,1,1
z525
34,1,1
/917
45,1,1
/513
61,2,1
z1125
59,2,1
z801
43,1,1
z582
37,1,1
/454
62,2,1
/423
69,2,1
z592
41,1,1
/1611
50,1,1
/615
38,1,1
/773
66,2,1
z659
49,1,1
z997
46,1,1
/516
65,2,1
z526
39,1,1
z649
35,1,1
z680
36,1,1
/688
55,2,1
/862
63,2,1
/624
47,1,1
z509
31,1,1
/773
51,2,1
z1280
44,1,1
/644
67,2,1
z596
42,1,1
/1191
58,2,1
/647
56,2,1
/501
68,2,1
/744
57,2,1
z603
32,1,1
/618
70,2,1
/1224
53,2,1
/1024
0,0,0
/1693
50,1,1
/1140
46,1,1
/588
64,2,1
z584
61,2,1
z703
40,1,1
/358
66,2,1
z540
42,1,1
/368
52,2,1
z2433
51,2,1
/1652
60,2,1
/692
55,2,1
z467
44,1,1
z445
43,1,1
/917
53,2,1
/556
70,2,1
z642
33,1,1
z471
36,1,1
z593
34,1,1
/716
62,2,1
z919
41,1,1
z607
38,1,1
z631
31,1,1
z534
35,1,1
/539
67,2,1
/536
69,2,1
/1181
57,2,1
/536
59,2,1
/427
63,2,1
/431
68,2,1
/455
54,2,1
z731
49,1,1
z569
32,1,1
z825
47,1,1
z891
48,1,1
/992
58,2,1
/531
65,2,1
z1161
37,1,1
z675
39,1,1
z1665
56,2,1
z1477
45,1,1
/7158
0,0,0
z746
34,1,1
z552
39,1,1
z1328
59,2,1
z501
40,1,1
/428
68,2,1
z468
45,1,1
/415
69,2,1
/984
38,1,1
z1007
44,1,1
/469
66,2,1
z662
43,1,1
z435
31,1,1
/859
58,2,1
z722
33,1,1
z756
37,1,1
z790
48,1,1
/984
60,2,1
/608
67,2,1
/555
64,2,1
z779
41,1,1
z483
32,1,1
z550
35,1,1
/646
53,2,1
z1050
49,1,1
z608
36,1,1
/522
70,2,1
/483
63,2,1
/367
55,2,1
/438
47,1,1
z526
50,1,1
/549
56,2,1
/527
65,2,1
/560
52,2,1
z626
42,1,1
/1677
54,2,1
/543
61,2,1
z1672
51,2,1
/532
57,2,1
/443
62,2,1
/1596
46,1,1
/1315
0,0,0
z619
49,1,1
/2132
47,1,1
z594
37,1,1
z1378
41,1,1
z610
40,1,1
/694
59,2,1
z594
38,1,1
/566
56,2,1
z1491
39,1,1
/571
69,2,1
/524
66,2,1
/447
65,2,1
z509
33,1,1
z562
48,1,1
/637
43,1,1
/1507
70,2,1
z548
45,1,1
z533
35,1,1
z693
34,1,1
/879
64,2,1
/1096
57,2,1
/397
61,2,1
z440
31,1,1
z401
53,2,1
/659
52,2,1
/825
62,2,1
/1831
51,2,1
z446
36,1,1
z544
42,1,1
/846
58,2,1
/757
68,2,1
/743
54,2,1
z837
50,1,1
/466
67,2,1
/1248
63,2,1
z556
46,1,1
z531
32,1,1
/640
60,2,1
z1721
44,1,1
z1581
55,2,1
/10576
0,0,0
/786
63,2,1
/667
51,2,1
/425
62,2,1
/595
60,2,1
/437
69,2,1
z642
49,1,1
z411
41,1,1
z444
32,1,1
z748
45,1,1
/545
68,2,1
z504
44,1,1
/575
66,2,1
z2169
54,2,1
/1142
46,1,1
/771
65,2,1
z496
37,1,1
/677
59,2,1
z1489
48,1,1
z609
42,1,1
/642
52,2,1
/1106
58,2,1
/898
64,2,1
/401
50,1,1
z548
34,1,1
/818
57,2,1
/649
67,2,1
/456
56,2,1
z552
43,1,1
z482
33,1,1
z925
40,1,1
z537
39,1,1
/4382
70,2,1
/1802
47,1,1
/960
53,2,1
z628
35,1,1
/538
61,2,1
z775
36,1,1
/480
55,2,1
z512
38,1,1
z633
31,1,1
/4467
0,0,0
/613
60,2,1
/511
46,1,1
z430
39,1,1
z415
38,1,1
/405
66,2,1
z382
36,1,1
/474
48,1,1
z724
43,1,1
/568
59,2,1
/842
52,2,1
/484
62,2,1
/412
57,2,1
/844
53,2,1
z533
41,1,1
/580
50,1,1
/1294
58,2,1
/506
64,2,1
z475
42,1,1
/581
51,2,1
/551
67,2,1
/454
63,2,1
/393
69,2,1
z594
32,1,1
/520
56,2,1
/896
49,1,1
/976
47,1,1
z658
34,1,1
z1551
37,1,1
/723
54,2,1
/589
45,1,1
/578
55,2,1
z888
40,1,1
z560
31,1,1
z512
33,1,1
z1249
44,1,1
/451
70,2,1
/436
61,2,1
z944
35,1,1
/522
65,2,1
/602
68,2,1
/1181
0,0,0
/635
59,2,1
/846
57,2,1
z1089
55,2,1
/424
61,2,1
z732
43,1,1
/514
69,2,1
z543
34,1,1
/418
58,2,1
/552
68,2,1
z579
48,1,1
/287
60,2,1
/719
67,2,1
z592
53,2,1
/1006
51,2,1
z432
35,1,1
/585
65,2,1
/750
41,1,1
/1241
70,2,1
z447
33,1,1
/4420
44,1,1
z914
42,1,1
/852
62,2,1
/550
50,1,1
/628
54,2,1
z418
32,1,1
z514
46,1,1
z387
56,2,1
z609
36,1,1
/517
66,2,1
/840
49,1,1
/833
64,2,1
z1880
47,1,1
z707
37,1,1
z577
31,1,1
/636
52,2,1
z1830
45,1,1
/572
63,2,1
z655
40,1,1
z445
38,1,1
z438
39,1,1
END
Start of error log
End of error log
