/home/cogsys/aging/dtpbsy/dt16tl48b /home/cogsys/aging/dtpbsy/dt16bcy133
h5037
0,0,0
z4243
58,2,1
z2293
48,1,1
/7819
51,2,1
/740
62,2,1
z815
36,1,1
z684
33,1,1
/602
67,2,1
/1495
66,2,1
z2591
50,1,1
/611
63,2,1
/679
68,2,1
/664
65,2,1
z743
40,1,1
z559
32,1,1
z1535
53,2,1
/710
69,2,1
z1015
34,1,1
z2333
43,1,1
/515
64,2,1
/767
56,2,1
/902
55,2,1
z747
35,1,1
z996
42,1,1
z977
39,1,1
z1472
45,1,1
/720
59,2,1
/530
57,2,1
z663
38,1,1
/587
60,2,1
/607
70,2,1
z602
44,1,1
/747
61,2,1
z567
52,2,1
z844
49,1,1
z737
37,1,1
z649
46,1,1
z553
31,1,1
z643
47,1,1
z1075
41,1,1
/542
54,2,1
z2575
0,0,0
/1501
63,2,1
/763
66,2,1
z1980
45,1,1
/603
67,2,1
z538
34,1,1
z800
54,2,1
z593
38,1,1
z606
37,1,1
/690
58,2,1
/557
55,2,1
/545
57,2,1
/571
56,2,1
/1260
52,2,1
z564
36,1,1
z534
39,1,1
/538
65,2,1
z597
33,1,1
/468
50,1,1
z444
53,2,1
/543
70,2,1
z774
51,2,1
z707
32,1,1
z606
46,1,1
z539
31,1,1
/611
69,2,1
/673
60,2,1
/1036
68,2,1
/520
61,2,1
/1242
49,1,1
z1236
41,1,1
z733
35,1,1
z1353
48,1,1
z857
42,1,1
z840
40,1,1
/794
62,2,1
z1247
43,1,1
/561
64,2,1
z540
47,1,1
z629
44,1,1
/806
59,2,1
z907
0,0,0
z1524
47,1,1
/739
59,2,1
/1109
68,2,1
z591
37,1,1
z1101
45,1,1
z680
36,1,1
/708
60,2,1
z540
41,1,1
/499
53,2,1
z501
38,1,1
/796
44,1,1
z536
35,1,1
/434
63,2,1
/950
46,1,1
/786
50,1,1
/764
52,2,1
z517
40,1,1
z1257
56,2,1
z648
34,1,1
z528
32,1,1
z423
42,1,1
z2421
61,2,1
/996
58,2,1
/845
54,2,1
/675
67,2,1
z647
43,1,1
z653
33,1,1
/603
64,2,1
z600
31,1,1
/1629
51,2,1
z641
57,2,1
/573
49,1,1
/522
62,2,1
z576
39,1,1
/542
65,2,1
/478
69,2,1
z816
48,1,1
/566
66,2,1
/551
70,2,1
z757
55,2,1
z752
0,0,0
/714
63,2,1
z569
38,1,1
/868
42,1,1
z565
36,1,1
/894
55,2,1
z551
34,1,1
/532
70,2,1
z541
40,1,1
/427
61,2,1
z1009
53,2,1
z1000
41,1,1
/511
69,2,1
z666
48,1,1
/419
46,1,1
z595
33,1,1
/457
58,2,1
/770
60,2,1
/449
56,2,1
z504
37,1,1
/728
52,2,1
/690
57,2,1
z649
32,1,1
/601
59,2,1
/517
51,2,1
/524
65,2,1
z608
35,1,1
z657
43,1,1
/696
68,2,1
z796
54,2,1
z809
44,1,1
/555
67,2,1
z695
47,1,1
z612
49,1,1
/555
62,2,1
/1810
39,1,1
/435
64,2,1
/489
50,1,1
/543
66,2,1
/442
45,1,1
z591
31,1,1
z1191
0,0,0
z707
40,1,1
/945
44,1,1
z1286
58,2,1
z620
31,1,1
z521
39,1,1
z564
51,2,1
z694
38,1,1
z662
37,1,1
/556
60,2,1
/475
57,2,1
z571
47,1,1
/471
55,2,1
/624
63,2,1
/525
69,2,1
/444
59,2,1
/617
56,2,1
/754
65,2,1
z724
45,1,1
/502
62,2,1
/546
68,2,1
/506
66,2,1
z500
34,1,1
z688
48,1,1
z969
50,1,1
/552
61,2,1
z725
33,1,1
z696
43,1,1
z523
42,1,1
z606
32,1,1
z2307
46,1,1
z1445
54,2,1
/534
70,2,1
z469
41,1,1
z1701
52,2,1
/470
67,2,1
/446
64,2,1
/490
53,2,1
z960
35,1,1
z1128
49,1,1
z642
36,1,1
z527
0,0,0
z1701
35,1,1
/751
64,2,1
/498
61,2,1
/531
65,2,1
/478
66,2,1
z532
33,1,1
/914
57,2,1
z1006
34,1,1
z526
37,1,1
z978
49,1,1
/591
55,2,1
z660
53,2,1
z1902
45,1,1
z3502
50,1,1
z846
40,1,1
/672
56,2,1
/485
67,2,1
/386
52,2,1
z593
46,1,1
z569
43,1,1
z468
36,1,1
z506
38,1,1
z489
68,2,1
z775
32,1,1
/711
70,2,1
/852
54,2,1
z659
41,1,1
/883
63,2,1
/668
60,2,1
/458
69,2,1
z1112
44,1,1
z1097
47,1,1
z1400
59,2,1
z585
31,1,1
z734
51,2,1
z645
62,2,1
z532
39,1,1
z599
58,2,1
z624
48,1,1
z649
42,1,1
z538
0,0,0
z978
43,1,1
z1156
48,1,1
/718
59,2,1
/560
44,1,1
/594
50,1,1
/596
53,2,1
z583
37,1,1
/607
68,2,1
z1068
41,1,1
z574
38,1,1
/570
56,2,1
/860
70,2,1
z528
36,1,1
z614
54,2,1
/526
58,2,1
z601
42,1,1
/495
67,2,1
/625
69,2,1
z601
39,1,1
z1498
52,2,1
z812
49,1,1
z480
51,2,1
/648
66,2,1
/443
64,2,1
z1039
45,1,1
z699
32,1,1
/584
63,2,1
z793
47,1,1
z792
40,1,1
z848
31,1,1
z627
35,1,1
/665
62,2,1
/1370
61,2,1
z1018
46,1,1
z968
55,2,1
z526
33,1,1
/826
57,2,1
/693
65,2,1
/549
60,2,1
z460
34,1,1
z504
0,0,0
/696
69,2,1
z449
34,1,1
/605
46,1,1
z350
59,2,1
/822
33,1,1
z900
44,1,1
z377
54,2,1
/892
68,2,1
z460
31,1,1
z5078
58,2,1
z1012
40,1,1
z1458
62,2,1
z927
49,1,1
/714
64,2,1
z590
36,1,1
z850
50,1,1
z1172
56,2,1
z600
47,1,1
z467
43,1,1
/585
65,2,1
/555
70,2,1
z731
48,1,1
/1291
60,2,1
/536
55,2,1
/449
67,2,1
z549
41,1,1
z578
37,1,1
z546
63,2,1
z866
32,1,1
/845
66,2,1
z360
39,1,1
z415
52,2,1
z481
57,2,1
z483
51,2,1
z419
35,1,1
z332
53,2,1
z272
45,1,1
/1237
42,1,1
/964
61,2,1
z550
38,1,1
z680
0,0,0
z2196
35,1,1
/871
54,2,1
/668
56,2,1
/645
60,2,1
/475
66,2,1
z918
39,1,1
/441
49,1,1
z477
33,1,1
/1030
61,2,1
z1162
36,1,1
/722
59,2,1
/537
68,2,1
/441
53,2,1
/510
57,2,1
/546
64,2,1
/1256
47,1,1
/701
51,2,1
/447
67,2,1
/764
52,2,1
z851
45,1,1
z675
37,1,1
z564
42,1,1
z439
48,1,1
z1284
32,1,1
z517
38,1,1
z510
40,1,1
/550
62,2,1
z571
55,2,1
z817
44,1,1
/440
63,2,1
/613
65,2,1
z999
58,2,1
z644
34,1,1
/539
69,2,1
z601
43,1,1
z761
41,1,1
z546
31,1,1
/626
70,2,1
/1191
50,1,1
z944
46,1,1
z560
0,0,0
/610
65,2,1
z484
37,1,1
z520
34,1,1
/614
50,1,1
/599
55,2,1
/1390
62,2,1
z901
33,1,1
z756
57,2,1
/604
63,2,1
z519
39,1,1
/468
64,2,1
z560
48,1,1
z525
31,1,1
z710
60,2,1
z404
38,1,1
z431
35,1,1
z889
54,2,1
z456
40,1,1
/566
47,1,1
z902
36,1,1
/572
52,2,1
z473
41,1,1
z1220
53,2,1
z599
32,1,1
z847
67,2,1
/794
59,2,1
z935
46,1,1
z688
56,2,1
/605
68,2,1
z1145
43,1,1
z1836
58,2,1
z1180
51,2,1
/532
69,2,1
/475
66,2,1
z541
45,1,1
z843
42,1,1
z686
44,1,1
z895
61,2,1
/657
70,2,1
z1153
49,1,1
z1047
0,0,0
z616
47,1,1
/671
67,2,1
/1408
41,1,1
/476
70,2,1
z645
35,1,1
/626
65,2,1
z558
37,1,1
/413
62,2,1
z608
32,1,1
z532
31,1,1
z410
48,1,1
z397
46,1,1
z354
36,1,1
z366
44,1,1
z1866
56,2,1
/753
57,2,1
/1126
54,2,1
/993
55,2,1
/669
60,2,1
z584
39,1,1
/593
61,2,1
/553
69,2,1
/581
66,2,1
z595
33,1,1
z585
40,1,1
z649
51,2,1
/581
68,2,1
z520
38,1,1
z567
43,1,1
z613
45,1,1
/890
63,2,1
z587
42,1,1
z547
53,2,1
z920
64,2,1
z425
34,1,1
z401
49,1,1
z1163
59,2,1
z425
50,1,1
z571
52,2,1
z482
58,2,1
z619
0,0,0
z877
39,1,1
z606
53,2,1
z681
35,1,1
z1365
47,1,1
z484
37,1,1
z499
33,1,1
/680
69,2,1
/515
59,2,1
z515
32,1,1
/481
56,2,1
z727
38,1,1
/460
57,2,1
/638
51,2,1
/527
70,2,1
/513
58,2,1
z566
45,1,1
/519
60,2,1
/658
52,2,1
/508
63,2,1
/510
55,2,1
z563
36,1,1
z878
41,1,1
z860
40,1,1
/603
64,2,1
z631
42,1,1
z1611
43,1,1
/595
65,2,1
z468
31,1,1
/733
49,1,1
/759
67,2,1
/943
61,2,1
z985
50,1,1
z909
68,2,1
z770
34,1,1
z882
46,1,1
/686
66,2,1
z570
62,2,1
z741
44,1,1
/1876
54,2,1
/1276
48,1,1
/521
0,0,0
/619
58,2,1
z1020
42,1,1
z670
44,1,1
/602
57,2,1
z587
54,2,1
z1140
47,1,1
z732
35,1,1
/1380
59,2,1
/1208
65,2,1
z752
38,1,1
z678
50,1,1
/568
68,2,1
z938
46,1,1
/584
64,2,1
z2503
45,1,1
z4467
48,1,1
/606
67,2,1
/1434
70,2,1
z590
31,1,1
z881
34,1,1
/686
63,2,1
z809
40,1,1
z1650
55,2,1
/901
61,2,1
/970
53,2,1
z654
32,1,1
z818
51,2,1
z743
43,1,1
z565
37,1,1
/760
69,2,1
z813
36,1,1
z488
39,1,1
z515
49,1,1
z1037
56,2,1
z464
52,2,1
z854
33,1,1
/12361
62,2,1
/500
60,2,1
z662
41,1,1
/456
66,2,1
/524
0,0,0
/525
58,2,1
/556
46,1,1
/444
63,2,1
z848
37,1,1
z509
35,1,1
/531
65,2,1
z454
43,1,1
/467
55,2,1
/458
69,2,1
z519
48,1,1
/549
51,2,1
/431
66,2,1
z613
56,2,1
z918
42,1,1
z503
50,1,1
/606
64,2,1
/349
44,1,1
/442
57,2,1
/844
61,2,1
/353
38,1,1
/606
59,2,1
/665
70,2,1
/608
47,1,1
z562
34,1,1
/885
49,1,1
z517
67,2,1
z817
52,2,1
z583
39,1,1
z1083
33,1,1
z809
54,2,1
/1378
60,2,1
z603
32,1,1
z616
45,1,1
/1788
62,2,1
z530
41,1,1
z612
36,1,1
/578
68,2,1
z547
40,1,1
/442
53,2,1
z490
31,1,1
z449
0,0,0
/825
64,2,1
z780
34,1,1
/524
68,2,1
z419
43,1,1
z1165
45,1,1
/509
69,2,1
z406
32,1,1
/599
60,2,1
z589
33,1,1
z554
37,1,1
/424
52,2,1
z1365
58,2,1
/487
65,2,1
z517
40,1,1
z580
36,1,1
z432
42,1,1
z746
55,2,1
z561
41,1,1
z1011
54,2,1
/1159
56,2,1
z505
31,1,1
z740
47,1,1
z656
49,1,1
z515
44,1,1
z448
46,1,1
/515
67,2,1
/699
62,2,1
/1314
59,2,1
/891
66,2,1
/618
51,2,1
z601
53,2,1
/557
70,2,1
z347
50,1,1
/1164
63,2,1
z767
57,2,1
z541
38,1,1
z451
35,1,1
z423
39,1,1
z311
48,1,1
z239
61,2,1
z1254
0,0,0
/730
69,2,1
/636
56,2,1
/455
61,2,1
z533
33,1,1
/869
54,2,1
/11906
53,2,1
/553
52,2,1
/600
55,2,1
/966
60,2,1
z1001
43,1,1
z636
40,1,1
z1286
50,1,1
/653
64,2,1
z1028
47,1,1
/676
59,2,1
/549
68,2,1
z635
31,1,1
z563
42,1,1
z627
48,1,1
z1282
35,1,1
z1199
44,1,1
z646
38,1,1
z933
58,2,1
/814
57,2,1
z645
49,1,1
/1225
63,2,1
z660
37,1,1
z510
46,1,1
/583
70,2,1
/707
65,2,1
z695
41,1,1
/586
67,2,1
z542
36,1,1
z502
39,1,1
/737
62,2,1
z695
45,1,1
/534
66,2,1
z608
34,1,1
/759
51,2,1
z880
32,1,1
z506
0,0,0
z1249
41,1,1
/523
59,2,1
/529
50,1,1
/536
67,2,1
/443
64,2,1
/431
51,2,1
z671
34,1,1
/625
56,2,1
z1544
40,1,1
/855
60,2,1
z2041
49,1,1
z725
36,1,1
/741
52,2,1
/568
63,2,1
/1577
53,2,1
z2310
45,1,1
z683
43,1,1
/477
69,2,1
/436
68,2,1
/420
70,2,1
/444
65,2,1
z1478
42,1,1
z649
33,1,1
z518
32,1,1
z645
55,2,1
z518
48,1,1
z449
35,1,1
/504
66,2,1
z552
39,1,1
z1093
61,2,1
z1051
47,1,1
z479
57,2,1
z538
38,1,1
z481
37,1,1
z600
58,2,1
z449
44,1,1
z759
31,1,1
/942
62,2,1
z1192
46,1,1
z792
54,2,1
z522
0,0,0
z809
33,1,1
/1173
60,2,1
z611
34,1,1
/536
61,2,1
z1152
44,1,1
/519
68,2,1
z280
31,1,1
z1383
45,1,1
z703
56,2,1
z669
58,2,1
z923
64,2,1
z642
59,2,1
z1077
37,1,1
z883
69,2,1
z468
52,2,1
z587
62,2,1
z455
47,1,1
z468
41,1,1
/726
66,2,1
z598
35,1,1
z627
39,1,1
z2270
32,1,1
z770
43,1,1
z1593
70,2,1
z500
57,2,1
z439
48,1,1
z766
55,2,1
z990
53,2,1
z768
54,2,1
z1701
50,1,1
z948
49,1,1
z750
51,2,1
z1277
67,2,1
z475
36,1,1
/932
65,2,1
z585
63,2,1
z621
40,1,1
z442
42,1,1
z685
46,1,1
z509
38,1,1
z532
0,0,0
z1062
45,1,1
/548
54,2,1
/494
43,1,1
/506
61,2,1
/475
66,2,1
z745
51,2,1
/387
50,1,1
/501
47,1,1
/460
70,2,1
/744
46,1,1
z1762
32,1,1
z613
39,1,1
z524
44,1,1
z6302
52,2,1
/733
69,2,1
/728
56,2,1
z13058
36,1,1
z682
42,1,1
z700
55,2,1
z573
41,1,1
z542
34,1,1
/650
64,2,1
/543
48,1,1
/385
58,2,1
z666
38,1,1
/903
60,2,1
/710
49,1,1
/433
68,2,1
z500
33,1,1
z896
53,2,1
z421
35,1,1
z368
37,1,1
z375
31,1,1
/43433
67,2,1
/584
65,2,1
/667
62,2,1
/512
63,2,1
/727
59,2,1
z533
40,1,1
/540
57,2,1
/467
0,0,0
/510
61,2,1
z485
38,1,1
/430
70,2,1
z412
41,1,1
z507
52,2,1
/529
62,2,1
/419
59,2,1
z465
46,1,1
/460
69,2,1
z490
32,1,1
z441
58,2,1
z378
64,2,1
z647
33,1,1
/617
56,2,1
z528
63,2,1
/568
60,2,1
z552
31,1,1
z316
51,2,1
z597
36,1,1
z547
54,2,1
z338
35,1,1
z310
50,1,1
z468
47,1,1
/579
67,2,1
z388
53,2,1
z376
49,1,1
z496
34,1,1
z196
39,1,1
z29389
42,1,1
z429
43,1,1
z571
55,2,1
z286
48,1,1
z368
45,1,1
z637
57,2,1
/542
65,2,1
z465
37,1,1
/446
68,2,1
/423
66,2,1
/427
44,1,1
/443
40,1,1
/490
0,0,0
z714
32,1,1
/500
66,2,1
z650
37,1,1
z872
48,1,1
/8782
33,1,1
/443
62,2,1
/721
46,1,1
z534
36,1,1
z560
58,2,1
/694
64,2,1
/514
65,2,1
/14526
43,1,1
z870
54,2,1
/774
60,2,1
/482
63,2,1
/530
59,2,1
/4308
69,2,1
z1556
53,2,1
z583
61,2,1
z529
34,1,1
/803
70,2,1
z1216
49,1,1
z661
44,1,1
z715
40,1,1
/877
55,2,1
z597
50,1,1
z533
47,1,1
z584
42,1,1
z349
52,2,1
z789
38,1,1
/18471
68,2,1
z475
35,1,1
z445
51,2,1
z322
56,2,1
z407
45,1,1
z326
39,1,1
/547
57,2,1
z579
41,1,1
/1088
67,2,1
z431
31,1,1
z457
0,0,0
z1095
53,2,1
/446
66,2,1
z751
38,1,1
z525
37,1,1
/495
59,2,1
z462
48,1,1
/419
56,2,1
z504
31,1,1
z473
32,1,1
/562
51,2,1
/459
61,2,1
/457
50,1,1
z514
58,2,1
/504
62,2,1
z1376
55,2,1
z535
42,1,1
z17843
39,1,1
z433
49,1,1
z319
69,2,1
/487
52,2,1
z466
36,1,1
z515
46,1,1
z493
60,2,1
/437
70,2,1
/377
65,2,1
z407
35,1,1
/438
64,2,1
z401
34,1,1
/418
57,2,1
z416
33,1,1
z411
43,1,1
z387
44,1,1
/559
63,2,1
/386
68,2,1
/420
54,2,1
/372
47,1,1
/356
67,2,1
z574
40,1,1
/411
45,1,1
z471
41,1,1
z533
0,0,0
z640
47,1,1
z515
31,1,1
z370
40,1,1
z294
57,2,1
z371
51,2,1
z460
42,1,1
z353
64,2,1
z31958
38,1,1
z550
48,1,1
z436
50,1,1
z277
69,2,1
z1181
44,1,1
z415
46,1,1
z490
45,1,1
z324
61,2,1
z542
34,1,1
/688
59,2,1
z549
37,1,1
/854
53,2,1
z541
56,2,1
/549
68,2,1
/427
67,2,1
z541
36,1,1
z503
52,2,1
z404
35,1,1
z501
49,1,1
z22060
33,1,1
z526
39,1,1
/615
60,2,1
/541
58,2,1
/381
65,2,1
/386
63,2,1
z473
32,1,1
z557
43,1,1
/491
66,2,1
z504
54,2,1
z453
55,2,1
z420
41,1,1
z332
62,2,1
/969
70,2,1
/696
0,0,0
/637
66,2,1
/418
60,2,1
/427
57,2,1
/560
59,2,1
z635
37,1,1
z584
45,1,1
z461
34,1,1
/607
64,2,1
/565
48,1,1
/469
69,2,1
/632
49,1,1
/560
55,2,1
z14946
51,2,1
z697
40,1,1
z371
41,1,1
z376
43,1,1
z484
33,1,1
z526
53,2,1
/484
67,2,1
/423
62,2,1
z1137
50,1,1
z371
47,1,1
z1013
36,1,1
/1416
70,2,1
z10029
31,1,1
z413
39,1,1
/583
63,2,1
z628
35,1,1
/754
56,2,1
/482
68,2,1
z591
32,1,1
z588
44,1,1
z315
65,2,1
z411
54,2,1
/484
61,2,1
z479
38,1,1
/394
58,2,1
z494
46,1,1
z529
42,1,1
z454
52,2,1
z461
0,0,0
z595
50,1,1
z407
39,1,1
z338
49,1,1
z298
54,2,1
z385
41,1,1
z272
70,2,1
/589
53,2,1
/443
58,2,1
/431
66,2,1
/451
48,1,1
/962
61,2,1
/46930
63,2,1
/415
65,2,1
/477
67,2,1
z630
45,1,1
z441
51,2,1
z370
46,1,1
z315
33,1,1
z365
38,1,1
z322
44,1,1
z510
31,1,1
z302
37,1,1
z333
43,1,1
z18015
34,1,1
z434
40,1,1
z376
42,1,1
z417
68,2,1
/789
56,2,1
z447
59,2,1
z348
62,2,1
z337
69,2,1
z349
36,1,1
z321
47,1,1
z294
55,2,1
z303
57,2,1
z300
32,1,1
z361
35,1,1
z317
64,2,1
z352
60,2,1
z350
52,2,1
z5720
0,0,0
/868
67,2,1
/527
44,1,1
z537
48,1,1
z423
56,2,1
z596
58,2,1
z462
50,1,1
/546
69,2,1
z406
37,1,1
/448
60,2,1
z507
66,2,1
z554
51,2,1
z535
40,1,1
z359
33,1,1
z285
63,2,1
z353
31,1,1
z305
55,2,1
z369
32,1,1
z546
46,1,1
z11062
61,2,1
z484
42,1,1
z314
34,1,1
z319
64,2,1
/427
38,1,1
z281
39,1,1
/517
70,2,1
z623
41,1,1
/319
47,1,1
/471
43,1,1
z608
35,1,1
z433
54,2,1
/298
49,1,1
/255
52,2,1
/591
62,2,1
z1701
45,1,1
z557
36,1,1
z236
53,2,1
/430
59,2,1
/457
68,2,1
/401
57,2,1
/363
65,2,1
/994
0,0,0
/1461
66,2,1
/494
55,2,1
/386
33,1,1
/599
64,2,1
z615
43,1,1
/363
49,1,1
/624
61,2,1
z509
46,1,1
z471
40,1,1
/523
68,2,1
z933
44,1,1
z484
35,1,1
z654
41,1,1
/1047
57,2,1
/504
56,2,1
/486
36,1,1
z547
69,2,1
/398
34,1,1
/548
70,2,1
/703
63,2,1
/491
60,2,1
z613
54,2,1
z571
58,2,1
z528
52,2,1
/693
51,2,1
/470
65,2,1
/603
45,1,1
z624
31,1,1
z413
39,1,1
z331
59,2,1
/442
48,1,1
z826
32,1,1
z851
38,1,1
/527
53,2,1
z399
37,1,1
z395
50,1,1
/857
47,1,1
/728
42,1,1
/536
67,2,1
/463
62,2,1
/485
0,0,0
/1332
45,1,1
/332
42,1,1
/405
32,1,1
/402
35,1,1
/410
31,1,1
z498
37,1,1
/574
58,2,1
/517
57,2,1
/482
60,2,1
/452
62,2,1
/440
67,2,1
/403
52,2,1
/405
69,2,1
/530
65,2,1
z680
38,1,1
/507
56,2,1
/932
54,2,1
z541
44,1,1
/455
51,2,1
/619
53,2,1
/521
64,2,1
z645
40,1,1
z448
33,1,1
z498
34,1,1
z544
46,1,1
z470
43,1,1
z405
36,1,1
/592
66,2,1
/362
59,2,1
z791
39,1,1
z490
61,2,1
z498
48,1,1
z373
47,1,1
z296
55,2,1
z409
41,1,1
z378
49,1,1
z292
70,2,1
/572
63,2,1
z1322
50,1,1
/683
68,2,1
z1098
0,0,0
/997
58,2,1
z542
37,1,1
/557
56,2,1
/839
54,2,1
/550
47,1,1
/331
40,1,1
/383
68,2,1
/354
53,2,1
/320
44,1,1
/443
70,2,1
/464
66,2,1
z727
45,1,1
z460
50,1,1
z336
55,2,1
z273
35,1,1
z1002
60,2,1
z732
61,2,1
/496
69,2,1
z1412
31,1,1
z1664
49,1,1
z600
34,1,1
/609
65,2,1
/555
62,2,1
/415
67,2,1
/601
52,2,1
/636
48,1,1
z843
42,1,1
z487
43,1,1
z418
46,1,1
z388
32,1,1
z502
51,2,1
z936
41,1,1
z291
39,1,1
z316
36,1,1
/708
63,2,1
/565
59,2,1
/416
64,2,1
z434
33,1,1
z413
57,2,1
z512
38,1,1
z561
0,0,0
z630
49,1,1
z414
50,1,1
z375
43,1,1
/484
63,2,1
/494
61,2,1
z430
34,1,1
z467
44,1,1
/409
62,2,1
/450
67,2,1
/706
55,2,1
/905
47,1,1
/371
53,2,1
/442
54,2,1
/361
64,2,1
/416
37,1,1
/625
51,2,1
z519
45,1,1
z385
40,1,1
z433
46,1,1
z474
38,1,1
z471
42,1,1
/540
69,2,1
z577
39,1,1
z637
59,2,1
/471
58,2,1
/448
68,2,1
z574
60,2,1
/387
36,1,1
/479
66,2,1
z466
31,1,1
z558
52,2,1
/448
70,2,1
z398
41,1,1
z777
57,2,1
z441
48,1,1
z357
33,1,1
z383
32,1,1
z356
56,2,1
z411
35,1,1
z571
65,2,1
END
Start of error log
End of error log
