1, 0, 0, 0, 20, 1, 4.7, 4.7, 1, 30.032, True
1, 0, 0, 1, 20, 1, 1.77, 1.77, 1, 0.813, True
1, 0, 0, 2, 19, 1, 4.48, 4.48, 1, 0.729, True
1, 0, 0, 3, 19, 1, 0.12, 0.12, 1, 0.559, True
1, 0, 0, 4, 18, 1, 5.75, 5.75, 1, 0.468, True
1, 0, 0, 5, 18, 0, 0.6, 0.6, 0, 0.554, True
1, 0, 0, 6, 17, 0, 2.31, 2.31, 0, 0.631, True
1, 0, 0, 7, 17, 1, 2.99, 2.99, 1, 0.448, True
1, 0, 0, 8, 16, 1, 5.52, 5.52, 0, 0.481, False
1, 0, 0, 9, 17, 1, 5.83, 5.83, 1, 2.856, True
1, 1, 1, 0, 20, 1, 2.45, 5.59, 1, 0.834, True
1, 1, 1, 1, 20, 1, 2.15, 5.29, 1, 0.498, True
1, 1, 1, 2, 19, 0, 1.88, 5.02, 0, 0.522, True
1, 1, 1, 3, 19, 1, 5.8, 2.66, 1, 0.704, True
1, 1, 1, 4, 18, 1, 3.9, 0.76, 1, 0.495, True
1, 1, 1, 5, 18, 1, 2.46, 5.6, 1, 0.557, True
1, 1, 1, 6, 17, 1, 0.42, 3.56, 1, 1.026, True
1, 1, 1, 7, 17, 0, 3.91, 0.76, 0, 0.485, True
1, 1, 1, 8, 16, 0, 4.95, 1.81, 0, 0.613, True
1, 1, 1, 9, 16, 1, 1.0, 4.14, 1, 0.767, True
1, 2, 1, 0, 7, 0, 0.49, 3.63, 0, 0.556, True
1, 2, 1, 1, 7, 1, 0.83, 3.98, 1, 0.528, True
1, 2, 1, 2, 6, 1, 3.46, 0.32, 0, 0.598, False
1, 2, 1, 3, 7, 0, 5.14, 2.0, 0, 0.945, True
1, 2, 1, 4, 7, 1, 5.35, 2.21, 1, 0.487, True
1, 2, 1, 5, 6, 1, 1.44, 4.58, 1, 0.542, True
1, 2, 1, 6, 6, 1, 0.05, 3.19, 1, 0.499, True
1, 2, 1, 7, 5, 0, 5.88, 2.74, 0, 0.61, True
1, 2, 1, 8, 5, 1, 2.07, 5.21, 1, 0.388, True
1, 2, 1, 9, 4, 1, 2.77, 5.91, 1, 0.399, True
1, 2, 1, 10, 4, 1, 6.12, 2.98, 1, 0.489, True
1, 2, 1, 11, 3, 1, 6.01, 2.87, 1, 0.407, True
1, 2, 1, 12, 3, 1, 3.39, 0.24, 1, 0.977, True
1, 2, 1, 13, 2, 0, 5.28, 2.14, 0, 0.623, True
1, 2, 1, 14, 2, 1, 1.07, 4.21, 1, 1.024, True
1, 2, 1, 15, 1, 0, 1.9, 5.04, 1, 0.612, False
1, 2, 1, 16, 2, 0, 4.24, 1.1, 0, 1.247, True
1, 2, 1, 17, 2, 1, 3.06, 6.2, 0, 0.762, False
1, 2, 1, 18, 3, 1, 2.58, 5.72, 1, 0.575, True
1, 2, 1, 19, 3, 1, 3.98, 0.84, 1, 0.619, True
1, 2, 1, 20, 2, 1, 5.7, 2.56, 1, 0.949, True
1, 2, 1, 21, 2, 0, 0.05, 3.2, 1, 0.812, False
1, 2, 1, 22, 3, 1, 6.27, 3.13, 1, 0.575, True
1, 2, 1, 23, 3, 1, 3.47, 0.33, 1, 0.65, True
1, 2, 1, 24, 2, 0, 1.71, 4.85, 1, 0.498, False
1, 2, 1, 25, 3, 1, 0.83, 3.97, 0, 0.832, False
1, 2, 1, 26, 4, 0, 1.09, 4.23, 1, 0.659, False
1, 2, 1, 27, 5, 1, 4.88, 1.74, 1, 0.628, True
1, 2, 1, 28, 5, 0, 0.78, 3.92, 1, 0.677, False
1, 2, 1, 29, 6, 0, 4.31, 1.16, 1, 1.198, False
1, 2, 1, 30, 7, 1, 3.37, 0.23, 1, 0.603, True
1, 2, 1, 31, 7, 0, 0.35, 3.49, 0, 0.678, True
1, 2, 1, 32, 6, 0, 2.38, 5.52, 0, 0.958, True
1, 2, 1, 33, 6, 0, 2.9, 6.05, 1, 0.572, False
1, 2, 1, 34, 7, 0, 0.41, 3.55, 0, 0.607, True
1, 2, 1, 35, 7, 1, 5.3, 2.16, 1, 1.45, True
1, 2, 1, 36, 6, 0, 3.93, 0.79, 0, 0.663, True
1, 2, 1, 37, 6, 1, 3.64, 0.49, 1, 0.56, True
1, 2, 1, 38, 5, 0, 3.98, 0.84, 0, 0.58, True
1, 2, 1, 39, 5, 0, 4.55, 1.4, 0, 0.495, True
1, 2, 1, 40, 4, 0, 5.38, 2.24, 0, 0.758, True
1, 2, 1, 41, 4, 1, 1.58, 4.72, 1, 0.683, True
1, 2, 1, 42, 3, 0, 3.89, 0.75, 1, 0.643, False
1, 2, 1, 43, 4, 1, 3.38, 0.24, 1, 0.892, True
1, 2, 1, 44, 4, 1, 0.84, 3.98, 1, 0.604, True
1, 2, 1, 45, 3, 1, 5.81, 2.67, 0, 0.679, False
1, 2, 1, 46, 4, 1, 1.97, 5.11, 1, 0.519, True
1, 2, 1, 47, 4, 0, 5.33, 2.19, 0, 0.789, True
1, 2, 1, 48, 3, 0, 3.02, 6.17, 0, 0.769, True
1, 2, 1, 49, 3, 1, 3.25, 0.11, 1, 0.59, True
1, 3, 0, 0, 4, 0, 2.53, 2.53, 0, 0.487, True
1, 3, 0, 1, 4, 1, 0.25, 0.25, 1, 0.406, True
1, 3, 0, 2, 3, 1, 1.38, 1.38, 1, 0.463, True
1, 3, 0, 3, 3, 0, 0.69, 0.69, 0, 0.463, True
1, 3, 0, 4, 2, 1, 4.65, 4.65, 0, 0.615, False
1, 3, 0, 5, 3, 1, 3.63, 3.63, 1, 0.529, True
1, 3, 0, 6, 3, 1, 4.39, 4.39, 1, 0.503, True
1, 3, 0, 7, 2, 0, 3.03, 3.03, 0, 0.548, True
1, 3, 0, 8, 2, 0, 0.93, 0.93, 0, 0.961, True
1, 3, 0, 9, 1, 1, 4.37, 4.37, 0, 0.695, False
1, 3, 0, 10, 2, 0, 3.21, 3.21, 0, 1.167, True
1, 3, 0, 11, 2, 0, 3.81, 3.81, 1, 0.805, False
1, 3, 0, 12, 3, 0, 5.21, 5.21, 1, 0.8, False
1, 3, 0, 13, 4, 1, 0.08, 0.08, 1, 0.548, True
1, 3, 0, 14, 4, 1, 0.59, 0.59, 1, 0.513, True
1, 3, 0, 15, 3, 0, 3.38, 3.38, 0, 0.438, True
1, 3, 0, 16, 3, 1, 4.86, 4.86, 1, 0.543, True
1, 3, 0, 17, 2, 0, 4.21, 4.21, 0, 0.763, True
1, 3, 0, 18, 2, 1, 5.87, 5.87, 1, 0.449, True
1, 3, 0, 19, 1, 0, 3.21, 3.21, 0, 0.601, True
1, 3, 0, 20, 1, 0, 2.44, 2.44, 1, 0.82, False
1, 3, 0, 21, 2, 1, 0.64, 0.64, 1, 0.543, True
1, 3, 0, 22, 2, 1, 4.1, 4.1, 1, 0.507, True
1, 3, 0, 23, 1, 1, 5.97, 5.97, 0, 0.609, False
1, 3, 0, 24, 2, 0, 0.24, 0.24, 0, 0.628, True
1, 3, 0, 25, 2, 1, 2.61, 2.61, 1, 0.589, True
1, 3, 0, 26, 1, 0, 1.53, 1.53, 0, 0.56, True
1, 3, 0, 27, 1, 0, 0.93, 0.93, 0, 0.957, True
1, 3, 0, 28, 1, 1, 3.62, 3.62, 1, 0.69, True
1, 3, 0, 29, 1, 0, 0.23, 0.23, 1, 0.786, False
1, 3, 0, 30, 2, 0, 4.38, 4.38, 1, 0.734, False
1, 3, 0, 31, 3, 1, 3.3, 3.3, 1, 0.476, True
1, 3, 0, 32, 3, 1, 1.37, 1.37, 1, 0.508, True
1, 3, 0, 33, 2, 1, 2.52, 2.52, 0, 0.802, False
1, 3, 0, 34, 3, 1, 4.77, 4.77, 1, 0.517, True
1, 3, 0, 35, 3, 0, 0.36, 0.36, 0, 0.587, True
1, 3, 0, 36, 2, 0, 5.32, 5.32, 0, 0.606, True
1, 3, 0, 37, 2, 1, 0.64, 0.64, 1, 0.464, True
1, 3, 0, 38, 1, 0, 2.63, 2.63, 0, 0.872, True
1, 3, 0, 39, 1, 1, 1.43, 1.43, 0, 1.432, False
1, 3, 0, 40, 2, 1, 1.69, 1.69, 1, 0.781, True
1, 3, 0, 41, 2, 1, 1.68, 1.68, 1, 0.634, True
1, 3, 0, 42, 1, 1, 1.04, 1.04, 1, 0.852, True
1, 3, 0, 43, 1, 0, 0.24, 0.24, 0, 0.582, True
1, 3, 0, 44, 1, 1, 0.04, 0.04, 0, 0.833, False
1, 3, 0, 45, 2, 1, 5.59, 5.59, 1, 0.772, True
1, 3, 0, 46, 2, 1, 1.96, 1.96, 1, 0.536, True
1, 3, 0, 47, 1, 1, 5.68, 5.68, 1, 0.398, True
1, 3, 0, 48, 1, 0, 4.21, 4.21, 1, 0.504, False
1, 3, 0, 49, 2, 0, 5.79, 5.79, 1, 0.534, False
1, 4, 0, 0, 4, 1, 2.97, 2.97, 1, 0.585, True
1, 4, 0, 1, 4, 1, 3.45, 3.45, 1, 0.524, True
1, 4, 0, 2, 3, 0, 2.95, 2.95, 0, 0.514, True
1, 4, 0, 3, 3, 0, 6.17, 6.17, 0, 0.616, True
1, 4, 0, 4, 2, 1, 1.51, 1.51, 1, 0.698, True
1, 4, 0, 5, 2, 0, 5.86, 5.86, 0, 0.585, True
1, 4, 0, 6, 1, 1, 4.55, 4.55, 1, 0.509, True
1, 4, 0, 7, 1, 1, 1.8, 1.8, 0, 0.594, False
1, 4, 0, 8, 2, 0, 5.77, 5.77, 0, 0.589, True
1, 4, 0, 9, 2, 0, 2.98, 2.98, 0, 0.632, True
1, 4, 0, 10, 1, 1, 5.57, 5.57, 0, 0.818, False
1, 4, 0, 11, 2, 1, 3.77, 3.77, 1, 0.717, True
1, 4, 0, 12, 2, 0, 0.88, 0.88, 0, 0.764, True
1, 4, 0, 13, 1, 0, 0.23, 0.23, 1, 0.985, False
1, 4, 0, 14, 2, 0, 2.48, 2.48, 0, 0.678, True
1, 4, 0, 15, 2, 0, 0.46, 0.46, 1, 0.654, False
1, 4, 0, 16, 3, 1, 1.82, 1.82, 1, 0.462, True
1, 4, 0, 17, 3, 0, 1.69, 1.69, 0, 0.598, True
1, 4, 0, 18, 2, 1, 4.27, 4.27, 1, 0.465, True
1, 4, 0, 19, 2, 0, 0.67, 0.67, 0, 0.465, True
1, 4, 0, 20, 1, 1, 4.51, 4.51, 0, 0.761, False
1, 4, 0, 21, 2, 1, 0.13, 0.13, 1, 0.493, True
1, 4, 0, 22, 2, 0, 1.84, 1.84, 0, 0.556, True
1, 4, 0, 23, 1, 1, 4.62, 4.62, 0, 0.784, False
1, 4, 0, 24, 2, 0, 1.35, 1.35, 0, 0.533, True
1, 4, 0, 25, 2, 1, 4.6, 4.6, 0, 0.73, False
1, 4, 0, 26, 3, 1, 4.69, 4.69, 1, 0.472, True
1, 4, 0, 27, 3, 0, 2.55, 2.55, 0, 0.519, True
1, 4, 0, 28, 2, 1, 4.12, 4.12, 1, 0.493, True
1, 4, 0, 29, 2, 1, 3.02, 3.02, 1, 0.443, True
1, 4, 0, 30, 1, 1, 6.14, 6.14, 0, 0.54, False
1, 4, 0, 31, 2, 0, 4.9, 4.9, 0, 0.52, True
1, 4, 0, 32, 2, 1, 5.02, 5.02, 1, 0.414, True
1, 4, 0, 33, 1, 1, 5.12, 5.12, 0, 0.471, False
1, 4, 0, 34, 2, 1, 4.34, 4.34, 1, 0.502, True
1, 4, 0, 35, 2, 1, 1.69, 1.69, 1, 0.533, True
1, 4, 0, 36, 1, 1, 3.38, 3.38, 0, 0.538, False
1, 4, 0, 37, 2, 0, 4.79, 4.79, 1, 0.687, False
1, 4, 0, 38, 3, 1, 0.16, 0.16, 1, 0.446, True
1, 4, 0, 39, 3, 1, 5.96, 5.96, 1, 0.407, True
1, 4, 0, 40, 2, 0, 0.33, 0.33, 1, 0.52, False
1, 4, 0, 41, 3, 0, 4.18, 4.18, 0, 0.566, True
1, 4, 0, 42, 3, 1, 1.66, 1.66, 1, 0.426, True
1, 4, 0, 43, 2, 0, 2.27, 2.27, 1, 0.579, False
1, 4, 0, 44, 3, 1, 2.39, 2.39, 1, 0.51, True
1, 4, 0, 45, 3, 0, 5.68, 5.68, 0, 0.492, True
1, 4, 0, 46, 2, 0, 5.68, 5.68, 1, 0.699, False
1, 4, 0, 47, 3, 0, 3.1, 3.1, 0, 0.514, True
1, 4, 0, 48, 3, 0, 5.97, 5.97, 0, 0.912, True
1, 4, 0, 49, 2, 0, 4.91, 4.91, 0, 0.56, True
1, 5, 1, 0, 7, 1, 6.12, 2.98, 1, 0.464, True
1, 5, 1, 1, 7, 0, 0.39, 3.53, 0, 0.471, True
1, 5, 1, 2, 6, 0, 1.45, 4.59, 0, 0.526, True
1, 5, 1, 3, 6, 1, 2.06, 5.2, 1, 0.508, True
1, 5, 1, 4, 5, 1, 1.32, 4.46, 1, 0.45, True
1, 5, 1, 5, 5, 1, 4.56, 1.42, 0, 0.602, False
1, 5, 1, 6, 6, 0, 5.98, 2.83, 0, 0.605, True
1, 5, 1, 7, 6, 1, 1.14, 4.28, 1, 0.431, True
1, 5, 1, 8, 5, 1, 5.85, 2.71, 0, 0.552, False
1, 5, 1, 9, 6, 1, 1.24, 4.38, 1, 0.78, True
1, 5, 1, 10, 6, 0, 3.16, 0.02, 0, 0.696, True
1, 5, 1, 11, 5, 0, 2.63, 5.78, 1, 0.512, False
1, 5, 1, 12, 6, 1, 4.09, 0.95, 1, 0.67, True
1, 5, 1, 13, 6, 1, 2.83, 5.97, 0, 0.598, False
1, 5, 1, 14, 7, 1, 0.23, 3.37, 1, 0.569, True
1, 5, 1, 15, 7, 0, 0.72, 3.86, 0, 0.869, True
1, 5, 1, 16, 6, 0, 1.83, 4.97, 0, 0.702, True
1, 5, 1, 17, 6, 1, 2.78, 5.92, 1, 0.493, True
1, 5, 1, 18, 5, 0, 0.96, 4.1, 0, 0.484, True
1, 5, 1, 19, 5, 1, 5.17, 2.03, 1, 0.459, True
1, 5, 1, 20, 4, 1, 5.57, 2.43, 1, 0.442, True
1, 5, 1, 21, 4, 0, 6.16, 3.02, 0, 0.523, True
1, 5, 1, 22, 3, 0, 1.41, 4.55, 1, 0.448, False
1, 5, 1, 23, 4, 0, 4.47, 1.33, 0, 0.728, True
1, 5, 1, 24, 4, 0, 6.24, 3.1, 0, 0.583, True
1, 5, 1, 25, 3, 0, 3.33, 0.19, 0, 0.786, True
1, 5, 1, 26, 3, 1, 5.62, 2.48, 1, 0.726, True
1, 5, 1, 27, 2, 1, 3.32, 0.17, 1, 0.556, True
1, 5, 1, 28, 2, 0, 3.07, 6.21, 0, 0.608, True
1, 5, 1, 29, 1, 0, 3.96, 0.82, 0, 0.65, True
1, 5, 1, 30, 1, 0, 3.49, 0.35, 0, 0.563, True
1, 5, 1, 31, 1, 0, 0.28, 3.42, 1, 0.424, False
1, 5, 1, 32, 2, 0, 1.19, 4.33, 0, 0.713, True
1, 5, 1, 33, 2, 1, 1.32, 4.46, 0, 0.391, False
1, 5, 1, 34, 3, 1, 1.74, 4.88, 1, 0.489, True
1, 5, 1, 35, 3, 1, 3.32, 0.18, 1, 0.784, True
1, 5, 1, 36, 2, 1, 0.9, 4.04, 0, 0.636, False
1, 5, 1, 37, 3, 1, 0.54, 3.68, 1, 0.709, True
1, 5, 1, 38, 3, 1, 0.2, 3.34, 1, 0.572, True
1, 5, 1, 39, 2, 0, 4.36, 1.22, 0, 0.463, True
1, 5, 1, 40, 2, 0, 2.71, 5.85, 1, 0.743, False
1, 5, 1, 41, 3, 0, 6.22, 3.08, 0, 0.821, True
1, 5, 1, 42, 3, 1, 5.55, 2.41, 0, 0.631, False
1, 5, 1, 43, 4, 0, 1.04, 4.18, 1, 0.929, False
1, 5, 1, 44, 5, 1, 5.12, 1.97, 0, 0.608, False
1, 5, 1, 45, 6, 1, 0.05, 3.19, 1, 0.586, True
1, 5, 1, 46, 6, 0, 2.07, 5.21, 0, 0.686, True
1, 5, 1, 47, 5, 1, 4.27, 1.13, 1, 0.47, True
1, 5, 1, 48, 5, 0, 4.42, 1.27, 0, 0.693, True
1, 5, 1, 49, 4, 1, 2.04, 5.18, 0, 0.757, False
