4, 0, 0, 0, 20, 0, 3.12, 3.12, 0, 6.821, True
4, 0, 0, 1, 20, 1, 0.05, 0.05, 1, 2.034, True
4, 0, 0, 2, 19, 0, 0.79, 0.79, 0, 1.034, True
4, 0, 0, 3, 19, 0, 4.64, 4.64, 0, 0.583, True
4, 0, 0, 4, 18, 1, 3.1, 3.1, 1, 0.723, True
4, 0, 0, 5, 18, 1, 3.73, 3.73, 1, 0.603, True
4, 0, 0, 6, 17, 1, 1.5, 1.5, 1, 0.63, True
4, 0, 0, 7, 17, 1, 5.97, 5.97, 1, 0.497, True
4, 0, 0, 8, 16, 0, 0.16, 0.16, 0, 0.497, True
4, 0, 0, 9, 16, 0, 4.3, 4.3, 0, 0.465, True
4, 1, 1, 0, 20, 0, 0.23, 3.37, 0, 1.168, True
4, 1, 1, 1, 20, 1, 6.1, 2.96, 1, 0.839, True
4, 1, 1, 2, 19, 0, 3.64, 0.5, 0, 1.034, True
4, 1, 1, 3, 19, 1, 0.67, 3.81, 1, 0.998, True
4, 1, 1, 4, 18, 1, 5.16, 2.02, 1, 1.172, True
4, 1, 1, 5, 18, 0, 6.05, 2.91, 0, 0.635, True
4, 1, 1, 6, 17, 0, 2.03, 5.17, 1, 1.414, False
4, 1, 1, 7, 18, 0, 1.15, 4.29, 0, 1.156, True
4, 1, 1, 8, 18, 0, 3.5, 0.36, 0, 0.716, True
4, 1, 1, 9, 17, 0, 4.83, 1.69, 0, 1.108, True
4, 2, 1, 0, 7, 1, 2.08, 5.22, 1, 0.765, True
4, 2, 1, 1, 7, 1, 1.09, 4.23, 0, 0.931, False
4, 2, 1, 2, 8, 1, 4.41, 1.27, 0, 0.9, False
4, 2, 1, 3, 9, 1, 5.92, 2.78, 1, 0.773, True
4, 2, 1, 4, 9, 0, 5.84, 2.7, 0, 0.539, True
4, 2, 1, 5, 8, 0, 0.8, 3.94, 0, 0.649, True
4, 2, 1, 6, 8, 1, 1.06, 4.21, 1, 0.691, True
4, 2, 1, 7, 7, 1, 6.03, 2.89, 1, 0.652, True
4, 2, 1, 8, 7, 1, 2.93, 6.07, 0, 0.63, False
4, 2, 1, 9, 8, 0, 0.26, 3.4, 1, 0.785, False
4, 2, 1, 10, 9, 0, 3.69, 0.54, 0, 0.583, True
4, 2, 1, 11, 9, 0, 1.61, 4.75, 0, 0.867, True
4, 2, 1, 12, 8, 0, 3.58, 0.43, 0, 0.613, True
4, 2, 1, 13, 8, 1, 3.23, 0.09, 1, 0.625, True
4, 2, 1, 14, 7, 0, 4.03, 0.88, 0, 0.572, True
4, 2, 1, 15, 7, 1, 3.65, 0.51, 0, 0.569, False
4, 2, 1, 16, 8, 0, 1.53, 4.67, 1, 0.678, False
4, 2, 1, 17, 9, 1, 5.59, 2.45, 1, 0.495, True
4, 2, 1, 18, 9, 1, 5.72, 2.58, 1, 0.447, True
4, 2, 1, 19, 8, 0, 2.85, 5.99, 0, 0.737, True
4, 2, 1, 20, 8, 1, 0.32, 3.46, 1, 0.455, True
4, 2, 1, 21, 7, 1, 4.24, 1.1, 1, 0.536, True
4, 2, 1, 22, 7, 0, 1.87, 5.01, 1, 0.519, False
4, 2, 1, 23, 8, 1, 0.9, 4.04, 1, 0.454, True
4, 2, 1, 24, 8, 0, 2.42, 5.56, 1, 0.55, False
4, 2, 1, 25, 9, 0, 0.08, 3.22, 1, 0.419, False
4, 2, 1, 26, 10, 1, 5.17, 2.03, 1, 0.565, True
4, 2, 1, 27, 10, 0, 3.38, 0.24, 0, 0.579, True
4, 2, 1, 28, 9, 0, 2.53, 5.67, 0, 0.479, True
4, 2, 1, 29, 9, 0, 0.4, 3.54, 1, 0.416, False
4, 2, 1, 30, 10, 0, 4.89, 1.75, 1, 0.466, False
4, 2, 1, 31, 11, 0, 1.4, 4.54, 0, 0.531, True
4, 2, 1, 32, 11, 1, 1.67, 4.81, 0, 0.465, False
4, 2, 1, 33, 12, 1, 5.0, 1.85, 0, 0.642, False
4, 2, 1, 34, 13, 1, 2.65, 5.79, 0, 0.476, False
4, 2, 1, 35, 14, 1, 3.6, 0.46, 1, 0.557, True
4, 2, 1, 36, 14, 0, 3.03, 6.17, 0, 0.49, True
4, 2, 1, 37, 13, 1, 5.99, 2.85, 1, 0.65, True
4, 2, 1, 38, 13, 1, 3.5, 0.36, 0, 0.404, False
4, 2, 1, 39, 14, 1, 0.44, 3.58, 1, 0.486, True
4, 2, 1, 40, 14, 0, 5.41, 2.27, 0, 0.566, True
4, 2, 1, 41, 13, 1, 5.5, 2.36, 1, 0.547, True
4, 2, 1, 42, 13, 1, 3.67, 0.53, 1, 0.529, True
4, 2, 1, 43, 12, 1, 4.73, 1.59, 1, 0.56, True
4, 2, 1, 44, 12, 1, 0.49, 3.64, 1, 0.509, True
4, 2, 1, 45, 11, 1, 4.1, 0.96, 1, 0.46, True
4, 2, 1, 46, 11, 0, 2.9, 6.05, 1, 0.685, False
4, 2, 1, 47, 12, 1, 0.55, 3.69, 1, 0.646, True
4, 2, 1, 48, 12, 1, 2.29, 5.43, 1, 0.56, True
4, 2, 1, 49, 11, 1, 2.24, 5.39, 1, 0.478, True
4, 3, 0, 0, 4, 0, 4.06, 4.06, 0, 2.73, True
4, 3, 0, 1, 4, 0, 2.64, 2.64, 0, 0.825, True
4, 3, 0, 2, 3, 0, 2.53, 2.53, 0, 0.797, True
4, 3, 0, 3, 3, 0, 6.08, 6.08, 0, 0.642, True
4, 3, 0, 4, 2, 1, 5.38, 5.38, 1, 0.733, True
4, 3, 0, 5, 2, 1, 1.01, 1.01, 1, 0.756, True
4, 3, 0, 6, 1, 0, 0.11, 0.11, 1, 0.698, False
4, 3, 0, 7, 2, 1, 2.66, 2.66, 1, 0.626, True
4, 3, 0, 8, 2, 0, 5.84, 5.84, 1, 0.525, False
4, 3, 0, 9, 3, 1, 4.19, 4.19, 1, 0.539, True
4, 3, 0, 10, 3, 1, 3.93, 3.93, 1, 0.457, True
4, 3, 0, 11, 2, 0, 2.65, 2.65, 1, 0.474, False
4, 3, 0, 12, 3, 1, 5.13, 5.13, 1, 0.491, True
4, 3, 0, 13, 3, 1, 4.27, 4.27, 1, 0.362, True
4, 3, 0, 14, 2, 1, 1.67, 1.67, 1, 0.319, True
4, 3, 0, 15, 2, 0, 1.55, 1.55, 1, 0.244, False
4, 3, 0, 16, 3, 1, 2.66, 2.66, 0, 0.413, False
4, 3, 0, 17, 4, 1, 5.32, 5.32, 1, 0.32, True
4, 3, 0, 18, 4, 1, 2.03, 2.03, 1, 0.469, True
4, 3, 0, 19, 3, 0, 3.44, 3.44, 1, 0.406, False
4, 3, 0, 20, 4, 1, 0.45, 0.45, 1, 0.392, True
4, 3, 0, 21, 4, 1, 1.95, 1.95, 1, 0.428, True
4, 3, 0, 22, 3, 0, 5.19, 5.19, 1, 0.398, False
4, 3, 0, 23, 4, 0, 2.6, 2.6, 0, 0.481, True
4, 3, 0, 24, 4, 1, 0.81, 0.81, 1, 0.497, True
4, 3, 0, 25, 3, 1, 4.15, 4.15, 1, 0.497, True
4, 3, 0, 26, 3, 0, 5.52, 5.52, 1, 0.417, False
4, 3, 0, 27, 4, 1, 2.27, 2.27, 0, 0.355, False
4, 3, 0, 28, 5, 0, 1.43, 1.43, 0, 0.488, True
4, 3, 0, 29, 5, 1, 5.44, 5.44, 1, 0.44, True
4, 3, 0, 30, 4, 1, 3.31, 3.31, 1, 0.457, True
4, 3, 0, 31, 4, 1, 0.74, 0.74, 1, 0.49, True
4, 3, 0, 32, 3, 0, 3.48, 3.48, 1, 0.874, False
4, 3, 0, 33, 4, 0, 2.16, 2.16, 0, 0.54, True
4, 3, 0, 34, 4, 1, 4.21, 4.21, 0, 0.714, False
4, 3, 0, 35, 5, 0, 0.61, 0.61, 0, 0.546, True
4, 3, 0, 36, 5, 0, 1.37, 1.37, 0, 0.576, True
4, 3, 0, 37, 4, 0, 1.93, 1.93, 0, 0.509, True
4, 3, 0, 38, 4, 1, 5.33, 5.33, 1, 0.524, True
4, 3, 0, 39, 3, 0, 5.86, 5.86, 0, 0.522, True
4, 3, 0, 40, 3, 1, 0.68, 0.68, 0, 0.585, False
4, 3, 0, 41, 4, 0, 0.38, 0.38, 0, 0.565, True
4, 3, 0, 42, 4, 1, 4.62, 4.62, 0, 0.594, False
4, 3, 0, 43, 5, 0, 0.57, 0.57, 0, 0.558, True
4, 3, 0, 44, 5, 0, 1.34, 1.34, 0, 0.524, True
4, 3, 0, 45, 4, 0, 3.07, 3.07, 0, 0.506, True
4, 3, 0, 46, 4, 0, 5.22, 5.22, 0, 0.537, True
4, 3, 0, 47, 3, 0, 2.93, 2.93, 0, 0.471, True
4, 3, 0, 48, 3, 1, 4.03, 4.03, 0, 0.6, False
4, 3, 0, 49, 4, 1, 4.7, 4.7, 1, 0.739, True
4, 4, 0, 0, 4, 1, 1.62, 1.62, 0, 0.58, False
4, 4, 0, 1, 5, 0, 5.14, 5.14, 0, 0.529, True
4, 4, 0, 2, 5, 1, 5.22, 5.22, 0, 0.528, False
4, 4, 0, 3, 6, 1, 2.67, 2.67, 1, 0.446, True
4, 4, 0, 4, 6, 0, 6.05, 6.05, 0, 0.464, True
4, 4, 0, 5, 5, 0, 4.76, 4.76, 0, 0.545, True
4, 4, 0, 6, 5, 1, 2.48, 2.48, 1, 0.479, True
4, 4, 0, 7, 4, 1, 1.38, 1.38, 1, 0.415, True
4, 4, 0, 8, 4, 0, 5.24, 5.24, 0, 0.465, True
4, 4, 0, 9, 3, 0, 4.39, 4.39, 0, 0.658, True
4, 4, 0, 10, 3, 1, 0.19, 0.19, 0, 0.572, False
4, 4, 0, 11, 4, 1, 5.87, 5.87, 1, 0.489, True
4, 4, 0, 12, 4, 1, 0.76, 0.76, 0, 0.537, False
4, 4, 0, 13, 5, 0, 2.57, 2.57, 0, 0.487, True
4, 4, 0, 14, 5, 1, 4.27, 4.27, 1, 0.47, True
4, 4, 0, 15, 4, 0, 2.57, 2.57, 0, 0.519, True
4, 4, 0, 16, 4, 0, 1.19, 1.19, 0, 0.533, True
4, 4, 0, 17, 3, 0, 4.85, 4.85, 0, 0.516, True
4, 4, 0, 18, 3, 1, 4.97, 4.97, 0, 0.611, False
4, 4, 0, 19, 4, 0, 3.89, 3.89, 0, 0.462, True
4, 4, 0, 20, 4, 1, 1.31, 1.31, 1, 0.431, True
4, 4, 0, 21, 3, 1, 1.28, 1.28, 1, 0.833, True
4, 4, 0, 22, 3, 0, 1.43, 1.43, 0, 0.581, True
4, 4, 0, 23, 2, 1, 6.06, 6.06, 1, 0.609, True
4, 4, 0, 24, 2, 1, 3.6, 3.6, 0, 0.845, False
4, 4, 0, 25, 3, 1, 6.1, 6.1, 1, 0.864, True
4, 4, 0, 26, 3, 0, 3.64, 3.64, 0, 0.771, True
4, 4, 0, 27, 2, 1, 4.1, 4.1, 1, 1.001, True
4, 4, 0, 28, 2, 1, 5.87, 5.87, 1, 0.966, True
4, 4, 0, 29, 1, 0, 1.07, 1.07, 0, 0.901, True
4, 4, 0, 30, 1, 0, 4.36, 4.36, 1, 1.366, False
4, 4, 0, 31, 2, 0, 1.21, 1.21, 0, 0.95, True
4, 4, 0, 32, 2, 0, 3.9, 3.9, 0, 0.661, True
4, 4, 0, 33, 1, 0, 1.69, 1.69, 1, 0.911, False
4, 4, 0, 34, 2, 0, 2.84, 2.84, 0, 0.96, True
4, 4, 0, 35, 2, 0, 6.24, 6.24, 1, 0.815, False
4, 4, 0, 36, 3, 1, 2.81, 2.81, 0, 0.755, False
4, 4, 0, 37, 4, 0, 3.33, 3.33, 0, 0.538, True
4, 4, 0, 38, 4, 1, 1.34, 1.34, 0, 0.583, False
4, 4, 0, 39, 5, 0, 0.82, 0.82, 0, 0.548, True
4, 4, 0, 40, 5, 0, 2.1, 2.1, 0, 0.498, True
4, 4, 0, 41, 4, 1, 5.93, 5.93, 1, 0.449, True
4, 4, 0, 42, 4, 1, 3.54, 3.54, 1, 0.467, True
4, 4, 0, 43, 3, 0, 0.34, 0.34, 0, 0.468, True
4, 4, 0, 44, 3, 1, 0.79, 0.79, 0, 0.597, False
4, 4, 0, 45, 4, 0, 2.19, 2.19, 0, 0.513, True
4, 4, 0, 46, 4, 0, 0.19, 0.19, 0, 0.544, True
4, 4, 0, 47, 3, 1, 6.05, 6.05, 1, 0.446, True
4, 4, 0, 48, 3, 1, 4.52, 4.52, 0, 0.591, False
4, 4, 0, 49, 4, 1, 6.21, 6.21, 1, 0.459, True
4, 5, 1, 0, 7, 0, 6.24, 3.1, 1, 0.797, False
4, 5, 1, 1, 8, 0, 0.84, 3.98, 0, 0.53, True
4, 5, 1, 2, 8, 1, 2.21, 5.35, 1, 0.448, True
4, 5, 1, 3, 7, 0, 6.18, 3.04, 0, 0.578, True
4, 5, 1, 4, 7, 1, 5.69, 2.55, 1, 0.478, True
4, 5, 1, 5, 6, 0, 1.77, 4.91, 1, 0.622, False
4, 5, 1, 6, 7, 1, 5.06, 1.92, 1, 0.826, True
4, 5, 1, 7, 7, 1, 3.78, 0.64, 1, 0.718, True
4, 5, 1, 8, 6, 1, 4.74, 1.6, 1, 0.549, True
4, 5, 1, 9, 6, 1, 0.96, 4.1, 1, 0.643, True
4, 5, 1, 10, 5, 1, 1.0, 4.14, 1, 0.493, True
4, 5, 1, 11, 5, 1, 5.99, 2.85, 1, 0.557, True
4, 5, 1, 12, 4, 1, 0.69, 3.83, 1, 0.442, True
4, 5, 1, 13, 4, 1, 5.82, 2.68, 1, 0.492, True
4, 5, 1, 14, 3, 1, 4.04, 0.9, 1, 0.636, True
4, 5, 1, 15, 3, 1, 1.08, 4.22, 1, 0.63, True
4, 5, 1, 16, 2, 0, 0.77, 3.91, 1, 0.449, False
4, 5, 1, 17, 3, 0, 0.67, 3.81, 1, 0.562, False
4, 5, 1, 18, 4, 1, 2.5, 5.64, 1, 0.671, True
4, 5, 1, 19, 4, 0, 0.54, 3.69, 1, 0.536, False
4, 5, 1, 20, 5, 0, 5.61, 2.47, 1, 0.47, False
4, 5, 1, 21, 6, 0, 4.73, 1.59, 0, 0.711, True
4, 5, 1, 22, 6, 1, 5.6, 2.45, 1, 0.687, True
4, 5, 1, 23, 5, 1, 2.13, 5.27, 1, 0.599, True
4, 5, 1, 24, 5, 1, 5.15, 2.01, 1, 0.643, True
4, 5, 1, 25, 4, 0, 6.07, 2.93, 1, 0.59, False
4, 5, 1, 26, 5, 0, 0.33, 3.47, 0, 0.65, True
4, 5, 1, 27, 5, 1, 0.96, 4.1, 1, 0.628, True
4, 5, 1, 28, 4, 0, 5.87, 2.72, 0, 0.607, True
4, 5, 1, 29, 4, 0, 1.37, 4.52, 0, 0.603, True
4, 5, 1, 30, 3, 0, 3.64, 0.5, 0, 0.71, True
4, 5, 1, 31, 3, 0, 0.18, 3.32, 0, 0.718, True
4, 5, 1, 32, 2, 0, 0.23, 3.38, 1, 0.534, False
4, 5, 1, 33, 3, 0, 6.21, 3.07, 0, 0.804, True
4, 5, 1, 34, 3, 1, 2.8, 5.94, 1, 0.857, True
4, 5, 1, 35, 2, 0, 1.1, 4.24, 0, 0.603, True
4, 5, 1, 36, 2, 1, 6.21, 3.06, 0, 0.775, False
4, 5, 1, 37, 3, 0, 2.83, 5.97, 0, 0.573, True
4, 5, 1, 38, 3, 1, 2.19, 5.34, 1, 0.937, True
4, 5, 1, 39, 2, 1, 0.71, 3.86, 1, 0.681, True
4, 5, 1, 40, 2, 0, 1.15, 4.29, 1, 0.642, False
4, 5, 1, 41, 3, 0, 2.82, 5.96, 1, 0.701, False
4, 5, 1, 42, 4, 1, 3.07, 6.21, 1, 0.549, True
4, 5, 1, 43, 4, 1, 1.43, 4.57, 0, 1.043, False
4, 5, 1, 44, 5, 1, 4.31, 1.16, 0, 1.103, False
4, 5, 1, 45, 6, 0, 3.51, 0.37, 1, 1.096, False
4, 5, 1, 46, 7, 0, 1.9, 5.04, 0, 0.627, True
4, 5, 1, 47, 7, 0, 1.89, 5.03, 0, 0.846, True
4, 5, 1, 48, 6, 0, 0.81, 3.95, 0, 0.609, True
4, 5, 1, 49, 6, 0, 1.42, 4.56, 0, 0.62, True
