2, 0, 0, 0, 20, 0, 0.55, 0.55, 0, 8.154, True
2, 0, 0, 1, 20, 1, 0.47, 0.47, 1, 0.567, True
2, 0, 0, 2, 19, 0, 2.82, 2.82, 0, 0.66, True
2, 0, 0, 3, 19, 0, 2.31, 2.31, 0, 0.526, True
2, 0, 0, 4, 18, 0, 6.02, 6.02, 0, 0.764, True
2, 0, 0, 5, 18, 1, 4.44, 4.44, 0, 0.627, False
2, 0, 0, 6, 19, 1, 1.82, 1.82, 1, 0.526, True
2, 0, 0, 7, 19, 1, 4.95, 4.95, 1, 5.676, True
2, 0, 0, 8, 18, 1, 1.82, 1.82, 1, 0.562, True
2, 0, 0, 9, 18, 0, 6.12, 6.12, 0, 0.56, True
2, 1, 1, 0, 20, 0, 3.73, 0.59, 0, 4.964, True
2, 1, 1, 1, 20, 0, 4.73, 1.58, 0, 0.676, True
2, 1, 1, 2, 19, 1, 4.76, 1.62, 1, 0.557, True
2, 1, 1, 3, 19, 1, 0.69, 3.83, 1, 0.97, True
2, 1, 1, 4, 18, 1, 1.66, 4.8, 1, 4.297, True
2, 1, 1, 5, 18, 1, 2.07, 5.21, 1, 0.48, True
2, 1, 1, 6, 17, 1, 2.05, 5.19, 1, 0.545, True
2, 1, 1, 7, 17, 0, 3.37, 0.22, 0, 0.766, True
2, 1, 1, 8, 16, 1, 0.26, 3.41, 1, 0.661, True
2, 1, 1, 9, 16, 1, 0.46, 3.6, 1, 0.446, True
2, 2, 1, 0, 7, 0, 3.55, 0.41, 0, 0.894, True
2, 2, 1, 1, 7, 1, 4.47, 1.33, 1, 0.767, True
2, 2, 1, 2, 6, 1, 5.87, 2.73, 1, 0.421, True
2, 2, 1, 3, 6, 0, 3.52, 0.38, 0, 0.551, True
2, 2, 1, 4, 5, 1, 3.21, 0.07, 1, 0.452, True
2, 2, 1, 5, 5, 1, 3.43, 0.28, 1, 0.405, True
2, 2, 1, 6, 4, 0, 0.1, 3.24, 1, 0.52, False
2, 2, 1, 7, 5, 0, 2.36, 5.5, 1, 0.455, False
2, 2, 1, 8, 6, 0, 6.07, 2.93, 1, 2.679, False
2, 2, 1, 9, 7, 0, 3.74, 0.59, 0, 0.393, True
2, 2, 1, 10, 7, 1, 5.67, 2.52, 1, 0.476, True
2, 2, 1, 11, 6, 0, 4.13, 0.99, 0, 0.492, True
2, 2, 1, 12, 6, 1, 1.04, 4.18, 1, 0.764, True
2, 2, 1, 13, 5, 0, 2.0, 5.14, 0, 0.61, True
2, 2, 1, 14, 5, 0, 0.89, 4.03, 1, 0.446, False
2, 2, 1, 15, 6, 0, 4.57, 1.43, 1, 0.591, False
2, 2, 1, 16, 7, 1, 3.49, 0.35, 0, 0.411, False
2, 2, 1, 17, 8, 0, 1.23, 4.37, 1, 0.542, False
2, 2, 1, 18, 9, 0, 2.29, 5.43, 0, 0.428, True
2, 2, 1, 19, 9, 0, 3.66, 0.51, 1, 0.542, False
2, 2, 1, 20, 10, 1, 4.37, 1.23, 0, 0.428, False
2, 2, 1, 21, 11, 1, 0.84, 3.98, 1, 0.414, True
2, 2, 1, 22, 11, 1, 0.09, 3.23, 1, 0.561, True
2, 2, 1, 23, 10, 0, 4.38, 1.24, 0, 0.606, True
2, 2, 1, 24, 10, 0, 5.67, 2.53, 1, 0.457, False
2, 2, 1, 25, 11, 0, 1.27, 4.41, 1, 0.602, False
2, 2, 1, 26, 12, 0, 0.57, 3.71, 0, 0.438, True
2, 2, 1, 27, 12, 1, 2.18, 5.32, 1, 0.423, True
2, 2, 1, 28, 11, 1, 4.55, 1.41, 1, 0.457, True
2, 2, 1, 29, 11, 1, 1.14, 4.28, 1, 0.394, True
2, 2, 1, 30, 10, 0, 2.9, 6.04, 1, 0.43, False
2, 2, 1, 31, 11, 1, 6.09, 2.95, 0, 0.416, False
2, 2, 1, 32, 12, 0, 0.67, 3.81, 0, 0.546, True
2, 2, 1, 33, 12, 1, 1.1, 4.24, 1, 0.416, True
2, 2, 1, 34, 11, 1, 5.23, 2.09, 1, 0.451, True
2, 2, 1, 35, 11, 1, 5.6, 2.46, 1, 0.404, True
2, 2, 1, 36, 10, 0, 4.23, 1.08, 0, 0.519, True
2, 2, 1, 37, 10, 1, 2.05, 5.19, 1, 0.422, True
2, 2, 1, 38, 9, 0, 1.0, 4.15, 1, 0.376, False
2, 2, 1, 39, 10, 1, 3.39, 0.25, 0, 0.428, False
2, 2, 1, 40, 11, 0, 1.0, 4.14, 0, 0.494, True
2, 2, 1, 41, 11, 0, 2.62, 5.77, 0, 0.478, True
2, 2, 1, 42, 10, 0, 6.26, 3.12, 0, 0.574, True
2, 2, 1, 43, 10, 0, 5.29, 2.15, 0, 0.491, True
2, 2, 1, 44, 9, 0, 4.93, 1.79, 0, 0.587, True
2, 2, 1, 45, 9, 1, 1.07, 4.21, 1, 0.551, True
2, 2, 1, 46, 8, 1, 3.86, 0.72, 1, 0.549, True
2, 2, 1, 47, 8, 1, 2.09, 5.23, 1, 0.451, True
2, 2, 1, 48, 7, 0, 3.11, 6.26, 0, 0.501, True
2, 2, 1, 49, 7, 0, 1.84, 4.98, 0, 0.564, True
2, 3, 0, 0, 4, 1, 1.7, 1.7, 0, 4.236, False
2, 3, 0, 1, 5, 1, 0.29, 0.29, 1, 1.094, True
2, 3, 0, 2, 5, 0, 4.83, 4.83, 1, 0.801, False
2, 3, 0, 3, 6, 0, 4.18, 4.18, 0, 1.382, True
2, 3, 0, 4, 6, 0, 1.11, 1.11, 0, 0.582, True
2, 3, 0, 5, 5, 0, 4.09, 4.09, 0, 0.723, True
2, 3, 0, 6, 5, 0, 5.18, 5.18, 0, 0.474, True
2, 3, 0, 7, 4, 0, 3.29, 3.29, 0, 0.794, True
2, 3, 0, 8, 4, 0, 2.46, 2.46, 0, 0.512, True
2, 3, 0, 9, 3, 0, 0.65, 0.65, 0, 0.799, True
2, 3, 0, 10, 3, 1, 5.21, 5.21, 1, 0.548, True
2, 3, 0, 11, 2, 0, 4.55, 4.55, 0, 0.834, True
2, 3, 0, 12, 2, 0, 5.58, 5.58, 1, 0.549, False
2, 3, 0, 13, 3, 0, 6.05, 6.05, 0, 0.467, True
2, 3, 0, 14, 3, 0, 3.45, 3.45, 0, 0.5, True
2, 3, 0, 15, 2, 1, 3.3, 3.3, 0, 0.548, False
2, 3, 0, 16, 3, 0, 2.94, 2.94, 1, 0.466, False
2, 3, 0, 17, 4, 0, 2.88, 2.88, 0, 0.483, True
2, 3, 0, 18, 4, 1, 6.24, 6.24, 0, 0.387, False
2, 3, 0, 19, 5, 0, 1.93, 1.93, 1, 0.566, False
2, 3, 0, 20, 6, 1, 3.91, 3.91, 0, 0.292, False
2, 3, 0, 21, 7, 0, 0.49, 0.49, 1, 0.443, False
2, 3, 0, 22, 8, 0, 2.43, 2.43, 0, 0.46, True
2, 3, 0, 23, 8, 1, 0.57, 0.57, 1, 0.573, True
2, 3, 0, 24, 7, 1, 0.45, 0.45, 1, 0.522, True
2, 3, 0, 25, 7, 0, 5.9, 5.9, 1, 0.76, False
2, 3, 0, 26, 8, 0, 1.69, 1.69, 0, 0.479, True
2, 3, 0, 27, 8, 0, 4.66, 4.66, 0, 0.607, True
2, 3, 0, 28, 7, 1, 3.58, 3.58, 1, 0.571, True
2, 3, 0, 29, 7, 0, 1.91, 1.91, 0, 0.727, True
2, 3, 0, 30, 6, 1, 0.4, 0.4, 1, 0.527, True
2, 3, 0, 31, 6, 1, 2.18, 2.18, 1, 0.685, True
2, 3, 0, 32, 5, 0, 0.88, 0.88, 1, 0.566, False
2, 3, 0, 33, 6, 1, 2.25, 2.25, 0, 0.531, False
2, 3, 0, 34, 7, 0, 4.34, 4.34, 1, 0.578, False
2, 3, 0, 35, 8, 1, 3.43, 3.43, 0, 0.431, False
2, 3, 0, 36, 9, 0, 0.71, 0.71, 0, 0.593, True
2, 3, 0, 37, 9, 1, 4.74, 4.74, 0, 0.557, False
2, 3, 0, 38, 10, 1, 0.18, 0.18, 1, 0.49, True
2, 3, 0, 39, 10, 0, 3.2, 3.2, 1, 0.474, False
2, 3, 0, 40, 11, 0, 2.23, 2.23, 0, 0.538, True
2, 3, 0, 41, 11, 0, 6.25, 6.25, 0, 0.568, True
2, 3, 0, 42, 10, 1, 2.0, 2.0, 1, 0.501, True
2, 3, 0, 43, 10, 1, 4.59, 4.59, 1, 0.612, True
2, 3, 0, 44, 9, 1, 0.16, 0.16, 1, 0.544, True
2, 3, 0, 45, 9, 1, 3.71, 3.71, 1, 0.51, True
2, 3, 0, 46, 8, 0, 3.52, 3.52, 0, 0.589, True
2, 3, 0, 47, 8, 1, 0.89, 0.89, 1, 0.633, True
2, 3, 0, 48, 7, 1, 4.14, 4.14, 1, 0.579, True
2, 3, 0, 49, 7, 1, 5.28, 5.28, 1, 0.496, True
2, 4, 0, 0, 4, 0, 0.09, 0.09, 0, 0.683, True
2, 4, 0, 1, 4, 0, 5.49, 5.49, 1, 0.836, False
2, 4, 0, 2, 5, 0, 4.67, 4.67, 0, 0.663, True
2, 4, 0, 3, 5, 0, 5.06, 5.06, 0, 0.705, True
2, 4, 0, 4, 4, 1, 1.06, 1.06, 1, 0.633, True
2, 4, 0, 5, 4, 0, 2.6, 2.6, 1, 0.612, False
2, 4, 0, 6, 5, 0, 4.36, 4.36, 0, 0.495, True
2, 4, 0, 7, 5, 0, 1.56, 1.56, 0, 0.671, True
2, 4, 0, 8, 4, 1, 4.11, 4.11, 1, 0.584, True
2, 4, 0, 9, 4, 1, 2.57, 2.57, 1, 0.565, True
2, 4, 0, 10, 3, 0, 2.84, 2.84, 1, 0.786, False
2, 4, 0, 11, 4, 0, 6.03, 6.03, 0, 0.471, True
2, 4, 0, 12, 4, 0, 2.98, 2.98, 1, 0.728, False
2, 4, 0, 13, 5, 1, 3.86, 3.86, 1, 0.703, True
2, 4, 0, 14, 5, 0, 1.44, 1.44, 0, 0.503, True
2, 4, 0, 15, 4, 0, 2.77, 2.77, 1, 0.806, False
2, 4, 0, 16, 5, 0, 1.37, 1.37, 1, 0.715, False
2, 4, 0, 17, 6, 0, 3.59, 3.59, 0, 0.547, True
2, 4, 0, 18, 6, 0, 3.78, 3.78, 1, 0.721, False
2, 4, 0, 19, 7, 1, 2.06, 2.06, 1, 0.68, True
2, 4, 0, 20, 7, 1, 4.71, 4.71, 1, 0.641, True
2, 4, 0, 21, 6, 1, 3.01, 3.01, 1, 0.651, True
2, 4, 0, 22, 6, 0, 3.37, 3.37, 0, 0.614, True
2, 4, 0, 23, 5, 1, 6.11, 6.11, 1, 0.674, True
2, 4, 0, 24, 5, 0, 4.73, 4.73, 0, 0.699, True
2, 4, 0, 25, 4, 1, 4.46, 4.46, 0, 0.803, False
2, 4, 0, 26, 5, 0, 1.68, 1.68, 0, 0.664, True
2, 4, 0, 27, 5, 0, 6.17, 6.17, 0, 0.61, True
2, 4, 0, 28, 4, 0, 3.45, 3.45, 1, 0.605, False
2, 4, 0, 29, 5, 1, 5.31, 5.31, 0, 0.633, False
2, 4, 0, 30, 6, 1, 4.8, 4.8, 1, 0.595, True
2, 4, 0, 31, 6, 1, 5.09, 5.09, 1, 0.719, True
2, 4, 0, 32, 5, 1, 5.81, 5.81, 0, 0.871, False
2, 4, 0, 33, 6, 1, 1.6, 1.6, 1, 0.489, True
2, 4, 0, 34, 6, 0, 5.23, 5.23, 0, 0.808, True
2, 4, 0, 35, 5, 1, 5.05, 5.05, 1, 1.149, True
2, 4, 0, 36, 5, 0, 5.49, 5.49, 0, 0.725, True
2, 4, 0, 37, 4, 1, 1.56, 1.56, 1, 0.556, True
2, 4, 0, 38, 4, 1, 6.09, 6.09, 0, 0.666, False
2, 4, 0, 39, 5, 1, 0.79, 0.79, 1, 0.643, True
2, 4, 0, 40, 5, 1, 2.77, 2.77, 1, 0.622, True
2, 4, 0, 41, 4, 0, 3.64, 3.64, 1, 0.729, False
2, 4, 0, 42, 5, 1, 4.45, 4.45, 0, 0.496, False
2, 4, 0, 43, 6, 1, 4.44, 4.44, 1, 0.576, True
2, 4, 0, 44, 6, 1, 1.83, 1.83, 1, 0.525, True
2, 4, 0, 45, 5, 1, 1.01, 1.01, 1, 0.747, True
2, 4, 0, 46, 5, 0, 5.94, 5.94, 0, 0.722, True
2, 4, 0, 47, 4, 0, 2.72, 2.72, 1, 0.777, False
2, 4, 0, 48, 5, 0, 3.76, 3.76, 0, 0.607, True
2, 4, 0, 49, 5, 0, 3.21, 3.21, 0, 0.586, True
2, 5, 1, 0, 7, 1, 2.73, 5.87, 0, 0.981, False
2, 5, 1, 1, 8, 1, 5.5, 2.36, 1, 0.515, True
2, 5, 1, 2, 8, 1, 5.42, 2.28, 1, 0.514, True
2, 5, 1, 3, 7, 1, 0.65, 3.8, 1, 0.465, True
2, 5, 1, 4, 7, 0, 1.56, 4.71, 0, 0.642, True
2, 5, 1, 5, 6, 1, 6.19, 3.05, 1, 0.46, True
2, 5, 1, 6, 6, 0, 3.69, 0.55, 1, 0.557, False
2, 5, 1, 7, 7, 0, 1.93, 5.07, 1, 0.73, False
2, 5, 1, 8, 8, 1, 4.22, 1.08, 1, 0.738, True
2, 5, 1, 9, 8, 0, 2.65, 5.79, 0, 0.521, True
2, 5, 1, 10, 7, 1, 1.77, 4.91, 1, 0.503, True
2, 5, 1, 11, 7, 1, 1.79, 4.93, 1, 0.47, True
2, 5, 1, 12, 6, 1, 4.64, 1.5, 1, 0.631, True
2, 5, 1, 13, 6, 1, 3.96, 0.82, 1, 0.562, True
2, 5, 1, 14, 5, 0, 0.13, 3.27, 1, 0.783, False
2, 5, 1, 15, 6, 1, 3.23, 0.09, 1, 0.596, True
2, 5, 1, 16, 6, 1, 5.88, 2.74, 1, 0.609, True
2, 5, 1, 17, 5, 1, 3.38, 0.23, 1, 0.492, True
2, 5, 1, 18, 5, 1, 1.55, 4.69, 1, 0.668, True
2, 5, 1, 19, 4, 0, 3.93, 0.79, 0, 0.71, True
2, 5, 1, 20, 4, 0, 3.07, 6.21, 0, 0.526, True
2, 5, 1, 21, 3, 1, 0.58, 3.72, 0, 0.604, False
2, 5, 1, 22, 4, 0, 4.39, 1.25, 0, 0.632, True
2, 5, 1, 23, 4, 1, 3.6, 0.46, 1, 0.499, True
2, 5, 1, 24, 3, 1, 0.9, 4.04, 1, 0.674, True
2, 5, 1, 25, 3, 1, 5.39, 2.25, 1, 0.54, True
2, 5, 1, 26, 2, 1, 2.17, 5.31, 1, 0.506, True
2, 5, 1, 27, 2, 0, 0.37, 3.51, 1, 0.489, False
2, 5, 1, 28, 3, 0, 3.37, 0.23, 0, 0.553, True
2, 5, 1, 29, 3, 1, 2.67, 5.81, 1, 0.566, True
2, 5, 1, 30, 2, 0, 5.27, 2.13, 1, 0.532, False
2, 5, 1, 31, 3, 1, 5.59, 2.44, 0, 0.53, False
2, 5, 1, 32, 4, 0, 3.71, 0.57, 1, 0.529, False
2, 5, 1, 33, 5, 1, 1.12, 4.26, 1, 0.543, True
2, 5, 1, 34, 5, 1, 4.18, 1.04, 0, 0.621, False
2, 5, 1, 35, 6, 1, 1.81, 4.95, 1, 0.392, True
2, 5, 1, 36, 6, 1, 4.7, 1.56, 1, 0.572, True
2, 5, 1, 37, 5, 1, 0.94, 4.08, 1, 0.408, True
2, 5, 1, 38, 5, 1, 2.67, 5.81, 1, 0.475, True
2, 5, 1, 39, 4, 0, 5.24, 2.09, 1, 0.507, False
2, 5, 1, 40, 5, 1, 0.09, 3.24, 0, 0.442, False
2, 5, 1, 41, 6, 1, 3.84, 0.7, 1, 0.412, True
2, 5, 1, 42, 6, 0, 1.58, 4.73, 1, 0.559, False
2, 5, 1, 43, 7, 1, 0.0, 3.14, 1, 0.524, True
2, 5, 1, 44, 7, 0, 2.97, 6.12, 0, 0.683, True
2, 5, 1, 45, 6, 1, 0.08, 3.23, 0, 0.804, False
2, 5, 1, 46, 7, 0, 5.06, 1.92, 1, 0.728, False
2, 5, 1, 47, 8, 0, 2.71, 5.85, 0, 0.512, True
2, 5, 1, 48, 8, 0, 4.39, 1.25, 0, 0.559, True
2, 5, 1, 49, 7, 0, 1.67, 4.81, 0, 0.476, True
