3, 0, 0, 0, 20, 0, 5.1, 5.1, 0, 0.82, True
3, 0, 0, 1, 20, 0, 1.2, 1.2, 0, 0.639, True
3, 0, 0, 2, 19, 0, 0.73, 0.73, 0, 0.415, True
3, 0, 0, 3, 19, 1, 6.21, 6.21, 0, 0.299, False
3, 0, 0, 4, 20, 1, 2.55, 2.55, 0, 32.95, False
3, 0, 0, 5, 21, 0, 4.89, 4.89, 0, 0.365, True
3, 0, 0, 6, 21, 1, 4.97, 4.97, 0, 0.398, False
3, 0, 0, 7, 22, 1, 0.56, 0.56, 1, 0.399, True
3, 0, 0, 8, 22, 1, 5.75, 5.75, 1, 0.415, True
3, 0, 0, 9, 21, 1, 4.58, 4.58, 1, 0.382, True
3, 1, 1, 0, 20, 1, 4.33, 1.18, 0, 0.589, False
3, 1, 1, 1, 21, 0, 4.06, 0.91, 0, 0.617, True
3, 1, 1, 2, 21, 0, 3.54, 0.4, 0, 0.515, True
3, 1, 1, 3, 20, 1, 5.82, 2.68, 0, 0.584, False
3, 1, 1, 4, 21, 1, 1.86, 5.0, 0, 6.3, False
3, 1, 1, 5, 22, 1, 2.62, 5.76, 1, 0.643, True
3, 1, 1, 6, 22, 1, 5.64, 2.5, 1, 0.684, True
3, 1, 1, 7, 21, 1, 2.4, 5.54, 1, 0.572, True
3, 1, 1, 8, 21, 1, 5.46, 2.32, 1, 0.544, True
3, 1, 1, 9, 20, 0, 5.59, 2.45, 1, 0.465, False
3, 2, 1, 0, 7, 0, 4.09, 0.95, 0, 0.649, True
3, 2, 1, 1, 7, 0, 5.46, 2.32, 0, 0.706, True
3, 2, 1, 2, 6, 0, 5.18, 2.04, 0, 0.528, True
3, 2, 1, 3, 6, 1, 0.31, 3.46, 1, 0.726, True
3, 2, 1, 4, 5, 1, 4.47, 1.33, 1, 0.636, True
3, 2, 1, 5, 5, 1, 2.81, 5.95, 1, 0.758, True
3, 2, 1, 6, 4, 0, 3.77, 0.63, 1, 0.435, False
3, 2, 1, 7, 5, 0, 0.28, 3.42, 0, 1.396, True
3, 2, 1, 8, 5, 1, 2.47, 5.61, 1, 0.762, True
3, 2, 1, 9, 4, 0, 5.71, 2.57, 1, 0.647, False
3, 2, 1, 10, 5, 0, 0.06, 3.2, 1, 0.76, False
3, 2, 1, 11, 6, 0, 2.0, 5.15, 1, 0.71, False
3, 2, 1, 12, 7, 1, 3.01, 6.15, 1, 0.756, True
3, 2, 1, 13, 7, 0, 5.41, 2.27, 1, 0.826, False
3, 2, 1, 14, 8, 1, 5.73, 2.59, 1, 0.725, True
3, 2, 1, 15, 8, 0, 4.95, 1.81, 0, 1.283, True
3, 2, 1, 16, 7, 1, 3.95, 0.81, 1, 0.693, True
3, 2, 1, 17, 7, 0, 4.75, 1.61, 1, 1.108, False
3, 2, 1, 18, 8, 1, 4.94, 1.8, 1, 0.71, True
3, 2, 1, 19, 8, 0, 1.16, 4.3, 1, 0.773, False
3, 2, 1, 20, 9, 0, 1.71, 4.85, 0, 2.033, True
3, 2, 1, 21, 9, 0, 4.79, 1.65, 0, 0.673, True
3, 2, 1, 22, 8, 0, 0.4, 3.55, 1, 0.817, False
3, 2, 1, 23, 9, 1, 5.13, 1.99, 1, 0.716, True
3, 2, 1, 24, 9, 0, 3.0, 6.14, 1, 0.937, False
3, 2, 1, 25, 10, 1, 4.65, 1.51, 1, 0.672, True
3, 2, 1, 26, 10, 1, 0.61, 3.75, 1, 0.712, True
3, 2, 1, 27, 9, 1, 1.72, 4.86, 1, 1.791, True
3, 2, 1, 28, 9, 1, 4.85, 1.71, 1, 0.839, True
3, 2, 1, 29, 8, 0, 0.76, 3.9, 1, 0.913, False
3, 2, 1, 30, 9, 1, 5.43, 2.29, 0, 1.249, False
3, 2, 1, 31, 10, 0, 4.03, 0.88, 0, 2.589, True
3, 2, 1, 32, 10, 1, 1.64, 4.78, 1, 2.457, True
3, 2, 1, 33, 9, 1, 6.07, 2.93, 1, 0.841, True
3, 2, 1, 34, 9, 0, 0.47, 3.61, 0, 0.811, True
3, 2, 1, 35, 8, 0, 5.52, 2.38, 0, 0.622, True
3, 2, 1, 36, 8, 0, 0.88, 4.02, 0, 0.68, True
3, 2, 1, 37, 7, 1, 0.6, 3.74, 1, 0.784, True
3, 2, 1, 38, 7, 0, 4.26, 1.12, 0, 1.325, True
3, 2, 1, 39, 6, 0, 4.59, 1.45, 0, 2.061, True
3, 2, 1, 40, 6, 0, 2.69, 5.83, 0, 1.628, True
3, 2, 1, 41, 5, 0, 5.76, 2.61, 0, 1.21, True
3, 2, 1, 42, 5, 1, 4.35, 1.21, 1, 1.127, True
3, 2, 1, 43, 4, 0, 4.79, 1.64, 0, 1.455, True
3, 2, 1, 44, 4, 0, 1.25, 4.39, 0, 0.811, True
3, 2, 1, 45, 3, 0, 1.28, 4.42, 0, 0.743, True
3, 2, 1, 46, 3, 0, 2.41, 5.55, 0, 0.804, True
3, 2, 1, 47, 2, 1, 3.08, 6.23, 0, 0.768, False
3, 2, 1, 48, 3, 1, 2.08, 5.22, 0, 2.436, False
3, 2, 1, 49, 4, 0, 2.99, 6.13, 1, 1.333, False
3, 3, 0, 0, 4, 1, 0.64, 0.64, 0, 3.188, False
3, 3, 0, 1, 5, 0, 5.11, 5.11, 0, 1.218, True
3, 3, 0, 2, 5, 1, 1.0, 1.0, 1, 0.663, True
3, 3, 0, 3, 4, 1, 4.78, 4.78, 0, 1.2, False
3, 3, 0, 4, 5, 0, 5.75, 5.75, 0, 0.717, True
3, 3, 0, 5, 5, 1, 0.37, 0.37, 1, 0.627, True
3, 3, 0, 6, 4, 0, 1.63, 1.63, 1, 1.453, False
3, 3, 0, 7, 5, 0, 0.86, 0.86, 1, 1.297, False
3, 3, 0, 8, 6, 1, 4.97, 4.97, 1, 0.747, True
3, 3, 0, 9, 6, 1, 2.05, 2.05, 1, 0.641, True
3, 3, 0, 10, 5, 1, 5.26, 5.26, 0, 0.955, False
3, 3, 0, 11, 6, 0, 4.07, 4.07, 0, 0.96, True
3, 3, 0, 12, 6, 1, 1.47, 1.47, 1, 0.686, True
3, 3, 0, 13, 5, 1, 4.46, 4.46, 1, 0.758, True
3, 3, 0, 14, 5, 1, 5.03, 5.03, 0, 1.411, False
3, 3, 0, 15, 6, 1, 4.55, 4.55, 1, 0.601, True
3, 3, 0, 16, 6, 1, 4.03, 4.03, 1, 0.644, True
3, 3, 0, 17, 5, 0, 5.99, 5.99, 0, 0.581, True
3, 3, 0, 18, 5, 1, 2.76, 2.76, 1, 0.601, True
3, 3, 0, 19, 4, 1, 4.16, 4.16, 1, 0.644, True
3, 3, 0, 20, 4, 0, 2.89, 2.89, 0, 0.885, True
3, 3, 0, 21, 3, 1, 3.98, 3.98, 1, 0.646, True
3, 3, 0, 22, 3, 1, 1.42, 1.42, 1, 0.607, True
3, 3, 0, 23, 2, 0, 4.29, 4.29, 1, 3.01, False
3, 3, 0, 24, 3, 1, 4.89, 4.89, 1, 1.67, True
3, 3, 0, 25, 3, 0, 5.01, 5.01, 0, 0.77, True
3, 3, 0, 26, 2, 0, 4.75, 4.75, 1, 1.639, False
3, 3, 0, 27, 3, 0, 2.22, 2.22, 0, 0.796, True
3, 3, 0, 28, 3, 1, 2.45, 2.45, 1, 0.976, True
3, 3, 0, 29, 2, 1, 0.02, 0.02, 0, 2.07, False
3, 3, 0, 30, 3, 1, 3.12, 3.12, 1, 0.684, True
3, 3, 0, 31, 3, 1, 0.61, 0.61, 1, 0.62, True
3, 3, 0, 32, 2, 1, 4.11, 4.11, 1, 1.438, True
3, 3, 0, 33, 2, 1, 1.15, 1.15, 1, 0.611, True
3, 3, 0, 34, 1, 0, 3.56, 3.56, 0, 0.797, True
3, 3, 0, 35, 1, 0, 0.34, 0.34, 1, 1.785, False
3, 3, 0, 36, 2, 0, 0.2, 0.2, 1, 1.513, False
3, 3, 0, 37, 3, 1, 5.85, 5.85, 1, 0.643, True
3, 3, 0, 38, 3, 1, 3.29, 3.29, 0, 0.653, False
3, 3, 0, 39, 4, 0, 5.56, 5.56, 0, 0.677, True
3, 3, 0, 40, 4, 0, 0.44, 0.44, 0, 0.549, True
3, 3, 0, 41, 3, 1, 3.28, 3.28, 1, 0.682, True
3, 3, 0, 42, 3, 1, 0.31, 0.31, 1, 0.586, True
3, 3, 0, 43, 2, 1, 3.7, 3.7, 0, 1.909, False
3, 3, 0, 44, 3, 1, 4.18, 4.18, 1, 0.617, True
3, 3, 0, 45, 3, 1, 3.09, 3.09, 1, 0.595, True
3, 3, 0, 46, 2, 0, 5.06, 5.06, 1, 1.166, False
3, 3, 0, 47, 3, 1, 1.49, 1.49, 1, 0.788, True
3, 3, 0, 48, 3, 1, 2.18, 2.18, 1, 0.632, True
3, 3, 0, 49, 2, 0, 5.79, 5.79, 0, 0.586, True
3, 4, 0, 0, 4, 0, 3.21, 3.21, 0, 0.799, True
3, 4, 0, 1, 4, 1, 0.65, 0.65, 1, 0.667, True
3, 4, 0, 2, 3, 1, 3.99, 3.99, 1, 0.619, True
3, 4, 0, 3, 3, 0, 4.14, 4.14, 0, 0.589, True
3, 4, 0, 4, 2, 1, 3.05, 3.05, 1, 0.608, True
3, 4, 0, 5, 2, 1, 5.24, 5.24, 1, 0.642, True
3, 4, 0, 6, 1, 1, 0.07, 0.07, 0, 0.7, False
3, 4, 0, 7, 2, 0, 2.02, 2.02, 0, 0.666, True
3, 4, 0, 8, 2, 0, 3.66, 3.66, 0, 0.611, True
3, 4, 0, 9, 1, 0, 5.34, 5.34, 0, 0.797, True
3, 4, 0, 10, 1, 0, 4.81, 4.81, 1, 0.785, False
3, 4, 0, 11, 2, 1, 3.98, 3.98, 0, 0.565, False
3, 4, 0, 12, 3, 1, 3.66, 3.66, 1, 0.593, True
3, 4, 0, 13, 3, 1, 3.27, 3.27, 1, 0.612, True
3, 4, 0, 14, 2, 0, 4.34, 4.34, 1, 1.175, False
3, 4, 0, 15, 3, 1, 6.23, 6.23, 1, 0.589, True
3, 4, 0, 16, 3, 0, 6.1, 6.1, 1, 0.704, False
3, 4, 0, 17, 4, 1, 5.47, 5.47, 1, 0.671, True
3, 4, 0, 18, 4, 1, 3.88, 3.88, 1, 0.599, True
3, 4, 0, 19, 3, 1, 5.06, 5.06, 1, 0.682, True
3, 4, 0, 20, 3, 0, 1.49, 1.49, 0, 0.618, True
3, 4, 0, 21, 2, 1, 6.26, 6.26, 1, 0.588, True
3, 4, 0, 22, 2, 0, 3.49, 3.49, 1, 2.28, False
3, 4, 0, 23, 3, 1, 5.94, 5.94, 1, 1.406, True
3, 4, 0, 24, 3, 1, 0.97, 0.97, 1, 0.668, True
3, 4, 0, 25, 2, 1, 5.59, 5.59, 1, 0.669, True
3, 4, 0, 26, 2, 1, 4.93, 4.93, 0, 1.854, False
3, 4, 0, 27, 3, 1, 2.6, 2.6, 1, 0.795, True
3, 4, 0, 28, 3, 1, 2.56, 2.56, 1, 0.559, True
3, 4, 0, 29, 2, 0, 6.01, 6.01, 0, 2.187, True
3, 4, 0, 30, 2, 0, 0.31, 0.31, 1, 0.709, False
3, 4, 0, 31, 3, 1, 2.61, 2.61, 0, 1.06, False
3, 4, 0, 32, 4, 1, 4.82, 4.82, 1, 0.582, True
3, 4, 0, 33, 4, 1, 5.25, 5.25, 1, 0.682, True
3, 4, 0, 34, 3, 0, 2.8, 2.8, 0, 0.77, True
3, 4, 0, 35, 3, 0, 0.71, 0.71, 0, 0.671, True
3, 4, 0, 36, 2, 0, 5.3, 5.3, 1, 1.463, False
3, 4, 0, 37, 3, 1, 1.53, 1.53, 1, 1.387, True
3, 4, 0, 38, 3, 1, 2.87, 2.87, 1, 0.562, True
3, 4, 0, 39, 2, 0, 6.07, 6.07, 0, 0.685, True
3, 4, 0, 40, 2, 1, 2.21, 2.21, 1, 1.093, True
3, 4, 0, 41, 1, 1, 0.85, 0.85, 0, 1.87, False
3, 4, 0, 42, 2, 1, 5.15, 5.15, 0, 0.939, False
3, 4, 0, 43, 3, 1, 0.73, 0.73, 1, 1.042, True
3, 4, 0, 44, 3, 1, 2.05, 2.05, 1, 0.549, True
3, 4, 0, 45, 2, 1, 2.41, 2.41, 1, 1.202, True
3, 4, 0, 46, 2, 1, 0.6, 0.6, 1, 0.751, True
3, 4, 0, 47, 1, 1, 5.97, 5.97, 0, 0.819, False
3, 4, 0, 48, 2, 0, 1.68, 1.68, 0, 1.198, True
3, 4, 0, 49, 2, 1, 3.06, 3.06, 1, 0.747, True
3, 5, 1, 0, 7, 0, 2.99, 6.13, 1, 1.894, False
3, 5, 1, 1, 8, 1, 1.59, 4.73, 0, 0.946, False
3, 5, 1, 2, 9, 0, 1.23, 4.37, 0, 0.681, True
3, 5, 1, 3, 9, 0, 5.35, 2.21, 0, 1.089, True
3, 5, 1, 4, 8, 0, 1.9, 5.04, 0, 0.802, True
3, 5, 1, 5, 8, 0, 2.23, 5.37, 1, 1.229, False
3, 5, 1, 6, 9, 1, 0.81, 3.95, 1, 0.857, True
3, 5, 1, 7, 9, 0, 5.03, 1.89, 1, 3.211, False
3, 5, 1, 8, 10, 0, 1.38, 4.52, 0, 0.687, True
3, 5, 1, 9, 10, 0, 5.84, 2.7, 0, 1.063, True
3, 5, 1, 10, 9, 0, 1.93, 5.07, 0, 0.929, True
3, 5, 1, 11, 9, 0, 5.72, 2.58, 0, 0.952, True
3, 5, 1, 12, 8, 0, 1.77, 4.91, 0, 0.911, True
3, 5, 1, 13, 8, 0, 6.0, 2.86, 0, 0.926, True
3, 5, 1, 14, 7, 1, 2.61, 5.76, 0, 3.014, False
3, 5, 1, 15, 8, 0, 3.38, 0.24, 0, 0.754, True
3, 5, 1, 16, 8, 1, 6.27, 3.13, 1, 0.687, True
3, 5, 1, 17, 7, 0, 0.07, 3.21, 0, 0.695, True
3, 5, 1, 18, 7, 0, 5.0, 1.86, 0, 1.206, True
3, 5, 1, 19, 6, 0, 2.26, 5.4, 1, 1.603, False
3, 5, 1, 20, 7, 1, 2.42, 5.56, 0, 2.306, False
3, 5, 1, 21, 8, 1, 1.8, 4.94, 1, 0.672, True
3, 5, 1, 22, 8, 1, 0.2, 3.34, 1, 0.752, True
3, 5, 1, 23, 7, 0, 1.55, 4.69, 0, 0.797, True
3, 5, 1, 24, 7, 0, 5.3, 2.16, 0, 0.688, True
3, 5, 1, 25, 6, 0, 5.42, 2.27, 1, 1.584, False
3, 5, 1, 26, 7, 0, 4.07, 0.93, 0, 1.095, True
3, 5, 1, 27, 7, 0, 3.37, 0.23, 0, 0.872, True
3, 5, 1, 28, 6, 0, 6.13, 2.98, 0, 0.705, True
3, 5, 1, 29, 6, 1, 1.65, 4.8, 1, 1.2, True
3, 5, 1, 30, 5, 1, 0.19, 3.33, 1, 0.645, True
3, 5, 1, 31, 5, 0, 4.24, 1.1, 1, 0.758, False
3, 5, 1, 32, 6, 0, 5.99, 2.84, 1, 0.731, False
3, 5, 1, 33, 7, 0, 1.12, 4.26, 0, 0.569, True
3, 5, 1, 34, 7, 0, 3.73, 0.59, 0, 0.949, True
3, 5, 1, 35, 6, 0, 2.01, 5.15, 0, 0.827, True
3, 5, 1, 36, 6, 0, 5.39, 2.24, 0, 0.638, True
3, 5, 1, 37, 5, 0, 4.59, 1.44, 0, 0.679, True
3, 5, 1, 38, 5, 1, 3.19, 0.04, 1, 0.727, True
3, 5, 1, 39, 4, 1, 0.58, 3.72, 0, 1.118, False
3, 5, 1, 40, 5, 1, 5.11, 1.97, 1, 0.606, True
3, 5, 1, 41, 5, 1, 2.77, 5.91, 1, 0.688, True
3, 5, 1, 42, 4, 1, 4.01, 0.87, 1, 2.159, True
3, 5, 1, 43, 4, 1, 1.64, 4.78, 1, 0.81, True
3, 5, 1, 44, 3, 1, 1.74, 4.89, 1, 0.67, True
3, 5, 1, 45, 3, 1, 4.74, 1.59, 0, 0.966, False
3, 5, 1, 46, 4, 0, 2.44, 5.59, 1, 0.708, False
3, 5, 1, 47, 5, 1, 2.66, 5.81, 0, 2.226, False
3, 5, 1, 48, 6, 0, 5.74, 2.6, 1, 0.867, False
3, 5, 1, 49, 7, 0, 1.05, 4.19, 0, 0.724, True
