0, 0, 0, 0, 20, 0, 5.86, 5.86, 0, 1.519, True
0, 0, 0, 1, 20, 1, 5.93, 5.93, 1, 0.826, True
0, 0, 0, 2, 19, 0, 0.61, 0.61, 0, 0.787, True
0, 0, 0, 3, 19, 0, 4.33, 4.33, 0, 0.558, True
0, 0, 0, 4, 18, 0, 5.83, 5.83, 0, 0.625, True
0, 0, 0, 5, 18, 1, 3.16, 3.16, 1, 0.675, True
0, 0, 0, 6, 17, 1, 0.81, 0.81, 1, 0.561, True
0, 0, 0, 7, 17, 0, 0.65, 0.65, 0, 0.549, True
0, 0, 0, 8, 16, 0, 4.5, 4.5, 0, 0.842, True
0, 0, 0, 9, 16, 1, 4.95, 4.95, 1, 0.579, True
0, 1, 1, 0, 20, 1, 3.12, 6.26, 1, 0.566, True
0, 1, 1, 1, 20, 0, 5.78, 2.64, 0, 0.651, True
0, 1, 1, 2, 19, 1, 4.61, 1.47, 1, 0.635, True
0, 1, 1, 3, 19, 1, 3.94, 0.8, 1, 0.749, True
0, 1, 1, 4, 18, 1, 3.62, 0.48, 1, 0.666, True
0, 1, 1, 5, 18, 1, 4.03, 0.89, 1, 0.874, True
0, 1, 1, 6, 17, 1, 1.77, 4.91, 1, 0.961, True
0, 1, 1, 7, 17, 0, 5.62, 2.48, 0, 0.917, True
0, 1, 1, 8, 16, 1, 2.88, 6.02, 1, 0.923, True
0, 1, 1, 9, 16, 1, 1.47, 4.61, 1, 0.609, True
0, 2, 1, 0, 4, 1, 1.22, 4.37, 1, 0.546, True
0, 2, 1, 1, 4, 1, 3.62, 0.48, 1, 0.583, True
0, 2, 1, 2, 3, 1, 1.29, 4.43, 1, 0.587, True
0, 2, 1, 3, 3, 0, 4.24, 1.09, 0, 0.623, True
0, 2, 1, 4, 2, 1, 4.22, 1.07, 1, 0.624, True
0, 2, 1, 5, 2, 1, 3.5, 0.36, 1, 0.594, True
0, 2, 1, 6, 1, 0, 1.67, 4.81, 0, 0.869, True
0, 2, 1, 7, 1, 1, 0.81, 3.95, 0, 0.909, False
0, 2, 1, 8, 2, 0, 2.31, 5.46, 0, 1.234, True
0, 2, 1, 9, 2, 0, 1.48, 4.62, 0, 0.715, True
0, 2, 1, 10, 1, 1, 2.87, 6.01, 0, 1.257, False
0, 2, 1, 11, 2, 1, 6.26, 3.12, 1, 0.817, True
0, 2, 1, 12, 2, 1, 3.99, 0.85, 1, 0.827, True
0, 2, 1, 13, 1, 1, 0.39, 3.53, 1, 0.933, True
0, 2, 1, 14, 1, 0, 4.06, 0.92, 0, 1.45, True
0, 2, 1, 15, 1, 0, 2.52, 5.66, 0, 0.682, True
0, 2, 1, 16, 1, 1, 0.95, 4.09, 1, 0.905, True
0, 2, 1, 17, 1, 0, 0.83, 3.97, 0, 0.64, True
0, 2, 1, 18, 1, 1, 1.5, 4.64, 1, 0.513, True
0, 2, 1, 19, 1, 1, 5.0, 1.86, 0, 0.76, False
0, 2, 1, 20, 2, 0, 3.66, 0.52, 0, 0.597, True
0, 2, 1, 21, 2, 1, 4.39, 1.25, 1, 0.616, True
0, 2, 1, 22, 1, 1, 1.77, 4.92, 1, 0.618, True
0, 2, 1, 23, 1, 1, 0.13, 3.28, 1, 0.604, True
0, 2, 1, 24, 1, 0, 2.35, 5.5, 0, 0.576, True
0, 2, 1, 25, 1, 1, 3.62, 0.48, 1, 1.251, True
0, 2, 1, 26, 1, 1, 1.33, 4.47, 0, 0.907, False
0, 2, 1, 27, 2, 0, 1.77, 4.92, 0, 0.688, True
0, 2, 1, 28, 2, 0, 2.02, 5.16, 0, 0.592, True
0, 2, 1, 29, 1, 0, 0.71, 3.86, 0, 0.611, True
0, 2, 1, 30, 1, 0, 3.84, 0.7, 0, 0.773, True
0, 2, 1, 31, 1, 0, 0.5, 3.64, 1, 0.545, False
0, 2, 1, 32, 2, 1, 5.33, 2.19, 1, 1.174, True
0, 2, 1, 33, 2, 1, 6.03, 2.89, 0, 1.09, False
0, 2, 1, 34, 3, 1, 3.91, 0.77, 1, 0.656, True
0, 2, 1, 35, 3, 1, 1.72, 4.86, 1, 0.882, True
0, 2, 1, 36, 2, 1, 0.59, 3.74, 0, 0.729, False
0, 2, 1, 37, 3, 0, 5.39, 2.25, 0, 0.662, True
0, 2, 1, 38, 3, 0, 5.36, 2.22, 0, 0.742, True
0, 2, 1, 39, 2, 1, 0.19, 3.33, 1, 0.676, True
0, 2, 1, 40, 2, 0, 0.01, 3.15, 0, 0.644, True
0, 2, 1, 41, 1, 0, 0.53, 3.67, 1, 0.837, False
0, 2, 1, 42, 2, 0, 3.55, 0.41, 0, 0.67, True
0, 2, 1, 43, 2, 0, 0.12, 3.26, 0, 0.655, True
0, 2, 1, 44, 1, 0, 2.19, 5.34, 0, 0.976, True
0, 2, 1, 45, 1, 0, 0.11, 3.25, 1, 0.786, False
0, 2, 1, 46, 2, 0, 0.74, 3.88, 0, 0.685, True
0, 2, 1, 47, 2, 1, 2.82, 5.96, 1, 0.78, True
0, 2, 1, 48, 1, 1, 5.3, 2.16, 0, 0.616, False
0, 2, 1, 49, 2, 0, 0.57, 3.71, 0, 0.602, True
0, 3, 0, 0, 4, 1, 0.7, 0.7, 0, 1.633, False
0, 3, 0, 1, 5, 0, 3.51, 3.51, 0, 0.697, True
0, 3, 0, 2, 5, 1, 4.55, 4.55, 1, 0.68, True
0, 3, 0, 3, 4, 0, 6.14, 6.14, 0, 0.648, True
0, 3, 0, 4, 4, 1, 0.86, 0.86, 1, 0.809, True
0, 3, 0, 5, 3, 0, 2.15, 2.15, 0, 0.674, True
0, 3, 0, 6, 3, 0, 3.17, 3.17, 0, 0.962, True
0, 3, 0, 7, 2, 1, 3.63, 3.63, 1, 0.566, True
0, 3, 0, 8, 2, 0, 2.62, 2.62, 0, 0.49, True
0, 3, 0, 9, 1, 1, 5.17, 5.17, 0, 0.93, False
0, 3, 0, 10, 2, 1, 3.17, 3.17, 1, 0.519, True
0, 3, 0, 11, 2, 0, 3.36, 3.36, 0, 0.59, True
0, 3, 0, 12, 1, 1, 0.81, 0.81, 1, 0.722, True
0, 3, 0, 13, 1, 1, 4.21, 4.21, 1, 0.576, True
0, 3, 0, 14, 1, 0, 0.85, 0.85, 0, 0.564, True
0, 3, 0, 15, 1, 0, 3.96, 3.96, 0, 0.697, True
0, 3, 0, 16, 1, 1, 3.04, 3.04, 1, 0.552, True
0, 3, 0, 17, 1, 0, 1.03, 1.03, 0, 0.749, True
0, 3, 0, 18, 1, 0, 2.81, 2.81, 0, 0.73, True
0, 3, 0, 19, 1, 0, 1.02, 1.02, 0, 0.679, True
0, 3, 0, 20, 1, 1, 4.23, 4.23, 0, 1.463, False
0, 3, 0, 21, 2, 1, 2.99, 2.99, 1, 0.725, True
0, 3, 0, 22, 2, 1, 2.38, 2.38, 1, 0.611, True
0, 3, 0, 23, 1, 0, 1.66, 1.66, 0, 0.645, True
0, 3, 0, 24, 1, 1, 2.86, 2.86, 1, 0.614, True
0, 3, 0, 25, 1, 1, 3.74, 3.74, 0, 0.792, False
0, 3, 0, 26, 2, 1, 1.41, 1.41, 1, 0.579, True
0, 3, 0, 27, 2, 0, 2.2, 2.2, 0, 0.551, True
0, 3, 0, 28, 1, 1, 5.87, 5.87, 1, 0.492, True
0, 3, 0, 29, 1, 0, 4.24, 4.24, 0, 0.787, True
0, 3, 0, 30, 1, 0, 5.51, 5.51, 0, 0.607, True
0, 3, 0, 31, 1, 1, 3.77, 3.77, 1, 0.689, True
0, 3, 0, 32, 1, 1, 5.9, 5.9, 1, 0.624, True
0, 3, 0, 33, 1, 1, 1.81, 1.81, 1, 0.562, True
0, 3, 0, 34, 1, 1, 5.99, 5.99, 1, 0.582, True
0, 3, 0, 35, 1, 1, 4.48, 4.48, 1, 0.666, True
0, 3, 0, 36, 1, 0, 4.47, 4.47, 0, 0.698, True
0, 3, 0, 37, 1, 1, 4.88, 4.88, 1, 0.648, True
0, 3, 0, 38, 1, 0, 1.0, 1.0, 0, 0.633, True
0, 3, 0, 39, 1, 0, 0.4, 0.4, 0, 0.635, True
0, 3, 0, 40, 1, 0, 0.28, 0.28, 0, 0.556, True
0, 3, 0, 41, 1, 0, 4.87, 4.87, 0, 0.561, True
0, 3, 0, 42, 1, 1, 2.65, 2.65, 1, 0.549, True
0, 3, 0, 43, 1, 0, 4.87, 4.87, 0, 0.651, True
0, 3, 0, 44, 1, 0, 0.58, 0.58, 0, 0.78, True
0, 3, 0, 45, 1, 1, 3.34, 3.34, 1, 0.535, True
0, 3, 0, 46, 1, 0, 1.68, 1.68, 0, 0.637, True
0, 3, 0, 47, 1, 0, 1.73, 1.73, 0, 0.605, True
0, 3, 0, 48, 1, 0, 0.61, 0.61, 0, 0.609, True
0, 3, 0, 49, 1, 1, 5.45, 5.45, 1, 0.516, True
