sub, task, cond, cor, rt, resp, block, acc, trial, round, tooFast
1, 0, 8, K, 0.96, K, NA, 1, 1, 1, NA
1, 0, 8, G, 0.98, G, NA, 1, 2, 1, NA
1, 0, 8, L, 0.74, L, NA, 1, 3, 1, NA
1, 0, 8, H, 0.78, H, NA, 1, 4, 1, NA
1, 0, 8, J, 0.83, J, NA, 1, 5, 1, NA
1, 0, 9, G, 16.2, L, NA, 0, 6, 1, NA
1, 0, 9, K, 2.78, K, NA, 1, 7, 1, NA
1, 0, 8, A, 1.54, A, NA, 1, 8, 1, NA
1, 0, 8, G, 1.35, G, NA, 1, 9, 1, NA
1, 0, 7, A, 1.8, A, NA, 1, 10, 1, NA
1, 0, 7, S, 1.76, S, NA, 1, 11, 1, NA
1, 0, 6, L, 2.23, L, NA, 1, 12, 1, NA
1, 0, 6, S, 2.38, S, NA, 1, 13, 1, NA
1, 0, 5, A, 1.75, A, NA, 1, 14, 1, NA
1, 0, 5, K, 1.38, K, NA, 1, 15, 1, NA
1, 0, 6, A, 4.6, L, NA, 0, 16, 1, NA
1, 0, 6, A, 1.5, A, NA, 1, 17, 1, NA
1, 0, 5, D, 1.62, D, NA, 1, 18, 1, NA
1, 0, 5, D, 1.19, D, NA, 1, 19, 1, NA
1, 0, 4, J, 1.48, J, NA, 1, 20, 1, NA
1, 0, 4, S, 1.52, S, NA, 1, 21, 1, NA
1, 0, 3, D, 1.64, D, NA, 1, 22, 1, NA
1, 0, 3, H, 1.68, H, NA, 1, 23, 1, NA
1, 0, 2, G, 1.43, G, NA, 1, 24, 1, NA
1, 0, 3, S, -0.65, A, NA, 0, 25, 1, NA
1, 0, 4, A, 3.06, G, NA, 0, 26, 1, NA
1, 0, 4, D, 1.55, D, NA, 1, 27, 1, NA
1, 0, 3, K, 1.51, K, NA, 1, 28, 1, NA
1, 0, 3, K, 1.2, K, NA, 1, 29, 1, NA
1, 0, 2, S, 1.15, S, NA, 1, 30, 1, NA
1, 0, 3, D, 2.3, G, NA, 0, 31, 1, NA
1, 0, 4, S, 2.34, K, NA, 0, 32, 1, NA
1, 0, 4, S, 1.25, S, NA, 1, 33, 1, NA
1, 0, 3, H, 1.65, H, NA, 1, 34, 1, NA
1, 0, 4, H, 2.68, J, NA, 0, 35, 1, NA
1, 0, 4, K, 1.58, K, NA, 1, 36, 1, NA
1, 0, 3, K, 1.69, K, NA, 1, 37, 1, NA
1, 0, 4, F, 1.17, G, NA, 0, 38, 1, NA
1, 0, 4, D, 1.05, D, NA, 1, 39, 1, NA
1, 0, 3, S, 1.02, S, NA, 1, 40, 1, NA
1, 0, 3, G, 1.0, G, NA, 1, 41, 1, NA
1, 0, 2, S, 1.09, S, NA, 1, 42, 1, NA
1, 0, 2, G, 1.1, G, NA, 1, 43, 1, NA
1, 0, 1, G, 0.82, G, NA, 1, 44, 1, NA
1, 0, 2, A, 0.99, G, NA, 0, 45, 1, NA
1, 0, 2, F, 1.23, F, NA, 1, 46, 1, NA
1, 0, 1, A, 0.93, A, NA, 1, 47, 1, NA
1, 0, 2, L, 1.62, G, NA, 0, 48, 1, NA
1, 0, 2, G, 0.87, G, NA, 1, 49, 1, NA
1, 0, 1, D, 0.85, D, NA, 1, 50, 1, NA
1, 2, 0, 0, 1.3, 0, 1, 1, 1, 1, 0
1, 2, 0, 1, 0.84, 1, 1, 1, 2, 1, 0
1, 2, 0, 0, 0.94, 0, 1, 1, 3, 1, 0
1, 2, 1, 1, 0.86, 1, 1, 1, 4, 1, 0
1, 2, 1, 1, 0.76, 1, 1, 1, 5, 1, 0
1, 2, 1, 1, 0.68, 1, 1, 1, 6, 1, 0
1, 2, 0, 0, 0.66, 0, 1, 1, 7, 1, 0
1, 2, 1, 1, 2.14, 1, 1, 1, 8, 1, 0
1, 2, 0, 0, 0.72, 0, 1, 1, 9, 1, 0
1, 2, 1, 0, 0.77, 1, 1, 0, 10, 1, 0
1, 2, 0, 0, 1.75, 0, 0, 1, 1, 1, 0
1, 2, 0, 1, 0.76, 1, 0, 1, 2, 1, 0
1, 2, 1, 0, 4.06, 0, 0, 1, 3, 1, 0
1, 2, 0, 0, 1.44, 0, 0, 1, 4, 1, 0
1, 2, 0, 1, 0.75, 1, 0, 1, 5, 1, 0
1, 2, 0, 0, 1.82, 0, 0, 1, 6, 1, 0
1, 2, 1, 1, 1.76, 1, 0, 1, 7, 1, 0
1, 2, 1, 1, 2.0, 0, 0, 0, 8, 1, 0
1, 2, 0, 0, 1.61, 1, 0, 0, 9, 1, 0
1, 2, 0, 0, 2.18, 0, 0, 1, 10, 1, 0
1, 2, 0, 0, 2.58, 0, 0, 1, 11, 1, 0
1, 2, 1, 1, 1.78, 1, 0, 1, 12, 1, 0
1, 2, 0, 0, 1.34, 0, 0, 1, 13, 1, 0
1, 2, 1, 0, 1.28, 0, 0, 1, 14, 1, 0
1, 2, 1, 1, 0.69, 1, 0, 1, 15, 1, 0
1, 2, 0, 0, 1.06, 0, 0, 1, 16, 1, 0
1, 2, 1, 0, 1.63, 0, 0, 1, 17, 1, 0
1, 2, 1, 0, 1.78, 1, 0, 0, 18, 1, 0
1, 2, 1, 1, 1.08, 1, 0, 1, 19, 1, 0
1, 2, 0, 0, 0.64, 0, 0, 1, 20, 1, 0
1, 2, 0, 1, 1.09, 1, 0, 1, 21, 1, 0
1, 2, 1, 1, 2.41, 0, 0, 0, 22, 1, 0
1, 2, 1, 1, 2.73, 1, 0, 1, 23, 1, 0
1, 2, 0, 1, 1.14, 1, 0, 1, 24, 1, 0
1, 2, 1, 1, 1.33, 0, 0, 0, 25, 1, 0
1, 2, 0, 1, 1.38, 1, 0, 1, 26, 1, 0
1, 2, 1, 0, 1.76, 0, 0, 1, 27, 1, 0
1, 2, 1, 1, 3.04, 1, 0, 1, 28, 1, 0
1, 2, 0, 0, 0.95, 1, 0, 0, 29, 1, 0
1, 2, 0, 1, 1.15, 0, 0, 0, 30, 1, 0
1, 2, 1, 0, 3.92, 0, 0, 1, 31, 1, 0
1, 2, 1, 1, 2.8, 1, 0, 1, 32, 1, 0
1, 3, 0, 0, 6.8174, 0, 1, 1, 1, 1, 0
1, 3, 0, 1, 1.577, 1, 1, 1, 2, 1, 0
1, 3, 1, 1, 1.9158, 1, 1, 1, 3, 1, 0
1, 3, 1, 1, 1.2988, 1, 1, 1, 4, 1, 0
1, 3, 0, 0, 0.4317, 0, 1, 1, 5, 1, 0
1, 3, 1, 0, 0.9395, 0, 1, 1, 6, 1, 0
1, 3, 1, 1, 1.4295, 1, 1, 1, 7, 1, 0
1, 3, 0, 0, 0.4217, 0, 1, 1, 8, 1, 0
1, 3, 0, 0, 0.6501, 0, 1, 1, 9, 1, 0
1, 3, 1, 1, 1.0863, 1, 1, 1, 10, 1, 0
1, 3, 0, 1, 0.7871, 1, 0, 1, 1, 1, 0
1, 3, 0, 0, 0.4185, 0, 0, 1, 2, 1, 0
1, 3, 1, 0, 1.095, 0, 0, 1, 3, 1, 0
1, 3, 1, 1, 1.7556, 1, 0, 1, 4, 1, 0
1, 3, 1, 1, 1.4564, 1, 0, 1, 5, 1, 0
1, 3, 1, 1, 0.864, 1, 0, 1, 6, 1, 0
1, 3, 1, 1, 1.0845, 1, 0, 1, 7, 1, 0
1, 3, 0, 1, 0.6651, 1, 0, 1, 8, 1, 0
1, 3, 0, 0, 0.4613, 0, 0, 1, 9, 1, 0
1, 3, 1, 0, 1.6245, 0, 0, 1, 10, 1, 0
1, 3, 1, 1, 1.2582, 0, 0, 0, 11, 1, 0
1, 3, 1, 1, 0.8524, 1, 0, 1, 12, 1, 0
1, 3, 0, 0, 1.1454, 0, 0, 1, 13, 1, 0
1, 3, 0, 0, 0.6442, 0, 0, 1, 14, 1, 0
1, 3, 1, 0, 1.201, 0, 0, 1, 15, 1, 0
1, 3, 1, 1, 1.1215, 1, 0, 1, 16, 1, 0
1, 3, 0, 1, 0.701, 1, 0, 1, 17, 1, 0
1, 3, 0, 1, 0.9433, 1, 0, 1, 18, 1, 0
1, 3, 1, 0, 0.9773, 0, 0, 1, 19, 1, 0
1, 3, 0, 0, 1.3061, 0, 0, 1, 20, 1, 0
1, 3, 0, 1, 0.5191, 1, 0, 1, 21, 1, 0
1, 3, 0, 0, 0.5759, 0, 0, 1, 22, 1, 0
1, 3, 1, 0, 0.903, 0, 0, 1, 23, 1, 0
1, 3, 1, 1, 1.0502, 1, 0, 1, 24, 1, 0
1, 3, 0, 0, 0.4561, 0, 0, 1, 25, 1, 0
1, 3, 1, 1, 1.4753, 1, 0, 1, 26, 1, 0
1, 3, 0, 1, 0.6744, 1, 0, 1, 27, 1, 0
1, 3, 0, 1, 0.7098, 1, 0, 1, 28, 1, 0
1, 3, 1, 0, 0.7842, 0, 0, 1, 29, 1, 0
1, 3, 0, 0, 0.8795, 0, 0, 1, 30, 1, 0
1, 3, 1, 0, 1.0839, 0, 0, 1, 31, 1, 0
1, 3, 0, 0, 0.5686, 0, 0, 1, 32, 1, 0
1, 1, -1, 0, 4.5532, 1, 1, 0, 1, 1, 0
1, 1, 1, 0, 2.8164, 1, 1, 0, 2, 1, 0
1, 1, 1, 0, 3.9021, 0, 1, 1, 3, 1, 0
1, 1, 1, 0, 12.3765, 0, 1, 1, 4, 1, 0
1, 1, 1, 1, 2.2355, 0, 1, 0, 5, 1, 0
1, 1, -1, 1, 3.0614, 0, 1, 0, 6, 1, 0
1, 1, -1, 1, 5.0896, 1, 1, 1, 7, 1, 0
1, 1, -1, 1, 2.3297, 0, 1, 0, 8, 1, 0
1, 1, -1, 0, 2.1125, 0, 1, 1, 9, 1, 0
1, 1, 1, 1, 1.4676, 1, 1, 1, 10, 1, 0
1, 1, 1, 1, 3.8179, 1, 0, 1, 1, 1, 0
1, 1, 1, 1, 1.9758, 0, 0, 0, 2, 1, 0
1, 1, -1, 1, 2.8032, 0, 0, 0, 3, 1, 0
1, 1, -1, 1, 6.0249, 1, 0, 1, 4, 1, 0
1, 1, 0, 0, 1.306, 1, 0, 0, 5, 1, 0
1, 1, -1, 0, 4.7572, 1, 0, 0, 6, 1, 0
1, 1, 1, 0, 6.8694, 0, 0, 1, 7, 1, 0
1, 1, 0, 1, 2.8563, 1, 0, 1, 8, 1, 0
1, 1, -1, 0, 10.5206, 1, 0, 0, 9, 1, 0
1, 1, 0, 1, 1.5482, 1, 0, 1, 10, 1, 0
1, 1, -1, 0, 4.0429, 0, 0, 1, 11, 1, 0
1, 1, 1, 1, 4.081, 0, 0, 0, 12, 1, 0
1, 1, 0, 1, 1.8914, 1, 0, 1, 13, 1, 0
1, 1, 0, 0, 0.9204, 0, 0, 1, 14, 1, 0
1, 1, 0, 1, 0.9281, 1, 0, 1, 15, 1, 0
1, 1, 0, 0, 0.9597, 1, 0, 0, 16, 1, 0
1, 1, 0, 0, 1.3537, 0, 0, 1, 17, 1, 0
1, 1, -1, 1, 6.1436, 0, 0, 0, 18, 1, 0
1, 1, -1, 0, 1.7977, 1, 0, 0, 19, 1, 0
1, 1, -1, 0, 2.5437, 1, 0, 0, 20, 1, 0
1, 1, 0, 1, 1.1212, 1, 0, 1, 21, 1, 0
1, 1, 1, 0, 9.296, 1, 0, 0, 22, 1, 0
1, 1, 1, 0, 4.1057, 1, 0, 0, 23, 1, 0
1, 1, 1, 1, 3.185, 1, 0, 1, 24, 1, 0
1, 1, -1, 1, 3.6695, 0, 0, 0, 25, 1, 0
1, 1, 0, 0, 1.4067, 0, 0, 1, 26, 1, 0
1, 1, 0, 1, 1.421, 1, 0, 1, 27, 1, 0
1, 1, 1, 1, 3.5845, 1, 0, 1, 28, 1, 0
1, 1, 0, 0, 1.0169, 0, 0, 1, 29, 1, 0
1, 1, 1, 0, 4.9793, 0, 0, 1, 30, 1, 0
1, 1, 1, 1, 3.3435, 1, 0, 1, 31, 1, 0
1, 1, -1, 0, 3.766, 1, 0, 0, 32, 1, 0
1, 0, 4, L, 2.61, L, NA, 1, 1, 2, NA
1, 0, 4, D, 1.12, D, NA, 1, 2, 2, NA
1, 0, 4, L, 0.78, L, NA, 1, 3, 2, NA
1, 0, 4, A, 0.87, A, NA, 1, 4, 2, NA
1, 0, 4, D, 0.85, D, NA, 1, 5, 2, NA
1, 0, 3, K, 0.7, K, NA, 1, 6, 2, NA
1, 0, 3, S, 0.84, S, NA, 1, 7, 2, NA
1, 0, 2, K, 0.68, K, NA, 1, 8, 2, NA
1, 0, 2, K, 1.39, K, NA, 1, 9, 2, NA
1, 0, 1, G, 1.29, G, NA, 1, 10, 2, NA
1, 0, 1, G, 0.85, G, NA, 1, 11, 2, NA
1, 0, 2, H, 0.76, G, NA, 0, 12, 2, NA
1, 0, 2, H, 1.09, H, NA, 1, 13, 2, NA
1, 0, 1, F, 1.27, F, NA, 1, 14, 2, NA
1, 0, 2, S, 1.25, G, NA, 0, 15, 2, NA
1, 0, 2, J, 1.08, J, NA, 1, 16, 2, NA
1, 0, 1, K, 0.58, K, NA, 1, 17, 2, NA
1, 0, 2, J, 0.81, A, NA, 0, 18, 2, NA
1, 0, 2, J, 1.08, J, NA, 1, 19, 2, NA
1, 0, 3, A, 1.11, G, NA, 0, 20, 2, NA
1, 0, 3, D, 0.78, D, NA, 1, 21, 2, NA
1, 0, 2, J, 1.07, J, NA, 1, 22, 2, NA
1, 0, 2, D, 1.35, D, NA, 1, 23, 2, NA
1, 0, 1, J, 0.96, J, NA, 1, 24, 2, NA
1, 0, 2, H, 1.04, K, NA, 0, 25, 2, NA
1, 0, 3, A, 1.28, G, NA, 0, 26, 2, NA
1, 0, 3, J, 1.19, J, NA, 1, 27, 2, NA
1, 0, 2, F, 1.23, F, NA, 1, 28, 2, NA
1, 0, 3, J, 1.4, G, NA, 0, 29, 2, NA
1, 0, 4, A, 1.28, F, NA, 0, 30, 2, NA
1, 0, 4, K, 1.03, K, NA, 1, 31, 2, NA
1, 0, 3, S, 0.89, S, NA, 1, 32, 2, NA
1, 0, 3, G, 1.14, G, NA, 1, 33, 2, NA
1, 0, 2, A, 2.09, A, NA, 1, 34, 2, NA
1, 0, 3, H, 1.12, F, NA, 0, 35, 2, NA
1, 0, 3, S, 0.78, S, NA, 1, 36, 2, NA
1, 0, 4, D, 1.13, G, NA, 0, 37, 2, NA
1, 0, 4, F, 0.9, F, NA, 1, 38, 2, NA
1, 0, 3, L, 1.88, L, NA, 1, 39, 2, NA
1, 0, 3, G, 1.1, G, NA, 1, 40, 2, NA
1, 0, 2, L, 1.51, L, NA, 1, 41, 2, NA
1, 0, 2, K, 0.84, K, NA, 1, 42, 2, NA
1, 0, 1, K, 1.12, K, NA, 1, 43, 2, NA
1, 0, 1, F, 1.69, F, NA, 1, 44, 2, NA
1, 0, 2, S, 1.15, F, NA, 0, 45, 2, NA
1, 0, 3, A, 1.04, G, NA, 0, 46, 2, NA
1, 0, 4, A, 0.91, G, NA, 0, 47, 2, NA
1, 0, 4, K, 1.32, K, NA, 1, 48, 2, NA
1, 0, 3, F, 1.15, F, NA, 1, 49, 2, NA
1, 0, 3, G, 0.88, G, NA, 1, 50, 2, NA
1, 2, 1, 0, 5.49, 0, 0, 1, 1, 2, 0
1, 2, 0, 0, 1.49, 0, 0, 1, 2, 2, 0
1, 2, 1, 0, 3.05, 0, 0, 1, 3, 2, 0
1, 2, 1, 0, 1.3, 0, 0, 1, 4, 2, 0
1, 2, 1, 0, 2.74, 0, 0, 1, 5, 2, 0
1, 2, 1, 0, 2.09, 0, 0, 1, 6, 2, 0
1, 2, 1, 0, 1.6, 0, 0, 1, 7, 2, 0
1, 2, 0, 1, 1.13, 1, 0, 1, 8, 2, 0
1, 2, 1, 1, 1.5, 0, 0, 0, 9, 2, 0
1, 2, 0, 1, 1.01, 1, 0, 1, 10, 2, 0
1, 2, 0, 1, 0.78, 1, 0, 1, 11, 2, 0
1, 2, 0, 1, 1.26, 1, 0, 1, 12, 2, 0
1, 2, 1, 0, 3.62, 0, 0, 1, 13, 2, 0
1, 2, 0, 1, 0.96, 1, 0, 1, 14, 2, 0
1, 2, 0, 0, 1.62, 0, 0, 1, 15, 2, 0
1, 2, 0, 0, 1.72, 0, 0, 1, 16, 2, 0
1, 2, 1, 0, 1.51, 0, 0, 1, 17, 2, 0
1, 2, 1, 1, 1.04, 1, 0, 1, 18, 2, 0
1, 2, 0, 1, 0.88, 1, 0, 1, 19, 2, 0
1, 2, 0, 1, 0.78, 1, 0, 1, 20, 2, 0
1, 2, 1, 0, 1.96, 0, 0, 1, 21, 2, 0
1, 2, 0, 1, 1.03, 1, 0, 1, 22, 2, 0
1, 2, 1, 0, 1.74, 0, 0, 1, 23, 2, 0
1, 2, 0, 0, 1.18, 0, 0, 1, 24, 2, 0
1, 2, 0, 1, 0.71, 1, 0, 1, 25, 2, 0
1, 2, 1, 1, 1.95, 1, 0, 1, 26, 2, 0
1, 2, 1, 1, 1.61, 0, 0, 0, 27, 2, 0
1, 2, 0, 0, 1.15, 0, 0, 1, 28, 2, 0
1, 2, 0, 1, 1.27, 1, 0, 1, 29, 2, 0
1, 2, 0, 1, 1.07, 1, 0, 1, 30, 2, 0
1, 2, 1, 1, 1.61, 1, 0, 1, 31, 2, 0
1, 2, 1, 0, 1.99, 0, 0, 1, 32, 2, 0
1, 3, 1, 1, 1.7071, 1, 0, 1, 1, 2, 0
1, 3, 0, 0, 0.3857, 0, 0, 1, 2, 2, 0
1, 3, 0, 1, 0.9193, 1, 0, 1, 3, 2, 0
1, 3, 0, 1, 0.4979, 1, 0, 1, 4, 2, 0
1, 3, 0, 0, 0.78, 0, 0, 1, 5, 2, 0
1, 3, 0, 0, 0.5799, 0, 0, 1, 6, 2, 0
1, 3, 0, 0, 0.627, 0, 0, 1, 7, 2, 0
1, 3, 1, 0, 0.7523, 0, 0, 1, 8, 2, 0
1, 3, 1, 0, 0.8008, 0, 0, 1, 9, 2, 0
1, 3, 1, 0, 0.7916, 0, 0, 1, 10, 2, 0
1, 3, 0, 1, 0.5189, 1, 0, 1, 11, 2, 0
1, 3, 0, 0, 0.5118, 0, 0, 1, 12, 2, 0
1, 3, 0, 1, 0.8493, 1, 0, 1, 13, 2, 0
1, 3, 0, 1, 0.6383, 1, 0, 1, 14, 2, 0
1, 3, 1, 0, 0.7629, 0, 0, 1, 15, 2, 0
1, 3, 1, 1, 1.3555, 1, 0, 1, 16, 2, 0
1, 3, 0, 1, 0.5587, 1, 0, 1, 17, 2, 0
1, 3, 1, 1, 0.8784, 1, 0, 1, 18, 2, 0
1, 3, 0, 1, 0.5387, 1, 0, 1, 19, 2, 0
1, 3, 1, 0, 0.7151, 0, 0, 1, 20, 2, 0
1, 3, 0, 0, 0.6454, 0, 0, 1, 21, 2, 0
1, 3, 1, 1, 1.1941, 1, 0, 1, 22, 2, 0
1, 3, 0, 1, 0.7072, 1, 0, 1, 23, 2, 0
1, 3, 0, 1, 0.5495, 1, 0, 1, 24, 2, 0
1, 3, 1, 0, 0.8852, 0, 0, 1, 25, 2, 0
1, 3, 0, 1, 0.705, 1, 0, 1, 26, 2, 0
1, 3, 1, 0, 0.6273, 0, 0, 1, 27, 2, 0
1, 3, 1, 1, 0.7766, 1, 0, 1, 28, 2, 0
1, 3, 1, 0, 0.5686, 0, 0, 1, 29, 2, 0
1, 3, 1, 0, 0.7837, 0, 0, 1, 30, 2, 0
1, 3, 1, 1, 0.799, 0, 0, 0, 31, 2, 0
1, 3, 1, 0, 0.6333, 0, 0, 1, 32, 2, 0
1, 1, -1, 1, 5.5823, 1, 0, 1, 1, 2, 0
1, 1, -1, 1, 2.8531, 1, 0, 1, 2, 2, 0
1, 1, -1, 1, 3.9575, 1, 0, 1, 3, 2, 0
1, 1, -1, 1, 3.022, 1, 0, 1, 4, 2, 0
1, 1, 0, 0, 0.9226, 0, 0, 1, 5, 2, 0
1, 1, 1, 0, 3.328, 1, 0, 0, 6, 2, 0
1, 1, -1, 0, 3.9787, 1, 0, 0, 7, 2, 0
1, 1, -1, 0, 1.806, 0, 0, 1, 8, 2, 0
1, 1, 1, 1, 3.1719, 1, 0, 1, 9, 2, 0
1, 1, 1, 1, 4.4649, 0, 0, 0, 10, 2, 0
1, 1, 0, 1, 0.9816, 1, 0, 1, 11, 2, 0
1, 1, 0, 1, 1.3953, 1, 0, 1, 12, 2, 0
1, 1, 1, 1, 3.4, 1, 0, 1, 13, 2, 0
1, 1, 1, 0, 3.1966, 0, 0, 1, 14, 2, 0
1, 1, 1, 0, 6.7852, 1, 0, 0, 15, 2, 0
1, 1, -1, 1, 4.0722, 1, 0, 1, 16, 2, 0
1, 1, 0, 0, 0.8389, 0, 0, 1, 17, 2, 0
1, 1, -1, 1, 7.8792, 1, 0, 1, 18, 2, 0
1, 1, -1, 0, 5.4195, 0, 0, 1, 19, 2, 0
1, 1, 1, 0, 1.5601, 0, 0, 1, 20, 2, 0
1, 1, 1, 0, 1.992, 1, 0, 0, 21, 2, 0
1, 1, 0, 0, 0.7891, 0, 0, 1, 22, 2, 0
1, 1, 1, 0, 3.5819, 0, 0, 1, 23, 2, 0
1, 1, 0, 1, 1.3185, 1, 0, 1, 24, 2, 0
1, 1, 1, 1, 1.7181, 1, 0, 1, 25, 2, 0
1, 1, 0, 1, 1.1692, 1, 0, 1, 26, 2, 0
1, 1, 0, 0, 1.0719, 0, 0, 1, 27, 2, 0
1, 1, 0, 0, 0.9942, 0, 0, 1, 28, 2, 0
1, 1, 0, 0, 0.9594, 0, 0, 1, 29, 2, 0
1, 1, 0, 0, 1.0299, 0, 0, 1, 30, 2, 0
1, 1, -1, 1, 1.8395, 1, 0, 1, 31, 2, 0
1, 1, 1, 1, 2.1162, 1, 0, 1, 32, 2, 0
