sub, task, cond, cor, rt, resp, block, acc, trial, round, tooFast
0, 0, 8, K, 5.11, K, NA, 1, 1, 1, NA
0, 0, 8, D, 1.02, D, NA, 1, 2, 1, NA
0, 0, 8, J, 0.93, J, NA, 1, 3, 1, NA
0, 0, 8, D, 0.99, D, NA, 1, 4, 1, NA
0, 0, 8, F, 0.93, F, NA, 1, 5, 1, NA
0, 0, 7, H, 0.91, H, NA, 1, 6, 1, NA
0, 0, 7, H, 0.85, H, NA, 1, 7, 1, NA
0, 0, 6, L, 1.41, L, NA, 1, 8, 1, NA
0, 0, 6, G, 0.87, G, NA, 1, 9, 1, NA
0, 0, 5, D, 1.04, D, NA, 1, 10, 1, NA
0, 0, 5, F, 1.05, F, NA, 1, 11, 1, NA
0, 0, 4, H, 1.08, H, NA, 1, 12, 1, NA
0, 0, 4, G, 0.85, G, NA, 1, 13, 1, NA
0, 0, 3, K, 1.47, K, NA, 1, 14, 1, NA
0, 0, 3, J, 2.85, J, NA, 1, 15, 1, NA
0, 0, 2, J, 1.02, J, NA, 1, 16, 1, NA
0, 0, 2, S, 1.57, S, NA, 1, 17, 1, NA
0, 0, 1, A, 0.93, A, NA, 1, 18, 1, NA
0, 0, 2, F, 1.31, G, NA, 0, 19, 1, NA
0, 0, 2, F, 2.48, F, NA, 1, 20, 1, NA
0, 0, 1, S, 1.04, S, NA, 1, 21, 1, NA
0, 0, 2, A, 3.03, G, NA, 0, 22, 1, NA
0, 0, 2, J, 1.24, J, NA, 1, 23, 1, NA
0, 0, 2, K, 3.41, H, NA, 0, 24, 1, NA
0, 0, 1, D, 1.14, D, NA, 1, 25, 1, NA
0, 0, 2, A, 1.1, G, NA, 0, 26, 1, NA
0, 0, 3, S, 1.83, L, NA, 0, 27, 1, NA
0, 0, 4, D, 0.9, S, NA, 0, 28, 1, NA
0, 0, 4, K, 1.22, K, NA, 1, 29, 1, NA
0, 0, 3, L, 1.15, L, NA, 1, 30, 1, NA
0, 0, 3, F, 0.88, F, NA, 1, 31, 1, NA
0, 0, 3, J, 2.35, L, NA, 0, 32, 1, NA
0, 0, 2, J, 1.44, J, NA, 1, 33, 1, NA
0, 0, 3, L, 1.16, H, NA, 0, 34, 1, NA
0, 0, 3, A, 0.71, A, NA, 1, 35, 1, NA
0, 0, 2, F, 0.97, F, NA, 1, 36, 1, NA
0, 0, 2, G, 1.0, G, NA, 1, 37, 1, NA
0, 0, 2, S, 2.28, G, NA, 0, 38, 1, NA
0, 0, 1, D, 1.12, D, NA, 1, 39, 1, NA
0, 0, 2, G, 2.21, D, NA, 0, 40, 1, NA
0, 0, 3, L, 3.02, G, NA, 0, 41, 1, NA
0, 0, 4, S, 1.22, L, NA, 0, 42, 1, NA
0, 0, 4, S, 1.01, S, NA, 1, 43, 1, NA
0, 0, 3, S, 0.6, S, NA, 1, 44, 1, NA
0, 0, 3, J, 1.18, J, NA, 1, 45, 1, NA
0, 0, 2, S, 1.04, S, NA, 1, 46, 1, NA
0, 0, 2, D, 0.86, D, NA, 1, 47, 1, NA
0, 0, 1, K, 5.56, K, NA, 1, 48, 1, NA
0, 0, 2, F, 1.12, G, NA, 0, 49, 1, NA
0, 0, 2, A, 2.21, A, NA, 1, 50, 1, NA
0, 2, 0, 1, 2.41, 1, 1, 1, 1, 1, 0
0, 2, 0, 1, 1.44, 1, 1, 1, 2, 1, 0
0, 2, 0, 0, 1.38, 0, 1, 1, 3, 1, 0
0, 2, 1, 0, 5.59, 0, 1, 1, 4, 1, 0
0, 2, 1, 1, 4.94, 1, 1, 1, 5, 1, 0
0, 2, 1, 0, 4.82, 0, 1, 1, 6, 1, 0
0, 2, 0, 1, 2.27, 1, 1, 1, 7, 1, 0
0, 2, 1, 0, 2.59, 0, 1, 1, 8, 1, 0
0, 2, 0, 0, 1.55, 0, 1, 1, 9, 1, 0
0, 2, 1, 1, 2.63, 1, 1, 1, 10, 1, 0
0, 2, 1, 0, 4.42, 0, 0, 1, 1, 1, 0
0, 2, 0, 1, 1.27, 1, 0, 1, 2, 1, 0
0, 2, 0, 1, 1.91, 1, 0, 1, 3, 1, 0
0, 2, 0, 0, 1.31, 0, 0, 1, 4, 1, 0
0, 2, 1, 0, 4.84, 0, 0, 1, 5, 1, 0
0, 2, 0, 0, 1.47, 0, 0, 1, 6, 1, 0
0, 2, 0, 1, 4.41, 1, 0, 1, 7, 1, 0
0, 2, 1, 0, 5.25, 0, 0, 1, 8, 1, 0
0, 2, 1, 0, 4.2, 0, 0, 1, 9, 1, 0
0, 2, 1, 0, 3.86, 0, 0, 1, 10, 1, 0
0, 2, 0, 0, 1.35, 0, 0, 1, 11, 1, 0
0, 2, 0, 1, 1.37, 1, 0, 1, 12, 1, 0
0, 2, 1, 0, 4.72, 0, 0, 1, 13, 1, 0
0, 2, 0, 1, 1.35, 1, 0, 1, 14, 1, 0
0, 2, 1, 0, 6.17, 0, 0, 1, 15, 1, 0
0, 2, 1, 1, 2.3, 1, 0, 1, 16, 1, 0
0, 2, 0, 1, 1.68, 1, 0, 1, 17, 1, 0
0, 2, 0, 1, 1.49, 1, 0, 1, 18, 1, 0
0, 2, 1, 1, 3.21, 1, 0, 1, 19, 1, 0
0, 2, 1, 0, 4.55, 0, 0, 1, 20, 1, 0
0, 2, 1, 1, 1.21, 1, 0, 1, 21, 1, 0
0, 2, 1, 1, 2.94, 1, 0, 1, 22, 1, 0
0, 2, 0, 1, 1.19, 1, 0, 1, 23, 1, 0
0, 2, 0, 1, 1.24, 1, 0, 1, 24, 1, 0
0, 2, 0, 1, 1.3, 1, 0, 1, 25, 1, 0
0, 2, 0, 0, 1.3, 0, 0, 1, 26, 1, 0
0, 2, 1, 0, 4.31, 0, 0, 1, 27, 1, 0
0, 2, 1, 0, 9.09, 0, 0, 1, 28, 1, 0
0, 2, 0, 0, 1.28, 0, 0, 1, 29, 1, 0
0, 2, 1, 0, 6.45, 0, 0, 1, 30, 1, 0
0, 2, 1, 1, 3.02, 0, 0, 0, 31, 1, 0
0, 2, 0, 1, 1.24, 1, 0, 1, 32, 1, 0
0, 3, 1, 1, 1.8417, 1, 1, 1, 1, 1, 0
0, 3, 0, 0, 0.8757, 0, 1, 1, 2, 1, 0
0, 3, 1, 1, 1.3441, 1, 1, 1, 3, 1, 0
0, 3, 0, 1, 1.0759, 1, 1, 1, 4, 1, 0
0, 3, 1, 0, 1.0491, 0, 1, 1, 5, 1, 0
0, 3, 0, 1, 1.335, 1, 1, 1, 6, 1, 0
0, 3, 1, 1, 0.9706, 1, 1, 1, 7, 1, 0
0, 3, 0, 0, 1.0915, 0, 1, 1, 8, 1, 0
0, 3, 0, 0, 1.2161, 0, 1, 1, 9, 1, 0
0, 3, 1, 0, 1.0241, 0, 1, 1, 10, 1, 0
0, 3, 1, 1, 1.4921, 1, 0, 1, 1, 1, 0
0, 3, 0, 1, 0.9865, 1, 0, 1, 2, 1, 0
0, 3, 0, 0, 1.0348, 0, 0, 1, 3, 1, 0
0, 3, 0, 0, 0.9213, 0, 0, 1, 4, 1, 0
0, 3, 0, 0, 2.3398, 0, 0, 1, 5, 1, 0
0, 3, 0, 0, 0.9879, 0, 0, 1, 6, 1, 0
0, 3, 1, 1, 1.3962, 1, 0, 1, 7, 1, 0
0, 3, 1, 1, 1.7095, 0, 0, 0, 8, 1, 0
0, 3, 1, 1, 1.1758, 1, 0, 1, 9, 1, 0
0, 3, 0, 0, 0.8654, 0, 0, 1, 10, 1, 0
0, 3, 1, 1, 1.3259, 1, 0, 1, 11, 1, 0
0, 3, 0, 0, 1.2022, 0, 0, 1, 12, 1, 0
0, 3, 1, 1, 1.3867, 1, 0, 1, 13, 1, 0
0, 3, 1, 0, 1.0847, 0, 0, 1, 14, 1, 0
0, 3, 0, 0, 0.9053, 0, 0, 1, 15, 1, 0
0, 3, 1, 1, 1.3085, 1, 0, 1, 16, 1, 0
0, 3, 1, 0, 0.9775, 0, 0, 1, 17, 1, 0
0, 3, 1, 0, 1.7543, 0, 0, 1, 18, 1, 0
0, 3, 1, 0, 1.4152, 0, 0, 1, 19, 1, 0
0, 3, 1, 0, 1.544, 0, 0, 1, 20, 1, 0
0, 3, 0, 1, 1.0446, 1, 0, 1, 21, 1, 0
0, 3, 0, 1, 0.819, 1, 0, 1, 22, 1, 0
0, 3, 1, 0, 0.9771, 0, 0, 1, 23, 1, 0
0, 3, 0, 0, 0.81, 0, 0, 1, 24, 1, 0
0, 3, 0, 1, 0.9927, 1, 0, 1, 25, 1, 0
0, 3, 1, 0, 2.225, 0, 0, 1, 26, 1, 0
0, 3, 0, 1, 1.3246, 1, 0, 1, 27, 1, 0
0, 3, 0, 0, 0.913, 0, 0, 1, 28, 1, 0
0, 3, 0, 1, 1.1882, 1, 0, 1, 29, 1, 0
0, 3, 1, 1, 1.0292, 0, 0, 0, 30, 1, 0
0, 3, 0, 1, 0.6399, 1, 0, 1, 31, 1, 0
0, 3, 1, 1, 3.4766, 0, 0, 0, 32, 1, 0
0, 1, 1, 1, 3.1052, 1, 1, 1, 1, 1, 0
0, 1, 0, 0, 5.387, 0, 1, 1, 2, 1, 0
0, 1, 0, 0, 4.7707, 0, 1, 1, 3, 1, 0
0, 1, -1, 1, 4.8382, 1, 1, 1, 4, 1, 0
0, 1, 1, 0, 4.2798, 0, 1, 1, 5, 1, 0
0, 1, 0, 1, 2.3353, 1, 1, 1, 6, 1, 0
0, 1, 1, 1, 5.4982, 0, 1, 0, 7, 1, 0
0, 1, -1, 1, 3.5509, 1, 1, 1, 8, 1, 0
0, 1, 0, 0, 3.2166, 0, 1, 1, 9, 1, 0
0, 1, 1, 0, 5.612, 0, 1, 1, 10, 1, 0
0, 1, -1, 0, 6.61, 0, 0, 1, 1, 1, 0
0, 1, 1, 0, 3.364, 1, 0, 0, 2, 1, 0
0, 1, -1, 0, 5.6935, 0, 0, 1, 3, 1, 0
0, 1, -1, 0, 6.3762, 0, 0, 1, 4, 1, 0
0, 1, 1, 1, 2.0185, 1, 0, 1, 5, 1, 0
0, 1, 1, 1, 3.9051, 1, 0, 1, 6, 1, 0
0, 1, 1, 0, 3.7879, 0, 0, 1, 7, 1, 0
0, 1, 0, 1, 2.3894, 1, 0, 1, 8, 1, 0
0, 1, -1, 0, 4.0538, 0, 0, 1, 9, 1, 0
0, 1, -1, 0, 3.0914, 1, 0, 0, 10, 1, 0
0, 1, 0, 1, 1.7372, 1, 0, 1, 11, 1, 0
0, 1, -1, 1, 6.3215, 1, 0, 1, 12, 1, 0
0, 1, 1, 1, 2.7815, 1, 0, 1, 13, 1, 0
0, 1, 0, 0, 2.3946, 0, 0, 1, 14, 1, 0
0, 1, 1, 1, 2.6676, 1, 0, 1, 15, 1, 0
0, 1, 0, 1, 2.3648, 1, 0, 1, 16, 1, 0
0, 1, -1, 1, 6.1743, 0, 0, 0, 17, 1, 0
0, 1, 1, 0, 2.8193, 0, 0, 1, 18, 1, 0
0, 1, 0, 0, 1.9273, 1, 0, 0, 19, 1, 0
0, 1, 0, 1, 1.4867, 1, 0, 1, 20, 1, 0
0, 1, -1, 0, 13.872, 0, 0, 1, 21, 1, 0
0, 1, 1, 1, 4.6216, 1, 0, 1, 22, 1, 0
0, 1, 1, 1, 5.791, 1, 0, 1, 23, 1, 0
0, 1, 1, 0, 15.0061, 0, 0, 1, 24, 1, 0
0, 1, -1, 1, 10.4754, 1, 0, 1, 25, 1, 0
0, 1, 0, 0, 2.1332, 0, 0, 1, 26, 1, 0
0, 1, 0, 0, 2.7055, 0, 0, 1, 27, 1, 0
0, 1, 0, 1, 1.8255, 1, 0, 1, 28, 1, 0
0, 1, 0, 0, 2.5772, 0, 0, 1, 29, 1, 0
0, 1, 0, 0, 4.99, 0, 0, 1, 30, 1, 0
0, 1, -1, 1, 3.9696, 1, 0, 1, 31, 1, 0
0, 1, 1, 1, 4.0741, 1, 0, 1, 32, 1, 0
0, 0, 8, J, 1.51, J, NA, 1, 1, 2, NA
0, 0, 8, H, 1.25, H, NA, 1, 2, 2, NA
0, 0, 8, D, 1.15, D, NA, 1, 3, 2, NA
0, 0, 8, F, 0.96, F, NA, 1, 4, 2, NA
0, 0, 8, S, 0.99, S, NA, 1, 5, 2, NA
0, 0, 7, L, 1.22, L, NA, 1, 6, 2, NA
0, 0, 7, F, 0.93, F, NA, 1, 7, 2, NA
0, 0, 6, J, 1.13, J, NA, 1, 8, 2, NA
0, 0, 6, F, 1.01, F, NA, 1, 9, 2, NA
0, 0, 5, H, 0.9, H, NA, 1, 10, 2, NA
0, 0, 5, K, 0.96, K, NA, 1, 11, 2, NA
0, 0, 4, K, 0.87, K, NA, 1, 12, 2, NA
0, 0, 4, A, 0.93, A, NA, 1, 13, 2, NA
0, 0, 3, F, 0.91, F, NA, 1, 14, 2, NA
0, 0, 4, J, 1.19, F, NA, 0, 15, 2, NA
0, 0, 4, A, 0.81, A, NA, 1, 16, 2, NA
0, 0, 3, G, 0.91, G, NA, 1, 17, 2, NA
0, 0, 3, G, 0.89, G, NA, 1, 18, 2, NA
0, 0, 2, S, 0.9, S, NA, 1, 19, 2, NA
0, 0, 2, D, 1.01, D, NA, 1, 20, 2, NA
0, 0, 2, F, 0.92, G, NA, 0, 21, 2, NA
0, 0, 2, H, 1.17, G, NA, 0, 22, 2, NA
0, 0, 2, J, 1.32, L, NA, 0, 23, 2, NA
0, 0, 1, K, 0.97, K, NA, 1, 24, 2, NA
0, 0, 1, A, 0.97, A, NA, 1, 25, 2, NA
0, 0, 1, S, 2.53, G, NA, 0, 26, 2, NA
0, 0, 1, A, 1.21, G, NA, 0, 27, 2, NA
0, 0, 1, L, 1.02, G, NA, 0, 28, 2, NA
0, 0, 1, H, 3.2, G, NA, 0, 29, 2, NA
0, 0, 1, S, 1.63, G, NA, 0, 30, 2, NA
0, 0, 1, A, 26.07, S, NA, 0, 31, 2, NA
0, 0, 1, K, 3.12, S, NA, 0, 32, 2, NA
0, 0, 1, D, 4.26, G, NA, 0, 33, 2, NA
0, 0, 1, H, 4.15, G, NA, 0, 34, 2, NA
0, 0, 1, J, 1.21, G, NA, 0, 35, 2, NA
