9, 0, 0, 99, apeavtsrph, 0, 0, 7, 0.15, 8, 0, 0.652, True
9, 0, 1, 798, home, 1, 0, 7, 0.15, 8, 1, 0.379, True
9, 0, 2, 54, searlt, 0, 0, 6, 0.15, 8, 0, 0.849, True
9, 0, 3, 213, aioleeacee, 0, 0, 6, 0.15, 8, 0, 0.995, True
9, 0, 4, 761, flourishing, 1, 0, 5, 0.15, 8, 1, 1.361, True
9, 0, 5, 76, piypyds, 0, 0, 5, 0.15, 8, 1, 2.249, False
9, 0, 6, 134, uyh, 0, 0, 6, 0.15, 8, 0, 0.659, True
9, 0, 7, 955, valuable, 1, 0, 6, 0.15, 8, 1, 0.561, True
9, 0, 8, 248, lauhsa, 0, 0, 5, 0.15, 8, 0, 0.457, True
9, 0, 9, 697, cheerful, 1, 0, 5, 0.15, 8, 1, 0.491, True
9, 0, 10, 18, curiksy, 0, 0, 4, 0.15, 8, 0, 0.691, True
9, 0, 11, 128, saiaes, 0, 0, 4, 0.15, 8, 0, 0.771, True
9, 0, 12, 282, ebyarkmlv, 0, 0, 3, 0.15, 8, 1, 0.913, False
9, 0, 13, 59, gnlgrmpabr, 0, 0, 4, 0.15, 8, 0, 0.555, True
9, 0, 14, 23, hey, 0, 0, 4, 0.15, 8, 0, 0.718, True
9, 0, 15, 257, asltao, 0, 0, 3, 0.15, 8, 0, 0.849, True
9, 0, 16, 86, racotmmer, 0, 0, 3, 0.15, 8, 0, 1.323, True
9, 0, 17, 687, capable, 1, 0, 2, 0.15, 8, 0, 1.619, False
9, 0, 18, 961, wealthy, 1, 0, 3, 0.15, 8, 0, 0.633, False
9, 0, 19, 162, lerryer, 0, 0, 4, 0.15, 8, 0, 0.684, True
9, 0, 20, 176, agei, 0, 0, 4, 0.15, 8, 0, 0.601, True
9, 0, 21, 7, rveanssco, 0, 0, 3, 0.15, 8, 0, 0.595, True
9, 0, 22, 247, hlgr, 0, 0, 3, 0.15, 8, 0, 0.523, True
9, 0, 23, 123, afyttp, 0, 0, 2, 0.15, 8, 0, 0.499, True
9, 0, 24, 221, elrpsep, 0, 0, 2, 0.15, 8, 0, 0.55, True
9, 0, 25, 874, priceless, 1, 0, 1, 0.15, 8, 0, 0.593, False
9, 0, 26, 949, twilight, 1, 0, 2, 0.15, 8, 0, 0.502, False
9, 0, 27, 682, bubbly, 1, 0, 3, 0.15, 8, 0, 1.019, False
9, 0, 28, 212, eroewrl, 0, 0, 4, 0.15, 8, 0, 0.939, True
9, 0, 29, 90, aelosi, 0, 0, 4, 0.15, 8, 0, 0.667, True
9, 0, 30, 667, beach, 1, 0, 3, 0.15, 8, 0, 0.867, False
9, 0, 31, 659, ambition, 1, 0, 4, 0.15, 8, 1, 0.518, True
9, 0, 32, 205, avemigse, 0, 0, 4, 0.15, 8, 0, 2.227, True
9, 0, 33, 29, dmtsc, 0, 0, 3, 0.15, 8, 0, 0.643, True
9, 0, 34, 77, etfmcenao, 0, 0, 3, 0.15, 8, 1, 2.246, False
9, 0, 35, 867, pleased, 1, 0, 4, 0.15, 8, 1, 0.539, True
9, 0, 36, 32, nllcw, 0, 0, 4, 0.15, 8, 1, 0.891, False
9, 0, 37, 296, krdirfay, 0, 0, 5, 0.15, 8, 0, 0.47, True
9, 0, 38, 918, spring, 1, 0, 5, 0.15, 8, 1, 0.523, True
9, 0, 39, 715, daring, 1, 0, 4, 0.15, 8, 1, 0.569, True
9, 0, 40, 121, iifrirv, 0, 0, 4, 0.15, 8, 0, 0.574, True
9, 0, 41, 8, adrwrdunr, 0, 0, 3, 0.15, 8, 0, 0.867, True
9, 0, 42, 924, sunlight, 1, 0, 3, 0.15, 8, 1, 0.627, True
9, 0, 43, 790, hardworking, 1, 0, 2, 0.15, 8, 0, 1.185, False
9, 0, 44, 321, edisrsame, 0, 0, 3, 0.15, 8, 0, 0.544, True
9, 0, 45, 748, excitement, 1, 0, 3, 0.15, 8, 0, 0.753, False
9, 0, 46, 89, ecndarlpb, 0, 0, 4, 0.15, 8, 0, 1.579, True
9, 0, 47, 226, eseoiiil, 0, 0, 4, 0.15, 8, 0, 0.587, True
9, 0, 48, 265, comp, 0, 0, 3, 0.15, 8, 0, 0.931, True
9, 0, 49, 712, cuddle, 1, 0, 3, 0.15, 8, 1, 1.169, True
9, 1, 0, 1218, slave, 1, 1, 4, 0.15, 8, 1, 0.571, True
9, 1, 1, 413, shtcuauedo, 0, 1, 4, 0.15, 8, 1, 0.915, False
9, 1, 2, 471, adyasom, 0, 1, 5, 0.15, 8, 0, 0.497, True
9, 1, 3, 577, ohns, 0, 1, 5, 0.15, 8, 0, 0.459, True
9, 1, 4, 1176, penalty, 1, 1, 4, 0.15, 8, 1, 0.555, True
9, 1, 5, 628, oniaca, 0, 1, 4, 0.15, 8, 0, 0.465, True
9, 1, 6, 416, eaha, 0, 1, 3, 0.15, 8, 0, 0.577, True
9, 1, 7, 398, patnueano, 0, 1, 3, 0.15, 8, 0, 0.678, True
9, 1, 8, 1138, lice, 1, 1, 2, 0.15, 8, 0, 0.622, False
9, 1, 9, 465, olytrepd, 0, 1, 3, 0.15, 8, 0, 0.523, True
9, 1, 10, 425, atne, 0, 1, 3, 0.15, 8, 1, 0.982, False
9, 1, 11, 455, asolnn, 0, 1, 4, 0.15, 8, 0, 0.47, True
9, 1, 12, 500, euirf, 0, 1, 4, 0.15, 8, 0, 0.505, True
9, 1, 13, 635, dshhs, 0, 1, 3, 0.15, 8, 0, 0.481, True
9, 1, 14, 512, ehdsbd, 0, 1, 3, 0.15, 8, 1, 1.123, False
9, 1, 15, 640, shuauuquu, 0, 1, 4, 0.15, 8, 0, 0.553, True
9, 1, 16, 1219, slime, 1, 1, 4, 0.15, 8, 1, 0.555, True
9, 1, 17, 399, parlollr, 0, 1, 3, 0.15, 8, 0, 0.475, True
9, 1, 18, 380, orulet, 0, 1, 3, 0.15, 8, 0, 0.699, True
9, 1, 19, 1096, greed, 1, 1, 2, 0.15, 8, 0, 1.526, False
9, 1, 20, 558, tcnli, 0, 1, 3, 0.15, 8, 0, 1.433, True
9, 1, 21, 1263, ulcer, 1, 1, 3, 0.15, 8, 1, 1.225, True
9, 1, 22, 1241, tense, 1, 1, 2, 0.15, 8, 0, 0.702, False
9, 1, 23, 1128, injury, 1, 1, 3, 0.15, 8, 1, 0.635, True
9, 1, 24, 397, lsdnr, 0, 1, 3, 0.15, 8, 0, 2.475, True
9, 1, 25, 412, dhgcpela, 0, 1, 2, 0.15, 8, 0, 0.521, True
9, 1, 26, 426, ogceupync, 0, 1, 2, 0.15, 8, 0, 0.529, True
9, 1, 27, 418, erixgsue, 0, 1, 1, 0.15, 8, 0, 0.566, True
9, 1, 28, 1029, cruel, 1, 1, 1, 0.15, 8, 0, 0.644, False
9, 1, 29, 334, aduovyanc, 0, 1, 2, 0.15, 8, 0, 0.547, True
9, 1, 30, 586, hiorta, 0, 1, 2, 0.15, 8, 1, 0.641, False
9, 1, 31, 525, vnuddim, 0, 1, 3, 0.15, 8, 1, 0.691, False
9, 1, 32, 430, obem, 0, 1, 4, 0.15, 8, 0, 1.105, True
9, 1, 33, 1256, trap, 1, 1, 4, 0.15, 8, 1, 0.691, True
9, 1, 34, 1016, coffin, 1, 1, 3, 0.15, 8, 1, 0.753, True
9, 1, 35, 481, twsopei, 0, 1, 3, 0.15, 8, 0, 0.873, True
9, 1, 36, 613, etcaceg, 0, 1, 2, 0.15, 8, 0, 1.03, True
9, 1, 37, 1289, worse, 1, 1, 2, 0.15, 8, 0, 1.635, False
9, 1, 38, 508, oesssm, 0, 1, 3, 0.15, 8, 1, 0.94, False
9, 1, 39, 1177, pervert, 1, 1, 4, 0.15, 8, 1, 0.571, True
9, 1, 40, 1188, rage, 1, 1, 4, 0.15, 8, 1, 0.499, True
9, 1, 41, 431, eesedif, 0, 1, 3, 0.15, 8, 0, 2.409, True
9, 1, 42, 327, nldyts, 0, 1, 3, 0.15, 8, 0, 0.699, True
9, 1, 43, 1025, criminal, 1, 1, 2, 0.15, 8, 0, 0.998, False
9, 1, 44, 1054, disappoint, 1, 1, 3, 0.15, 8, 1, 0.657, True
9, 1, 45, 1150, malice, 1, 1, 3, 0.15, 8, 1, 1.094, True
9, 1, 46, 631, esctb, 0, 1, 2, 0.15, 8, 0, 1.297, True
9, 1, 47, 588, muerroefa, 0, 1, 2, 0.15, 8, 0, 0.771, True
9, 1, 48, 578, telif, 0, 1, 1, 0.15, 8, 0, 0.683, True
9, 1, 49, 405, erriso, 0, 1, 1, 0.15, 8, 0, 1.009, True
9, 2, 0, 179, pitera, 0, 0, 4, 0.15, 8, 0, 0.881, True
9, 2, 1, 269, weaoct, 0, 0, 4, 0.15, 8, 1, 1.59, False
9, 2, 2, 27, nwtpelgr, 0, 0, 5, 0.15, 8, 0, 0.636, True
9, 2, 3, 225, oogbssrvr, 0, 0, 5, 0.15, 8, 0, 0.593, True
9, 2, 4, 811, intimate, 1, 0, 4, 0.15, 8, 1, 0.539, True
9, 2, 5, 168, iosr, 0, 0, 4, 0.15, 8, 1, 2.059, False
9, 2, 6, 780, god, 1, 0, 5, 0.15, 8, 1, 0.478, True
9, 2, 7, 919, stamina, 1, 0, 5, 0.15, 8, 1, 2.23, True
9, 2, 8, 107, slfdna, 0, 0, 4, 0.15, 8, 0, 0.489, True
9, 2, 9, 913, soft, 1, 0, 4, 0.15, 8, 1, 0.51, True
9, 2, 10, 13, aswytoeu, 0, 0, 3, 0.15, 8, 0, 0.518, True
9, 2, 11, 928, surprised, 1, 0, 3, 0.15, 8, 1, 0.609, True
9, 2, 12, 237, fagla, 0, 0, 2, 0.15, 8, 0, 0.585, True
9, 2, 13, 684, butterfly, 1, 0, 2, 0.15, 8, 0, 0.606, False
9, 2, 14, 316, yuolrer, 0, 0, 3, 0.15, 8, 0, 0.857, True
9, 2, 15, 183, ederhr, 0, 0, 3, 0.15, 8, 1, 0.614, False
9, 2, 16, 130, rsuteg, 0, 0, 4, 0.15, 8, 0, 0.502, True
9, 2, 17, 946, trophy, 1, 0, 4, 0.15, 8, 1, 0.494, True
9, 2, 18, 778, glorious, 1, 0, 3, 0.15, 8, 1, 2.291, True
9, 2, 19, 113, eeeppnoe, 0, 0, 3, 0.15, 8, 0, 2.481, True
9, 2, 20, 808, improve, 1, 0, 2, 0.15, 8, 0, 1.217, False
9, 2, 21, 758, fireworks, 1, 0, 3, 0.15, 8, 0, 0.63, False
9, 2, 22, 894, reward, 1, 0, 4, 0.15, 8, 1, 0.489, True
9, 2, 23, 217, aesaegiyvn, 0, 0, 4, 0.15, 8, 0, 2.03, True
9, 2, 24, 877, promise, 1, 0, 3, 0.15, 8, 1, 0.614, True
9, 2, 25, 833, luscious, 1, 0, 3, 0.15, 8, 1, 0.531, True
9, 2, 26, 692, casual, 1, 0, 2, 0.15, 8, 0, 0.574, False
9, 2, 27, 189, aartrnopt, 0, 0, 3, 0.15, 8, 0, 0.563, True
9, 2, 28, 284, uposoiooid, 0, 0, 3, 0.15, 8, 1, 0.774, False
9, 2, 29, 674, bless, 1, 0, 4, 0.15, 8, 1, 0.438, True
9, 2, 30, 231, tnnddra, 0, 0, 4, 0.15, 8, 0, 0.547, True
9, 2, 31, 127, nimcleni, 0, 0, 3, 0.15, 8, 0, 0.515, True
9, 2, 32, 870, politeness, 1, 0, 3, 0.15, 8, 1, 0.523, True
9, 2, 33, 743, erotic, 1, 0, 2, 0.15, 8, 1, 1.507, True
9, 2, 34, 260, rysde, 0, 0, 2, 0.15, 8, 0, 0.721, True
9, 2, 35, 58, soseusodini, 0, 0, 1, 0.15, 8, 0, 0.846, True
9, 2, 36, 81, oassnd, 0, 0, 1, 0.15, 8, 0, 0.563, True
9, 2, 37, 651, admired, 1, 0, 1, 0.15, 8, 0, 1.025, False
9, 2, 38, 108, estnles, 0, 0, 2, 0.15, 8, 0, 1.15, True
9, 2, 39, 855, palace, 1, 0, 2, 0.15, 8, 0, 1.027, False
9, 2, 40, 140, endd, 0, 0, 3, 0.15, 8, 1, 0.531, False
9, 2, 41, 699, christmas, 1, 0, 4, 0.15, 8, 1, 0.804, True
9, 2, 42, 954, valentine, 1, 0, 4, 0.15, 8, 1, 0.489, True
9, 2, 43, 137, oetcasaf, 0, 0, 3, 0.15, 8, 1, 0.891, False
9, 2, 44, 872, prestige, 1, 0, 4, 0.15, 8, 1, 0.675, True
9, 2, 45, 832, lucky, 1, 0, 4, 0.15, 8, 1, 0.51, True
9, 2, 46, 150, iket, 0, 0, 3, 0.15, 8, 1, 1.127, False
9, 2, 47, 167, gulsamck, 0, 0, 4, 0.15, 8, 0, 0.843, True
9, 2, 48, 898, safe, 1, 0, 4, 0.15, 8, 1, 0.489, True
9, 2, 49, 218, eieaeu, 0, 0, 3, 0.15, 8, 1, 0.539, False
9, 3, 0, 433, felil, 0, 1, 4, 0.15, 8, 1, 0.518, False
9, 3, 1, 583, nsityy, 0, 1, 5, 0.15, 8, 0, 0.534, True
9, 3, 2, 1232, suffer, 1, 1, 5, 0.15, 8, 1, 0.585, True
9, 3, 3, 1239, tears, 1, 1, 4, 0.15, 8, 1, 0.419, True
9, 3, 4, 449, edtvo, 0, 1, 4, 0.15, 8, 0, 0.491, True
9, 3, 5, 1061, divorce, 1, 1, 3, 0.15, 8, 1, 0.801, True
9, 3, 6, 371, ttunilnf, 0, 1, 3, 0.15, 8, 1, 0.787, False
9, 3, 7, 524, itiasea, 0, 1, 4, 0.15, 8, 0, 0.742, True
9, 3, 8, 1270, useless, 1, 1, 4, 0.15, 8, 1, 0.526, True
9, 3, 9, 365, vvmeir, 0, 1, 3, 0.15, 8, 0, 0.761, True
9, 3, 10, 623, edtslf, 0, 1, 3, 0.15, 8, 0, 1.011, True
9, 3, 11, 1200, sad, 1, 1, 2, 0.15, 8, 0, 0.587, False
9, 3, 12, 1250, toothache, 1, 1, 3, 0.15, 8, 1, 1.955, True
9, 3, 13, 1269, urgent, 1, 1, 3, 0.15, 8, 1, 0.603, True
9, 3, 14, 477, cdhrib, 0, 1, 2, 0.15, 8, 0, 1.011, True
9, 3, 15, 1079, fever, 1, 1, 2, 0.15, 8, 0, 0.686, False
9, 3, 16, 1139, lie, 1, 1, 3, 0.15, 8, 1, 0.809, True
9, 3, 17, 1069, enraged, 1, 1, 3, 0.15, 8, 1, 0.875, True
9, 3, 18, 1097, grief, 1, 1, 2, 0.15, 8, 0, 0.841, False
9, 3, 19, 1217, slaughter, 1, 1, 3, 0.15, 8, 0, 1.139, False
9, 3, 20, 574, wfli, 0, 1, 4, 0.15, 8, 0, 1.003, True
9, 3, 21, 437, lrpp, 0, 1, 4, 0.15, 8, 0, 0.697, True
9, 3, 22, 1104, hardship, 1, 1, 3, 0.15, 8, 0, 1.382, False
9, 3, 23, 1181, poverty, 1, 1, 4, 0.15, 8, 1, 0.59, True
9, 3, 24, 552, sydsed, 0, 1, 4, 0.15, 8, 0, 0.921, True
9, 3, 25, 644, tgptea, 0, 1, 3, 0.15, 8, 1, 0.851, False
9, 3, 26, 1026, crisis, 1, 1, 4, 0.15, 8, 1, 0.627, True
9, 3, 27, 1274, victim, 1, 1, 4, 0.15, 8, 1, 0.486, True
9, 3, 28, 1004, bomb, 1, 1, 3, 0.15, 8, 0, 2.12, False
9, 3, 29, 993, avoid, 1, 1, 4, 0.15, 8, 1, 0.55, True
9, 3, 30, 379, rtvapfbt, 0, 1, 4, 0.15, 8, 0, 0.601, True
9, 3, 31, 519, lhisdog, 0, 1, 3, 0.15, 8, 0, 0.675, True
9, 3, 32, 1058, disloyal, 1, 1, 3, 0.15, 8, 0, 0.763, False
9, 3, 33, 1135, jealousy, 1, 1, 4, 0.15, 8, 1, 0.521, True
9, 3, 34, 1083, foul, 1, 1, 4, 0.15, 8, 1, 0.55, True
9, 3, 35, 1003, bloody, 1, 1, 3, 0.15, 8, 1, 0.646, True
9, 3, 36, 1178, pest, 1, 1, 3, 0.15, 8, 0, 0.889, False
9, 3, 37, 1193, revenge, 1, 1, 4, 0.15, 8, 1, 0.494, True
9, 3, 38, 1180, pollute, 1, 1, 4, 0.15, 8, 1, 0.566, True
9, 3, 39, 1228, starving, 1, 1, 3, 0.15, 8, 0, 2.984, False
9, 3, 40, 1130, insecure, 1, 1, 4, 0.15, 8, 1, 0.577, True
9, 3, 41, 1131, insult, 1, 1, 4, 0.15, 8, 1, 0.457, True
9, 3, 42, 491, dneictu, 0, 1, 3, 0.15, 8, 1, 0.55, False
9, 3, 43, 514, maspda, 0, 1, 4, 0.15, 8, 0, 0.584, True
9, 3, 44, 1210, shock, 1, 1, 4, 0.15, 8, 1, 0.515, True
9, 3, 45, 1076, fear, 1, 1, 3, 0.15, 8, 1, 0.715, True
9, 3, 46, 1251, tornado, 1, 1, 3, 0.15, 8, 0, 0.539, False
9, 3, 47, 409, istttcdc, 0, 1, 4, 0.15, 8, 0, 0.491, True
9, 3, 48, 1264, uneasy, 1, 1, 4, 0.15, 8, 1, 0.483, True
9, 3, 49, 1106, hate, 1, 1, 3, 0.15, 8, 1, 0.63, True
9, 4, 0, 64, burnriint, 0, 0, 4, 0.15, 8, 0, 2.182, True
9, 4, 1, 85, ocvy, 0, 0, 4, 0.15, 8, 0, 0.574, True
9, 4, 2, 203, ldra, 0, 0, 3, 0.15, 8, 0, 0.451, True
9, 4, 3, 793, heart, 1, 0, 3, 0.15, 8, 1, 0.513, True
9, 4, 4, 43, fceytcoe, 0, 0, 2, 0.15, 8, 0, 2.182, True
9, 4, 5, 823, knowledge, 1, 0, 2, 0.15, 8, 0, 0.745, False
9, 4, 6, 744, euphoric, 1, 0, 3, 0.15, 8, 1, 1.057, True
9, 4, 7, 923, sun, 1, 0, 3, 0.15, 8, 1, 0.998, True
9, 4, 8, 45, dgoe, 0, 0, 2, 0.15, 8, 0, 0.747, True
9, 4, 9, 920, star, 1, 0, 2, 0.15, 8, 0, 0.673, False
9, 4, 10, 304, vuflnuylh, 0, 0, 3, 0.15, 8, 0, 1.385, True
9, 4, 11, 78, efrtht, 0, 0, 3, 0.15, 8, 0, 0.833, True
9, 4, 12, 40, dmme, 0, 0, 2, 0.15, 8, 0, 0.582, True
9, 4, 13, 751, faithful, 1, 0, 2, 0.15, 8, 0, 0.617, False
9, 4, 14, 926, sunrise, 1, 0, 3, 0.15, 8, 1, 0.582, True
9, 4, 15, 145, aera, 0, 0, 3, 0.15, 8, 0, 2.363, True
9, 4, 16, 965, wish, 1, 0, 2, 0.15, 8, 0, 0.947, False
9, 4, 17, 185, rarfp, 0, 0, 3, 0.15, 8, 0, 0.787, True
9, 4, 18, 856, paradise, 1, 0, 3, 0.15, 8, 1, 0.595, True
9, 4, 19, 21, xeaab, 0, 0, 2, 0.15, 8, 0, 0.761, True
9, 4, 20, 73, imoioo, 0, 0, 2, 0.15, 8, 0, 0.913, True
9, 4, 21, 652, adorable, 1, 0, 1, 0.15, 8, 0, 0.755, False
9, 4, 22, 818, joyous, 1, 0, 2, 0.15, 8, 0, 1.721, False
9, 4, 23, 938, thrilled, 1, 0, 3, 0.15, 8, 1, 0.835, True
9, 4, 24, 25, ugurret, 0, 0, 3, 0.15, 8, 1, 0.795, False
9, 4, 25, 664, aroused, 1, 0, 4, 0.15, 8, 1, 0.462, True
9, 4, 26, 12, aayoti, 0, 0, 4, 0.15, 8, 0, 0.606, True
9, 4, 27, 239, hyclttb, 0, 0, 3, 0.15, 8, 0, 1.145, True
9, 4, 28, 118, tdteffliu, 0, 0, 3, 0.15, 8, 0, 0.814, True
9, 4, 29, 75, ynefgswp, 0, 0, 2, 0.15, 8, 0, 0.609, True
9, 4, 30, 671, benefit, 1, 0, 2, 0.15, 8, 0, 0.681, False
9, 4, 31, 238, poser, 0, 0, 3, 0.15, 8, 1, 0.915, False
9, 4, 32, 192, rubceicmc, 0, 0, 4, 0.15, 8, 0, 0.622, True
9, 4, 33, 846, mother, 1, 0, 4, 0.15, 8, 1, 0.526, True
9, 4, 34, 171, swbopm, 0, 0, 3, 0.15, 8, 0, 0.553, True
9, 4, 35, 242, ldeeoorl, 0, 0, 3, 0.15, 8, 0, 0.601, True
9, 4, 36, 170, bla, 0, 0, 2, 0.15, 8, 0, 0.849, True
9, 4, 37, 132, saslrnee, 0, 0, 2, 0.15, 8, 0, 0.777, True
9, 4, 38, 756, father, 1, 0, 1, 0.15, 8, 0, 0.785, False
9, 4, 39, 297, ootns, 0, 0, 2, 0.15, 8, 0, 1.39, True
9, 4, 40, 932, talent, 1, 0, 2, 0.15, 8, 0, 1.22, False
9, 4, 41, 194, evseae, 0, 0, 3, 0.15, 8, 0, 0.793, True
9, 4, 42, 797, holiday, 1, 0, 3, 0.15, 8, 1, 0.745, True
9, 4, 43, 839, medal, 1, 0, 2, 0.15, 8, 0, 3.166, False
9, 4, 44, 220, diecagcb, 0, 0, 3, 0.15, 8, 1, 2.985, False
9, 4, 45, 817, joyful, 1, 0, 4, 0.15, 8, 1, 0.531, True
9, 4, 46, 259, enfe, 0, 0, 4, 0.15, 8, 0, 0.499, True
9, 4, 47, 310, sucyaue, 0, 0, 3, 0.15, 8, 0, 0.921, True
9, 4, 48, 931, tactful, 1, 0, 3, 0.15, 8, 1, 0.867, True
9, 4, 49, 831, loyal, 1, 0, 2, 0.15, 8, 0, 1.265, False
9, 5, 0, 1153, menace, 1, 1, 4, 0.15, 8, 1, 0.574, True
9, 5, 1, 473, rcceafacs, 0, 1, 4, 0.15, 8, 0, 0.502, True
9, 5, 2, 1265, unfaithful, 1, 1, 3, 0.15, 8, 0, 0.475, False
9, 5, 3, 996, bankrupt, 1, 1, 4, 0.15, 8, 1, 0.43, True
9, 5, 4, 1214, sickness, 1, 1, 4, 0.15, 8, 1, 0.409, True
9, 5, 5, 1045, deserter, 1, 1, 3, 0.15, 8, 1, 0.635, True
9, 5, 6, 585, liaild, 0, 1, 3, 0.15, 8, 0, 2.075, True
9, 5, 7, 410, tntdfofemr, 0, 1, 2, 0.15, 8, 1, 1.273, False
9, 5, 8, 1284, wicked, 1, 1, 3, 0.15, 8, 1, 0.441, True
9, 5, 9, 417, fhdts, 0, 1, 3, 0.15, 8, 0, 0.755, True
9, 5, 10, 1282, weakness, 1, 1, 2, 0.15, 8, 0, 0.825, False
9, 5, 11, 490, etpieg, 0, 1, 3, 0.15, 8, 0, 3.905, True
9, 5, 12, 531, nlsbude, 0, 1, 3, 0.15, 8, 0, 0.977, True
9, 5, 13, 1173, panic, 1, 1, 2, 0.15, 8, 0, 0.82, False
9, 5, 14, 1288, worry, 1, 1, 3, 0.15, 8, 1, 0.553, True
9, 5, 15, 1262, ugly, 1, 1, 3, 0.15, 8, 1, 0.441, True
9, 5, 16, 1018, confused, 1, 1, 2, 0.15, 8, 0, 1.361, False
9, 5, 17, 462, lbnuns, 0, 1, 3, 0.15, 8, 0, 0.707, True
9, 5, 18, 1145, lost, 1, 1, 3, 0.15, 8, 1, 1.203, True
9, 5, 19, 1162, mutilate, 1, 1, 2, 0.15, 8, 0, 1.235, False
9, 5, 20, 1118, hostile, 1, 1, 3, 0.15, 8, 1, 0.507, True
9, 5, 21, 388, edlexd, 0, 1, 3, 0.15, 8, 1, 0.675, False
9, 5, 22, 540, acirreb, 0, 1, 4, 0.15, 8, 0, 0.574, True
9, 5, 23, 557, dsiaaw, 0, 1, 4, 0.15, 8, 0, 0.662, True
9, 5, 24, 1175, pathetic, 1, 1, 3, 0.15, 8, 0, 0.763, False
9, 5, 25, 567, pefu, 0, 1, 4, 0.15, 8, 0, 0.553, True
9, 5, 26, 453, teroaraehr, 0, 1, 4, 0.15, 8, 0, 0.523, True
9, 5, 27, 515, neetoeil, 0, 1, 3, 0.15, 8, 0, 1.238, True
9, 5, 28, 1007, brooding, 1, 1, 3, 0.15, 8, 1, 1.089, True
9, 5, 29, 1189, rape, 1, 1, 2, 0.15, 8, 0, 1.177, False
9, 5, 30, 1155, mistake, 1, 1, 3, 0.15, 8, 0, 0.71, False
9, 5, 31, 436, ascaovintr, 0, 1, 4, 0.15, 8, 0, 0.537, True
9, 5, 32, 324, sfspi, 0, 1, 4, 0.15, 8, 0, 0.473, True
9, 5, 33, 1009, burden, 1, 1, 3, 0.15, 8, 1, 0.648, True
9, 5, 34, 529, pwouloar, 0, 1, 3, 0.15, 8, 1, 0.443, False
9, 5, 35, 1249, tomb, 1, 1, 4, 0.15, 8, 0, 2.553, False
9, 5, 36, 1170, ominous, 1, 1, 5, 0.15, 8, 1, 0.558, True
9, 5, 37, 396, visuuiss, 0, 1, 5, 0.15, 8, 0, 0.582, True
9, 5, 38, 1110, hell, 1, 1, 4, 0.15, 8, 1, 0.478, True
9, 5, 39, 1075, fault, 1, 1, 4, 0.15, 8, 1, 0.435, True
9, 5, 40, 536, bsirlf, 0, 1, 3, 0.15, 8, 0, 1.451, True
9, 5, 41, 516, osnymoor, 0, 1, 3, 0.15, 8, 0, 0.481, True
9, 5, 42, 445, iskesoe, 0, 1, 2, 0.15, 8, 0, 0.593, True
9, 5, 43, 513, uteietdi, 0, 1, 2, 0.15, 8, 0, 2.07, True
9, 5, 44, 1227, spurned, 1, 1, 1, 0.15, 8, 0, 1.313, False
9, 5, 45, 1242, tension, 1, 1, 2, 0.15, 8, 0, 1.43, False
9, 5, 46, 335, illirenfas, 0, 1, 3, 0.15, 8, 0, 0.742, True
9, 5, 47, 355, alril, 0, 1, 3, 0.15, 8, 1, 1.131, False
9, 5, 48, 1037, death, 1, 1, 4, 0.15, 8, 1, 0.531, True
9, 5, 49, 1005, bored, 1, 1, 4, 0.15, 8, 0, 0.755, False
9, 6, 0, 661, angel, 1, 0, 4, 0.15, 8, 1, 0.587, True
9, 6, 1, 716, dazzle, 1, 0, 4, 0.15, 8, 1, 0.438, True
9, 6, 2, 6, iuoflily, 0, 0, 3, 0.15, 8, 1, 1.409, False
9, 6, 3, 907, skijump, 1, 0, 4, 0.15, 8, 0, 0.414, False
9, 6, 4, 745, excellence, 1, 0, 5, 0.15, 8, 1, 0.616, True
9, 6, 5, 676, blossom, 1, 0, 5, 0.15, 8, 1, 0.363, True
9, 6, 6, 106, loty, 0, 0, 4, 0.15, 8, 1, 0.425, False
9, 6, 7, 909, sleep, 1, 0, 5, 0.15, 8, 1, 0.662, True
9, 6, 8, 691, cash, 1, 0, 5, 0.15, 8, 1, 0.401, True
9, 6, 9, 136, iomu, 0, 0, 4, 0.15, 8, 1, 1.318, False
9, 6, 10, 796, hero, 1, 0, 5, 0.15, 8, 1, 0.422, True
9, 6, 11, 227, ipapte, 0, 0, 5, 0.15, 8, 0, 0.513, True
9, 6, 12, 120, figi, 0, 0, 4, 0.15, 8, 1, 0.571, False
9, 6, 13, 88, hntenho, 0, 0, 5, 0.15, 8, 0, 0.486, True
9, 6, 14, 679, bride, 1, 0, 5, 0.15, 8, 1, 0.43, True
9, 6, 15, 850, ocean, 1, 0, 4, 0.15, 8, 1, 0.761, True
9, 6, 16, 775, gift, 1, 0, 4, 0.15, 8, 1, 0.47, True
9, 6, 17, 26, yese, 0, 0, 3, 0.15, 8, 0, 1.302, True
9, 6, 18, 93, adloger, 0, 0, 3, 0.15, 8, 0, 1.003, True
9, 6, 19, 783, graceful, 1, 0, 2, 0.15, 8, 0, 0.691, False
9, 6, 20, 200, tepses, 0, 0, 3, 0.15, 8, 0, 0.577, True
9, 6, 21, 688, car, 1, 0, 3, 0.15, 8, 0, 0.726, False
9, 6, 22, 777, glad, 1, 0, 4, 0.15, 8, 0, 0.747, False
9, 6, 23, 143, muans, 0, 0, 5, 0.15, 8, 0, 0.553, True
9, 6, 24, 844, miraculous, 1, 0, 5, 0.15, 8, 1, 0.622, True
9, 6, 25, 300, ealmri, 0, 0, 4, 0.15, 8, 0, 0.558, True
9, 6, 26, 298, atrysna, 0, 0, 4, 0.15, 8, 0, 0.451, True
9, 6, 27, 936, thoughtful, 1, 0, 3, 0.15, 8, 0, 0.848, False
9, 6, 28, 30, kvcnkne, 0, 0, 4, 0.15, 8, 0, 0.558, True
9, 6, 29, 908, sky, 1, 0, 4, 0.15, 8, 1, 0.467, True
9, 6, 30, 275, ntulre, 0, 0, 3, 0.15, 8, 0, 1.091, True
9, 6, 31, 706, confident, 1, 0, 3, 0.15, 8, 0, 0.513, False
9, 6, 32, 828, life, 1, 0, 4, 0.15, 8, 1, 0.555, True
9, 6, 33, 236, rotat, 0, 0, 4, 0.15, 8, 0, 0.59, True
9, 6, 34, 216, esucfd, 0, 0, 3, 0.15, 8, 0, 1.094, True
9, 6, 35, 922, success, 1, 0, 3, 0.15, 8, 1, 0.563, True
9, 6, 36, 96, rareueieksta, 0, 0, 2, 0.15, 8, 1, 0.675, False
9, 6, 37, 662, applause, 1, 0, 3, 0.15, 8, 0, 0.875, False
9, 6, 38, 814, joke, 1, 0, 4, 0.15, 8, 1, 0.462, True
9, 6, 39, 912, snuggle, 1, 0, 4, 0.15, 8, 1, 0.446, True
9, 6, 40, 760, flirt, 1, 0, 3, 0.15, 8, 0, 0.744, False
9, 6, 41, 87, rlt, 0, 0, 4, 0.15, 8, 0, 0.899, True
9, 6, 42, 270, lrmgdrs, 0, 0, 4, 0.15, 8, 0, 0.539, True
9, 6, 43, 272, oroobi, 0, 0, 3, 0.15, 8, 0, 1.513, True
9, 6, 44, 36, tsresu, 0, 0, 3, 0.15, 8, 1, 0.553, False
9, 6, 45, 866, pleasant, 1, 0, 4, 0.15, 8, 1, 0.395, True
9, 6, 46, 948, trust, 1, 0, 4, 0.15, 8, 1, 0.43, True
9, 6, 47, 708, cool, 1, 0, 3, 0.15, 8, 1, 0.454, True
9, 6, 48, 694, champ, 1, 0, 3, 0.15, 8, 1, 0.419, True
9, 6, 49, 915, soothe, 1, 0, 2, 0.15, 8, 0, 0.966, False
9, 7, 0, 1279, war, 1, 1, 4, 0.15, 8, 1, 0.505, True
9, 7, 1, 535, asdcner, 0, 1, 4, 0.15, 8, 0, 0.547, True
9, 7, 2, 1094, glum, 1, 1, 3, 0.15, 8, 0, 1.795, False
9, 7, 3, 427, iucrsno, 0, 1, 4, 0.15, 8, 0, 0.542, True
9, 7, 4, 1215, sin, 1, 1, 4, 0.15, 8, 0, 0.798, False
9, 7, 5, 479, abuipod, 0, 1, 5, 0.15, 8, 0, 0.822, True
9, 7, 6, 1271, vandal, 1, 1, 5, 0.15, 8, 1, 0.849, True
9, 7, 7, 1081, flabby, 1, 1, 4, 0.15, 8, 1, 1.358, True
9, 7, 8, 1255, traitor, 1, 1, 4, 0.15, 8, 1, 0.723, True
9, 7, 9, 592, pcicscem, 0, 1, 3, 0.15, 8, 0, 0.934, True
9, 7, 10, 353, fssaearia, 0, 1, 3, 0.15, 8, 0, 0.803, True
9, 7, 11, 507, eeimau, 0, 1, 2, 0.15, 8, 0, 0.771, True
9, 7, 12, 988, anxiety, 1, 1, 2, 0.15, 8, 0, 0.702, False
9, 7, 13, 590, ousftui, 0, 1, 3, 0.15, 8, 0, 1.403, True
9, 7, 14, 456, nll, 0, 1, 3, 0.15, 8, 0, 0.886, True
9, 7, 15, 1042, dejected, 1, 1, 2, 0.15, 8, 0, 0.726, False
9, 7, 16, 527, dtgae, 0, 1, 3, 0.15, 8, 0, 0.569, True
9, 7, 17, 1244, terrified, 1, 1, 3, 0.15, 8, 0, 1.259, False
9, 7, 18, 1260, troubled, 1, 1, 4, 0.15, 8, 1, 0.507, True
9, 7, 19, 1108, hatred, 1, 1, 4, 0.15, 8, 1, 0.422, True
9, 7, 20, 375, dwtnm, 0, 1, 3, 0.15, 8, 0, 0.539, True
9, 7, 21, 483, adhton, 0, 1, 3, 0.15, 8, 0, 0.729, True
9, 7, 22, 1203, scared, 1, 1, 2, 0.15, 8, 0, 0.713, False
9, 7, 23, 633, toc, 0, 1, 3, 0.15, 8, 1, 1.241, False
9, 7, 24, 351, lrmgld, 0, 1, 4, 0.15, 8, 0, 0.582, True
9, 7, 25, 617, eeeml, 0, 1, 4, 0.15, 8, 0, 0.654, True
9, 7, 26, 982, alone, 1, 1, 3, 0.15, 8, 0, 0.531, False
9, 7, 27, 997, betray, 1, 1, 4, 0.15, 8, 1, 0.531, True
9, 7, 28, 480, wattteooe, 0, 1, 4, 0.15, 8, 0, 1.075, True
9, 7, 29, 618, eenrph, 0, 1, 3, 0.15, 8, 0, 1.019, True
9, 7, 30, 980, alcoholic, 1, 1, 3, 0.15, 8, 0, 0.825, False
9, 7, 31, 1059, displeased, 1, 1, 4, 0.15, 8, 1, 0.499, True
9, 7, 32, 1166, nightmare, 1, 1, 4, 0.15, 8, 1, 0.459, True
9, 7, 33, 1072, execution, 1, 1, 3, 0.15, 8, 1, 0.473, True
9, 7, 34, 482, ndgeel, 0, 1, 3, 0.15, 8, 0, 0.616, True
9, 7, 35, 364, indagnbe, 0, 1, 2, 0.15, 8, 0, 1.059, True
9, 7, 36, 1186, quarrel, 1, 1, 2, 0.15, 8, 1, 1.478, True
9, 7, 37, 598, geoepaart, 0, 1, 1, 0.15, 8, 0, 1.163, True
9, 7, 38, 1109, headache, 1, 1, 1, 0.15, 8, 0, 0.609, False
9, 7, 39, 360, eratmm, 0, 1, 2, 0.15, 8, 0, 0.729, True
9, 7, 40, 518, ounpeo, 0, 1, 2, 0.15, 8, 0, 1.801, True
9, 7, 41, 543, mned, 0, 1, 1, 0.15, 8, 0, 0.51, True
9, 7, 42, 1091, garbage, 1, 1, 1, 0.15, 8, 0, 0.497, False
9, 7, 43, 442, pciisor, 0, 1, 2, 0.15, 8, 0, 0.611, True
9, 7, 44, 370, rietlo, 0, 1, 2, 0.15, 8, 0, 0.846, True
9, 7, 45, 1144, loss, 1, 1, 1, 0.15, 8, 0, 0.675, False
9, 7, 46, 1100, guilt, 1, 1, 2, 0.15, 8, 0, 0.601, False
9, 7, 47, 546, ieleoelo, 0, 1, 3, 0.15, 8, 0, 2.067, True
9, 7, 48, 981, alienation, 1, 1, 3, 0.15, 8, 0, 0.931, False
9, 7, 49, 1230, stress, 1, 1, 4, 0.15, 8, 1, 0.483, True
9, 8, 0, 98, iyiniorr, 0, 0, 4, 0.15, 8, 0, 0.598, True
9, 8, 1, 962, wedding, 1, 0, 4, 0.15, 8, 1, 0.531, True
9, 8, 2, 934, terrific, 1, 0, 3, 0.15, 8, 0, 0.945, False
9, 8, 3, 197, obsagaaoiel, 0, 0, 4, 0.15, 8, 0, 1.379, True
9, 8, 4, 670, beloved, 1, 0, 4, 0.15, 8, 1, 0.443, True
9, 8, 5, 223, snaexaal, 0, 0, 3, 0.15, 8, 0, 1.11, True
9, 8, 6, 63, uofcch, 0, 0, 3, 0.15, 8, 0, 0.518, True
9, 8, 7, 301, eseh, 0, 0, 2, 0.15, 8, 0, 0.75, True
9, 8, 8, 53, cereoitec, 0, 0, 2, 0.15, 8, 1, 0.707, False
9, 8, 9, 888, relieved, 1, 0, 3, 0.15, 8, 1, 0.531, True
9, 8, 10, 305, rrlaeemyrd, 0, 0, 3, 0.15, 8, 1, 0.705, False
9, 8, 11, 164, cadogfepusa, 0, 0, 4, 0.15, 8, 0, 0.563, True
9, 8, 12, 266, iaadlin, 0, 0, 4, 0.15, 8, 0, 0.521, True
9, 8, 13, 175, ecnu, 0, 0, 3, 0.15, 8, 0, 1.731, True
9, 8, 14, 290, oeeueetroo, 0, 0, 3, 0.15, 8, 0, 0.561, True
9, 8, 15, 883, puppy, 1, 0, 2, 0.15, 8, 0, 0.529, False
9, 8, 16, 784, graduate, 1, 0, 3, 0.15, 8, 1, 1.019, True
9, 8, 17, 658, amazed, 1, 0, 3, 0.15, 8, 1, 0.553, True
9, 8, 18, 792, healthy, 1, 0, 2, 0.15, 8, 0, 0.966, False
9, 8, 19, 318, iioe, 0, 0, 3, 0.15, 8, 0, 0.777, True
9, 8, 20, 937, thrill, 1, 0, 3, 0.15, 8, 1, 0.678, True
9, 8, 21, 897, romantic, 1, 0, 2, 0.15, 8, 0, 1.63, False
9, 8, 22, 736, elated, 1, 0, 3, 0.15, 8, 1, 0.582, True
9, 8, 23, 881, proud, 1, 0, 3, 0.15, 8, 1, 1.307, True
9, 8, 24, 289, etaenhac, 0, 0, 2, 0.15, 8, 1, 1.649, False
9, 8, 25, 724, dinner, 1, 0, 3, 0.15, 8, 1, 0.459, True
9, 8, 26, 959, warmth, 1, 0, 3, 0.15, 8, 1, 0.425, True
9, 8, 27, 852, orgasm, 1, 0, 2, 0.15, 8, 1, 0.59, True
9, 8, 28, 836, luxury, 1, 0, 2, 0.15, 8, 0, 2.067, False
9, 8, 29, 246, ebavthnppr, 0, 0, 3, 0.15, 8, 1, 0.691, False
9, 8, 30, 789, happy, 1, 0, 4, 0.15, 8, 1, 0.385, True
9, 8, 31, 951, untroubled, 1, 0, 4, 0.15, 8, 1, 0.531, True
9, 8, 32, 942, treasure, 1, 0, 3, 0.15, 8, 1, 0.417, True
9, 8, 33, 830, love, 1, 0, 3, 0.15, 8, 1, 0.326, True
9, 8, 34, 103, beoiotst, 0, 0, 2, 0.15, 8, 0, 1.558, True
9, 8, 35, 750, extravert, 1, 0, 2, 0.15, 8, 0, 0.734, False
9, 8, 36, 307, saeemlea, 0, 0, 3, 0.15, 8, 0, 1.715, True
9, 8, 37, 51, eesfkeuo, 0, 0, 3, 0.15, 8, 1, 1.547, False
9, 8, 38, 139, snrer, 0, 0, 4, 0.15, 8, 0, 0.518, True
9, 8, 39, 680, bright, 1, 0, 4, 0.15, 8, 0, 0.371, False
9, 8, 40, 279, gemrs, 0, 0, 5, 0.15, 8, 1, 1.862, False
9, 8, 41, 69, onfuer, 0, 0, 6, 0.15, 8, 0, 0.515, True
9, 8, 42, 882, proud, 1, 0, 6, 0.15, 8, 1, 0.435, True
9, 8, 43, 851, optimism, 1, 0, 5, 0.15, 8, 1, 0.481, True
9, 8, 44, 737, elegant, 1, 0, 5, 0.15, 8, 1, 0.313, True
9, 8, 45, 82, giwap, 0, 0, 4, 0.15, 8, 0, 0.475, True
9, 8, 46, 781, gold, 1, 0, 4, 0.15, 8, 1, 0.574, True
9, 8, 47, 4, alfenn, 0, 0, 3, 0.15, 8, 0, 1.875, True
9, 8, 48, 151, newlcud, 0, 0, 3, 0.15, 8, 0, 1.339, True
9, 8, 49, 693, celebrate, 1, 0, 2, 0.15, 8, 1, 1.894, True
9, 9, 0, 494, niripeciei, 0, 1, 4, 0.15, 8, 0, 0.601, True
9, 9, 1, 538, rlo, 0, 1, 4, 0.15, 8, 0, 0.55, True
9, 9, 2, 534, eespbhs, 0, 1, 3, 0.15, 8, 0, 0.47, True
9, 9, 3, 1196, roach, 1, 1, 3, 0.15, 8, 0, 0.502, False
9, 9, 4, 591, eepmucnvrf, 0, 1, 4, 0.15, 8, 0, 0.542, True
9, 9, 5, 419, siher, 0, 1, 4, 0.15, 8, 0, 0.926, True
9, 9, 6, 542, selo, 0, 1, 3, 0.15, 8, 0, 0.921, True
9, 9, 7, 579, hliisv, 0, 1, 3, 0.15, 8, 0, 0.531, True
9, 9, 8, 1105, harm, 1, 1, 2, 0.15, 8, 0, 0.574, False
9, 9, 9, 555, pyollrei, 0, 1, 3, 0.15, 8, 0, 0.563, True
9, 9, 10, 337, szomscdsr, 0, 1, 3, 0.15, 8, 0, 0.454, True
9, 9, 11, 1238, syphilis, 1, 1, 2, 0.15, 8, 0, 0.481, False
9, 9, 12, 999, blackmail, 1, 1, 3, 0.15, 8, 0, 0.451, False
9, 9, 13, 1031, crushed, 1, 1, 4, 0.15, 8, 1, 0.563, True
9, 9, 14, 629, gnmtrtts, 0, 1, 4, 0.15, 8, 0, 0.553, True
9, 9, 15, 395, aegtrtir, 0, 1, 3, 0.15, 8, 0, 0.473, True
9, 9, 16, 1259, trouble, 1, 1, 3, 0.15, 8, 1, 0.585, True
9, 9, 17, 596, thnairp, 0, 1, 2, 0.15, 8, 0, 0.766, True
9, 9, 18, 975, ache, 1, 1, 2, 0.15, 8, 1, 0.918, True
9, 9, 19, 503, veddfcb, 0, 1, 1, 0.15, 8, 0, 1.371, True
9, 9, 20, 1134, jail, 1, 1, 1, 0.15, 8, 0, 0.779, False
9, 9, 21, 984, anger, 1, 1, 2, 0.15, 8, 0, 1.59, False
9, 9, 22, 1022, crash, 1, 1, 3, 0.15, 8, 1, 0.518, True
9, 9, 23, 1204, scorn, 1, 1, 3, 0.15, 8, 1, 0.56, True
9, 9, 24, 1082, foreboding, 1, 1, 2, 0.15, 8, 0, 1.169, False
9, 9, 25, 641, roh, 0, 1, 3, 0.15, 8, 0, 0.635, True
9, 9, 26, 550, aipbp, 0, 1, 3, 0.15, 8, 0, 0.555, True
9, 9, 27, 1133, isolated, 1, 1, 2, 0.15, 8, 1, 3.017, True
9, 9, 28, 1245, terror, 1, 1, 2, 0.15, 8, 0, 0.723, False
9, 9, 29, 575, meioetca, 0, 1, 3, 0.15, 8, 0, 0.71, True
9, 9, 30, 1017, conflict, 1, 1, 3, 0.15, 8, 0, 0.87, False
9, 9, 31, 630, eeodauo, 0, 1, 4, 0.15, 8, 0, 0.633, True
9, 9, 32, 1044, depressed, 1, 1, 4, 0.15, 8, 1, 0.699, True
9, 9, 33, 387, akcie, 0, 1, 3, 0.15, 8, 0, 0.873, True
9, 9, 34, 329, igli, 0, 1, 3, 0.15, 8, 0, 0.569, True
9, 9, 35, 1028, crude, 1, 1, 2, 0.15, 8, 0, 0.665, False
9, 9, 36, 554, vtt, 0, 1, 3, 0.15, 8, 0, 0.593, True
9, 9, 37, 599, syueog, 0, 1, 3, 0.15, 8, 0, 0.601, True
9, 9, 38, 979, agony, 1, 1, 2, 0.15, 8, 0, 0.593, False
9, 9, 39, 446, ntsei, 0, 1, 3, 0.15, 8, 0, 0.665, True
9, 9, 40, 435, rigmad, 0, 1, 3, 0.15, 8, 0, 0.529, True
9, 9, 41, 1020, coward, 1, 1, 2, 0.15, 8, 0, 0.585, False
9, 9, 42, 361, edrnorio, 0, 1, 3, 0.15, 8, 0, 0.577, True
9, 9, 43, 1032, cry, 1, 1, 3, 0.15, 8, 1, 0.582, True
9, 9, 44, 1063, doubt, 1, 1, 2, 0.15, 8, 0, 1.289, False
9, 9, 45, 622, lyuro, 0, 1, 3, 0.15, 8, 0, 1.291, True
9, 9, 46, 352, lopoit, 0, 1, 3, 0.15, 8, 0, 0.801, True
9, 9, 47, 362, tnssnm, 0, 1, 2, 0.15, 8, 0, 0.689, True
9, 9, 48, 354, ihreo, 0, 1, 2, 0.15, 8, 0, 0.585, True
9, 9, 49, 377, yibho, 0, 1, 1, 0.15, 8, 0, 0.619, True
9, 10, 0, 41, lrsntad, 0, 0, 4, 0.15, 8, 0, 0.832, True
9, 10, 1, 311, sapiarer, 0, 0, 4, 0.15, 8, 0, 3.691, True
9, 10, 2, 755, fascinate, 1, 0, 3, 0.15, 8, 0, 0.72, False
9, 10, 3, 211, ussmf, 0, 0, 4, 0.15, 8, 0, 0.518, True
9, 10, 4, 714, dancer, 1, 0, 4, 0.15, 8, 1, 0.627, True
9, 10, 5, 276, tlrdous, 0, 0, 3, 0.15, 8, 0, 1.283, True
9, 10, 6, 52, wssus, 0, 0, 3, 0.15, 8, 0, 0.566, True
9, 10, 7, 101, anssfee, 0, 0, 2, 0.15, 8, 0, 0.518, True
9, 10, 8, 950, unselfish, 1, 0, 2, 0.15, 8, 0, 0.574, False
9, 10, 9, 672, bird, 1, 0, 3, 0.15, 8, 0, 0.579, False
9, 10, 10, 838, masterful, 1, 0, 4, 0.15, 8, 1, 0.619, True
9, 10, 11, 905, sexy, 1, 0, 4, 0.15, 8, 1, 0.427, True
9, 10, 12, 173, gwaiuwu, 0, 0, 3, 0.15, 8, 1, 1.971, False
9, 10, 13, 165, nueyuica, 0, 0, 4, 0.15, 8, 0, 0.579, True
9, 10, 14, 768, freshness, 1, 0, 4, 0.15, 8, 1, 0.635, True
9, 10, 15, 184, piut, 0, 0, 3, 0.15, 8, 0, 0.939, True
9, 10, 16, 208, fvsgeseaslr, 0, 0, 3, 0.15, 8, 0, 0.713, True
9, 10, 17, 848, nature, 1, 0, 2, 0.15, 8, 0, 0.662, False
9, 10, 18, 126, casek, 0, 0, 3, 0.15, 8, 0, 0.763, True
9, 10, 19, 102, lcaeuuaixi, 0, 0, 3, 0.15, 8, 1, 1.366, False
9, 10, 20, 721, devotion, 1, 0, 4, 0.15, 8, 1, 0.715, True
9, 10, 21, 84, lcotu, 0, 0, 4, 0.15, 8, 0, 0.638, True
9, 10, 22, 718, dependable, 1, 0, 3, 0.15, 8, 1, 0.769, True
9, 10, 23, 966, witty, 1, 0, 3, 0.15, 8, 1, 0.955, True
9, 10, 24, 149, doaufio, 0, 0, 2, 0.15, 8, 0, 0.905, True
9, 10, 25, 156, eoineem, 0, 0, 2, 0.15, 8, 0, 0.638, True
9, 10, 26, 705, compliment, 1, 0, 1, 0.15, 8, 0, 0.795, False
9, 10, 27, 114, kdntg, 0, 0, 2, 0.15, 8, 0, 0.617, True
9, 10, 28, 79, ucsoosm, 0, 0, 2, 0.15, 8, 0, 0.531, True
9, 10, 29, 10, iiifermut, 0, 0, 1, 0.15, 8, 0, 0.891, True
9, 10, 30, 303, gondatme, 0, 0, 1, 0.15, 8, 0, 0.571, True
9, 10, 31, 885, rainbow, 1, 0, 1, 0.15, 8, 0, 0.635, False
9, 10, 32, 774, gentle, 1, 0, 2, 0.15, 8, 1, 1.065, True
9, 10, 33, 892, respectful, 1, 0, 2, 0.15, 8, 0, 2.286, False
9, 10, 34, 62, egid, 0, 0, 3, 0.15, 8, 1, 1.097, False
9, 10, 35, 163, saeepsyn, 0, 0, 4, 0.15, 8, 1, 0.617, False
9, 10, 36, 834, lust, 1, 0, 5, 0.15, 8, 1, 0.395, True
9, 10, 37, 690, caress, 1, 0, 5, 0.15, 8, 1, 0.561, True
9, 10, 38, 204, sgytl, 0, 0, 4, 0.15, 8, 0, 0.614, True
9, 10, 39, 293, ohreueou, 0, 0, 4, 0.15, 8, 0, 0.55, True
9, 10, 40, 857, party, 1, 0, 3, 0.15, 8, 1, 0.662, True
9, 10, 41, 730, earth, 1, 0, 3, 0.15, 8, 1, 0.811, True
9, 10, 42, 71, tcpntbasy, 0, 0, 2, 0.15, 8, 0, 0.846, True
9, 10, 43, 766, free, 1, 0, 2, 0.15, 8, 0, 1.046, False
9, 10, 44, 0, usfwjteit, 0, 0, 3, 0.15, 8, 1, 1.449, False
9, 10, 45, 70, tbegpt, 0, 0, 4, 0.15, 8, 0, 0.686, True
9, 10, 46, 896, rollercoaster, 1, 0, 4, 0.15, 8, 1, 0.587, True
9, 10, 47, 207, iurlgyse, 0, 0, 3, 0.15, 8, 0, 1.139, True
9, 10, 48, 906, silly, 1, 0, 3, 0.15, 8, 0, 0.665, False
9, 10, 49, 16, auwkteib, 0, 0, 4, 0.15, 8, 0, 0.627, True
9, 11, 0, 626, srtau, 0, 1, 4, 0.15, 8, 0, 0.595, True
9, 11, 1, 497, rtoda, 0, 1, 4, 0.15, 8, 0, 0.782, True
9, 11, 2, 969, abduction, 1, 1, 3, 0.15, 8, 0, 0.715, False
9, 11, 3, 1185, putrid, 1, 1, 4, 0.15, 8, 0, 0.75, False
9, 11, 4, 600, noorrjebt, 0, 1, 5, 0.15, 8, 0, 0.715, True
9, 11, 5, 1055, disaster, 1, 1, 5, 0.15, 8, 1, 0.561, True
9, 11, 6, 344, nseotdst, 0, 1, 4, 0.15, 8, 0, 0.806, True
9, 11, 7, 1142, lose, 1, 1, 4, 0.15, 8, 1, 0.987, True
9, 11, 8, 1102, gun, 1, 1, 3, 0.15, 8, 1, 0.675, True
9, 11, 9, 570, neri, 0, 1, 3, 0.15, 8, 0, 0.731, True
9, 11, 10, 390, eisa, 0, 1, 2, 0.15, 8, 0, 0.622, True
9, 11, 11, 1243, terrible, 1, 1, 2, 0.15, 8, 0, 0.569, False
9, 11, 12, 1276, violent, 1, 1, 3, 0.15, 8, 1, 0.651, True
9, 11, 13, 1191, rejected, 1, 1, 3, 0.15, 8, 1, 0.913, True
9, 11, 14, 1024, crime, 1, 1, 2, 0.15, 8, 0, 1.35, False
9, 11, 15, 643, pihtr, 0, 1, 3, 0.15, 8, 0, 0.662, True
9, 11, 16, 636, bsduahif, 0, 1, 3, 0.15, 8, 0, 0.555, True
9, 11, 17, 1156, moody, 1, 1, 2, 0.15, 8, 0, 0.809, False
9, 11, 18, 393, rlreos, 0, 1, 3, 0.15, 8, 0, 0.523, True
9, 11, 19, 1098, gripe, 1, 1, 3, 0.15, 8, 1, 0.582, True
9, 11, 20, 1182, prison, 1, 1, 2, 0.15, 8, 0, 1.433, False
9, 11, 21, 1010, burdened, 1, 1, 3, 0.15, 8, 1, 0.809, True
9, 11, 22, 620, auresrs, 0, 1, 3, 0.15, 8, 0, 1.307, True
9, 11, 23, 1068, enemy, 1, 1, 2, 0.15, 8, 0, 0.833, False
9, 11, 24, 336, arlec, 0, 1, 3, 0.15, 8, 0, 0.745, True
9, 11, 25, 1168, obstinate, 1, 1, 3, 0.15, 8, 0, 1.041, False
9, 11, 26, 1124, infection, 1, 1, 4, 0.15, 8, 1, 0.694, True
9, 11, 27, 359, aadeh, 0, 1, 4, 0.15, 8, 0, 0.614, True
9, 11, 28, 1266, unhappy, 1, 1, 3, 0.15, 8, 1, 0.531, True
9, 11, 29, 1254, tragic, 1, 1, 3, 0.15, 8, 1, 0.705, True
9, 11, 30, 1198, rotten, 1, 1, 2, 0.15, 8, 0, 1.182, False
9, 11, 31, 1123, incite, 1, 1, 3, 0.15, 8, 1, 0.603, True
9, 11, 32, 1001, bleed, 1, 1, 3, 0.15, 8, 1, 0.694, True
9, 11, 33, 1187, rabies, 1, 1, 2, 0.15, 8, 0, 0.641, False
9, 11, 34, 463, iaccecei, 0, 1, 3, 0.15, 8, 1, 2.275, False
9, 11, 35, 372, botiseee, 0, 1, 4, 0.15, 8, 0, 0.702, True
9, 11, 36, 408, ilficeidae, 0, 1, 4, 0.15, 8, 0, 1.326, True
9, 11, 37, 332, ridroipgdf, 0, 1, 3, 0.15, 8, 0, 0.665, True
9, 11, 38, 1225, spider, 1, 1, 3, 0.15, 8, 1, 0.576, True
9, 11, 39, 602, wvvuua, 0, 1, 2, 0.15, 8, 0, 0.675, True
9, 11, 40, 493, oso, 0, 1, 2, 0.15, 8, 0, 0.569, True
9, 11, 41, 328, rcgi, 0, 1, 1, 0.15, 8, 0, 0.63, True
9, 11, 42, 1163, neglect, 1, 1, 1, 0.15, 8, 0, 1.137, False
9, 11, 43, 1048, despise, 1, 1, 2, 0.15, 8, 0, 0.627, False
9, 11, 44, 1041, deformed, 1, 1, 3, 0.15, 8, 1, 0.803, True
9, 11, 45, 1056, discomfort, 1, 1, 3, 0.15, 8, 1, 0.87, True
9, 11, 46, 424, yrld, 0, 1, 2, 0.15, 8, 0, 1.123, True
9, 11, 47, 1234, suffocate, 1, 1, 2, 0.15, 8, 1, 0.723, True
9, 11, 48, 1164, nerves, 1, 1, 1, 0.15, 8, 0, 1.377, False
9, 11, 49, 572, nrurt, 0, 1, 2, 0.15, 8, 0, 0.899, True
