3, 0, 0, 41, lrsntad, 0, 0, 6, 0.35, 8, 1, 0.944, False
3, 0, 1, 895, riches, 1, 0, 7, 0.35, 8, 1, 0.875, True
3, 0, 2, 193, cdgul, 0, 0, 7, 0.35, 8, 0, 0.758, True
3, 0, 3, 700, circus, 1, 0, 6, 0.35, 8, 1, 0.68, True
3, 0, 4, 246, ebavthnppr, 0, 0, 6, 0.35, 8, 0, 0.731, True
3, 0, 5, 865, pious, 1, 0, 5, 0.35, 8, 1, 0.771, True
3, 0, 6, 877, promise, 1, 0, 5, 0.35, 8, 1, 0.738, True
3, 0, 7, 913, soft, 1, 0, 4, 0.35, 8, 1, 0.666, True
3, 0, 8, 867, pleased, 1, 0, 4, 0.35, 8, 1, 0.773, True
3, 0, 9, 36, tsresu, 0, 0, 3, 0.35, 8, 0, 1.235, True
3, 0, 10, 203, ldra, 0, 0, 3, 0.35, 8, 0, 0.842, True
3, 0, 11, 40, dmme, 0, 0, 2, 0.35, 8, 0, 1.186, True
3, 0, 12, 904, sex, 1, 0, 2, 0.35, 8, 1, 1.056, True
3, 0, 13, 875, profit, 1, 0, 1, 0.35, 8, 0, 0.704, False
3, 0, 14, 30, kvcnkne, 0, 0, 2, 0.35, 8, 0, 1.098, True
3, 0, 15, 130, rsuteg, 0, 0, 2, 0.35, 8, 0, 1.349, True
3, 0, 16, 870, politeness, 1, 0, 1, 0.35, 8, 0, 1.2, False
3, 0, 17, 194, evseae, 0, 0, 2, 0.35, 8, 0, 1.84, True
3, 0, 18, 125, som, 0, 0, 2, 0.35, 8, 0, 2.352, True
3, 0, 19, 652, adorable, 1, 0, 1, 0.35, 8, 0, 1.619, False
3, 0, 20, 142, etdrevrci, 0, 0, 2, 0.35, 8, 0, 1.509, True
3, 0, 21, 2, gurlagrtlce, 0, 0, 2, 0.35, 8, 1, 1.283, False
3, 0, 22, 160, omeefac, 0, 0, 3, 0.35, 8, 0, 1.077, True
3, 0, 23, 858, passion, 1, 0, 3, 0.35, 8, 1, 0.781, True
3, 0, 24, 112, uklipasgr, 0, 0, 2, 0.35, 8, 0, 1.688, True
3, 0, 25, 962, wedding, 1, 0, 2, 0.35, 8, 1, 1.368, True
3, 0, 26, 17, digtar, 0, 0, 1, 0.35, 8, 0, 1.477, True
3, 0, 27, 827, liberty, 1, 0, 1, 0.35, 8, 0, 0.907, False
3, 0, 28, 931, tactful, 1, 0, 2, 0.35, 8, 0, 1.2, False
3, 0, 29, 901, savior, 1, 0, 3, 0.35, 8, 1, 0.931, True
3, 0, 30, 779, glory, 1, 0, 3, 0.35, 8, 1, 0.861, True
3, 0, 31, 200, tepses, 0, 0, 2, 0.35, 8, 0, 1.192, True
3, 0, 32, 187, oearrrgg, 0, 0, 2, 0.35, 8, 0, 1.429, True
3, 0, 33, 276, tlrdous, 0, 0, 1, 0.35, 8, 0, 1.216, True
3, 0, 34, 737, elegant, 1, 0, 1, 0.35, 8, 0, 1.136, False
3, 0, 35, 701, color, 1, 0, 2, 0.35, 8, 1, 1.01, True
3, 0, 36, 115, rsxangthdta, 0, 0, 2, 0.35, 8, 0, 0.666, True
3, 0, 37, 220, diecagcb, 0, 0, 1, 0.35, 8, 0, 0.989, True
3, 0, 38, 868, pleasure, 1, 0, 1, 0.35, 8, 0, 1.2, False
3, 0, 39, 922, success, 1, 0, 2, 0.35, 8, 1, 0.96, True
3, 0, 40, 850, ocean, 1, 0, 2, 0.35, 8, 1, 1.072, True
3, 0, 41, 96, rareueieksta, 0, 0, 1, 0.35, 8, 0, 1.346, True
3, 0, 42, 763, food, 1, 0, 1, 0.35, 8, 0, 0.861, False
3, 0, 43, 298, atrysna, 0, 0, 2, 0.35, 8, 0, 0.824, True
3, 0, 44, 27, nwtpelgr, 0, 0, 2, 0.35, 8, 0, 0.65, True
3, 0, 45, 736, elated, 1, 0, 1, 0.35, 8, 0, 1.016, False
3, 0, 46, 767, freedom, 1, 0, 2, 0.35, 8, 1, 0.802, True
3, 0, 47, 107, slfdna, 0, 0, 2, 0.35, 8, 0, 0.786, True
3, 0, 48, 685, cake, 1, 0, 1, 0.35, 8, 0, 0.781, False
3, 0, 49, 146, lsetalo, 0, 0, 2, 0.35, 8, 0, 0.904, True
3, 1, 0, 584, tlbjsu, 0, 1, 6, 0.35, 8, 0, 0.856, True
3, 1, 1, 1161, murderer, 1, 1, 6, 0.35, 8, 1, 0.862, True
3, 1, 2, 1062, doom, 1, 1, 5, 0.35, 8, 1, 0.72, True
3, 1, 3, 1183, punish, 1, 1, 5, 0.35, 8, 1, 1.576, True
3, 1, 4, 547, iluantl, 0, 1, 4, 0.35, 8, 0, 0.76, True
3, 1, 5, 454, dtmef, 0, 1, 4, 0.35, 8, 0, 0.87, True
3, 1, 6, 601, tpxet, 0, 1, 3, 0.35, 8, 0, 0.837, True
3, 1, 7, 540, acirreb, 0, 1, 3, 0.35, 8, 0, 0.909, True
3, 1, 8, 609, sniciea, 0, 1, 2, 0.35, 8, 0, 1.48, True
3, 1, 9, 405, erriso, 0, 1, 2, 0.35, 8, 0, 0.832, True
3, 1, 10, 1233, suffering, 1, 1, 1, 0.35, 8, 0, 0.642, False
3, 1, 11, 642, eehsr, 0, 1, 2, 0.35, 8, 0, 1.122, True
3, 1, 12, 1202, scapegoat, 1, 1, 2, 0.35, 8, 1, 0.915, True
3, 1, 13, 1038, debt, 1, 1, 1, 0.35, 8, 0, 1.429, False
3, 1, 14, 1078, feeble, 1, 1, 2, 0.35, 8, 1, 0.915, True
3, 1, 15, 1148, maggot, 1, 1, 2, 0.35, 8, 1, 0.904, True
3, 1, 16, 536, bsirlf, 0, 1, 1, 0.35, 8, 0, 1.32, True
3, 1, 17, 562, ueabbl, 0, 1, 1, 0.35, 8, 0, 1.277, True
3, 1, 18, 1258, trauma, 1, 1, 0, 0.35, 8, 1, 51.621, True
3, 1, 19, 1140, loneliness, 1, 1, 0, 0.35, 8, 1, 20.626, True
3, 1, 20, 573, oofso, 0, 1, -1, 0.35, 8, 0, 1.608, True
3, 1, 21, 1123, incite, 1, 1, -1, 0.35, 8, 1, 1.28, True
3, 1, 22, 553, slpe, 0, 1, -2, 0.35, 8, 0, 5.048, True
3, 1, 23, 1166, nightmare, 1, 1, -2, 0.35, 8, 0, 4.064, False
3, 1, 24, 992, assault, 1, 1, -1, 0.35, 8, 1, 4.963, True
3, 1, 25, 1206, seasick, 1, 1, -1, 0.35, 8, 1, 0.89, True
3, 1, 26, 1134, jail, 1, 1, -2, 0.35, 8, 0, 3.363, False
3, 1, 27, 1198, rotten, 1, 1, -1, 0.35, 8, 1, 0.65, True
3, 1, 28, 1223, sore, 1, 1, -1, 0.35, 8, 1, 0.803, True
3, 1, 29, 455, asolnn, 0, 1, -2, 0.35, 8, 1, 2.123, False
3, 1, 30, 567, pefu, 0, 1, -1, 0.35, 8, 0, 0.907, True
3, 1, 31, 374, rcfltt, 0, 1, -1, 0.35, 8, 0, 1.048, True
3, 1, 32, 468, niaabdso, 0, 1, -2, 0.35, 8, 0, 1.456, True
3, 1, 33, 1239, tears, 1, 1, -2, 0.35, 8, 0, 1.818, False
3, 1, 34, 388, edlexd, 0, 1, -1, 0.35, 8, 0, 1.213, True
3, 1, 35, 1022, crash, 1, 1, -1, 0.35, 8, 0, 0.76, False
3, 1, 36, 1164, nerves, 1, 1, 0, 0.35, 8, 1, 2.234, True
3, 1, 37, 420, erf, 0, 1, 0, 0.35, 8, 0, 1.122, True
3, 1, 38, 1193, revenge, 1, 1, -1, 0.35, 8, 1, 0.747, True
3, 1, 39, 1195, risk, 1, 1, -1, 0.35, 8, 1, 0.744, True
3, 1, 40, 1254, tragic, 1, 1, -2, 0.35, 8, 0, 1.365, False
3, 1, 41, 1085, fright, 1, 1, -1, 0.35, 8, 1, 1.101, True
3, 1, 42, 467, rce, 0, 1, -1, 0.35, 8, 0, 0.848, True
3, 1, 43, 984, anger, 1, 1, -2, 0.35, 8, 0, 16.96, False
3, 1, 44, 364, indagnbe, 0, 1, -1, 0.35, 8, 0, 2.568, True
3, 1, 45, 598, geoepaart, 0, 1, -1, 0.35, 8, 0, 0.848, True
3, 1, 46, 1006, broken, 1, 1, -2, 0.35, 8, 1, 1.232, True
3, 1, 47, 1286, withdrawn, 1, 1, -2, 0.35, 8, 0, 1.517, False
3, 1, 48, 1236, surgery, 1, 1, -1, 0.35, 8, 1, 1.893, True
3, 1, 49, 466, rhshavo, 0, 1, -1, 0.35, 8, 0, 0.76, True
3, 2, 0, 255, tcesao, 0, 0, 6, 0.35, 8, 0, 0.76, True
3, 2, 1, 216, esucfd, 0, 0, 6, 0.35, 8, 0, 0.794, True
3, 2, 2, 892, respectful, 1, 0, 5, 0.35, 8, 1, 0.72, True
3, 2, 3, 711, cozy, 1, 0, 5, 0.35, 8, 1, 0.792, True
3, 2, 4, 59, gnlgrmpabr, 0, 0, 4, 0.35, 8, 0, 0.73, True
3, 2, 5, 13, aswytoeu, 0, 0, 4, 0.35, 8, 0, 1.04, True
3, 2, 6, 265, comp, 0, 0, 3, 0.35, 8, 1, 1.65, False
3, 2, 7, 671, benefit, 1, 0, 4, 0.35, 8, 1, 0.608, True
3, 2, 8, 939, tolerant, 1, 0, 4, 0.35, 8, 1, 1.101, True
3, 2, 9, 195, ruofrdqm, 0, 0, 3, 0.35, 8, 0, 0.747, True
3, 2, 10, 8, adrwrdunr, 0, 0, 3, 0.35, 8, 0, 0.643, True
3, 2, 11, 114, kdntg, 0, 0, 2, 0.35, 8, 1, 1.298, False
3, 2, 12, 141, ridegnow, 0, 0, 3, 0.35, 8, 1, 0.936, False
3, 2, 13, 54, searlt, 0, 0, 4, 0.35, 8, 1, 0.696, False
3, 2, 14, 280, hthetmr, 0, 0, 5, 0.35, 8, 0, 0.794, True
3, 2, 15, 739, engaged, 1, 0, 5, 0.35, 8, 1, 0.56, True
3, 2, 16, 272, oroobi, 0, 0, 4, 0.35, 8, 0, 0.549, True
3, 2, 17, 267, rsmt, 0, 0, 4, 0.35, 8, 0, 0.552, True
3, 2, 18, 314, lesidtios, 0, 0, 3, 0.35, 8, 1, 0.904, False
3, 2, 19, 717, delighted, 1, 0, 4, 0.35, 8, 1, 0.928, True
3, 2, 20, 223, snaexaal, 0, 0, 4, 0.35, 8, 0, 0.877, True
3, 2, 21, 704, comfortable, 1, 0, 3, 0.35, 8, 1, 0.605, True
3, 2, 22, 706, confident, 1, 0, 3, 0.35, 8, 1, 0.552, True
3, 2, 23, 273, elhblae, 0, 0, 2, 0.35, 8, 0, 0.661, True
3, 2, 24, 301, eseh, 0, 0, 2, 0.35, 8, 0, 1.64, True
3, 2, 25, 830, love, 1, 0, 1, 0.35, 8, 0, 0.797, False
3, 2, 26, 759, flawless, 1, 0, 2, 0.35, 8, 1, 0.795, True
3, 2, 27, 105, iucelast, 0, 0, 2, 0.35, 8, 0, 1.72, True
3, 2, 28, 781, gold, 1, 0, 1, 0.35, 8, 0, 0.958, False
3, 2, 29, 761, flourishing, 1, 0, 2, 0.35, 8, 1, 0.749, True
3, 2, 30, 924, sunlight, 1, 0, 2, 0.35, 8, 0, 1.154, False
3, 2, 31, 34, eutipa, 0, 0, 3, 0.35, 8, 1, 0.73, False
3, 2, 32, 905, sexy, 1, 0, 4, 0.35, 8, 1, 0.544, True
3, 2, 33, 97, ereety, 0, 0, 4, 0.35, 8, 0, 1.424, True
3, 2, 34, 217, aesaegiyvn, 0, 0, 3, 0.35, 8, 0, 0.672, True
3, 2, 35, 835, luxurious, 1, 0, 3, 0.35, 8, 1, 0.616, True
3, 2, 36, 878, promotion, 1, 0, 2, 0.35, 8, 1, 1.555, True
3, 2, 37, 308, eeimuocse, 0, 0, 2, 0.35, 8, 0, 0.744, True
3, 2, 38, 199, gupmm, 0, 0, 1, 0.35, 8, 0, 0.744, True
3, 2, 39, 951, untroubled, 1, 0, 1, 0.35, 8, 0, 1.016, False
3, 2, 40, 167, gulsamck, 0, 0, 2, 0.35, 8, 1, 0.883, False
3, 2, 41, 322, jnckuryfk, 0, 0, 3, 0.35, 8, 0, 0.661, True
3, 2, 42, 165, nueyuica, 0, 0, 3, 0.35, 8, 1, 0.731, False
3, 2, 43, 6, iuoflily, 0, 0, 4, 0.35, 8, 0, 0.944, True
3, 2, 44, 313, ndsgor, 0, 0, 4, 0.35, 8, 0, 0.672, True
3, 2, 45, 917, spouse, 1, 0, 3, 0.35, 8, 1, 0.536, True
3, 2, 46, 233, rtiteldmh, 0, 0, 3, 0.35, 8, 0, 0.901, True
3, 2, 47, 876, progress, 1, 0, 2, 0.35, 8, 1, 0.536, True
3, 2, 48, 768, freshness, 1, 0, 2, 0.35, 8, 1, 0.675, True
3, 2, 49, 675, bliss, 1, 0, 1, 0.35, 8, 0, 1.589, False
3, 3, 0, 373, eriuhs, 0, 1, 6, 0.35, 8, 0, 0.728, True
3, 3, 1, 532, hrci, 0, 1, 6, 0.35, 8, 0, 0.53, True
3, 3, 2, 1060, distressed, 1, 1, 5, 0.35, 8, 1, 0.547, True
3, 3, 3, 478, wrlhtklsy, 0, 1, 5, 0.35, 8, 1, 1.4, False
3, 3, 4, 1187, rabies, 1, 1, 6, 0.35, 8, 1, 0.651, True
3, 3, 5, 368, ibeatreh, 0, 1, 6, 0.35, 8, 0, 1.029, True
3, 3, 6, 324, sfspi, 0, 1, 5, 0.35, 8, 0, 0.619, True
3, 3, 7, 968, abandoned, 1, 1, 5, 0.35, 8, 1, 0.493, True
3, 3, 8, 329, igli, 0, 1, 4, 0.35, 8, 0, 0.789, True
3, 3, 9, 430, obem, 0, 1, 4, 0.35, 8, 1, 1.128, False
3, 3, 10, 586, hiorta, 0, 1, 5, 0.35, 8, 0, 0.88, True
3, 3, 11, 423, lnsditd, 0, 1, 5, 0.35, 8, 0, 0.68, True
3, 3, 12, 634, ntoxedc, 0, 1, 4, 0.35, 8, 0, 0.661, True
3, 3, 13, 1002, blister, 1, 1, 4, 0.35, 8, 1, 0.557, True
3, 3, 14, 336, arlec, 0, 1, 3, 0.35, 8, 0, 0.781, True
3, 3, 15, 1267, unwanted, 1, 1, 3, 0.35, 8, 1, 0.586, True
3, 3, 16, 450, iuoes, 0, 1, 2, 0.35, 8, 0, 0.623, True
3, 3, 17, 529, pwouloar, 0, 1, 2, 0.35, 8, 0, 0.938, True
3, 3, 18, 469, rcsueteo, 0, 1, 1, 0.35, 8, 0, 0.818, True
3, 3, 19, 490, etpieg, 0, 1, 1, 0.35, 8, 0, 1.49, True
3, 3, 20, 366, rovl, 0, 1, 0, 0.35, 8, 0, 5.656, True
3, 3, 21, 403, mfiefom, 0, 1, 0, 0.35, 8, 0, 1.501, True
3, 3, 22, 502, sltien, 0, 1, -1, 0.35, 8, 0, 2.288, True
3, 3, 23, 1124, infection, 1, 1, -1, 0.35, 8, 1, 0.656, True
3, 3, 24, 1081, flabby, 1, 1, -2, 0.35, 8, 0, 1.162, False
3, 3, 25, 549, hohf, 0, 1, -1, 0.35, 8, 0, 0.618, True
3, 3, 26, 970, abuse, 1, 1, -1, 0.35, 8, 1, 0.765, True
3, 3, 27, 402, tluimnn, 0, 1, -2, 0.35, 8, 1, 0.877, False
3, 3, 28, 383, lress, 0, 1, -1, 0.35, 8, 0, 1.122, True
3, 3, 29, 1210, shock, 1, 1, -1, 0.35, 8, 1, 1.29, True
3, 3, 30, 323, sgyesrtiu, 0, 1, -2, 0.35, 8, 0, 1.042, True
3, 3, 31, 1099, guillotine, 1, 1, -2, 0.35, 8, 0, 1.594, False
3, 3, 32, 635, dshhs, 0, 1, -1, 0.35, 8, 0, 0.688, True
3, 3, 33, 1152, measles, 1, 1, -1, 0.35, 8, 1, 0.912, True
3, 3, 34, 613, etcaceg, 0, 1, -2, 0.35, 8, 0, 0.525, True
3, 3, 35, 1120, hurt, 1, 1, -2, 0.35, 8, 1, 0.877, True
3, 3, 36, 427, iucrsno, 0, 1, -3, 0.35, 8, 1, 1.474, False
3, 3, 37, 1275, violence, 1, 1, -2, 0.35, 8, 0, 0.768, False
3, 3, 38, 548, nire, 0, 1, -1, 0.35, 8, 0, 0.752, True
3, 3, 39, 523, soeaec, 0, 1, -1, 0.35, 8, 0, 1.277, True
3, 3, 40, 334, aduovyanc, 0, 1, -2, 0.35, 8, 1, 0.677, False
3, 3, 41, 518, ounpeo, 0, 1, -1, 0.35, 8, 0, 1.41, True
3, 3, 42, 1107, hateful, 1, 1, -1, 0.35, 8, 1, 0.629, True
3, 3, 43, 611, eaonm, 0, 1, -2, 0.35, 8, 0, 0.65, True
3, 3, 44, 554, vtt, 0, 1, -2, 0.35, 8, 0, 0.533, True
3, 3, 45, 530, uioletl, 0, 1, -3, 0.35, 8, 0, 0.616, True
3, 3, 46, 1274, victim, 1, 1, -3, 0.35, 8, 0, 0.458, False
3, 3, 47, 462, lbnuns, 0, 1, -2, 0.35, 8, 1, 0.589, False
3, 3, 48, 551, plnrtd, 0, 1, -1, 0.35, 8, 0, 0.65, True
3, 3, 49, 411, hhtmtfnnh, 0, 1, -1, 0.35, 8, 0, 0.757, True
3, 4, 0, 782, good, 1, 0, 6, 0.35, 8, 1, 1.645, True
3, 4, 1, 792, healthy, 1, 0, 6, 0.35, 8, 1, 0.527, True
3, 4, 2, 61, etadoeapecdic, 0, 0, 5, 0.35, 8, 0, 0.608, True
3, 4, 3, 863, perfection, 1, 0, 5, 0.35, 8, 1, 0.496, True
3, 4, 4, 934, terrific, 1, 0, 4, 0.35, 8, 1, 0.504, True
3, 4, 5, 884, quiet, 1, 0, 4, 0.35, 8, 1, 0.544, True
3, 4, 6, 891, respect, 1, 0, 3, 0.35, 8, 1, 0.544, True
3, 4, 7, 960, waterfall, 1, 0, 3, 0.35, 8, 1, 0.445, True
3, 4, 8, 808, improve, 1, 0, 2, 0.35, 8, 1, 0.613, True
3, 4, 9, 769, friend, 1, 0, 2, 0.35, 8, 0, 0.768, False
3, 4, 10, 676, blossom, 1, 0, 3, 0.35, 8, 1, 0.49, True
3, 4, 11, 799, honest, 1, 0, 3, 0.35, 8, 1, 0.736, True
3, 4, 12, 941, travel, 1, 0, 2, 0.35, 8, 1, 0.866, True
3, 4, 13, 846, mother, 1, 0, 2, 0.35, 8, 1, 0.624, True
3, 4, 14, 31, mfisuae, 0, 0, 1, 0.35, 8, 0, 0.568, True
3, 4, 15, 815, jolly, 1, 0, 1, 0.35, 8, 0, 0.581, False
3, 4, 16, 268, aaia, 0, 0, 2, 0.35, 8, 1, 0.648, False
3, 4, 17, 857, party, 1, 0, 3, 0.35, 8, 1, 0.586, True
3, 4, 18, 853, outdoors, 1, 0, 3, 0.35, 8, 1, 0.642, True
3, 4, 19, 653, adventure, 1, 0, 2, 0.35, 8, 1, 0.562, True
3, 4, 20, 266, iaadlin, 0, 0, 2, 0.35, 8, 0, 1.026, True
3, 4, 21, 730, earth, 1, 0, 1, 0.35, 8, 0, 0.605, False
3, 4, 22, 775, gift, 1, 0, 2, 0.35, 8, 1, 0.549, True
3, 4, 23, 205, avemigse, 0, 0, 2, 0.35, 8, 0, 0.962, True
3, 4, 24, 274, bchb, 0, 0, 1, 0.35, 8, 0, 0.512, True
3, 4, 25, 732, easygoing, 1, 0, 1, 0.35, 8, 0, 0.738, False
3, 4, 26, 794, heaven, 1, 0, 2, 0.35, 8, 1, 1.045, True
3, 4, 27, 829, lively, 1, 0, 2, 0.35, 8, 0, 0.805, False
3, 4, 28, 724, dinner, 1, 0, 3, 0.35, 8, 1, 0.616, True
3, 4, 29, 734, ecstasy, 1, 0, 3, 0.35, 8, 1, 0.853, True
3, 4, 30, 247, hlgr, 0, 0, 2, 0.35, 8, 0, 1.247, True
3, 4, 31, 22, deihdoaul, 0, 0, 2, 0.35, 8, 0, 0.712, True
3, 4, 32, 923, sun, 1, 0, 1, 0.35, 8, 0, 1.458, False
3, 4, 33, 938, thrilled, 1, 0, 2, 0.35, 8, 0, 0.901, False
3, 4, 34, 726, dog, 1, 0, 3, 0.35, 8, 1, 0.474, True
3, 4, 35, 189, aartrnopt, 0, 0, 3, 0.35, 8, 1, 0.602, False
3, 4, 36, 135, aigr, 0, 0, 4, 0.35, 8, 0, 0.664, True
3, 4, 37, 134, uyh, 0, 0, 4, 0.35, 8, 0, 0.898, True
3, 4, 38, 708, cool, 1, 0, 3, 0.35, 8, 1, 0.696, True
3, 4, 39, 16, auwkteib, 0, 0, 3, 0.35, 8, 0, 0.565, True
3, 4, 40, 57, entafii, 0, 0, 2, 0.35, 8, 0, 0.965, True
3, 4, 41, 841, memories, 1, 0, 2, 0.35, 8, 1, 0.613, True
3, 4, 42, 109, ibitsriox, 0, 0, 1, 0.35, 8, 1, 1.469, False
3, 4, 43, 14, frefiy, 0, 0, 2, 0.35, 8, 0, 0.658, True
3, 4, 44, 720, devoted, 1, 0, 2, 0.35, 8, 1, 0.613, True
3, 4, 45, 920, star, 1, 0, 1, 0.35, 8, 0, 0.797, False
3, 4, 46, 145, aera, 0, 0, 2, 0.35, 8, 0, 0.778, True
3, 4, 47, 822, kiss, 1, 0, 2, 0.35, 8, 1, 0.613, True
3, 4, 48, 198, nuoafdghni, 0, 0, 1, 0.35, 8, 0, 0.653, True
3, 4, 49, 694, champ, 1, 0, 1, 0.35, 8, 0, 0.541, False
3, 5, 0, 442, pciisor, 0, 1, 6, 0.35, 8, 0, 0.696, True
3, 5, 1, 1204, scorn, 1, 1, 6, 0.35, 8, 1, 0.397, True
3, 5, 2, 1205, scum, 1, 1, 5, 0.35, 8, 1, 0.626, True
3, 5, 3, 488, erhn, 0, 1, 5, 0.35, 8, 0, 0.6, True
3, 5, 4, 357, rolepe, 0, 1, 4, 0.35, 8, 0, 0.757, True
3, 5, 5, 1184, pus, 1, 1, 4, 0.35, 8, 1, 0.864, True
3, 5, 6, 1279, war, 1, 1, 3, 0.35, 8, 1, 0.752, True
3, 5, 7, 1155, mistake, 1, 1, 3, 0.35, 8, 1, 0.568, True
3, 5, 8, 1065, drown, 1, 1, 2, 0.35, 8, 1, 0.536, True
3, 5, 9, 350, lhepepse, 0, 1, 2, 0.35, 8, 0, 0.85, True
3, 5, 10, 980, alcoholic, 1, 1, 1, 0.35, 8, 0, 2.026, False
3, 5, 11, 517, huehpos, 0, 1, 2, 0.35, 8, 1, 1.456, False
3, 5, 12, 1135, jealousy, 1, 1, 3, 0.35, 8, 1, 0.901, True
3, 5, 13, 392, ndua, 0, 1, 3, 0.35, 8, 0, 1.338, True
3, 5, 14, 1035, danger, 1, 1, 2, 0.35, 8, 1, 0.597, True
3, 5, 15, 510, rnsrs, 0, 1, 2, 0.35, 8, 0, 0.602, True
3, 5, 16, 439, eaikhh, 0, 1, 1, 0.35, 8, 0, 0.8, True
3, 5, 17, 1224, sorry, 1, 1, 1, 0.35, 8, 0, 1.437, False
3, 5, 18, 1266, unhappy, 1, 1, 2, 0.35, 8, 1, 0.746, True
3, 5, 19, 1039, deceit, 1, 1, 2, 0.35, 8, 1, 0.655, True
3, 5, 20, 640, shuauuquu, 0, 1, 1, 0.35, 8, 0, 0.768, True
3, 5, 21, 1167, obesity, 1, 1, 1, 0.35, 8, 0, 1.333, False
3, 5, 22, 1209, shame, 1, 1, 2, 0.35, 8, 1, 0.512, True
3, 5, 23, 1009, burden, 1, 1, 2, 0.35, 8, 1, 0.789, True
3, 5, 24, 386, ans, 0, 1, 1, 0.35, 8, 1, 0.528, False
3, 5, 25, 338, afrto, 0, 1, 2, 0.35, 8, 0, 1.112, True
3, 5, 26, 990, arrogant, 1, 1, 2, 0.35, 8, 1, 0.837, True
3, 5, 27, 1141, lonely, 1, 1, 1, 0.35, 8, 0, 0.52, False
3, 5, 28, 426, ogceupync, 0, 1, 2, 0.35, 8, 1, 0.671, False
3, 5, 29, 511, drdarh, 0, 1, 3, 0.35, 8, 1, 0.664, False
3, 5, 30, 550, aipbp, 0, 1, 4, 0.35, 8, 0, 0.688, True
3, 5, 31, 628, oniaca, 0, 1, 4, 0.35, 8, 0, 0.733, True
3, 5, 32, 1073, failure, 1, 1, 3, 0.35, 8, 1, 0.706, True
3, 5, 33, 477, cdhrib, 0, 1, 3, 0.35, 8, 0, 0.578, True
3, 5, 34, 1248, threat, 1, 1, 2, 0.35, 8, 1, 0.773, True
3, 5, 35, 1285, widowed, 1, 1, 2, 0.35, 8, 0, 1.024, False
3, 5, 36, 359, aadeh, 0, 1, 3, 0.35, 8, 0, 0.543, True
3, 5, 37, 583, nsityy, 0, 1, 3, 0.35, 8, 1, 0.605, False
3, 5, 38, 1054, disappoint, 1, 1, 4, 0.35, 8, 1, 0.474, True
3, 5, 39, 602, wvvuua, 0, 1, 4, 0.35, 8, 0, 0.525, True
3, 5, 40, 413, shtcuauedo, 0, 1, 3, 0.35, 8, 1, 0.52, False
3, 5, 41, 378, pieey, 0, 1, 4, 0.35, 8, 0, 0.741, True
3, 5, 42, 637, rrrip, 0, 1, 4, 0.35, 8, 0, 0.573, True
3, 5, 43, 1091, garbage, 1, 1, 3, 0.35, 8, 1, 0.546, True
3, 5, 44, 1238, syphilis, 1, 1, 3, 0.35, 8, 1, 0.578, True
3, 5, 45, 1255, traitor, 1, 1, 2, 0.35, 8, 0, 1.333, False
3, 5, 46, 526, arls, 0, 1, 3, 0.35, 8, 0, 0.85, True
3, 5, 47, 606, tsihsri, 0, 1, 3, 0.35, 8, 0, 0.573, True
3, 5, 48, 422, lsrii, 0, 1, 2, 0.35, 8, 0, 0.704, True
3, 5, 49, 326, ooajsaig, 0, 1, 2, 0.35, 8, 0, 0.541, True
3, 6, 0, 889, relieved, 1, 0, 6, 0.35, 8, 1, 0.65, True
3, 6, 1, 663, ardent, 1, 0, 6, 0.35, 8, 0, 0.648, False
3, 6, 2, 806, imagine, 1, 0, 7, 0.35, 8, 1, 0.469, True
3, 6, 3, 232, iniitgars, 0, 0, 7, 0.35, 8, 0, 0.544, True
3, 6, 4, 269, weaoct, 0, 0, 6, 0.35, 8, 0, 1.016, True
3, 6, 5, 157, molia, 0, 0, 6, 0.35, 8, 0, 0.605, True
3, 6, 6, 655, affectionate, 1, 0, 5, 0.35, 8, 1, 0.685, True
3, 6, 7, 943, treat, 1, 0, 5, 0.35, 8, 1, 0.429, True
3, 6, 8, 851, optimism, 1, 0, 4, 0.35, 8, 1, 0.536, True
3, 6, 9, 646, abundance, 1, 0, 4, 0.35, 8, 1, 0.536, True
3, 6, 10, 819, justice, 1, 0, 3, 0.35, 8, 1, 0.533, True
3, 6, 11, 305, rrlaeemyrd, 0, 0, 3, 0.35, 8, 0, 0.675, True
3, 6, 12, 957, vitality, 1, 0, 2, 0.35, 8, 0, 0.712, False
3, 6, 13, 945, triumphant, 1, 0, 3, 0.35, 8, 1, 0.808, True
3, 6, 14, 832, lucky, 1, 0, 3, 0.35, 8, 1, 0.698, True
3, 6, 15, 754, fantasy, 1, 0, 2, 0.35, 8, 1, 0.565, True
3, 6, 16, 309, rihtorgt, 0, 0, 2, 0.35, 8, 0, 0.517, True
3, 6, 17, 936, thoughtful, 1, 0, 1, 0.35, 8, 0, 0.568, False
3, 6, 18, 796, hero, 1, 0, 2, 0.35, 8, 1, 0.679, True
3, 6, 19, 656, agreeable, 1, 0, 2, 0.35, 8, 0, 0.88, False
3, 6, 20, 300, ealmri, 0, 0, 3, 0.35, 8, 0, 0.722, True
3, 6, 21, 106, loty, 0, 0, 3, 0.35, 8, 1, 0.469, False
3, 6, 22, 874, priceless, 1, 0, 4, 0.35, 8, 1, 0.6, True
3, 6, 23, 649, admirable, 1, 0, 4, 0.35, 8, 0, 1.189, False
3, 6, 24, 214, ntefe, 0, 0, 5, 0.35, 8, 0, 0.506, True
3, 6, 25, 681, brother, 1, 0, 5, 0.35, 8, 1, 0.568, True
3, 6, 26, 286, elteal, 0, 0, 4, 0.35, 8, 1, 0.989, False
3, 6, 27, 296, krdirfay, 0, 0, 5, 0.35, 8, 0, 0.65, True
3, 6, 28, 218, eieaeu, 0, 0, 5, 0.35, 8, 0, 0.546, True
3, 6, 29, 102, lcaeuuaixi, 0, 0, 4, 0.35, 8, 0, 0.453, True
3, 6, 30, 72, rjthslesrv, 0, 0, 4, 0.35, 8, 0, 0.469, True
3, 6, 31, 801, hope, 1, 0, 3, 0.35, 8, 1, 0.597, True
3, 6, 32, 86, racotmmer, 0, 0, 3, 0.35, 8, 0, 0.525, True
3, 6, 33, 805, humor, 1, 0, 2, 0.35, 8, 1, 0.693, True
3, 6, 34, 262, eto, 0, 0, 2, 0.35, 8, 0, 0.447, True
3, 6, 35, 721, devotion, 1, 0, 1, 0.35, 8, 0, 0.885, False
3, 6, 36, 215, elirsaoe, 0, 0, 2, 0.35, 8, 1, 0.549, False
3, 6, 37, 241, ltimecg, 0, 0, 3, 0.35, 8, 0, 0.581, True
3, 6, 38, 184, piut, 0, 0, 3, 0.35, 8, 1, 0.891, False
3, 6, 39, 44, vsinme, 0, 0, 4, 0.35, 8, 0, 0.72, True
3, 6, 40, 741, enjoyment, 1, 0, 4, 0.35, 8, 1, 0.853, True
3, 6, 41, 271, egrous, 0, 0, 3, 0.35, 8, 0, 0.866, True
3, 6, 42, 861, peaceful, 1, 0, 3, 0.35, 8, 1, 0.642, True
3, 6, 43, 659, ambition, 1, 0, 2, 0.35, 8, 1, 0.626, True
3, 6, 44, 299, oobuseeusd, 0, 0, 2, 0.35, 8, 0, 0.48, True
3, 6, 45, 277, eav, 0, 0, 1, 0.35, 8, 0, 0.573, True
3, 6, 46, 161, ritaseecr, 0, 0, 1, 0.35, 8, 0, 0.525, True
3, 6, 47, 251, efkrrbyu, 0, 0, 0, 0.35, 8, 0, 4.032, True
3, 6, 48, 49, nsnihtcn, 0, 0, 0, 0.35, 8, 0, 0.672, True
3, 6, 49, 254, ohdsndeah, 0, 0, -1, 0.35, 8, 0, 2.141, True
3, 7, 0, 1263, ulcer, 1, 1, 6, 0.35, 8, 1, 1.069, True
3, 7, 1, 1213, sick, 1, 1, 6, 0.35, 8, 1, 0.445, True
3, 7, 2, 1042, dejected, 1, 1, 5, 0.35, 8, 1, 0.509, True
3, 7, 3, 486, cmtreeci, 0, 1, 5, 0.35, 8, 0, 0.65, True
3, 7, 4, 560, bianufh, 0, 1, 4, 0.35, 8, 0, 0.56, True
3, 7, 5, 456, nll, 0, 1, 4, 0.35, 8, 1, 0.981, False
3, 7, 6, 1100, guilt, 1, 1, 5, 0.35, 8, 1, 0.4, True
3, 7, 7, 1072, execution, 1, 1, 5, 0.35, 8, 1, 0.456, True
3, 7, 8, 1032, cry, 1, 1, 4, 0.35, 8, 1, 0.44, True
3, 7, 9, 1031, crushed, 1, 1, 4, 0.35, 8, 1, 0.373, True
3, 7, 10, 524, itiasea, 0, 1, 3, 0.35, 8, 0, 0.594, True
3, 7, 11, 1188, rage, 1, 1, 3, 0.35, 8, 1, 0.602, True
3, 7, 12, 589, ehensle, 0, 1, 2, 0.35, 8, 1, 1.586, False
3, 7, 13, 997, betray, 1, 1, 3, 0.35, 8, 1, 0.499, True
3, 7, 14, 1047, desperate, 1, 1, 3, 0.35, 8, 1, 0.68, True
3, 7, 15, 1046, despair, 1, 1, 2, 0.35, 8, 1, 1.264, True
3, 7, 16, 1214, sickness, 1, 1, 2, 0.35, 8, 0, 1.117, False
3, 7, 17, 1037, death, 1, 1, 3, 0.35, 8, 1, 0.493, True
3, 7, 18, 1207, selfish, 1, 1, 3, 0.35, 8, 1, 0.546, True
3, 7, 19, 615, ulsre, 0, 1, 2, 0.35, 8, 0, 1.568, True
3, 7, 20, 590, ousftui, 0, 1, 2, 0.35, 8, 0, 0.632, True
3, 7, 21, 1096, greed, 1, 1, 1, 0.35, 8, 0, 0.418, False
3, 7, 22, 1008, brutal, 1, 1, 2, 0.35, 8, 0, 0.885, False
3, 7, 23, 1191, rejected, 1, 1, 3, 0.35, 8, 1, 0.872, True
3, 7, 24, 552, sydsed, 0, 1, 3, 0.35, 8, 0, 0.696, True
3, 7, 25, 1253, tragedy, 1, 1, 2, 0.35, 8, 1, 0.658, True
3, 7, 26, 1102, gun, 1, 1, 2, 0.35, 8, 1, 0.693, True
3, 7, 27, 996, bankrupt, 1, 1, 1, 0.35, 8, 0, 0.685, False
3, 7, 28, 1067, embarrassed, 1, 1, 2, 0.35, 8, 0, 0.373, False
3, 7, 29, 1094, glum, 1, 1, 3, 0.35, 8, 1, 0.61, True
3, 7, 30, 489, lsnguier, 0, 1, 3, 0.35, 8, 0, 0.8, True
3, 7, 31, 1080, filth, 1, 1, 2, 0.35, 8, 1, 0.959, True
3, 7, 32, 636, bsduahif, 0, 1, 2, 0.35, 8, 0, 0.528, True
3, 7, 33, 1024, crime, 1, 1, 1, 0.35, 8, 0, 0.517, False
3, 7, 34, 1235, suicide, 1, 1, 2, 0.35, 8, 1, 0.762, True
3, 7, 35, 1127, inhibit, 1, 1, 2, 0.35, 8, 0, 0.77, False
3, 7, 36, 1234, suffocate, 1, 1, 3, 0.35, 8, 1, 0.653, True
3, 7, 37, 627, rgegfna, 0, 1, 3, 0.35, 8, 0, 0.93, True
3, 7, 38, 500, euirf, 0, 1, 2, 0.35, 8, 0, 1.498, True
3, 7, 39, 1097, grief, 1, 1, 2, 0.35, 8, 1, 0.773, True
3, 7, 40, 1162, mutilate, 1, 1, 1, 0.35, 8, 0, 0.573, False
3, 7, 41, 1158, morgue, 1, 1, 2, 0.35, 8, 0, 0.656, False
3, 7, 42, 1200, sad, 1, 1, 3, 0.35, 8, 1, 0.549, True
3, 7, 43, 1106, hate, 1, 1, 3, 0.35, 8, 1, 0.565, True
3, 7, 44, 568, tuiadlat, 0, 1, 2, 0.35, 8, 1, 0.453, False
3, 7, 45, 1092, germs, 1, 1, 3, 0.35, 8, 1, 0.61, True
3, 7, 46, 600, noorrjebt, 0, 1, 3, 0.35, 8, 0, 1.472, True
3, 7, 47, 1114, homicide, 1, 1, 2, 0.35, 8, 0, 0.741, False
3, 7, 48, 1156, moody, 1, 1, 3, 0.35, 8, 1, 0.65, True
3, 7, 49, 998, bitchy, 1, 1, 3, 0.35, 8, 1, 0.544, True
3, 8, 0, 958, warm, 1, 0, 6, 0.35, 8, 1, 0.896, True
3, 8, 1, 809, inspired, 1, 0, 6, 0.35, 8, 1, 0.621, True
3, 8, 2, 24, glheins, 0, 0, 5, 0.35, 8, 0, 0.704, True
3, 8, 3, 320, niptg, 0, 0, 5, 0.35, 8, 0, 0.741, True
3, 8, 4, 787, handsome, 1, 0, 4, 0.35, 8, 1, 0.957, True
3, 8, 5, 209, hveihi, 0, 0, 4, 0.35, 8, 0, 0.623, True
3, 8, 6, 660, amused, 1, 0, 3, 0.35, 8, 0, 0.685, False
3, 8, 7, 883, puppy, 1, 0, 4, 0.35, 8, 1, 0.41, True
3, 8, 8, 826, learn, 1, 0, 4, 0.35, 8, 1, 0.674, True
3, 8, 9, 898, safe, 1, 0, 3, 0.35, 8, 1, 0.666, True
3, 8, 10, 886, refreshment, 1, 0, 3, 0.35, 8, 1, 0.626, True
3, 8, 11, 11, ndaca, 0, 0, 2, 0.35, 8, 0, 0.928, True
3, 8, 12, 55, nyeit, 0, 0, 2, 0.35, 8, 0, 0.696, True
3, 8, 13, 747, excited, 1, 0, 1, 0.35, 8, 1, 1.488, True
3, 8, 14, 144, lpfpmtgcoer, 0, 0, 1, 0.35, 8, 0, 0.725, True
3, 8, 15, 952, useful, 1, 0, 0, 0.35, 8, 1, 5.712, True
3, 8, 16, 813, inviting, 1, 0, 0, 0.35, 8, 1, 0.608, True
3, 8, 17, 831, loyal, 1, 0, -1, 0.35, 8, 1, 1.008, True
3, 8, 18, 113, eeeppnoe, 0, 0, -1, 0.35, 8, 0, 0.848, True
3, 8, 19, 110, dhuela, 0, 0, -2, 0.35, 8, 0, 0.848, True
3, 8, 20, 43, fceytcoe, 0, 0, -2, 0.35, 8, 0, 0.496, True
3, 8, 21, 235, mpraa, 0, 0, -3, 0.35, 8, 0, 0.698, True
3, 8, 22, 25, ugurret, 0, 0, -3, 0.35, 8, 0, 0.701, True
3, 8, 23, 257, asltao, 0, 0, -4, 0.35, 8, 0, 0.432, True
3, 8, 24, 940, tranquil, 1, 0, -4, 0.35, 8, 0, 0.381, False
3, 8, 25, 80, ijl, 0, 0, -3, 0.35, 8, 0, 0.368, True
3, 8, 26, 703, comfort, 1, 0, -3, 0.35, 8, 1, 0.432, True
3, 8, 27, 817, joyful, 1, 0, -4, 0.35, 8, 0, 0.701, False
3, 8, 28, 250, emjiurhvlbtbr, 0, 0, -3, 0.35, 8, 1, 0.415, False
3, 8, 29, 854, outstanding, 1, 0, -2, 0.35, 8, 0, 0.362, False
3, 8, 30, 129, lhra, 0, 0, -1, 0.35, 8, 0, 1.274, True
3, 8, 31, 52, wssus, 0, 0, -1, 0.35, 8, 0, 0.768, True
3, 8, 32, 3, cpynmpner, 0, 0, -2, 0.35, 8, 1, 1.376, False
3, 8, 33, 62, egid, 0, 0, -1, 0.35, 8, 0, 0.778, True
3, 8, 34, 740, enjoying, 1, 0, -1, 0.35, 8, 0, 0.701, False
3, 8, 35, 47, gnnorbren, 0, 0, 0, 0.35, 8, 1, 0.962, False
3, 8, 36, 63, uofcch, 0, 0, 1, 0.35, 8, 0, 0.496, True
3, 8, 37, 964, wise, 1, 0, 1, 0.35, 8, 0, 0.543, False
3, 8, 38, 121, iifrirv, 0, 0, 2, 0.35, 8, 1, 0.397, False
3, 8, 39, 67, avdi, 0, 0, 3, 0.35, 8, 0, 0.413, True
3, 8, 40, 177, lsirxxecl, 0, 0, 3, 0.35, 8, 0, 0.498, True
3, 8, 41, 896, rollercoaster, 1, 0, 2, 0.35, 8, 1, 0.821, True
3, 8, 42, 64, burnriint, 0, 0, 2, 0.35, 8, 0, 0.504, True
3, 8, 43, 909, sleep, 1, 0, 1, 0.35, 8, 0, 0.554, False
3, 8, 44, 140, endd, 0, 0, 2, 0.35, 8, 0, 0.472, True
3, 8, 45, 188, econ, 0, 0, 2, 0.35, 8, 1, 0.885, False
3, 8, 46, 967, wonderful, 1, 0, 3, 0.35, 8, 1, 0.664, True
3, 8, 47, 696, cheer, 1, 0, 3, 0.35, 8, 1, 0.496, True
3, 8, 48, 213, aioleeacee, 0, 0, 2, 0.35, 8, 0, 0.978, True
3, 8, 49, 94, peniulba, 0, 0, 2, 0.35, 8, 0, 0.869, True
3, 9, 0, 1137, leprosy, 1, 1, 6, 0.35, 8, 0, 0.69, False
3, 9, 1, 499, yhti, 0, 1, 7, 0.35, 8, 0, 0.519, True
3, 9, 2, 1015, cockroach, 1, 1, 7, 0.35, 8, 1, 0.381, True
3, 9, 3, 449, edtvo, 0, 1, 6, 0.35, 8, 0, 0.834, True
3, 9, 4, 559, reud, 0, 1, 6, 0.35, 8, 1, 0.53, False
3, 9, 5, 1093, gloom, 1, 1, 7, 0.35, 8, 1, 0.408, True
3, 9, 6, 417, fhdts, 0, 1, 7, 0.35, 8, 0, 0.789, True
3, 9, 7, 643, pihtr, 0, 1, 6, 0.35, 8, 0, 0.525, True
3, 9, 8, 1208, severe, 1, 1, 6, 0.35, 8, 1, 0.56, True
3, 9, 9, 404, ipogawfgudo, 0, 1, 5, 0.35, 8, 0, 0.52, True
3, 9, 10, 504, sslcfs, 0, 1, 5, 0.35, 8, 0, 0.536, True
3, 9, 11, 461, tuisesp, 0, 1, 4, 0.35, 8, 0, 0.52, True
3, 9, 12, 362, tnssnm, 0, 1, 4, 0.35, 8, 0, 0.485, True
3, 9, 13, 393, rlreos, 0, 1, 3, 0.35, 8, 0, 1.304, True
3, 9, 14, 632, ieciiergie, 0, 1, 3, 0.35, 8, 1, 0.829, False
3, 9, 15, 1230, stress, 1, 1, 4, 0.35, 8, 1, 0.44, True
3, 9, 16, 508, oesssm, 0, 1, 4, 0.35, 8, 1, 0.581, False
3, 9, 17, 399, parlollr, 0, 1, 5, 0.35, 8, 0, 0.528, True
3, 9, 18, 987, annoy, 1, 1, 5, 0.35, 8, 1, 0.528, True
3, 9, 19, 578, telif, 0, 1, 4, 0.35, 8, 0, 1.053, True
3, 9, 20, 444, eatrwldo, 0, 1, 4, 0.35, 8, 0, 0.533, True
3, 9, 21, 1019, corpse, 1, 1, 3, 0.35, 8, 1, 0.626, True
3, 9, 22, 542, selo, 0, 1, 3, 0.35, 8, 0, 0.418, True
3, 9, 23, 1145, lost, 1, 1, 2, 0.35, 8, 0, 0.629, False
3, 9, 24, 541, mncprc, 0, 1, 3, 0.35, 8, 0, 0.597, True
3, 9, 25, 465, olytrepd, 0, 1, 3, 0.35, 8, 0, 0.56, True
3, 9, 26, 1098, gripe, 1, 1, 2, 0.35, 8, 0, 0.8, False
3, 9, 27, 1128, injury, 1, 1, 3, 0.35, 8, 1, 0.594, True
3, 9, 28, 1074, fat, 1, 1, 3, 0.35, 8, 1, 0.682, True
3, 9, 29, 538, rlo, 0, 1, 2, 0.35, 8, 0, 0.818, True
3, 9, 30, 574, wfli, 0, 1, 2, 0.35, 8, 0, 0.517, True
3, 9, 31, 1153, menace, 1, 1, 1, 0.35, 8, 0, 0.44, False
3, 9, 32, 390, eisa, 0, 1, 2, 0.35, 8, 0, 0.512, True
3, 9, 33, 982, alone, 1, 1, 2, 0.35, 8, 1, 0.805, True
3, 9, 34, 608, hcifdr, 0, 1, 1, 0.35, 8, 0, 0.514, True
3, 9, 35, 1064, dreadful, 1, 1, 1, 0.35, 8, 0, 0.453, False
3, 9, 36, 527, dtgae, 0, 1, 2, 0.35, 8, 0, 0.528, True
3, 9, 37, 1030, cruelty, 1, 1, 2, 0.35, 8, 0, 0.552, False
3, 9, 38, 1118, hostile, 1, 1, 3, 0.35, 8, 1, 0.712, True
3, 9, 39, 1146, louse, 1, 1, 3, 0.35, 8, 1, 0.728, True
3, 9, 40, 577, ohns, 0, 1, 2, 0.35, 8, 0, 0.632, True
3, 9, 41, 1027, crucify, 1, 1, 2, 0.35, 8, 1, 0.533, True
3, 9, 42, 587, daeyaanad, 0, 1, 1, 0.35, 8, 0, 0.749, True
3, 9, 43, 1241, tense, 1, 1, 1, 0.35, 8, 0, 0.624, False
3, 9, 44, 1262, ugly, 1, 1, 2, 0.35, 8, 1, 0.586, True
3, 9, 45, 1251, tornado, 1, 1, 2, 0.35, 8, 0, 0.735, False
3, 9, 46, 1000, blame, 1, 1, 3, 0.35, 8, 1, 0.645, True
3, 9, 47, 612, tyofdl, 0, 1, 3, 0.35, 8, 0, 0.743, True
3, 9, 48, 1069, enraged, 1, 1, 2, 0.35, 8, 0, 2.378, False
3, 9, 49, 408, ilficeidae, 0, 1, 3, 0.35, 8, 0, 0.728, True
3, 10, 0, 824, laugh, 1, 0, 6, 0.35, 8, 1, 0.519, True
3, 10, 1, 306, eaemtl, 0, 0, 6, 0.35, 8, 0, 0.458, True
3, 10, 2, 932, talent, 1, 0, 5, 0.35, 8, 1, 0.493, True
3, 10, 3, 292, atsrgaol, 0, 0, 5, 0.35, 8, 0, 0.824, True
3, 10, 4, 823, knowledge, 1, 0, 4, 0.35, 8, 1, 0.37, True
3, 10, 5, 51, eesfkeuo, 0, 0, 4, 0.35, 8, 1, 0.69, False
3, 10, 6, 239, hyclttb, 0, 0, 5, 0.35, 8, 0, 0.53, True
3, 10, 7, 666, bath, 1, 0, 5, 0.35, 8, 1, 0.434, True
3, 10, 8, 37, ghren, 0, 0, 4, 0.35, 8, 0, 0.461, True
3, 10, 9, 303, gondatme, 0, 0, 4, 0.35, 8, 0, 1.293, True
3, 10, 10, 689, carefree, 1, 0, 3, 0.35, 8, 1, 0.674, True
3, 10, 11, 132, saslrnee, 0, 0, 3, 0.35, 8, 1, 0.698, False
3, 10, 12, 930, sweetheart, 1, 0, 4, 0.35, 8, 1, 0.618, True
3, 10, 13, 270, lrmgdrs, 0, 0, 4, 0.35, 8, 0, 0.49, True
3, 10, 14, 196, ntcci, 0, 0, 3, 0.35, 8, 0, 0.573, True
3, 10, 15, 5, srtiami, 0, 0, 3, 0.35, 8, 0, 0.45, True
3, 10, 16, 321, edisrsame, 0, 0, 2, 0.35, 8, 0, 0.509, True
3, 10, 17, 798, home, 1, 0, 2, 0.35, 8, 1, 0.706, True
3, 10, 18, 99, apeavtsrph, 0, 0, 1, 0.35, 8, 0, 0.509, True
3, 10, 19, 790, hardworking, 1, 0, 1, 0.35, 8, 1, 0.512, True
3, 10, 20, 811, intimate, 1, 0, 0, 0.35, 8, 1, 2.352, True
3, 10, 21, 738, energy, 1, 0, 0, 0.35, 8, 1, 0.592, True
3, 10, 22, 204, sgytl, 0, 0, -1, 0.35, 8, 0, 0.557, True
3, 10, 23, 795, helpful, 1, 0, -1, 0.35, 8, 1, 0.818, True
3, 10, 24, 764, forgiving, 1, 0, -2, 0.35, 8, 0, 0.397, False
3, 10, 25, 253, grseaynr, 0, 0, -1, 0.35, 8, 1, 0.706, False
3, 10, 26, 7, rveanssco, 0, 0, 0, 0.35, 8, 0, 0.634, True
3, 10, 27, 169, etrtl, 0, 0, 0, 0.35, 8, 0, 0.594, True
3, 10, 28, 772, funny, 1, 0, -1, 0.35, 8, 1, 0.8, True
3, 10, 29, 722, diamond, 1, 0, -1, 0.35, 8, 1, 0.552, True
3, 10, 30, 275, ntulre, 0, 0, -2, 0.35, 8, 0, 0.573, True
3, 10, 31, 152, vufa, 0, 0, -2, 0.35, 8, 0, 0.392, True
3, 10, 32, 287, higidi, 0, 0, -3, 0.35, 8, 0, 0.413, True
3, 10, 33, 658, amazed, 1, 0, -3, 0.35, 8, 0, 0.424, False
3, 10, 34, 103, beoiotst, 0, 0, -2, 0.35, 8, 0, 0.517, True
3, 10, 35, 683, bunny, 1, 0, -2, 0.35, 8, 1, 0.834, True
3, 10, 36, 78, efrtht, 0, 0, -3, 0.35, 8, 1, 0.864, False
3, 10, 37, 925, sunny, 1, 0, -2, 0.35, 8, 0, 0.693, False
3, 10, 38, 921, strong, 1, 0, -1, 0.35, 8, 1, 0.664, True
3, 10, 39, 828, life, 1, 0, -1, 0.35, 8, 1, 1.17, True
3, 10, 40, 718, dependable, 1, 0, -2, 0.35, 8, 0, 1.026, False
3, 10, 41, 840, melody, 1, 0, -1, 0.35, 8, 1, 0.696, True
3, 10, 42, 848, nature, 1, 0, -1, 0.35, 8, 1, 0.571, True
3, 10, 43, 76, piypyds, 0, 0, -2, 0.35, 8, 0, 0.693, True
3, 10, 44, 82, giwap, 0, 0, -2, 0.35, 8, 0, 0.68, True
3, 10, 45, 1, ofsiasicat, 0, 0, -3, 0.35, 8, 0, 1.048, True
3, 10, 46, 90, aelosi, 0, 0, -3, 0.35, 8, 1, 0.479, False
3, 10, 47, 227, ipapte, 0, 0, -2, 0.35, 8, 0, 0.44, True
3, 10, 48, 651, admired, 1, 0, -2, 0.35, 8, 0, 0.632, False
3, 10, 49, 156, eoineem, 0, 0, -1, 0.35, 8, 0, 0.653, True
3, 11, 0, 1112, hideous, 1, 1, 6, 0.35, 8, 1, 0.61, True
3, 11, 1, 1284, wicked, 1, 1, 6, 0.35, 8, 1, 0.357, True
3, 11, 2, 543, mned, 0, 1, 5, 0.35, 8, 0, 0.869, True
3, 11, 3, 397, lsdnr, 0, 1, 5, 0.35, 8, 0, 0.602, True
3, 11, 4, 1126, infuriate, 1, 1, 4, 0.35, 8, 1, 0.584, True
3, 11, 5, 563, eresd, 0, 1, 4, 0.35, 8, 1, 0.56, False
3, 11, 6, 1071, evil, 1, 1, 5, 0.35, 8, 1, 0.472, True
3, 11, 7, 1116, horror, 1, 1, 5, 0.35, 8, 1, 0.365, True
3, 11, 8, 512, ehdsbd, 0, 1, 4, 0.35, 8, 0, 0.442, True
3, 11, 9, 1147, mad, 1, 1, 4, 0.35, 8, 1, 0.44, True
3, 11, 10, 331, iiunee, 0, 1, 3, 0.35, 8, 0, 0.402, True
3, 11, 11, 999, blackmail, 1, 1, 3, 0.35, 8, 1, 0.485, True
3, 11, 12, 463, iaccecei, 0, 1, 2, 0.35, 8, 0, 0.613, True
3, 11, 13, 1174, paralysis, 1, 1, 2, 0.35, 8, 0, 0.56, False
3, 11, 14, 985, angry, 1, 1, 3, 0.35, 8, 1, 0.466, True
3, 11, 15, 1068, enemy, 1, 1, 3, 0.35, 8, 1, 0.45, True
3, 11, 16, 419, siher, 0, 1, 2, 0.35, 8, 0, 1.706, True
3, 11, 17, 451, nacbe, 0, 1, 2, 0.35, 8, 0, 0.736, True
3, 11, 18, 432, ebmiey, 0, 1, 1, 0.35, 8, 0, 0.528, True
3, 11, 19, 977, afraid, 1, 1, 1, 0.35, 8, 0, 1.029, False
3, 11, 20, 533, loevei, 0, 1, 2, 0.35, 8, 1, 0.946, False
3, 11, 21, 1029, cruel, 1, 1, 3, 0.35, 8, 1, 0.69, True
3, 11, 22, 539, oplosl, 0, 1, 3, 0.35, 8, 1, 0.925, False
3, 11, 23, 481, twsopei, 0, 1, 4, 0.35, 8, 0, 0.874, True
3, 11, 24, 385, enuciii, 0, 1, 4, 0.35, 8, 0, 0.669, True
3, 11, 25, 570, neri, 0, 1, 3, 0.35, 8, 0, 0.725, True
3, 11, 26, 482, ndgeel, 0, 1, 3, 0.35, 8, 0, 1.032, True
3, 11, 27, 1237, suspicious, 1, 1, 2, 0.35, 8, 1, 0.757, True
3, 11, 28, 1249, tomb, 1, 1, 2, 0.35, 8, 1, 0.794, True
3, 11, 29, 1136, killed, 1, 1, 1, 0.35, 8, 0, 0.933, False
3, 11, 30, 470, yrisse, 0, 1, 2, 0.35, 8, 1, 0.896, False
3, 11, 31, 520, ielfujskm, 0, 1, 3, 0.35, 8, 0, 0.661, True
3, 11, 32, 480, wattteooe, 0, 1, 3, 0.35, 8, 0, 1.242, True
3, 11, 33, 1053, died, 1, 1, 2, 0.35, 8, 1, 0.866, True
3, 11, 34, 972, accident, 1, 1, 2, 0.35, 8, 1, 0.56, True
3, 11, 35, 409, istttcdc, 0, 1, 1, 0.35, 8, 0, 0.701, True
3, 11, 36, 1171, outcast, 1, 1, 1, 0.35, 8, 0, 1.269, False
3, 11, 37, 593, gtcsl, 0, 1, 2, 0.35, 8, 0, 0.834, True
3, 11, 38, 1138, lice, 1, 1, 2, 0.35, 8, 1, 0.68, True
3, 11, 39, 464, tnsd, 0, 1, 1, 0.35, 8, 0, 0.733, True
3, 11, 40, 1271, vandal, 1, 1, 1, 0.35, 8, 0, 0.525, False
3, 11, 41, 505, ebbsanto, 0, 1, 2, 0.35, 8, 1, 0.661, False
3, 11, 42, 479, abuipod, 0, 1, 3, 0.35, 8, 0, 0.746, True
3, 11, 43, 1243, terrible, 1, 1, 3, 0.35, 8, 1, 0.594, True
3, 11, 44, 528, raepnsile, 0, 1, 2, 0.35, 8, 0, 0.888, True
3, 11, 45, 459, riey, 0, 1, 2, 0.35, 8, 0, 0.584, True
3, 11, 46, 1028, crude, 1, 1, 1, 0.35, 8, 0, 0.618, False
3, 11, 47, 624, hoydfas, 0, 1, 2, 0.35, 8, 1, 0.741, False
3, 11, 48, 1215, sin, 1, 1, 3, 0.35, 8, 1, 0.554, True
3, 11, 49, 328, rcgi, 0, 1, 3, 0.35, 8, 0, 0.602, True
