6, 0, 0, 955, valuable, 1, 0, 7, 0.15, 8, 0, 3.176, False
6, 0, 1, 151, newlcud, 0, 0, 8, 0.15, 8, 0, 2.403, True
6, 0, 2, 189, aartrnopt, 0, 0, 8, 0.15, 8, 1, 1.219, False
6, 0, 3, 198, nuoafdghni, 0, 0, 9, 0.15, 8, 0, 0.793, True
6, 0, 4, 883, puppy, 1, 0, 9, 0.15, 8, 1, 0.744, True
6, 0, 5, 79, ucsoosm, 0, 0, 8, 0.15, 8, 0, 0.83, True
6, 0, 6, 59, gnlgrmpabr, 0, 0, 8, 0.15, 8, 0, 0.851, True
6, 0, 7, 967, wonderful, 1, 0, 7, 0.15, 8, 1, 0.683, True
6, 0, 8, 860, peace, 1, 0, 7, 0.15, 8, 1, 0.544, True
6, 0, 9, 26, yese, 0, 0, 6, 0.15, 8, 1, 0.649, False
6, 0, 10, 238, poser, 0, 0, 7, 0.15, 8, 1, 0.597, False
6, 0, 11, 270, lrmgdrs, 0, 0, 8, 0.15, 8, 0, 1.005, True
6, 0, 12, 677, bouquet, 1, 0, 8, 0.15, 8, 1, 0.533, True
6, 0, 13, 886, refreshment, 1, 0, 7, 0.15, 8, 1, 0.445, True
6, 0, 14, 227, ipapte, 0, 0, 7, 0.15, 8, 1, 0.659, False
6, 0, 15, 174, urcr, 0, 0, 8, 0.15, 8, 0, 1.045, True
6, 0, 16, 926, sunrise, 1, 0, 8, 0.15, 8, 1, 0.821, True
6, 0, 17, 715, daring, 1, 0, 7, 0.15, 8, 1, 0.485, True
6, 0, 18, 41, lrsntad, 0, 0, 7, 0.15, 8, 1, 0.723, False
6, 0, 19, 5, srtiami, 0, 0, 8, 0.15, 8, 0, 0.947, True
6, 0, 20, 704, comfortable, 1, 0, 8, 0.15, 8, 1, 0.656, True
6, 0, 21, 797, holiday, 1, 0, 7, 0.15, 8, 1, 0.592, True
6, 0, 22, 244, ounsoo, 0, 0, 7, 0.15, 8, 0, 0.707, True
6, 0, 23, 248, lauhsa, 0, 0, 6, 0.15, 8, 0, 2.891, True
6, 0, 24, 944, triumph, 1, 0, 6, 0.15, 8, 1, 0.678, True
6, 0, 25, 186, peeai, 0, 0, 5, 0.15, 8, 1, 0.643, False
6, 0, 26, 895, riches, 1, 0, 6, 0.15, 8, 1, 0.669, True
6, 0, 27, 816, joy, 1, 0, 6, 0.15, 8, 1, 0.765, True
6, 0, 28, 839, medal, 1, 0, 5, 0.15, 8, 1, 0.718, True
6, 0, 29, 216, esucfd, 0, 0, 5, 0.15, 8, 0, 0.915, True
6, 0, 30, 664, aroused, 1, 0, 4, 0.15, 8, 1, 2.077, True
6, 0, 31, 690, caress, 1, 0, 4, 0.15, 8, 0, 3.568, False
6, 0, 32, 282, ebyarkmlv, 0, 0, 5, 0.15, 8, 1, 2.976, False
6, 0, 33, 927, sunset, 1, 0, 6, 0.15, 8, 1, 0.669, True
6, 0, 34, 922, success, 1, 0, 6, 0.15, 8, 1, 0.557, True
6, 0, 35, 829, lively, 1, 0, 5, 0.15, 8, 1, 0.581, True
6, 0, 36, 897, romantic, 1, 0, 5, 0.15, 8, 1, 0.609, True
6, 0, 37, 268, aaia, 0, 0, 4, 0.15, 8, 0, 1.278, True
6, 0, 38, 9, fftoccumnupe, 0, 0, 4, 0.15, 8, 1, 3.203, False
6, 0, 39, 949, twilight, 1, 0, 5, 0.15, 8, 1, 0.779, True
6, 0, 40, 854, outstanding, 1, 0, 5, 0.15, 8, 1, 1.902, True
6, 0, 41, 215, elirsaoe, 0, 0, 4, 0.15, 8, 0, 1.87, True
6, 0, 42, 692, casual, 1, 0, 4, 0.15, 8, 1, 0.824, True
6, 0, 43, 224, nwneacioor, 0, 0, 3, 0.15, 8, 1, 1.71, False
6, 0, 44, 719, desire, 1, 0, 4, 0.15, 8, 1, 2.088, True
6, 0, 45, 790, hardworking, 1, 0, 4, 0.15, 8, 1, 3.229, True
6, 0, 46, 716, dazzle, 1, 0, 3, 0.15, 8, 1, 1.397, True
6, 0, 47, 654, affection, 1, 0, 3, 0.15, 8, 0, 1.313, False
6, 0, 48, 199, gupmm, 0, 0, 4, 0.15, 8, 1, 1.867, False
6, 0, 49, 725, diploma, 1, 0, 5, 0.15, 8, 1, 0.68, True
6, 1, 0, 327, nldyts, 0, 1, 4, 0.15, 8, 1, 5.272, False
6, 1, 1, 1186, quarrel, 1, 1, 5, 0.15, 8, 1, 0.749, True
6, 1, 2, 524, itiasea, 0, 1, 5, 0.15, 8, 1, 0.619, False
6, 1, 3, 556, hotueyloi, 0, 1, 6, 0.15, 8, 0, 1.104, True
6, 1, 4, 594, ntporf, 0, 1, 6, 0.15, 8, 0, 2.392, True
6, 1, 5, 500, euirf, 0, 1, 5, 0.15, 8, 0, 7.069, True
6, 1, 6, 985, angry, 1, 1, 5, 0.15, 8, 1, 9.675, True
6, 1, 7, 396, visuuiss, 0, 1, 4, 0.15, 8, 1, 0.813, False
6, 1, 8, 501, snn, 0, 1, 5, 0.15, 8, 1, 8.6, False
6, 1, 9, 1122, impotent, 1, 1, 6, 0.15, 8, 1, 1.648, True
6, 1, 10, 645, dxaeu, 0, 1, 6, 0.15, 8, 0, 0.723, True
6, 1, 11, 1098, gripe, 1, 1, 5, 0.15, 8, 1, 0.555, True
6, 1, 12, 1182, prison, 1, 1, 5, 0.15, 8, 0, 1.872, False
6, 1, 13, 421, putomdlfeir, 0, 1, 6, 0.15, 8, 0, 1.505, True
6, 1, 14, 1046, despair, 1, 1, 6, 0.15, 8, 1, 0.84, True
6, 1, 15, 1251, tornado, 1, 1, 5, 0.15, 8, 1, 2.089, True
6, 1, 16, 1135, jealousy, 1, 1, 5, 0.15, 8, 1, 0.64, True
6, 1, 17, 1114, homicide, 1, 1, 4, 0.15, 8, 1, 1.67, True
6, 1, 18, 626, srtau, 0, 1, 4, 0.15, 8, 1, 2.553, False
6, 1, 19, 403, mfiefom, 0, 1, 5, 0.15, 8, 1, 4.878, False
6, 1, 20, 603, earg, 0, 1, 6, 0.15, 8, 1, 0.742, False
6, 1, 21, 1089, fury, 1, 1, 7, 0.15, 8, 1, 5.462, True
6, 1, 22, 1270, useless, 1, 1, 7, 0.15, 8, 1, 0.774, True
6, 1, 23, 1025, criminal, 1, 1, 6, 0.15, 8, 1, 0.475, True
6, 1, 24, 616, htrs, 0, 1, 6, 0.15, 8, 1, 0.979, False
6, 1, 25, 541, mncprc, 0, 1, 7, 0.15, 8, 0, 0.723, True
6, 1, 26, 1147, mad, 1, 1, 7, 0.15, 8, 1, 0.688, True
6, 1, 27, 1028, crude, 1, 1, 6, 0.15, 8, 0, 0.755, False
6, 1, 28, 1208, severe, 1, 1, 7, 0.15, 8, 1, 1.669, True
6, 1, 29, 560, bianufh, 0, 1, 7, 0.15, 8, 1, 2.192, False
6, 1, 30, 575, meioetca, 0, 1, 8, 0.15, 8, 0, 3.557, True
6, 1, 31, 1091, garbage, 1, 1, 8, 0.15, 8, 1, 0.571, True
6, 1, 32, 527, dtgae, 0, 1, 7, 0.15, 8, 0, 3.497, True
6, 1, 33, 991, ashamed, 1, 1, 7, 0.15, 8, 1, 0.912, True
6, 1, 34, 1087, frustrated, 1, 1, 6, 0.15, 8, 1, 0.592, True
6, 1, 35, 1014, cemetery, 1, 1, 6, 0.15, 8, 1, 1.969, True
6, 1, 36, 982, alone, 1, 1, 5, 0.15, 8, 1, 0.624, True
6, 1, 37, 613, etcaceg, 0, 1, 5, 0.15, 8, 1, 4.533, False
6, 1, 38, 487, cciposin, 0, 1, 6, 0.15, 8, 1, 0.811, False
6, 1, 39, 1157, morbid, 1, 1, 7, 0.15, 8, 1, 0.52, True
6, 1, 40, 529, pwouloar, 0, 1, 7, 0.15, 8, 1, 0.845, False
6, 1, 41, 1113, hit, 1, 1, 8, 0.15, 8, 1, 0.661, True
6, 1, 42, 385, enuciii, 0, 1, 8, 0.15, 8, 0, 0.792, True
6, 1, 43, 324, sfspi, 0, 1, 7, 0.15, 8, 0, 0.963, True
6, 1, 44, 1101, guilty, 1, 1, 7, 0.15, 8, 1, 0.544, True
6, 1, 45, 1191, rejected, 1, 1, 6, 0.15, 8, 1, 0.502, True
6, 1, 46, 408, ilficeidae, 0, 1, 6, 0.15, 8, 0, 0.707, True
6, 1, 47, 426, ogceupync, 0, 1, 5, 0.15, 8, 0, 0.792, True
6, 1, 48, 1129, insane, 1, 1, 5, 0.15, 8, 0, 1.438, False
6, 1, 49, 435, rigmad, 0, 1, 6, 0.15, 8, 0, 1.685, True
6, 2, 0, 162, lerryer, 0, 0, 4, 0.15, 8, 1, 3.827, False
6, 2, 1, 33, dapvg, 0, 0, 5, 0.15, 8, 1, 1.848, False
6, 2, 2, 78, efrtht, 0, 0, 6, 0.15, 8, 1, 1.219, False
6, 2, 3, 100, vsfbgidyhyo, 0, 0, 7, 0.15, 8, 0, 0.579, True
6, 2, 4, 237, fagla, 0, 0, 7, 0.15, 8, 0, 0.531, True
6, 2, 5, 700, circus, 1, 0, 6, 0.15, 8, 1, 1.941, True
6, 2, 6, 851, optimism, 1, 0, 6, 0.15, 8, 1, 0.963, True
6, 2, 7, 205, avemigse, 0, 0, 5, 0.15, 8, 1, 0.763, False
6, 2, 8, 806, imagine, 1, 0, 6, 0.15, 8, 1, 0.685, True
6, 2, 9, 15, eaoui, 0, 0, 6, 0.15, 8, 0, 4.96, True
6, 2, 10, 309, rihtorgt, 0, 0, 5, 0.15, 8, 0, 5.96, True
6, 2, 11, 52, wssus, 0, 0, 5, 0.15, 8, 0, 3.801, True
6, 2, 12, 105, iucelast, 0, 0, 4, 0.15, 8, 0, 0.741, True
6, 2, 13, 788, happiness, 1, 0, 4, 0.15, 8, 1, 1.325, True
6, 2, 14, 267, rsmt, 0, 0, 3, 0.15, 8, 0, 2.44, True
6, 2, 15, 778, glorious, 1, 0, 3, 0.15, 8, 0, 0.835, False
6, 2, 16, 669, bed, 1, 0, 4, 0.15, 8, 0, 6.909, False
6, 2, 17, 661, angel, 1, 0, 5, 0.15, 8, 1, 0.571, True
6, 2, 18, 951, untroubled, 1, 0, 5, 0.15, 8, 1, 0.661, True
6, 2, 19, 864, pillow, 1, 0, 4, 0.15, 8, 1, 12.622, True
6, 2, 20, 792, healthy, 1, 0, 4, 0.15, 8, 1, 0.958, True
6, 2, 21, 14, frefiy, 0, 0, 3, 0.15, 8, 0, 0.925, True
6, 2, 22, 240, reomndongud, 0, 0, 3, 0.15, 8, 1, 1.992, False
6, 2, 23, 705, compliment, 1, 0, 4, 0.15, 8, 1, 0.523, True
6, 2, 24, 208, fvsgeseaslr, 0, 0, 4, 0.15, 8, 1, 0.696, False
6, 2, 25, 229, fsgbbs, 0, 0, 5, 0.15, 8, 0, 0.507, True
6, 2, 26, 120, figi, 0, 0, 5, 0.15, 8, 0, 1.001, True
6, 2, 27, 195, ruofrdqm, 0, 0, 4, 0.15, 8, 1, 0.662, False
6, 2, 28, 278, bnrurbds, 0, 0, 5, 0.15, 8, 1, 0.432, False
6, 2, 29, 236, rotat, 0, 0, 6, 0.15, 8, 1, 0.672, False
6, 2, 30, 809, inspired, 1, 0, 7, 0.15, 8, 1, 0.995, True
6, 2, 31, 306, eaemtl, 0, 0, 7, 0.15, 8, 1, 0.629, False
6, 2, 32, 310, sucyaue, 0, 0, 8, 0.15, 8, 0, 0.595, True
6, 2, 33, 794, heaven, 1, 0, 8, 0.15, 8, 1, 0.616, True
6, 2, 34, 733, eat, 1, 0, 7, 0.15, 8, 1, 0.496, True
6, 2, 35, 24, glheins, 0, 0, 7, 0.15, 8, 0, 0.737, True
6, 2, 36, 80, ijl, 0, 0, 6, 0.15, 8, 1, 0.701, False
6, 2, 37, 175, ecnu, 0, 0, 7, 0.15, 8, 0, 1.301, True
6, 2, 38, 212, eroewrl, 0, 0, 7, 0.15, 8, 0, 1.013, True
6, 2, 39, 682, bubbly, 1, 0, 6, 0.15, 8, 1, 0.651, True
6, 2, 40, 168, iosr, 0, 0, 6, 0.15, 8, 0, 2.677, True
6, 2, 41, 188, econ, 0, 0, 5, 0.15, 8, 1, 1.427, False
6, 2, 42, 732, easygoing, 1, 0, 6, 0.15, 8, 1, 1.291, True
6, 2, 43, 852, orgasm, 1, 0, 6, 0.15, 8, 0, 0.773, False
6, 2, 44, 686, calm, 1, 0, 7, 0.15, 8, 1, 0.637, True
6, 2, 45, 86, racotmmer, 0, 0, 7, 0.15, 8, 1, 0.539, False
6, 2, 46, 793, heart, 1, 0, 8, 0.15, 8, 1, 0.613, True
6, 2, 47, 873, pretty, 1, 0, 8, 0.15, 8, 1, 0.56, True
6, 2, 48, 82, giwap, 0, 0, 7, 0.15, 8, 1, 4.493, False
6, 2, 49, 184, piut, 0, 0, 8, 0.15, 8, 0, 1.344, True
6, 3, 0, 630, eeodauo, 0, 1, 4, 0.15, 8, 0, 2.331, True
6, 3, 1, 512, ehdsbd, 0, 1, 4, 0.15, 8, 1, 0.64, False
6, 3, 2, 329, igli, 0, 1, 5, 0.15, 8, 0, 0.664, True
6, 3, 3, 1234, suffocate, 1, 1, 5, 0.15, 8, 1, 0.613, True
6, 3, 4, 1173, panic, 1, 1, 4, 0.15, 8, 1, 1.381, True
6, 3, 5, 1178, pest, 1, 1, 4, 0.15, 8, 0, 2.926, False
6, 3, 6, 568, tuiadlat, 0, 1, 5, 0.15, 8, 0, 0.861, True
6, 3, 7, 496, pfss, 0, 1, 5, 0.15, 8, 0, 0.577, True
6, 3, 8, 990, arrogant, 1, 1, 4, 0.15, 8, 0, 0.808, False
6, 3, 9, 1104, hardship, 1, 1, 5, 0.15, 8, 1, 0.512, True
6, 3, 10, 587, daeyaanad, 0, 1, 5, 0.15, 8, 0, 6.942, True
6, 3, 11, 325, iwuuon, 0, 1, 4, 0.15, 8, 1, 0.702, False
6, 3, 12, 364, indagnbe, 0, 1, 5, 0.15, 8, 0, 7.856, True
6, 3, 13, 338, afrto, 0, 1, 5, 0.15, 8, 0, 0.779, True
6, 3, 14, 398, patnueano, 0, 1, 4, 0.15, 8, 1, 0.795, False
6, 3, 15, 1168, obstinate, 1, 1, 5, 0.15, 8, 1, 0.56, True
6, 3, 16, 567, pefu, 0, 1, 5, 0.15, 8, 1, 0.664, False
6, 3, 17, 1039, deceit, 1, 1, 6, 0.15, 8, 1, 0.744, True
6, 3, 18, 1136, killed, 1, 1, 6, 0.15, 8, 1, 0.632, True
6, 3, 19, 1169, offend, 1, 1, 5, 0.15, 8, 1, 0.477, True
6, 3, 20, 1013, cancer, 1, 1, 5, 0.15, 8, 1, 0.613, True
6, 3, 21, 490, etpieg, 0, 1, 4, 0.15, 8, 0, 1.381, True
6, 3, 22, 432, ebmiey, 0, 1, 4, 0.15, 8, 0, 0.878, True
6, 3, 23, 583, nsityy, 0, 1, 3, 0.15, 8, 0, 3.488, True
6, 3, 24, 1023, crazy, 1, 1, 3, 0.15, 8, 1, 0.587, True
6, 3, 25, 973, accuse, 1, 1, 2, 0.15, 8, 0, 6.4, False
6, 3, 26, 1233, suffering, 1, 1, 3, 0.15, 8, 1, 0.851, True
6, 3, 27, 531, nlsbude, 0, 1, 3, 0.15, 8, 1, 0.621, False
6, 3, 28, 498, btiu, 0, 1, 4, 0.15, 8, 0, 1.197, True
6, 3, 29, 622, lyuro, 0, 1, 4, 0.15, 8, 1, 1.059, False
6, 3, 30, 1090, gangrene, 1, 1, 5, 0.15, 8, 1, 0.67, True
6, 3, 31, 1092, germs, 1, 1, 5, 0.15, 8, 1, 0.635, True
6, 3, 32, 968, abandoned, 1, 1, 4, 0.15, 8, 1, 0.43, True
6, 3, 33, 1054, disappoint, 1, 1, 4, 0.15, 8, 1, 0.584, True
6, 3, 34, 1241, tense, 1, 1, 3, 0.15, 8, 1, 1.2, True
6, 3, 35, 1176, penalty, 1, 1, 3, 0.15, 8, 0, 1.139, False
6, 3, 36, 1067, embarrassed, 1, 1, 4, 0.15, 8, 1, 0.491, True
6, 3, 37, 374, rcfltt, 0, 1, 4, 0.15, 8, 0, 1.44, True
6, 3, 38, 370, rietlo, 0, 1, 3, 0.15, 8, 1, 1.331, False
6, 3, 39, 1112, hideous, 1, 1, 4, 0.15, 8, 1, 1.153, True
6, 3, 40, 416, eaha, 0, 1, 4, 0.15, 8, 0, 0.763, True
6, 3, 41, 1232, suffer, 1, 1, 3, 0.15, 8, 1, 1.573, True
6, 3, 42, 499, yhti, 0, 1, 3, 0.15, 8, 0, 2.099, True
6, 3, 43, 352, lopoit, 0, 1, 2, 0.15, 8, 0, 1.238, True
6, 3, 44, 1223, sore, 1, 1, 2, 0.15, 8, 1, 1.579, True
6, 3, 45, 551, plnrtd, 0, 1, 1, 0.15, 8, 1, 1.747, False
6, 3, 46, 1010, burdened, 1, 1, 2, 0.15, 8, 0, 2.112, False
6, 3, 47, 526, arls, 0, 1, 3, 0.15, 8, 1, 1.784, False
6, 3, 48, 439, eaikhh, 0, 1, 4, 0.15, 8, 1, 0.579, False
6, 3, 49, 1108, hatred, 1, 1, 5, 0.15, 8, 1, 0.685, True
6, 4, 0, 931, tactful, 1, 0, 4, 0.15, 8, 0, 3.571, False
6, 4, 1, 2, gurlagrtlce, 0, 0, 5, 0.15, 8, 0, 0.835, True
6, 4, 2, 740, enjoying, 1, 0, 5, 0.15, 8, 1, 1.632, True
6, 4, 3, 847, music, 1, 0, 4, 0.15, 8, 1, 1.211, True
6, 4, 4, 756, father, 1, 0, 4, 0.15, 8, 1, 0.819, True
6, 4, 5, 805, humor, 1, 0, 3, 0.15, 8, 0, 0.712, False
6, 4, 6, 27, nwtpelgr, 0, 0, 4, 0.15, 8, 1, 0.491, False
6, 4, 7, 780, god, 1, 0, 5, 0.15, 8, 1, 0.566, True
6, 4, 8, 128, saiaes, 0, 0, 5, 0.15, 8, 1, 0.733, False
6, 4, 9, 771, fun, 1, 0, 6, 0.15, 8, 1, 0.443, True
6, 4, 10, 706, confident, 1, 0, 6, 0.15, 8, 1, 0.445, True
6, 4, 11, 940, tranquil, 1, 0, 5, 0.15, 8, 1, 0.557, True
6, 4, 12, 856, paradise, 1, 0, 5, 0.15, 8, 1, 0.341, True
6, 4, 13, 74, lvaseea, 0, 0, 4, 0.15, 8, 1, 0.382, False
6, 4, 14, 712, cuddle, 1, 0, 5, 0.15, 8, 1, 0.544, True
6, 4, 15, 894, reward, 1, 0, 5, 0.15, 8, 1, 1.381, True
6, 4, 16, 937, thrill, 1, 0, 4, 0.15, 8, 1, 0.557, True
6, 4, 17, 798, home, 1, 0, 4, 0.15, 8, 1, 0.387, True
6, 4, 18, 247, hlgr, 0, 0, 3, 0.15, 8, 1, 0.419, False
6, 4, 19, 31, mfisuae, 0, 0, 4, 0.15, 8, 0, 0.475, True
6, 4, 20, 759, flawless, 1, 0, 4, 0.15, 8, 1, 0.333, True
6, 4, 21, 307, saeemlea, 0, 0, 3, 0.15, 8, 1, 0.595, False
6, 4, 22, 88, hntenho, 0, 0, 4, 0.15, 8, 1, 0.382, False
6, 4, 23, 57, entafii, 0, 0, 5, 0.15, 8, 1, 0.528, False
6, 4, 24, 296, krdirfay, 0, 0, 6, 0.15, 8, 1, 0.403, False
6, 4, 25, 171, swbopm, 0, 0, 7, 0.15, 8, 0, 0.64, True
6, 4, 26, 660, amused, 1, 0, 7, 0.15, 8, 1, 0.637, True
6, 4, 27, 313, ndsgor, 0, 0, 6, 0.15, 8, 0, 0.712, True
6, 4, 28, 683, bunny, 1, 0, 6, 0.15, 8, 1, 0.832, True
6, 4, 29, 876, progress, 1, 0, 5, 0.15, 8, 1, 0.445, True
6, 4, 30, 187, oearrrgg, 0, 0, 5, 0.15, 8, 0, 0.765, True
6, 4, 31, 110, dhuela, 0, 0, 4, 0.15, 8, 0, 0.667, True
6, 4, 32, 648, achievement, 1, 0, 4, 0.15, 8, 1, 0.341, True
6, 4, 33, 718, dependable, 1, 0, 3, 0.15, 8, 1, 0.651, True
6, 4, 34, 880, protective, 1, 0, 3, 0.15, 8, 0, 0.797, False
6, 4, 35, 114, kdntg, 0, 0, 4, 0.15, 8, 1, 0.368, False
6, 4, 36, 206, hlxsni, 0, 0, 5, 0.15, 8, 0, 0.624, True
6, 4, 37, 730, earth, 1, 0, 5, 0.15, 8, 1, 0.339, True
6, 4, 38, 757, festive, 1, 0, 4, 0.15, 8, 0, 0.667, False
6, 4, 39, 768, freshness, 1, 0, 5, 0.15, 8, 1, 0.744, True
6, 4, 40, 863, perfection, 1, 0, 5, 0.15, 8, 0, 3.973, False
6, 4, 41, 819, justice, 1, 0, 6, 0.15, 8, 0, 0.635, False
6, 4, 42, 929, survive, 1, 0, 7, 0.15, 8, 1, 0.646, True
6, 4, 43, 155, eieg, 0, 0, 7, 0.15, 8, 0, 0.771, True
6, 4, 44, 219, syktl, 0, 0, 6, 0.15, 8, 0, 0.869, True
6, 4, 45, 872, prestige, 1, 0, 6, 0.15, 8, 1, 0.653, True
6, 4, 46, 53, cereoitec, 0, 0, 5, 0.15, 8, 1, 0.632, False
6, 4, 47, 917, spouse, 1, 0, 6, 0.15, 8, 1, 0.721, True
6, 4, 48, 104, tosbnelsr, 0, 0, 6, 0.15, 8, 0, 0.891, True
6, 4, 49, 729, earnest, 1, 0, 5, 0.15, 8, 1, 0.982, True
6, 5, 0, 536, bsirlf, 0, 1, 4, 0.15, 8, 0, 1.755, True
6, 5, 1, 1240, temper, 1, 1, 4, 0.15, 8, 1, 1.086, True
6, 5, 2, 484, tresailt, 0, 1, 3, 0.15, 8, 0, 1.432, True
6, 5, 3, 1073, failure, 1, 1, 3, 0.15, 8, 1, 1.016, True
6, 5, 4, 489, lsnguier, 0, 1, 2, 0.15, 8, 0, 0.787, True
6, 5, 5, 590, ousftui, 0, 1, 2, 0.15, 8, 0, 3.552, True
6, 5, 6, 533, loevei, 0, 1, 1, 0.15, 8, 0, 0.787, True
6, 5, 7, 633, toc, 0, 1, 1, 0.15, 8, 0, 1.198, True
6, 5, 8, 518, ounpeo, 0, 1, 1, 0.15, 8, 1, 1.915, False
6, 5, 9, 394, dhlonerr, 0, 1, 2, 0.15, 8, 0, 0.792, True
6, 5, 10, 528, raepnsile, 0, 1, 2, 0.15, 8, 0, 2.069, True
6, 5, 11, 611, eaonm, 0, 1, 1, 0.15, 8, 0, 0.72, True
6, 5, 12, 399, parlollr, 0, 1, 1, 0.15, 8, 0, 0.669, True
6, 5, 13, 1130, insecure, 1, 1, 1, 0.15, 8, 0, 0.931, False
6, 5, 14, 1095, grave, 1, 1, 2, 0.15, 8, 0, 1.005, False
6, 5, 15, 433, felil, 0, 1, 3, 0.15, 8, 1, 0.696, False
6, 5, 16, 431, eesedif, 0, 1, 4, 0.15, 8, 0, 3.064, True
6, 5, 17, 1056, discomfort, 1, 1, 4, 0.15, 8, 1, 0.832, True
6, 5, 18, 1267, unwanted, 1, 1, 3, 0.15, 8, 0, 0.68, False
6, 5, 19, 1037, death, 1, 1, 4, 0.15, 8, 1, 0.885, True
6, 5, 20, 1007, brooding, 1, 1, 4, 0.15, 8, 1, 1.611, True
6, 5, 21, 1077, fearful, 1, 1, 3, 0.15, 8, 0, 0.765, False
6, 5, 22, 588, muerroefa, 0, 1, 4, 0.15, 8, 1, 0.699, False
6, 5, 23, 553, slpe, 0, 1, 5, 0.15, 8, 0, 2.173, True
6, 5, 24, 1220, slum, 1, 1, 5, 0.15, 8, 1, 1.049, True
6, 5, 25, 1276, violent, 1, 1, 4, 0.15, 8, 1, 3.166, True
6, 5, 26, 444, eatrwldo, 0, 1, 4, 0.15, 8, 1, 0.603, False
6, 5, 27, 1001, bleed, 1, 1, 5, 0.15, 8, 1, 0.651, True
6, 5, 28, 1029, cruel, 1, 1, 5, 0.15, 8, 1, 0.822, True
6, 5, 29, 346, lrrdfgg, 0, 1, 4, 0.15, 8, 1, 3.821, False
6, 5, 30, 1111, helpless, 1, 1, 5, 0.15, 8, 1, 0.944, True
6, 5, 31, 1134, jail, 1, 1, 5, 0.15, 8, 0, 1.363, False
6, 5, 32, 1126, infuriate, 1, 1, 6, 0.15, 8, 1, 0.829, True
6, 5, 33, 407, aseo, 0, 1, 6, 0.15, 8, 0, 1.789, True
6, 5, 34, 617, eeeml, 0, 1, 5, 0.15, 8, 0, 0.891, True
6, 5, 35, 1100, guilt, 1, 1, 5, 0.15, 8, 1, 0.707, True
6, 5, 36, 998, bitchy, 1, 1, 4, 0.15, 8, 0, 0.678, False
6, 5, 37, 1277, vomit, 1, 1, 5, 0.15, 8, 1, 0.691, True
6, 5, 38, 1236, surgery, 1, 1, 5, 0.15, 8, 1, 0.501, True
6, 5, 39, 371, ttunilnf, 0, 1, 4, 0.15, 8, 1, 0.494, False
6, 5, 40, 476, enekrcoc, 0, 1, 5, 0.15, 8, 0, 0.904, True
6, 5, 41, 971, abused, 1, 1, 5, 0.15, 8, 1, 0.371, True
6, 5, 42, 569, alu, 0, 1, 4, 0.15, 8, 1, 0.371, False
6, 5, 43, 511, drdarh, 0, 1, 5, 0.15, 8, 1, 0.566, False
6, 5, 44, 605, obeubls, 0, 1, 6, 0.15, 8, 0, 0.768, True
6, 5, 45, 507, eeimau, 0, 1, 6, 0.15, 8, 0, 0.579, True
6, 5, 46, 599, syueog, 0, 1, 5, 0.15, 8, 1, 0.67, False
6, 5, 47, 1019, corpse, 1, 1, 6, 0.15, 8, 1, 0.798, True
6, 5, 48, 1213, sick, 1, 1, 6, 0.15, 8, 0, 1.013, False
6, 5, 49, 997, betray, 1, 1, 7, 0.15, 8, 1, 0.669, True
6, 6, 0, 140, endd, 0, 0, 4, 0.15, 8, 0, 1.075, True
6, 6, 1, 287, higidi, 0, 0, 4, 0.15, 8, 0, 0.717, True
6, 6, 2, 197, obsagaaoiel, 0, 0, 3, 0.15, 8, 1, 0.608, False
6, 6, 3, 211, ussmf, 0, 0, 4, 0.15, 8, 0, 0.573, True
6, 6, 4, 796, hero, 1, 0, 4, 0.15, 8, 0, 0.917, False
6, 6, 5, 245, ohegdlw, 0, 0, 5, 0.15, 8, 1, 1.573, False
6, 6, 6, 812, intimate, 1, 0, 6, 0.15, 8, 1, 0.699, True
6, 6, 7, 888, relieved, 1, 0, 6, 0.15, 8, 1, 0.512, True
6, 6, 8, 671, benefit, 1, 0, 5, 0.15, 8, 1, 0.685, True
6, 6, 9, 279, gemrs, 0, 0, 5, 0.15, 8, 0, 1.933, True
6, 6, 10, 678, brave, 1, 0, 4, 0.15, 8, 1, 0.693, True
6, 6, 11, 214, ntefe, 0, 0, 4, 0.15, 8, 0, 0.598, True
6, 6, 12, 941, travel, 1, 0, 3, 0.15, 8, 1, 0.974, True
6, 6, 13, 235, mpraa, 0, 0, 3, 0.15, 8, 0, 0.931, True
6, 6, 14, 924, sunlight, 1, 0, 2, 0.15, 8, 1, 0.702, True
6, 6, 15, 68, uifatc, 0, 0, 2, 0.15, 8, 1, 0.729, False
6, 6, 16, 728, eager, 1, 0, 3, 0.15, 8, 1, 0.795, True
6, 6, 17, 697, cheerful, 1, 0, 3, 0.15, 8, 0, 0.651, False
6, 6, 18, 870, politeness, 1, 0, 4, 0.15, 8, 1, 1.553, True
6, 6, 19, 823, knowledge, 1, 0, 4, 0.15, 8, 1, 0.427, True
6, 6, 20, 887, relaxed, 1, 0, 3, 0.15, 8, 1, 0.611, True
6, 6, 21, 670, beloved, 1, 0, 3, 0.15, 8, 1, 0.574, True
6, 6, 22, 651, admired, 1, 0, 2, 0.15, 8, 1, 1.088, True
6, 6, 23, 230, ooaoscur, 0, 0, 2, 0.15, 8, 0, 0.984, True
6, 6, 24, 102, lcaeuuaixi, 0, 0, 1, 0.15, 8, 1, 0.491, False
6, 6, 25, 19, anna, 0, 0, 2, 0.15, 8, 0, 1.083, True
6, 6, 26, 7, rveanssco, 0, 0, 2, 0.15, 8, 1, 1.811, False
6, 6, 27, 18, curiksy, 0, 0, 3, 0.15, 8, 0, 1.024, True
6, 6, 28, 318, iioe, 0, 0, 3, 0.15, 8, 1, 1.632, False
6, 6, 29, 21, xeaab, 0, 0, 4, 0.15, 8, 1, 0.587, False
6, 6, 30, 708, cool, 1, 0, 5, 0.15, 8, 1, 0.648, True
6, 6, 31, 919, stamina, 1, 0, 5, 0.15, 8, 1, 0.592, True
6, 6, 32, 182, oiok, 0, 0, 4, 0.15, 8, 0, 0.907, True
6, 6, 33, 22, deihdoaul, 0, 0, 4, 0.15, 8, 0, 1.03, True
6, 6, 34, 764, forgiving, 1, 0, 3, 0.15, 8, 0, 1.557, False
6, 6, 35, 66, vrcrah, 0, 0, 4, 0.15, 8, 1, 0.355, False
6, 6, 36, 269, weaoct, 0, 0, 5, 0.15, 8, 0, 0.416, True
6, 6, 37, 73, imoioo, 0, 0, 5, 0.15, 8, 0, 0.651, True
6, 6, 38, 95, iusseiega, 0, 0, 4, 0.15, 8, 1, 0.672, False
6, 6, 39, 200, tepses, 0, 0, 5, 0.15, 8, 1, 0.67, False
6, 6, 40, 274, bchb, 0, 0, 6, 0.15, 8, 0, 0.541, True
6, 6, 41, 89, ecndarlpb, 0, 0, 6, 0.15, 8, 0, 1.603, True
6, 6, 42, 785, great, 1, 0, 5, 0.15, 8, 1, 0.619, True
6, 6, 43, 233, rtiteldmh, 0, 0, 5, 0.15, 8, 0, 0.669, True
6, 6, 44, 833, luscious, 1, 0, 4, 0.15, 8, 0, 0.616, False
6, 6, 45, 882, proud, 1, 0, 5, 0.15, 8, 1, 0.667, True
6, 6, 46, 107, slfdna, 0, 0, 5, 0.15, 8, 0, 0.584, True
6, 6, 47, 149, doaufio, 0, 0, 4, 0.15, 8, 0, 0.995, True
6, 6, 48, 45, dgoe, 0, 0, 4, 0.15, 8, 0, 0.702, True
6, 6, 49, 150, iket, 0, 0, 3, 0.15, 8, 0, 0.715, True
6, 7, 0, 458, dcsmrtpt, 0, 1, 4, 0.15, 8, 0, 0.685, True
6, 7, 1, 470, yrisse, 0, 1, 4, 0.15, 8, 0, 0.779, True
6, 7, 2, 643, pihtr, 0, 1, 3, 0.15, 8, 0, 0.585, True
6, 7, 3, 1083, foul, 1, 1, 3, 0.15, 8, 1, 1.249, True
6, 7, 4, 634, ntoxedc, 0, 1, 2, 0.15, 8, 0, 0.552, True
6, 7, 5, 1164, nerves, 1, 1, 2, 0.15, 8, 0, 2.421, False
6, 7, 6, 978, aggressive, 1, 1, 3, 0.15, 8, 1, 1.019, True
6, 7, 7, 457, ewbu, 0, 1, 3, 0.15, 8, 1, 0.697, False
6, 7, 8, 1050, destruction, 1, 1, 4, 0.15, 8, 1, 0.552, True
6, 7, 9, 392, ndua, 0, 1, 4, 0.15, 8, 0, 0.683, True
6, 7, 10, 375, dwtnm, 0, 1, 3, 0.15, 8, 1, 0.869, False
6, 7, 11, 1260, troubled, 1, 1, 4, 0.15, 8, 0, 0.472, False
6, 7, 12, 543, mned, 0, 1, 5, 0.15, 8, 0, 0.702, True
6, 7, 13, 1195, risk, 1, 1, 5, 0.15, 8, 0, 1.217, False
6, 7, 14, 513, uteietdi, 0, 1, 6, 0.15, 8, 0, 0.829, True
6, 7, 15, 1086, frightened, 1, 1, 6, 0.15, 8, 1, 0.557, True
6, 7, 16, 586, hiorta, 0, 1, 5, 0.15, 8, 1, 0.374, False
6, 7, 17, 1265, unfaithful, 1, 1, 6, 0.15, 8, 1, 0.491, True
6, 7, 18, 401, olsedhglt, 0, 1, 6, 0.15, 8, 0, 1.334, True
6, 7, 19, 558, tcnli, 0, 1, 5, 0.15, 8, 0, 0.856, True
6, 7, 20, 1004, bomb, 1, 1, 5, 0.15, 8, 0, 0.795, False
6, 7, 21, 508, oesssm, 0, 1, 6, 0.15, 8, 1, 0.659, False
6, 7, 22, 1199, rude, 1, 1, 7, 0.15, 8, 1, 0.483, True
6, 7, 23, 442, pciisor, 0, 1, 7, 0.15, 8, 0, 2.176, True
6, 7, 24, 581, ieropem, 0, 1, 6, 0.15, 8, 1, 0.862, False
6, 7, 25, 1170, ominous, 1, 1, 7, 0.15, 8, 1, 0.709, True
6, 7, 26, 635, dshhs, 0, 1, 7, 0.15, 8, 0, 0.833, True
6, 7, 27, 1287, woe, 1, 1, 6, 0.15, 8, 0, 0.688, False
6, 7, 28, 596, thnairp, 0, 1, 7, 0.15, 8, 0, 0.63, True
6, 7, 29, 510, rnsrs, 0, 1, 7, 0.15, 8, 0, 1.328, True
6, 7, 30, 464, tnsd, 0, 1, 6, 0.15, 8, 0, 0.675, True
6, 7, 31, 585, liaild, 0, 1, 6, 0.15, 8, 1, 0.611, False
6, 7, 32, 445, iskesoe, 0, 1, 7, 0.15, 8, 0, 0.696, True
6, 7, 33, 1059, displeased, 1, 1, 7, 0.15, 8, 1, 0.608, True
6, 7, 34, 1238, syphilis, 1, 1, 6, 0.15, 8, 0, 0.595, False
6, 7, 35, 1012, burn, 1, 1, 7, 0.15, 8, 1, 1.029, True
6, 7, 36, 1280, warning, 1, 1, 7, 0.15, 8, 1, 0.464, True
6, 7, 37, 454, dtmef, 0, 1, 6, 0.15, 8, 0, 1.768, True
6, 7, 38, 409, istttcdc, 0, 1, 6, 0.15, 8, 0, 1.171, True
6, 7, 39, 372, botiseee, 0, 1, 5, 0.15, 8, 0, 0.597, True
6, 7, 40, 336, arlec, 0, 1, 5, 0.15, 8, 0, 0.805, True
6, 7, 41, 429, nsdrg, 0, 1, 4, 0.15, 8, 0, 0.699, True
6, 7, 42, 1106, hate, 1, 1, 4, 0.15, 8, 1, 0.667, True
6, 7, 43, 1000, blame, 1, 1, 3, 0.15, 8, 1, 1.235, True
6, 7, 44, 554, vtt, 0, 1, 3, 0.15, 8, 0, 0.411, True
6, 7, 45, 1068, enemy, 1, 1, 2, 0.15, 8, 0, 0.587, False
6, 7, 46, 1069, enraged, 1, 1, 3, 0.15, 8, 1, 0.611, True
6, 7, 47, 1017, conflict, 1, 1, 3, 0.15, 8, 1, 0.637, True
6, 7, 48, 606, tsihsri, 0, 1, 2, 0.15, 8, 0, 2.779, True
6, 7, 49, 600, noorrjebt, 0, 1, 2, 0.15, 8, 0, 1.877, True
6, 8, 0, 283, aruntle, 0, 0, 4, 0.15, 8, 0, 0.939, True
6, 8, 1, 223, snaexaal, 0, 0, 4, 0.15, 8, 0, 0.651, True
6, 8, 2, 170, bla, 0, 0, 3, 0.15, 8, 0, 0.397, True
6, 8, 3, 721, devotion, 1, 0, 3, 0.15, 8, 1, 0.64, True
6, 8, 4, 28, lettf, 0, 0, 2, 0.15, 8, 0, 0.481, True
6, 8, 5, 108, estnles, 0, 0, 2, 0.15, 8, 0, 0.992, True
6, 8, 6, 953, vacation, 1, 0, 1, 0.15, 8, 0, 0.611, False
6, 8, 7, 802, hopeful, 1, 0, 2, 0.15, 8, 0, 0.347, False
6, 8, 8, 113, eeeppnoe, 0, 0, 3, 0.15, 8, 1, 0.451, False
6, 8, 9, 825, leader, 1, 0, 4, 0.15, 8, 1, 0.624, True
6, 8, 10, 277, eav, 0, 0, 4, 0.15, 8, 0, 0.656, True
6, 8, 11, 963, win, 1, 0, 3, 0.15, 8, 1, 0.853, True
6, 8, 12, 290, oeeueetroo, 0, 0, 3, 0.15, 8, 0, 0.387, True
6, 8, 13, 750, extravert, 1, 0, 2, 0.15, 8, 1, 0.864, True
6, 8, 14, 766, free, 1, 0, 2, 0.15, 8, 1, 0.349, True
6, 8, 15, 695, champion, 1, 0, 1, 0.15, 8, 0, 0.817, False
6, 8, 16, 177, lsirxxecl, 0, 0, 2, 0.15, 8, 1, 0.739, False
6, 8, 17, 3, cpynmpner, 0, 0, 3, 0.15, 8, 0, 0.328, True
6, 8, 18, 659, ambition, 1, 0, 3, 0.15, 8, 1, 0.667, True
6, 8, 19, 77, etfmcenao, 0, 0, 2, 0.15, 8, 0, 0.416, True
6, 8, 20, 731, easy, 1, 0, 2, 0.15, 8, 1, 0.323, True
6, 8, 21, 810, intelligent, 1, 0, 1, 0.15, 8, 1, 0.416, True
6, 8, 22, 209, hveihi, 0, 0, 1, 0.15, 8, 0, 0.8, True
6, 8, 23, 262, eto, 0, 0, 1, 0.15, 8, 0, 1.357, True
6, 8, 24, 774, gentle, 1, 0, 1, 0.15, 8, 0, 0.491, False
6, 8, 25, 201, tteeu, 0, 0, 2, 0.15, 8, 1, 0.347, False
6, 8, 26, 689, carefree, 1, 0, 3, 0.15, 8, 0, 0.323, False
6, 8, 27, 203, ldra, 0, 0, 4, 0.15, 8, 0, 1.704, True
6, 8, 28, 260, rysde, 0, 0, 4, 0.15, 8, 0, 0.499, True
6, 8, 29, 257, asltao, 0, 0, 3, 0.15, 8, 0, 0.457, True
6, 8, 30, 37, ghren, 0, 0, 3, 0.15, 8, 1, 0.341, False
6, 8, 31, 4, alfenn, 0, 0, 4, 0.15, 8, 0, 0.797, True
6, 8, 32, 859, passionate, 1, 0, 4, 0.15, 8, 1, 0.608, True
6, 8, 33, 858, passion, 1, 0, 3, 0.15, 8, 1, 0.459, True
6, 8, 34, 258, itp, 0, 0, 3, 0.15, 8, 0, 0.68, True
6, 8, 35, 930, sweetheart, 1, 0, 2, 0.15, 8, 1, 0.833, True
6, 8, 36, 962, wedding, 1, 0, 2, 0.15, 8, 0, 1.414, False
6, 8, 37, 769, friend, 1, 0, 3, 0.15, 8, 1, 0.499, True
6, 8, 38, 735, efficient, 1, 0, 3, 0.15, 8, 0, 1.496, False
6, 8, 39, 281, lludnl, 0, 0, 4, 0.15, 8, 1, 0.536, False
6, 8, 40, 656, agreeable, 1, 0, 5, 0.15, 8, 0, 0.427, False
6, 8, 41, 783, graceful, 1, 0, 6, 0.15, 8, 1, 0.619, True
6, 8, 42, 142, etdrevrci, 0, 0, 6, 0.15, 8, 0, 0.721, True
6, 8, 43, 850, ocean, 1, 0, 5, 0.15, 8, 1, 0.569, True
6, 8, 44, 231, tnnddra, 0, 0, 5, 0.15, 8, 0, 0.624, True
6, 8, 45, 748, excitement, 1, 0, 4, 0.15, 8, 1, 0.915, True
6, 8, 46, 285, shmtrca, 0, 0, 4, 0.15, 8, 0, 1.182, True
6, 8, 47, 932, talent, 1, 0, 3, 0.15, 8, 1, 0.427, True
6, 8, 48, 207, iurlgyse, 0, 0, 3, 0.15, 8, 0, 0.515, True
6, 8, 49, 172, etlrna, 0, 0, 2, 0.15, 8, 0, 0.632, True
6, 9, 0, 1205, scum, 1, 1, 4, 0.15, 8, 0, 0.827, False
6, 9, 1, 1085, fright, 1, 1, 5, 0.15, 8, 0, 0.568, False
6, 9, 2, 576, nhuitc, 0, 1, 6, 0.15, 8, 1, 0.723, False
6, 9, 3, 1115, hopeless, 1, 1, 7, 0.15, 8, 0, 6.592, False
6, 9, 4, 1160, murder, 1, 1, 8, 0.15, 8, 0, 0.581, False
6, 9, 5, 1264, uneasy, 1, 1, 9, 0.15, 8, 1, 0.763, True
6, 9, 6, 1008, brutal, 1, 1, 9, 0.15, 8, 1, 0.47, True
6, 9, 7, 466, rhshavo, 0, 1, 8, 0.15, 8, 0, 0.723, True
6, 9, 8, 514, maspda, 0, 1, 8, 0.15, 8, 1, 0.403, False
6, 9, 9, 478, wrlhtklsy, 0, 1, 9, 0.15, 8, 1, 0.47, False
6, 9, 10, 1047, desperate, 1, 1, 10, 0.15, 8, 1, 0.424, True
6, 9, 11, 1031, crushed, 1, 1, 10, 0.15, 8, 1, 0.448, True
6, 9, 12, 1118, hostile, 1, 1, 9, 0.15, 8, 1, 0.395, True
6, 9, 13, 357, rolepe, 0, 1, 9, 0.15, 8, 1, 0.395, False
6, 9, 14, 523, soeaec, 0, 1, 10, 0.15, 8, 0, 0.557, True
6, 9, 15, 1152, measles, 1, 1, 10, 0.15, 8, 1, 0.56, True
6, 9, 16, 534, eespbhs, 0, 1, 9, 0.15, 8, 0, 0.803, True
6, 9, 17, 1250, toothache, 1, 1, 9, 0.15, 8, 1, 0.646, True
6, 9, 18, 434, soara, 0, 1, 8, 0.15, 8, 0, 0.469, True
6, 9, 19, 1206, seasick, 1, 1, 8, 0.15, 8, 1, 0.419, True
6, 9, 20, 1271, vandal, 1, 1, 7, 0.15, 8, 1, 0.819, True
6, 9, 21, 1060, distressed, 1, 1, 7, 0.15, 8, 0, 0.595, False
6, 9, 22, 580, aiadirsd, 0, 1, 8, 0.15, 8, 1, 0.712, False
6, 9, 23, 972, accident, 1, 1, 9, 0.15, 8, 0, 0.664, False
6, 9, 24, 1189, rape, 1, 1, 10, 0.15, 8, 1, 0.432, True
6, 9, 25, 1225, spider, 1, 1, 10, 0.15, 8, 0, 0.571, False
6, 9, 26, 993, avoid, 1, 1, 11, 0.15, 8, 1, 0.659, True
6, 9, 27, 522, mancehcrg, 0, 1, 11, 0.15, 8, 0, 0.51, True
6, 9, 28, 1196, roach, 1, 1, 10, 0.15, 8, 1, 0.6, True
6, 9, 29, 389, pdbhrs, 0, 1, 10, 0.15, 8, 0, 0.549, True
6, 9, 30, 1026, crisis, 1, 1, 9, 0.15, 8, 0, 1.045, False
6, 9, 31, 1107, hateful, 1, 1, 10, 0.15, 8, 1, 0.635, True
6, 9, 32, 1063, doubt, 1, 1, 10, 0.15, 8, 1, 0.366, True
6, 9, 33, 342, hntwedd, 0, 1, 9, 0.15, 8, 0, 0.6, True
6, 9, 34, 979, agony, 1, 1, 9, 0.15, 8, 1, 0.755, True
6, 9, 35, 1036, dead, 1, 1, 8, 0.15, 8, 1, 0.584, True
6, 9, 36, 1049, destroy, 1, 1, 8, 0.15, 8, 0, 0.413, False
6, 9, 37, 358, tago, 0, 1, 9, 0.15, 8, 0, 1.139, True
6, 9, 38, 1162, mutilate, 1, 1, 9, 0.15, 8, 0, 0.936, False
6, 9, 39, 1055, disaster, 1, 1, 10, 0.15, 8, 1, 0.425, True
6, 9, 40, 360, eratmm, 0, 1, 10, 0.15, 8, 0, 0.832, True
6, 9, 41, 1061, divorce, 1, 1, 9, 0.15, 8, 1, 0.472, True
6, 9, 42, 397, lsdnr, 0, 1, 9, 0.15, 8, 0, 0.584, True
6, 9, 43, 1097, grief, 1, 1, 8, 0.15, 8, 1, 0.363, True
6, 9, 44, 428, roo, 0, 1, 8, 0.15, 8, 0, 0.819, True
6, 9, 45, 641, roh, 0, 1, 7, 0.15, 8, 1, 0.387, False
6, 9, 46, 1075, fault, 1, 1, 8, 0.15, 8, 0, 0.544, False
6, 9, 47, 461, tuisesp, 0, 1, 9, 0.15, 8, 0, 1.165, True
6, 9, 48, 1180, pollute, 1, 1, 9, 0.15, 8, 1, 0.584, True
6, 9, 49, 970, abuse, 1, 1, 8, 0.15, 8, 0, 0.747, False
6, 10, 0, 867, pleased, 1, 0, 4, 0.15, 8, 0, 0.893, False
6, 10, 1, 130, rsuteg, 0, 0, 5, 0.15, 8, 0, 0.76, True
6, 10, 2, 30, kvcnkne, 0, 0, 5, 0.15, 8, 0, 0.504, True
6, 10, 3, 765, fortunate, 1, 0, 4, 0.15, 8, 0, 0.579, False
6, 10, 4, 225, oogbssrvr, 0, 0, 5, 0.15, 8, 0, 2.253, True
6, 10, 5, 286, elteal, 0, 0, 5, 0.15, 8, 0, 56.84, True
6, 10, 6, 176, agei, 0, 0, 4, 0.15, 8, 1, 0.742, False
6, 10, 7, 221, elrpsep, 0, 0, 5, 0.15, 8, 0, 0.768, True
6, 10, 8, 143, muans, 0, 0, 5, 0.15, 8, 1, 0.945, False
6, 10, 9, 23, hey, 0, 0, 6, 0.15, 8, 0, 0.853, True
6, 10, 10, 744, euphoric, 1, 0, 6, 0.15, 8, 0, 1.211, False
6, 10, 11, 193, cdgul, 0, 0, 7, 0.15, 8, 0, 0.68, True
6, 10, 12, 273, elhblae, 0, 0, 7, 0.15, 8, 1, 0.717, False
6, 10, 13, 13, aswytoeu, 0, 0, 8, 0.15, 8, 0, 0.686, True
6, 10, 14, 726, dog, 1, 0, 8, 0.15, 8, 1, 0.549, True
6, 10, 15, 699, christmas, 1, 0, 7, 0.15, 8, 1, 0.464, True
6, 10, 16, 124, dniudwte, 0, 0, 7, 0.15, 8, 0, 0.587, True
6, 10, 17, 827, liberty, 1, 0, 6, 0.15, 8, 0, 0.683, False
6, 10, 18, 137, oetcasaf, 0, 0, 7, 0.15, 8, 0, 0.672, True
6, 10, 19, 321, edisrsame, 0, 0, 7, 0.15, 8, 0, 0.739, True
6, 10, 20, 848, nature, 1, 0, 6, 0.15, 8, 1, 0.88, True
6, 10, 21, 251, efkrrbyu, 0, 0, 6, 0.15, 8, 0, 3.211, True
6, 10, 22, 822, kiss, 1, 0, 5, 0.15, 8, 0, 0.534, False
6, 10, 23, 841, memories, 1, 0, 6, 0.15, 8, 1, 0.955, True
6, 10, 24, 228, mmbreirai, 0, 0, 6, 0.15, 8, 0, 0.435, True
6, 10, 25, 121, iifrirv, 0, 0, 5, 0.15, 8, 0, 1.36, True
6, 10, 26, 20, ters, 0, 0, 5, 0.15, 8, 0, 0.616, True
6, 10, 27, 840, melody, 1, 0, 4, 0.15, 8, 1, 0.616, True
6, 10, 28, 652, adorable, 1, 0, 4, 0.15, 8, 0, 0.376, False
6, 10, 29, 676, blossom, 1, 0, 5, 0.15, 8, 1, 0.715, True
6, 10, 30, 709, couple, 1, 0, 5, 0.15, 8, 0, 0.608, False
6, 10, 31, 154, jcaig, 0, 0, 6, 0.15, 8, 1, 0.675, False
6, 10, 32, 912, snuggle, 1, 0, 7, 0.15, 8, 1, 0.549, True
6, 10, 33, 148, yeohir, 0, 0, 7, 0.15, 8, 0, 0.704, True
6, 10, 34, 16, auwkteib, 0, 0, 6, 0.15, 8, 0, 0.597, True
6, 10, 35, 909, sleep, 1, 0, 6, 0.15, 8, 1, 0.712, True
6, 10, 36, 160, omeefac, 0, 0, 5, 0.15, 8, 1, 0.334, False
6, 10, 37, 751, faithful, 1, 0, 6, 0.15, 8, 1, 0.619, True
6, 10, 38, 753, family, 1, 0, 6, 0.15, 8, 1, 0.432, True
6, 10, 39, 646, abundance, 1, 0, 5, 0.15, 8, 1, 1.629, True
6, 10, 40, 675, bliss, 1, 0, 5, 0.15, 8, 0, 0.603, False
6, 10, 41, 901, savior, 1, 0, 6, 0.15, 8, 1, 0.669, True
6, 10, 42, 662, applause, 1, 0, 6, 0.15, 8, 1, 0.701, True
6, 10, 43, 758, fireworks, 1, 0, 5, 0.15, 8, 0, 0.496, False
6, 10, 44, 63, uofcch, 0, 0, 6, 0.15, 8, 1, 0.494, False
6, 10, 45, 303, gondatme, 0, 0, 7, 0.15, 8, 1, 0.701, False
6, 10, 46, 46, vlelse, 0, 0, 8, 0.15, 8, 1, 0.984, False
6, 10, 47, 122, lsfaopstu, 0, 0, 9, 0.15, 8, 0, 0.48, True
6, 10, 48, 761, flourishing, 1, 0, 9, 0.15, 8, 0, 0.483, False
6, 10, 49, 672, bird, 1, 0, 10, 0.15, 8, 1, 0.472, True
6, 11, 0, 1209, shame, 1, 1, 4, 0.15, 8, 0, 0.798, False
6, 11, 1, 1105, harm, 1, 1, 5, 0.15, 8, 1, 0.643, True
6, 11, 2, 595, uaias, 0, 1, 5, 0.15, 8, 0, 0.619, True
6, 11, 3, 348, rfrst, 0, 1, 4, 0.15, 8, 1, 0.699, False
6, 11, 4, 1248, threat, 1, 1, 5, 0.15, 8, 0, 0.685, False
6, 11, 5, 483, adhton, 0, 1, 6, 0.15, 8, 1, 0.576, False
6, 11, 6, 1224, sorry, 1, 1, 7, 0.15, 8, 1, 0.593, True
6, 11, 7, 1200, sad, 1, 1, 7, 0.15, 8, 1, 0.755, True
6, 11, 8, 1155, mistake, 1, 1, 6, 0.15, 8, 0, 0.819, False
6, 11, 9, 1279, war, 1, 1, 7, 0.15, 8, 1, 0.691, True
6, 11, 10, 1103, hang, 1, 1, 7, 0.15, 8, 1, 0.632, True
6, 11, 11, 602, wvvuua, 0, 1, 6, 0.15, 8, 0, 0.576, True
6, 11, 12, 1275, violence, 1, 1, 6, 0.15, 8, 1, 0.669, True
6, 11, 13, 578, telif, 0, 1, 5, 0.15, 8, 1, 0.971, False
6, 11, 14, 382, ltnst, 0, 1, 6, 0.15, 8, 0, 0.613, True
6, 11, 15, 468, niaabdso, 0, 1, 6, 0.15, 8, 0, 0.779, True
6, 11, 16, 1045, deserter, 1, 1, 5, 0.15, 8, 1, 0.621, True
6, 11, 17, 988, anxiety, 1, 1, 5, 0.15, 8, 0, 0.721, False
6, 11, 18, 509, gimnurs, 0, 1, 6, 0.15, 8, 1, 1.691, False
6, 11, 19, 386, ans, 0, 1, 7, 0.15, 8, 0, 0.616, True
6, 11, 20, 359, aadeh, 0, 1, 7, 0.15, 8, 0, 2.608, True
6, 11, 21, 628, oniaca, 0, 1, 6, 0.15, 8, 0, 0.723, True
6, 11, 22, 350, lhepepse, 0, 1, 6, 0.15, 8, 0, 0.669, True
6, 11, 23, 347, oapde, 0, 1, 5, 0.15, 8, 0, 0.523, True
6, 11, 24, 488, erhn, 0, 1, 5, 0.15, 8, 0, 0.523, True
6, 11, 25, 1259, trouble, 1, 1, 4, 0.15, 8, 1, 0.568, True
6, 11, 26, 381, alfanvi, 0, 1, 4, 0.15, 8, 0, 0.862, True
6, 11, 27, 446, ntsei, 0, 1, 3, 0.15, 8, 0, 0.715, True
6, 11, 28, 1035, danger, 1, 1, 3, 0.15, 8, 1, 0.651, True
6, 11, 29, 467, rce, 0, 1, 2, 0.15, 8, 0, 0.939, True
6, 11, 30, 1283, whore, 1, 1, 2, 0.15, 8, 0, 1.013, False
6, 11, 31, 1076, fear, 1, 1, 3, 0.15, 8, 0, 0.387, False
6, 11, 32, 340, okenyrn, 0, 1, 4, 0.15, 8, 0, 0.566, True
6, 11, 33, 1041, deformed, 1, 1, 4, 0.15, 8, 0, 1.451, False
6, 11, 34, 571, emfunoier, 0, 1, 5, 0.15, 8, 0, 0.63, True
6, 11, 35, 983, ambulance, 1, 1, 5, 0.15, 8, 0, 0.907, False
6, 11, 36, 380, orulet, 0, 1, 6, 0.15, 8, 0, 0.987, True
6, 11, 37, 1034, damage, 1, 1, 6, 0.15, 8, 1, 0.987, True
6, 11, 38, 542, selo, 0, 1, 5, 0.15, 8, 0, 1.016, True
6, 11, 39, 537, ewfaos, 0, 1, 5, 0.15, 8, 1, 0.827, False
6, 11, 40, 612, tyofdl, 0, 1, 6, 0.15, 8, 0, 0.699, True
6, 11, 41, 1239, tears, 1, 1, 6, 0.15, 8, 0, 0.592, False
6, 11, 42, 1043, demon, 1, 1, 7, 0.15, 8, 1, 0.883, True
6, 11, 43, 482, ndgeel, 0, 1, 7, 0.15, 8, 0, 0.768, True
6, 11, 44, 573, oofso, 0, 1, 6, 0.15, 8, 0, 0.579, True
6, 11, 45, 565, flhgcde, 0, 1, 6, 0.15, 8, 0, 0.672, True
6, 11, 46, 520, ielfujskm, 0, 1, 5, 0.15, 8, 0, 0.573, True
6, 11, 47, 1247, thief, 1, 1, 5, 0.15, 8, 0, 0.52, False
6, 11, 48, 539, oplosl, 0, 1, 6, 0.15, 8, 0, 0.635, True
6, 11, 49, 1289, worse, 1, 1, 6, 0.15, 8, 1, 1.587, True
