7, 0, 0, 905, sexy, 1, 0, 7, 0.15, 8, 1, 3.542, True
7, 0, 1, 921, strong, 1, 0, 7, 0.15, 8, 1, 1.877, True
7, 0, 2, 252, ralp, 0, 0, 6, 0.15, 8, 1, 1.128, False
7, 0, 3, 280, hthetmr, 0, 0, 7, 0.15, 8, 0, 1.525, True
7, 0, 4, 312, ipds, 0, 0, 7, 0.15, 8, 1, 0.723, False
7, 0, 5, 166, outsftxa, 0, 0, 8, 0.15, 8, 1, 1.171, False
7, 0, 6, 146, lsetalo, 0, 0, 9, 0.15, 8, 1, 0.64, False
7, 0, 7, 898, safe, 1, 0, 10, 0.15, 8, 0, 1.654, False
7, 0, 8, 168, iosr, 0, 0, 11, 0.15, 8, 1, 0.632, False
7, 0, 9, 52, wssus, 0, 0, 12, 0.15, 8, 0, 0.928, True
7, 0, 10, 131, yphi, 0, 0, 12, 0.15, 8, 0, 0.643, True
7, 0, 11, 232, iniitgars, 0, 0, 11, 0.15, 8, 0, 1.595, True
7, 0, 12, 832, lucky, 1, 0, 11, 0.15, 8, 1, 0.528, True
7, 0, 13, 128, saiaes, 0, 0, 10, 0.15, 8, 0, 2.397, True
7, 0, 14, 840, melody, 1, 0, 10, 0.15, 8, 1, 0.467, True
7, 0, 15, 314, lesidtios, 0, 0, 9, 0.15, 8, 1, 1.171, False
7, 0, 16, 301, eseh, 0, 0, 10, 0.15, 8, 0, 0.96, True
7, 0, 17, 825, leader, 1, 0, 10, 0.15, 8, 1, 0.534, True
7, 0, 18, 281, lludnl, 0, 0, 9, 0.15, 8, 0, 0.931, True
7, 0, 19, 747, excited, 1, 0, 9, 0.15, 8, 1, 0.4, True
7, 0, 20, 736, elated, 1, 0, 8, 0.15, 8, 1, 0.752, True
7, 0, 21, 798, home, 1, 0, 8, 0.15, 8, 1, 0.405, True
7, 0, 22, 37, ghren, 0, 0, 7, 0.15, 8, 0, 0.515, True
7, 0, 23, 765, fortunate, 1, 0, 7, 0.15, 8, 1, 0.453, True
7, 0, 24, 750, extravert, 1, 0, 6, 0.15, 8, 1, 0.523, True
7, 0, 25, 957, vitality, 1, 0, 6, 0.15, 8, 1, 0.685, True
7, 0, 26, 887, relaxed, 1, 0, 5, 0.15, 8, 0, 0.829, False
7, 0, 27, 158, dha, 0, 0, 6, 0.15, 8, 0, 0.493, True
7, 0, 28, 61, etadoeapecdic, 0, 0, 6, 0.15, 8, 1, 0.619, False
7, 0, 29, 237, fagla, 0, 0, 7, 0.15, 8, 1, 0.931, False
7, 0, 30, 871, practical, 1, 0, 8, 0.15, 8, 1, 0.507, True
7, 0, 31, 920, star, 1, 0, 8, 0.15, 8, 1, 0.448, True
7, 0, 32, 841, memories, 1, 0, 7, 0.15, 8, 1, 0.597, True
7, 0, 33, 46, vlelse, 0, 0, 7, 0.15, 8, 1, 1.035, False
7, 0, 34, 11, ndaca, 0, 0, 8, 0.15, 8, 0, 0.728, True
7, 0, 35, 953, vacation, 1, 0, 8, 0.15, 8, 1, 0.504, True
7, 0, 36, 164, cadogfepusa, 0, 0, 7, 0.15, 8, 0, 0.795, True
7, 0, 37, 30, kvcnkne, 0, 0, 7, 0.15, 8, 0, 0.678, True
7, 0, 38, 950, unselfish, 1, 0, 6, 0.15, 8, 0, 1.576, False
7, 0, 39, 67, avdi, 0, 0, 7, 0.15, 8, 0, 1.152, True
7, 0, 40, 277, eav, 0, 0, 7, 0.15, 8, 0, 0.595, True
7, 0, 41, 129, lhra, 0, 0, 6, 0.15, 8, 0, 0.611, True
7, 0, 42, 669, bed, 1, 0, 6, 0.15, 8, 1, 0.566, True
7, 0, 43, 226, eseoiiil, 0, 0, 5, 0.15, 8, 1, 0.926, False
7, 0, 44, 203, ldra, 0, 0, 6, 0.15, 8, 0, 0.704, True
7, 0, 45, 214, ntefe, 0, 0, 6, 0.15, 8, 0, 0.584, True
7, 0, 46, 731, easy, 1, 0, 5, 0.15, 8, 0, 0.614, False
7, 0, 47, 178, yledr, 0, 0, 6, 0.15, 8, 1, 0.635, False
7, 0, 48, 738, energy, 1, 0, 7, 0.15, 8, 1, 0.47, True
7, 0, 49, 862, people, 1, 0, 7, 0.15, 8, 1, 0.4, True
7, 1, 0, 590, ousftui, 0, 1, 4, 0.15, 8, 1, 0.933, False
7, 1, 1, 500, euirf, 0, 1, 5, 0.15, 8, 0, 0.6, True
7, 1, 2, 607, iyxaadd, 0, 1, 5, 0.15, 8, 0, 1.0, True
7, 1, 3, 1093, gloom, 1, 1, 4, 0.15, 8, 0, 0.757, False
7, 1, 4, 1282, weakness, 1, 1, 5, 0.15, 8, 1, 0.565, True
7, 1, 5, 512, ehdsbd, 0, 1, 5, 0.15, 8, 1, 0.51, False
7, 1, 6, 1105, harm, 1, 1, 6, 0.15, 8, 1, 0.637, True
7, 1, 7, 1172, pain, 1, 1, 6, 0.15, 8, 1, 0.664, True
7, 1, 8, 1153, menace, 1, 1, 5, 0.15, 8, 0, 0.853, False
7, 1, 9, 621, emaodeme, 0, 1, 6, 0.15, 8, 1, 1.579, False
7, 1, 10, 1068, enemy, 1, 1, 7, 0.15, 8, 1, 0.531, True
7, 1, 11, 570, neri, 0, 1, 7, 0.15, 8, 0, 0.952, True
7, 1, 12, 379, rtvapfbt, 0, 1, 6, 0.15, 8, 0, 0.752, True
7, 1, 13, 1050, destruction, 1, 1, 6, 0.15, 8, 1, 0.576, True
7, 1, 14, 601, tpxet, 0, 1, 5, 0.15, 8, 0, 1.328, True
7, 1, 15, 566, aas, 0, 1, 5, 0.15, 8, 1, 0.832, False
7, 1, 16, 344, nseotdst, 0, 1, 6, 0.15, 8, 1, 1.281, False
7, 1, 17, 1133, isolated, 1, 1, 7, 0.15, 8, 1, 0.557, True
7, 1, 18, 1173, panic, 1, 1, 7, 0.15, 8, 1, 0.443, True
7, 1, 19, 1206, seasick, 1, 1, 6, 0.15, 8, 1, 1.165, True
7, 1, 20, 1186, quarrel, 1, 1, 6, 0.15, 8, 1, 0.928, True
7, 1, 21, 1141, lonely, 1, 1, 5, 0.15, 8, 1, 0.64, True
7, 1, 22, 1230, stress, 1, 1, 5, 0.15, 8, 1, 1.576, True
7, 1, 23, 415, stdrlig, 0, 1, 4, 0.15, 8, 0, 1.384, True
7, 1, 24, 1020, coward, 1, 1, 4, 0.15, 8, 1, 0.675, True
7, 1, 25, 1120, hurt, 1, 1, 3, 0.15, 8, 1, 1.483, True
7, 1, 26, 1021, cramp, 1, 1, 3, 0.15, 8, 1, 0.837, True
7, 1, 27, 564, rxvet, 0, 1, 2, 0.15, 8, 1, 0.637, False
7, 1, 28, 343, icnolih, 0, 1, 3, 0.15, 8, 1, 0.464, False
7, 1, 29, 1140, loneliness, 1, 1, 4, 0.15, 8, 1, 0.403, True
7, 1, 30, 472, uoinedo, 0, 1, 4, 0.15, 8, 1, 0.792, False
7, 1, 31, 384, oilrigs, 0, 1, 5, 0.15, 8, 1, 0.621, False
7, 1, 32, 577, ohns, 0, 1, 6, 0.15, 8, 0, 0.627, True
7, 1, 33, 543, mned, 0, 1, 6, 0.15, 8, 0, 0.683, True
7, 1, 34, 417, fhdts, 0, 1, 5, 0.15, 8, 1, 0.699, False
7, 1, 35, 330, uuacea, 0, 1, 6, 0.15, 8, 0, 1.408, True
7, 1, 36, 1004, bomb, 1, 1, 6, 0.15, 8, 1, 0.739, True
7, 1, 37, 976, addict, 1, 1, 5, 0.15, 8, 1, 0.701, True
7, 1, 38, 486, cmtreeci, 0, 1, 5, 0.15, 8, 1, 0.592, False
7, 1, 39, 995, bad, 1, 1, 6, 0.15, 8, 1, 0.432, True
7, 1, 40, 409, istttcdc, 0, 1, 6, 0.15, 8, 0, 1.92, True
7, 1, 41, 1178, pest, 1, 1, 5, 0.15, 8, 1, 0.424, True
7, 1, 42, 1027, crucify, 1, 1, 5, 0.15, 8, 1, 0.694, True
7, 1, 43, 527, dtgae, 0, 1, 4, 0.15, 8, 1, 0.629, False
7, 1, 44, 1130, insecure, 1, 1, 5, 0.15, 8, 1, 0.619, True
7, 1, 45, 466, rhshavo, 0, 1, 5, 0.15, 8, 0, 0.813, True
7, 1, 46, 1076, fear, 1, 1, 4, 0.15, 8, 0, 1.334, False
7, 1, 47, 502, sltien, 0, 1, 5, 0.15, 8, 0, 1.496, True
7, 1, 48, 1174, paralysis, 1, 1, 5, 0.15, 8, 1, 0.875, True
7, 1, 49, 1123, incite, 1, 1, 4, 0.15, 8, 1, 1.629, True
7, 2, 0, 24, glheins, 0, 0, 4, 0.15, 8, 0, 0.776, True
7, 2, 1, 99, apeavtsrph, 0, 0, 4, 0.15, 8, 0, 0.52, True
7, 2, 2, 148, yeohir, 0, 0, 3, 0.15, 8, 0, 0.419, True
7, 2, 3, 940, tranquil, 1, 0, 3, 0.15, 8, 0, 0.44, False
7, 2, 4, 147, syedl, 0, 0, 4, 0.15, 8, 1, 0.789, False
7, 2, 5, 705, compliment, 1, 0, 5, 0.15, 8, 1, 0.571, True
7, 2, 6, 746, exceptional, 1, 0, 5, 0.15, 8, 1, 0.518, True
7, 2, 7, 715, daring, 1, 0, 4, 0.15, 8, 1, 0.579, True
7, 2, 8, 782, good, 1, 0, 4, 0.15, 8, 1, 0.507, True
7, 2, 9, 769, friend, 1, 0, 3, 0.15, 8, 1, 0.931, True
7, 2, 10, 792, healthy, 1, 0, 3, 0.15, 8, 1, 0.464, True
7, 2, 11, 706, confident, 1, 0, 2, 0.15, 8, 1, 0.413, True
7, 2, 12, 783, graceful, 1, 0, 2, 0.15, 8, 1, 0.384, True
7, 2, 13, 755, fascinate, 1, 0, 1, 0.15, 8, 1, 0.443, True
7, 2, 14, 188, econ, 0, 0, 1, 0.15, 8, 1, 0.32, False
7, 2, 15, 321, edisrsame, 0, 0, 2, 0.15, 8, 1, 0.336, False
7, 2, 16, 269, weaoct, 0, 0, 3, 0.15, 8, 1, 0.357, False
7, 2, 17, 265, comp, 0, 0, 4, 0.15, 8, 1, 2.227, False
7, 2, 18, 151, newlcud, 0, 0, 5, 0.15, 8, 0, 1.224, True
7, 2, 19, 689, carefree, 1, 0, 5, 0.15, 8, 1, 0.501, True
7, 2, 20, 191, snriifl, 0, 0, 4, 0.15, 8, 0, 0.83, True
7, 2, 21, 273, elhblae, 0, 0, 4, 0.15, 8, 1, 1.848, False
7, 2, 22, 737, elegant, 1, 0, 5, 0.15, 8, 1, 0.544, True
7, 2, 23, 853, outdoors, 1, 0, 5, 0.15, 8, 1, 0.518, True
7, 2, 24, 855, palace, 1, 0, 4, 0.15, 8, 1, 0.947, True
7, 2, 25, 48, gfgos, 0, 0, 4, 0.15, 8, 1, 0.597, False
7, 2, 26, 938, thrilled, 1, 0, 5, 0.15, 8, 1, 1.395, True
7, 2, 27, 221, elrpsep, 0, 0, 5, 0.15, 8, 0, 1.953, True
7, 2, 28, 58, soseusodini, 0, 0, 4, 0.15, 8, 1, 1.291, False
7, 2, 29, 821, king, 1, 0, 5, 0.15, 8, 1, 0.47, True
7, 2, 30, 319, uter, 0, 0, 5, 0.15, 8, 1, 0.571, False
7, 2, 31, 303, gondatme, 0, 0, 6, 0.15, 8, 1, 1.448, False
7, 2, 32, 290, oeeueetroo, 0, 0, 7, 0.15, 8, 0, 0.741, True
7, 2, 33, 250, emjiurhvlbtbr, 0, 0, 7, 0.15, 8, 0, 0.661, True
7, 2, 34, 26, yese, 0, 0, 6, 0.15, 8, 0, 0.675, True
7, 2, 35, 134, uyh, 0, 0, 6, 0.15, 8, 0, 0.579, True
7, 2, 36, 276, tlrdous, 0, 0, 5, 0.15, 8, 1, 0.638, False
7, 2, 37, 693, celebrate, 1, 0, 6, 0.15, 8, 1, 0.472, True
7, 2, 38, 182, oiok, 0, 0, 6, 0.15, 8, 0, 0.528, True
7, 2, 39, 102, lcaeuuaixi, 0, 0, 5, 0.15, 8, 0, 1.584, True
7, 2, 40, 149, doaufio, 0, 0, 5, 0.15, 8, 0, 0.645, True
7, 2, 41, 190, iirnoe, 0, 0, 4, 0.15, 8, 1, 1.163, False
7, 2, 42, 654, affection, 1, 0, 5, 0.15, 8, 1, 0.523, True
7, 2, 43, 304, vuflnuylh, 0, 0, 5, 0.15, 8, 0, 0.731, True
7, 2, 44, 142, etdrevrci, 0, 0, 4, 0.15, 8, 1, 0.899, False
7, 2, 45, 700, circus, 1, 0, 5, 0.15, 8, 1, 0.653, True
7, 2, 46, 839, medal, 1, 0, 5, 0.15, 8, 1, 0.472, True
7, 2, 47, 663, ardent, 1, 0, 4, 0.15, 8, 1, 1.163, True
7, 2, 48, 775, gift, 1, 0, 4, 0.15, 8, 1, 0.584, True
7, 2, 49, 288, edohjdon, 0, 0, 3, 0.15, 8, 1, 0.448, False
7, 3, 0, 616, htrs, 0, 1, 4, 0.15, 8, 1, 0.616, False
7, 3, 1, 571, emfunoier, 0, 1, 5, 0.15, 8, 1, 1.131, False
7, 3, 2, 1063, doubt, 1, 1, 6, 0.15, 8, 1, 0.585, True
7, 3, 3, 1233, suffering, 1, 1, 6, 0.15, 8, 1, 0.52, True
7, 3, 4, 1147, mad, 1, 1, 5, 0.15, 8, 1, 0.536, True
7, 3, 5, 1194, riot, 1, 1, 5, 0.15, 8, 0, 0.747, False
7, 3, 6, 1142, lose, 1, 1, 6, 0.15, 8, 1, 0.347, True
7, 3, 7, 374, rcfltt, 0, 1, 6, 0.15, 8, 1, 0.395, False
7, 3, 8, 388, edlexd, 0, 1, 7, 0.15, 8, 0, 0.741, True
7, 3, 9, 495, itonbt, 0, 1, 7, 0.15, 8, 0, 0.774, True
7, 3, 10, 579, hliisv, 0, 1, 6, 0.15, 8, 1, 2.731, False
7, 3, 11, 1032, cry, 1, 1, 7, 0.15, 8, 1, 0.395, True
7, 3, 12, 428, roo, 0, 1, 7, 0.15, 8, 1, 0.389, False
7, 3, 13, 475, lae, 0, 1, 8, 0.15, 8, 0, 0.531, True
7, 3, 14, 1087, frustrated, 1, 1, 8, 0.15, 8, 1, 0.427, True
7, 3, 15, 1055, disaster, 1, 1, 7, 0.15, 8, 1, 0.237, True
7, 3, 16, 1209, shame, 1, 1, 7, 0.15, 8, 1, 0.235, True
7, 3, 17, 1117, hostage, 1, 1, 6, 0.15, 8, 1, 0.243, True
7, 3, 18, 387, akcie, 0, 1, 6, 0.15, 8, 0, 0.622, True
7, 3, 19, 1222, solemn, 1, 1, 5, 0.15, 8, 1, 0.64, True
7, 3, 20, 1224, sorry, 1, 1, 5, 0.15, 8, 0, 0.408, False
7, 3, 21, 1108, hatred, 1, 1, 6, 0.15, 8, 1, 0.563, True
7, 3, 22, 549, hohf, 0, 1, 6, 0.15, 8, 0, 0.59, True
7, 3, 23, 1288, worry, 1, 1, 5, 0.15, 8, 1, 0.411, True
7, 3, 24, 993, avoid, 1, 1, 5, 0.15, 8, 1, 0.486, True
7, 3, 25, 419, siher, 0, 1, 4, 0.15, 8, 0, 0.859, True
7, 3, 26, 414, upitamlils, 0, 1, 4, 0.15, 8, 1, 1.147, False
7, 3, 27, 1064, dreadful, 1, 1, 5, 0.15, 8, 0, 0.888, False
7, 3, 28, 494, niripeciei, 0, 1, 6, 0.15, 8, 0, 0.803, True
7, 3, 29, 598, geoepaart, 0, 1, 6, 0.15, 8, 0, 0.718, True
7, 3, 30, 1126, infuriate, 1, 1, 5, 0.15, 8, 1, 0.518, True
7, 3, 31, 641, roh, 0, 1, 5, 0.15, 8, 1, 0.755, False
7, 3, 32, 1198, rotten, 1, 1, 6, 0.15, 8, 1, 0.419, True
7, 3, 33, 1091, garbage, 1, 1, 6, 0.15, 8, 1, 0.832, True
7, 3, 34, 430, obem, 0, 1, 5, 0.15, 8, 1, 0.494, False
7, 3, 35, 1078, feeble, 1, 1, 6, 0.15, 8, 1, 0.763, True
7, 3, 36, 1154, misery, 1, 1, 6, 0.15, 8, 1, 0.494, True
7, 3, 37, 336, arlec, 0, 1, 5, 0.15, 8, 0, 0.696, True
7, 3, 38, 1238, syphilis, 1, 1, 5, 0.15, 8, 1, 0.939, True
7, 3, 39, 578, telif, 0, 1, 4, 0.15, 8, 0, 0.619, True
7, 3, 40, 370, rietlo, 0, 1, 4, 0.15, 8, 0, 0.555, True
7, 3, 41, 596, thnairp, 0, 1, 3, 0.15, 8, 0, 0.491, True
7, 3, 42, 986, anguish, 1, 1, 3, 0.15, 8, 0, 0.384, False
7, 3, 43, 645, dxaeu, 0, 1, 4, 0.15, 8, 0, 0.403, True
7, 3, 44, 1052, devil, 1, 1, 4, 0.15, 8, 0, 0.6, False
7, 3, 45, 1200, sad, 1, 1, 5, 0.15, 8, 1, 0.472, True
7, 3, 46, 627, rgegfna, 0, 1, 5, 0.15, 8, 1, 0.51, False
7, 3, 47, 605, obeubls, 0, 1, 6, 0.15, 8, 1, 0.461, False
7, 3, 48, 1205, scum, 1, 1, 7, 0.15, 8, 1, 0.565, True
7, 3, 49, 562, ueabbl, 0, 1, 7, 0.15, 8, 1, 0.611, False
7, 4, 0, 204, sgytl, 0, 0, 4, 0.15, 8, 1, 0.552, False
7, 4, 1, 933, tender, 1, 0, 5, 0.15, 8, 1, 0.413, True
7, 4, 2, 716, dazzle, 1, 0, 5, 0.15, 8, 1, 0.424, True
7, 4, 3, 786, grin, 1, 0, 4, 0.15, 8, 1, 0.499, True
7, 4, 4, 174, urcr, 0, 0, 4, 0.15, 8, 1, 0.843, False
7, 4, 5, 240, reomndongud, 0, 0, 5, 0.15, 8, 1, 0.683, False
7, 4, 6, 943, treat, 1, 0, 6, 0.15, 8, 1, 0.414, True
7, 4, 7, 299, oobuseeusd, 0, 0, 6, 0.15, 8, 1, 0.411, False
7, 4, 8, 918, spring, 1, 0, 7, 0.15, 8, 1, 0.411, True
7, 4, 9, 763, food, 1, 0, 7, 0.15, 8, 1, 0.315, True
7, 4, 10, 808, improve, 1, 0, 6, 0.15, 8, 1, 0.339, True
7, 4, 11, 150, iket, 0, 0, 6, 0.15, 8, 1, 0.224, False
7, 4, 12, 189, aartrnopt, 0, 0, 7, 0.15, 8, 0, 0.987, True
7, 4, 13, 95, iusseiega, 0, 0, 7, 0.15, 8, 0, 0.813, True
7, 4, 14, 941, travel, 1, 0, 6, 0.15, 8, 1, 0.555, True
7, 4, 15, 295, ltotcb, 0, 0, 6, 0.15, 8, 0, 0.579, True
7, 4, 16, 296, krdirfay, 0, 0, 5, 0.15, 8, 0, 0.445, True
7, 4, 17, 305, rrlaeemyrd, 0, 0, 5, 0.15, 8, 0, 0.67, True
7, 4, 18, 647, acceptance, 1, 0, 4, 0.15, 8, 0, 0.568, False
7, 4, 19, 283, aruntle, 0, 0, 5, 0.15, 8, 0, 0.8, True
7, 4, 20, 51, eesfkeuo, 0, 0, 5, 0.15, 8, 0, 0.6, True
7, 4, 21, 54, searlt, 0, 0, 4, 0.15, 8, 1, 1.013, False
7, 4, 22, 117, reeh, 0, 0, 5, 0.15, 8, 0, 0.824, True
7, 4, 23, 778, glorious, 1, 0, 5, 0.15, 8, 1, 0.613, True
7, 4, 24, 790, hardworking, 1, 0, 4, 0.15, 8, 0, 2.198, False
7, 4, 25, 71, tcpntbasy, 0, 0, 5, 0.15, 8, 0, 1.189, True
7, 4, 26, 313, ndsgor, 0, 0, 5, 0.15, 8, 0, 0.779, True
7, 4, 27, 878, promotion, 1, 0, 4, 0.15, 8, 1, 0.475, True
7, 4, 28, 119, froiimeiv, 0, 0, 4, 0.15, 8, 1, 0.733, False
7, 4, 29, 124, dniudwte, 0, 0, 5, 0.15, 8, 0, 0.681, True
7, 4, 30, 25, ugurret, 0, 0, 5, 0.15, 8, 1, 0.585, False
7, 4, 31, 910, smile, 1, 0, 6, 0.15, 8, 1, 0.52, True
7, 4, 32, 810, intelligent, 1, 0, 6, 0.15, 8, 1, 0.411, True
7, 4, 33, 865, pious, 1, 0, 5, 0.15, 8, 1, 0.422, True
7, 4, 34, 18, curiksy, 0, 0, 5, 0.15, 8, 1, 0.72, False
7, 4, 35, 813, inviting, 1, 0, 6, 0.15, 8, 1, 0.443, True
7, 4, 36, 963, win, 1, 0, 6, 0.15, 8, 1, 0.414, True
7, 4, 37, 951, untroubled, 1, 0, 5, 0.15, 8, 1, 0.6, True
7, 4, 38, 170, bla, 0, 0, 5, 0.15, 8, 1, 0.392, False
7, 4, 39, 759, flawless, 1, 0, 6, 0.15, 8, 1, 0.4, True
7, 4, 40, 797, holiday, 1, 0, 6, 0.15, 8, 1, 0.427, True
7, 4, 41, 42, pse, 0, 0, 5, 0.15, 8, 1, 0.376, False
7, 4, 42, 906, silly, 1, 0, 6, 0.15, 8, 1, 0.429, True
7, 4, 43, 77, etfmcenao, 0, 0, 6, 0.15, 8, 1, 1.165, False
7, 4, 44, 925, sunny, 1, 0, 7, 0.15, 8, 1, 0.403, True
7, 4, 45, 73, imoioo, 0, 0, 7, 0.15, 8, 1, 0.304, False
7, 4, 46, 807, impressed, 1, 0, 8, 0.15, 8, 1, 0.411, True
7, 4, 47, 962, wedding, 1, 0, 8, 0.15, 8, 1, 0.491, True
7, 4, 48, 176, agei, 0, 0, 7, 0.15, 8, 0, 0.587, True
7, 4, 49, 846, mother, 1, 0, 7, 0.15, 8, 1, 0.461, True
7, 5, 0, 362, tnssnm, 0, 1, 4, 0.15, 8, 1, 0.542, False
7, 5, 1, 488, erhn, 0, 1, 5, 0.15, 8, 0, 0.656, True
7, 5, 2, 1273, vicious, 1, 1, 5, 0.15, 8, 1, 0.523, True
7, 5, 3, 377, yibho, 0, 1, 4, 0.15, 8, 0, 0.6, True
7, 5, 4, 404, ipogawfgudo, 0, 1, 4, 0.15, 8, 0, 0.741, True
7, 5, 5, 1221, smallpox, 1, 1, 3, 0.15, 8, 0, 0.475, False
7, 5, 6, 1279, war, 1, 1, 4, 0.15, 8, 1, 0.445, True
7, 5, 7, 484, tresailt, 0, 1, 4, 0.15, 8, 0, 0.555, True
7, 5, 8, 1250, toothache, 1, 1, 3, 0.15, 8, 0, 0.427, False
7, 5, 9, 1207, selfish, 1, 1, 4, 0.15, 8, 1, 0.757, True
7, 5, 10, 1217, slaughter, 1, 1, 4, 0.15, 8, 1, 0.435, True
7, 5, 11, 1094, glum, 1, 1, 3, 0.15, 8, 0, 0.779, False
7, 5, 12, 608, hcifdr, 0, 1, 4, 0.15, 8, 0, 0.779, True
7, 5, 13, 1267, unwanted, 1, 1, 4, 0.15, 8, 0, 0.507, False
7, 5, 14, 507, eeimau, 0, 1, 5, 0.15, 8, 0, 0.616, True
7, 5, 15, 491, dneictu, 0, 1, 5, 0.15, 8, 0, 0.683, True
7, 5, 16, 1243, terrible, 1, 1, 4, 0.15, 8, 1, 0.568, True
7, 5, 17, 999, blackmail, 1, 1, 4, 0.15, 8, 0, 1.742, False
7, 5, 18, 591, eepmucnvrf, 0, 1, 5, 0.15, 8, 0, 0.672, True
7, 5, 19, 493, oso, 0, 1, 5, 0.15, 8, 0, 0.541, True
7, 5, 20, 520, ielfujskm, 0, 1, 4, 0.15, 8, 0, 0.653, True
7, 5, 21, 1262, ugly, 1, 1, 4, 0.15, 8, 1, 1.125, True
7, 5, 22, 1103, hang, 1, 1, 3, 0.15, 8, 0, 0.536, False
7, 5, 23, 406, tseze, 0, 1, 4, 0.15, 8, 1, 0.68, False
7, 5, 24, 968, abandoned, 1, 1, 5, 0.15, 8, 1, 0.472, True
7, 5, 25, 499, yhti, 0, 1, 5, 0.15, 8, 0, 0.557, True
7, 5, 26, 1275, violence, 1, 1, 4, 0.15, 8, 1, 0.739, True
7, 5, 27, 1190, regret, 1, 1, 4, 0.15, 8, 1, 1.195, True
7, 5, 28, 1274, victim, 1, 1, 3, 0.15, 8, 0, 0.491, False
7, 5, 29, 469, rcsueteo, 0, 1, 4, 0.15, 8, 1, 1.363, False
7, 5, 30, 630, eeodauo, 0, 1, 5, 0.15, 8, 1, 0.459, False
7, 5, 31, 413, shtcuauedo, 0, 1, 6, 0.15, 8, 1, 0.592, False
7, 5, 32, 535, asdcner, 0, 1, 7, 0.15, 8, 0, 0.595, True
7, 5, 33, 1192, restless, 1, 1, 7, 0.15, 8, 1, 0.437, True
7, 5, 34, 463, iaccecei, 0, 1, 6, 0.15, 8, 0, 0.725, True
7, 5, 35, 416, eaha, 0, 1, 6, 0.15, 8, 0, 1.648, True
7, 5, 36, 473, rcceafacs, 0, 1, 5, 0.15, 8, 1, 0.624, False
7, 5, 37, 1071, evil, 1, 1, 6, 0.15, 8, 1, 0.616, True
7, 5, 38, 1281, waste, 1, 1, 6, 0.15, 8, 1, 0.382, True
7, 5, 39, 1244, terrified, 1, 1, 5, 0.15, 8, 1, 0.432, True
7, 5, 40, 357, rolepe, 0, 1, 5, 0.15, 8, 1, 0.413, False
7, 5, 41, 553, slpe, 0, 1, 6, 0.15, 8, 1, 0.843, False
7, 5, 42, 588, muerroefa, 0, 1, 7, 0.15, 8, 0, 0.672, True
7, 5, 43, 1131, insult, 1, 1, 7, 0.15, 8, 1, 0.627, True
7, 5, 44, 1136, killed, 1, 1, 6, 0.15, 8, 1, 0.539, True
7, 5, 45, 350, lhepepse, 0, 1, 6, 0.15, 8, 1, 0.384, False
7, 5, 46, 360, eratmm, 0, 1, 7, 0.15, 8, 0, 0.603, True
7, 5, 47, 563, eresd, 0, 1, 7, 0.15, 8, 1, 0.448, False
7, 5, 48, 1196, roach, 1, 1, 8, 0.15, 8, 1, 0.408, True
7, 5, 49, 1014, cemetery, 1, 1, 8, 0.15, 8, 1, 0.552, True
7, 6, 0, 764, forgiving, 1, 0, 4, 0.15, 8, 1, 0.459, True
7, 6, 1, 827, liberty, 1, 0, 4, 0.15, 8, 1, 0.619, True
7, 6, 2, 217, aesaegiyvn, 0, 0, 3, 0.15, 8, 1, 0.424, False
7, 6, 3, 711, cozy, 1, 0, 4, 0.15, 8, 1, 0.483, True
7, 6, 4, 915, soothe, 1, 0, 4, 0.15, 8, 1, 0.408, True
7, 6, 5, 872, prestige, 1, 0, 3, 0.15, 8, 1, 0.459, True
7, 6, 6, 944, triumph, 1, 0, 3, 0.15, 8, 1, 0.488, True
7, 6, 7, 955, valuable, 1, 0, 2, 0.15, 8, 1, 0.408, True
7, 6, 8, 719, desire, 1, 0, 2, 0.15, 8, 1, 0.52, True
7, 6, 9, 179, pitera, 0, 0, 1, 0.15, 8, 1, 0.349, False
7, 6, 10, 835, luxurious, 1, 0, 2, 0.15, 8, 1, 0.323, True
7, 6, 11, 259, enfe, 0, 0, 2, 0.15, 8, 1, 0.323, False
7, 6, 12, 206, hlxsni, 0, 0, 3, 0.15, 8, 1, 0.245, False
7, 6, 13, 699, christmas, 1, 0, 4, 0.15, 8, 1, 0.379, True
7, 6, 14, 811, intimate, 1, 0, 4, 0.15, 8, 1, 0.363, True
7, 6, 15, 205, avemigse, 0, 0, 3, 0.15, 8, 1, 0.389, False
7, 6, 16, 724, dinner, 1, 0, 4, 0.15, 8, 1, 0.664, True
7, 6, 17, 896, rollercoaster, 1, 0, 4, 0.15, 8, 1, 0.371, True
7, 6, 18, 85, ocvy, 0, 0, 3, 0.15, 8, 1, 0.737, False
7, 6, 19, 924, sunlight, 1, 0, 4, 0.15, 8, 1, 0.776, True
7, 6, 20, 937, thrill, 1, 0, 4, 0.15, 8, 1, 0.584, True
7, 6, 21, 793, heart, 1, 0, 3, 0.15, 8, 1, 0.384, True
7, 6, 22, 197, obsagaaoiel, 0, 0, 3, 0.15, 8, 1, 0.448, False
7, 6, 23, 729, earnest, 1, 0, 4, 0.15, 8, 1, 0.525, True
7, 6, 24, 60, gepeorgua, 0, 0, 4, 0.15, 8, 1, 0.523, False
7, 6, 25, 819, justice, 1, 0, 5, 0.15, 8, 1, 0.379, True
7, 6, 26, 961, wealthy, 1, 0, 5, 0.15, 8, 1, 0.573, True
7, 6, 27, 926, sunrise, 1, 0, 4, 0.15, 8, 1, 0.453, True
7, 6, 28, 867, pleased, 1, 0, 4, 0.15, 8, 1, 0.389, True
7, 6, 29, 829, lively, 1, 0, 3, 0.15, 8, 1, 1.029, True
7, 6, 30, 31, mfisuae, 0, 0, 3, 0.15, 8, 1, 0.421, False
7, 6, 31, 311, sapiarer, 0, 0, 4, 0.15, 8, 1, 0.557, False
7, 6, 32, 309, rihtorgt, 0, 0, 5, 0.15, 8, 0, 0.597, True
7, 6, 33, 860, peace, 1, 0, 5, 0.15, 8, 1, 0.707, True
7, 6, 34, 132, saslrnee, 0, 0, 4, 0.15, 8, 1, 0.453, False
7, 6, 35, 114, kdntg, 0, 0, 5, 0.15, 8, 1, 0.537, False
7, 6, 36, 754, fantasy, 1, 0, 6, 0.15, 8, 1, 0.429, True
7, 6, 37, 199, gupmm, 0, 0, 6, 0.15, 8, 1, 0.334, False
7, 6, 38, 845, money, 1, 0, 7, 0.15, 8, 1, 0.43, True
7, 6, 39, 717, delighted, 1, 0, 7, 0.15, 8, 1, 0.448, True
7, 6, 40, 760, flirt, 1, 0, 6, 0.15, 8, 1, 0.675, True
7, 6, 41, 257, asltao, 0, 0, 6, 0.15, 8, 0, 0.643, True
7, 6, 42, 742, enthusiastic, 1, 0, 5, 0.15, 8, 1, 0.539, True
7, 6, 43, 922, success, 1, 0, 5, 0.15, 8, 1, 0.558, True
7, 6, 44, 857, party, 1, 0, 4, 0.15, 8, 1, 0.403, True
7, 6, 45, 112, uklipasgr, 0, 0, 4, 0.15, 8, 0, 0.888, True
7, 6, 46, 253, grseaynr, 0, 0, 3, 0.15, 8, 0, 0.587, True
7, 6, 47, 103, beoiotst, 0, 0, 3, 0.15, 8, 0, 0.403, True
7, 6, 48, 881, proud, 1, 0, 2, 0.15, 8, 0, 0.371, False
7, 6, 49, 186, peeai, 0, 0, 3, 0.15, 8, 0, 0.368, True
7, 7, 0, 431, eesedif, 0, 1, 4, 0.15, 8, 1, 0.549, False
7, 7, 1, 1013, cancer, 1, 1, 5, 0.15, 8, 1, 0.539, True
7, 7, 2, 351, lrmgld, 0, 1, 5, 0.15, 8, 1, 0.349, False
7, 7, 3, 599, syueog, 0, 1, 6, 0.15, 8, 1, 0.269, False
7, 7, 4, 1083, foul, 1, 1, 7, 0.15, 8, 1, 0.272, True
7, 7, 5, 373, eriuhs, 0, 1, 7, 0.15, 8, 1, 0.339, False
7, 7, 6, 340, okenyrn, 0, 1, 8, 0.15, 8, 0, 0.597, True
7, 7, 7, 391, iaict, 0, 1, 8, 0.15, 8, 1, 0.413, False
7, 7, 8, 1155, mistake, 1, 1, 9, 0.15, 8, 1, 0.467, True
7, 7, 9, 1058, disloyal, 1, 1, 9, 0.15, 8, 1, 0.755, True
7, 7, 10, 970, abuse, 1, 1, 8, 0.15, 8, 1, 0.536, True
7, 7, 11, 529, pwouloar, 0, 1, 8, 0.15, 8, 0, 0.595, True
7, 7, 12, 504, sslcfs, 0, 1, 7, 0.15, 8, 0, 0.566, True
7, 7, 13, 1049, destroy, 1, 1, 7, 0.15, 8, 1, 0.499, True
7, 7, 14, 497, rtoda, 0, 1, 6, 0.15, 8, 0, 0.576, True
7, 7, 15, 353, fssaearia, 0, 1, 6, 0.15, 8, 0, 1.038, True
7, 7, 16, 640, shuauuquu, 0, 1, 5, 0.15, 8, 0, 0.597, True
7, 7, 17, 489, lsnguier, 0, 1, 5, 0.15, 8, 0, 0.629, True
7, 7, 18, 1074, fat, 1, 1, 4, 0.15, 8, 1, 0.568, True
7, 7, 19, 1121, ill, 1, 1, 4, 0.15, 8, 1, 0.878, True
7, 7, 20, 1072, execution, 1, 1, 3, 0.15, 8, 1, 0.416, True
7, 7, 21, 402, tluimnn, 0, 1, 3, 0.15, 8, 1, 0.437, False
7, 7, 22, 1144, loss, 1, 1, 4, 0.15, 8, 1, 0.371, True
7, 7, 23, 1175, pathetic, 1, 1, 4, 0.15, 8, 1, 0.515, True
7, 7, 24, 1249, tomb, 1, 1, 3, 0.15, 8, 1, 0.555, True
7, 7, 25, 1081, flabby, 1, 1, 3, 0.15, 8, 1, 0.379, True
7, 7, 26, 1189, rape, 1, 1, 2, 0.15, 8, 1, 0.421, True
7, 7, 27, 1075, fault, 1, 1, 2, 0.15, 8, 1, 0.232, True
7, 7, 28, 1271, vandal, 1, 1, 1, 0.15, 8, 1, 0.243, True
7, 7, 29, 490, etpieg, 0, 1, 1, 0.15, 8, 1, 0.352, False
7, 7, 30, 1265, unfaithful, 1, 1, 2, 0.15, 8, 1, 0.342, True
7, 7, 31, 1150, malice, 1, 1, 2, 0.15, 8, 1, 0.28, True
7, 7, 32, 393, rlreos, 0, 1, 1, 0.15, 8, 1, 0.221, False
7, 7, 33, 972, accident, 1, 1, 2, 0.15, 8, 1, 0.28, True
7, 7, 34, 410, tntdfofemr, 0, 1, 2, 0.15, 8, 1, 0.464, False
7, 7, 35, 622, lyuro, 0, 1, 3, 0.15, 8, 1, 0.256, False
7, 7, 36, 1137, leprosy, 1, 1, 4, 0.15, 8, 1, 0.328, True
7, 7, 37, 997, betray, 1, 1, 4, 0.15, 8, 1, 0.349, True
7, 7, 38, 592, pcicscem, 0, 1, 3, 0.15, 8, 1, 0.581, False
7, 7, 39, 464, tnsd, 0, 1, 4, 0.15, 8, 0, 0.749, True
7, 7, 40, 581, ieropem, 0, 1, 4, 0.15, 8, 0, 0.76, True
7, 7, 41, 1025, criminal, 1, 1, 3, 0.15, 8, 1, 0.739, True
7, 7, 42, 1263, ulcer, 1, 1, 3, 0.15, 8, 1, 0.536, True
7, 7, 43, 548, nire, 0, 1, 2, 0.15, 8, 1, 0.387, False
7, 7, 44, 441, ssagildley, 0, 1, 3, 0.15, 8, 1, 0.579, False
7, 7, 45, 479, abuipod, 0, 1, 4, 0.15, 8, 1, 0.347, False
7, 7, 46, 366, rovl, 0, 1, 5, 0.15, 8, 1, 0.425, False
7, 7, 47, 639, scordii, 0, 1, 6, 0.15, 8, 1, 0.616, False
7, 7, 48, 580, aiadirsd, 0, 1, 7, 0.15, 8, 0, 0.896, True
7, 7, 49, 1231, stupid, 1, 1, 7, 0.15, 8, 1, 0.48, True
7, 8, 0, 209, hveihi, 0, 0, 4, 0.15, 8, 1, 0.728, False
7, 8, 1, 886, refreshment, 1, 0, 5, 0.15, 8, 1, 0.481, True
7, 8, 2, 208, fvsgeseaslr, 0, 0, 5, 0.15, 8, 1, 0.456, False
7, 8, 3, 850, ocean, 1, 0, 6, 0.15, 8, 1, 0.462, True
7, 8, 4, 834, lust, 1, 0, 6, 0.15, 8, 1, 0.355, True
7, 8, 5, 177, lsirxxecl, 0, 0, 5, 0.15, 8, 0, 0.64, True
7, 8, 6, 903, secure, 1, 0, 5, 0.15, 8, 1, 0.504, True
7, 8, 7, 847, music, 1, 0, 4, 0.15, 8, 1, 0.803, True
7, 8, 8, 1, ofsiasicat, 0, 0, 4, 0.15, 8, 1, 0.488, False
7, 8, 9, 818, joyous, 1, 0, 5, 0.15, 8, 1, 0.464, True
7, 8, 10, 673, birthday, 1, 0, 5, 0.15, 8, 1, 0.373, True
7, 8, 11, 167, gulsamck, 0, 0, 4, 0.15, 8, 0, 0.678, True
7, 8, 12, 79, ucsoosm, 0, 0, 4, 0.15, 8, 0, 0.659, True
7, 8, 13, 749, exercise, 1, 0, 3, 0.15, 8, 1, 0.504, True
7, 8, 14, 266, iaadlin, 0, 0, 3, 0.15, 8, 1, 0.688, False
7, 8, 15, 820, kind, 1, 0, 4, 0.15, 8, 1, 1.101, True
7, 8, 16, 12, aayoti, 0, 0, 4, 0.15, 8, 1, 0.654, False
7, 8, 17, 243, ieuyieds, 0, 0, 5, 0.15, 8, 0, 0.584, True
7, 8, 18, 784, graduate, 1, 0, 5, 0.15, 8, 1, 0.565, True
7, 8, 19, 650, admire, 1, 0, 4, 0.15, 8, 0, 0.683, False
7, 8, 20, 916, sparkle, 1, 0, 5, 0.15, 8, 1, 0.827, True
7, 8, 21, 261, araltiu, 0, 0, 5, 0.15, 8, 0, 2.088, True
7, 8, 22, 245, ohegdlw, 0, 0, 4, 0.15, 8, 0, 0.814, True
7, 8, 23, 238, poser, 0, 0, 4, 0.15, 8, 0, 0.581, True
7, 8, 24, 86, racotmmer, 0, 0, 3, 0.15, 8, 1, 1.099, False
7, 8, 25, 756, father, 1, 0, 4, 0.15, 8, 1, 0.491, True
7, 8, 26, 868, pleasure, 1, 0, 4, 0.15, 8, 1, 0.323, True
7, 8, 27, 165, nueyuica, 0, 0, 3, 0.15, 8, 0, 0.693, True
7, 8, 28, 908, sky, 1, 0, 3, 0.15, 8, 1, 0.515, True
7, 8, 29, 169, etrtl, 0, 0, 2, 0.15, 8, 1, 0.488, False
7, 8, 30, 668, beautiful, 1, 0, 3, 0.15, 8, 1, 0.411, True
7, 8, 31, 728, eager, 1, 0, 3, 0.15, 8, 1, 0.432, True
7, 8, 32, 118, tdteffliu, 0, 0, 2, 0.15, 8, 1, 0.501, False
7, 8, 33, 289, etaenhac, 0, 0, 3, 0.15, 8, 0, 0.715, True
7, 8, 34, 97, ereety, 0, 0, 3, 0.15, 8, 0, 0.651, True
7, 8, 35, 733, eat, 1, 0, 2, 0.15, 8, 0, 0.459, False
7, 8, 36, 721, devotion, 1, 0, 3, 0.15, 8, 0, 0.84, False
7, 8, 37, 688, car, 1, 0, 4, 0.15, 8, 1, 0.629, True
7, 8, 38, 292, atsrgaol, 0, 0, 4, 0.15, 8, 1, 0.424, False
7, 8, 39, 69, onfuer, 0, 0, 5, 0.15, 8, 1, 0.597, False
7, 8, 40, 29, dmtsc, 0, 0, 6, 0.15, 8, 1, 0.648, False
7, 8, 41, 773, generous, 1, 0, 7, 0.15, 8, 1, 0.597, True
7, 8, 42, 39, dete, 0, 0, 7, 0.15, 8, 1, 0.36, False
7, 8, 43, 785, great, 1, 0, 8, 0.15, 8, 1, 0.384, True
7, 8, 44, 173, gwaiuwu, 0, 0, 8, 0.15, 8, 1, 0.35, False
7, 8, 45, 75, ynefgswp, 0, 0, 9, 0.15, 8, 0, 0.438, True
7, 8, 46, 104, tosbnelsr, 0, 0, 9, 0.15, 8, 0, 0.464, True
7, 8, 47, 935, thankful, 1, 0, 8, 0.15, 8, 1, 0.493, True
7, 8, 48, 859, passionate, 1, 0, 8, 0.15, 8, 1, 0.48, True
7, 8, 49, 879, protected, 1, 0, 7, 0.15, 8, 1, 0.477, True
7, 9, 0, 541, mncprc, 0, 1, 4, 0.15, 8, 0, 1.747, True
7, 9, 1, 501, snn, 0, 1, 4, 0.15, 8, 1, 0.725, False
7, 9, 2, 1211, shocked, 1, 1, 5, 0.15, 8, 1, 0.493, True
7, 9, 3, 1017, conflict, 1, 1, 5, 0.15, 8, 1, 0.504, True
7, 9, 4, 1118, hostile, 1, 1, 4, 0.15, 8, 1, 0.307, True
7, 9, 5, 1066, dud, 1, 1, 4, 0.15, 8, 1, 0.39, True
7, 9, 6, 1036, dead, 1, 1, 3, 0.15, 8, 0, 0.533, False
7, 9, 7, 364, indagnbe, 0, 1, 4, 0.15, 8, 0, 0.454, True
7, 9, 8, 642, eehsr, 0, 1, 4, 0.15, 8, 0, 0.597, True
7, 9, 9, 457, ewbu, 0, 1, 3, 0.15, 8, 0, 0.446, True
7, 9, 10, 1226, spiteful, 1, 1, 3, 0.15, 8, 0, 0.377, False
7, 9, 11, 401, olsedhglt, 0, 1, 4, 0.15, 8, 0, 0.744, True
7, 9, 12, 1162, mutilate, 1, 1, 4, 0.15, 8, 1, 0.576, True
7, 9, 13, 638, nfdiln, 0, 1, 3, 0.15, 8, 0, 0.39, True
7, 9, 14, 623, edtslf, 0, 1, 3, 0.15, 8, 0, 0.422, True
7, 9, 15, 1258, trauma, 1, 1, 2, 0.15, 8, 0, 0.376, False
7, 9, 16, 1026, crisis, 1, 1, 3, 0.15, 8, 0, 0.342, False
7, 9, 17, 556, hotueyloi, 0, 1, 4, 0.15, 8, 0, 0.589, True
7, 9, 18, 1005, bored, 1, 1, 4, 0.15, 8, 1, 0.44, True
7, 9, 19, 1001, bleed, 1, 1, 3, 0.15, 8, 1, 0.387, True
7, 9, 20, 1183, punish, 1, 1, 3, 0.15, 8, 0, 0.531, False
7, 9, 21, 1073, failure, 1, 1, 4, 0.15, 8, 1, 0.451, True
7, 9, 22, 1069, enraged, 1, 1, 4, 0.15, 8, 1, 0.419, True
7, 9, 23, 1047, desperate, 1, 1, 3, 0.15, 8, 1, 0.424, True
7, 9, 24, 481, twsopei, 0, 1, 3, 0.15, 8, 1, 0.51, False
7, 9, 25, 569, alu, 0, 1, 4, 0.15, 8, 0, 0.696, True
7, 9, 26, 1101, guilty, 1, 1, 4, 0.15, 8, 1, 0.536, True
7, 9, 27, 626, srtau, 0, 1, 3, 0.15, 8, 1, 1.254, False
7, 9, 28, 632, ieciiergie, 0, 1, 4, 0.15, 8, 1, 0.774, False
7, 9, 29, 545, aatsieun, 0, 1, 5, 0.15, 8, 1, 0.392, False
7, 9, 30, 1247, thief, 1, 1, 6, 0.15, 8, 1, 0.672, True
7, 9, 31, 332, ridroipgdf, 0, 1, 6, 0.15, 8, 1, 0.624, False
7, 9, 32, 977, afraid, 1, 1, 7, 0.15, 8, 1, 0.571, True
7, 9, 33, 1176, penalty, 1, 1, 7, 0.15, 8, 1, 0.379, True
7, 9, 34, 386, ans, 0, 1, 6, 0.15, 8, 1, 0.384, False
7, 9, 35, 1284, wicked, 1, 1, 7, 0.15, 8, 1, 0.555, True
7, 9, 36, 1245, terror, 1, 1, 7, 0.15, 8, 1, 0.357, True
7, 9, 37, 426, ogceupync, 0, 1, 6, 0.15, 8, 0, 0.568, True
7, 9, 38, 559, reud, 0, 1, 6, 0.15, 8, 1, 0.355, False
7, 9, 39, 982, alone, 1, 1, 7, 0.15, 8, 1, 0.309, True
7, 9, 40, 1039, deceit, 1, 1, 7, 0.15, 8, 1, 0.288, True
7, 9, 41, 1053, died, 1, 1, 6, 0.15, 8, 1, 0.515, True
7, 9, 42, 603, earg, 0, 1, 6, 0.15, 8, 1, 0.499, False
7, 9, 43, 480, wattteooe, 0, 1, 7, 0.15, 8, 1, 0.547, False
7, 9, 44, 1041, deformed, 1, 1, 8, 0.15, 8, 1, 0.32, True
7, 9, 45, 1044, depressed, 1, 1, 8, 0.15, 8, 1, 0.48, True
7, 9, 46, 531, nlsbude, 0, 1, 7, 0.15, 8, 1, 0.382, False
7, 9, 47, 335, illirenfas, 0, 1, 8, 0.15, 8, 0, 1.0, True
7, 9, 48, 539, oplosl, 0, 1, 8, 0.15, 8, 1, 0.592, False
7, 9, 49, 1007, brooding, 1, 1, 9, 0.15, 8, 1, 3.72, True
7, 10, 0, 66, vrcrah, 0, 0, 4, 0.15, 8, 1, 0.536, False
7, 10, 1, 687, capable, 1, 0, 5, 0.15, 8, 1, 0.411, True
7, 10, 2, 236, rotat, 0, 0, 5, 0.15, 8, 1, 0.341, False
7, 10, 3, 665, baby, 1, 0, 6, 0.15, 8, 1, 0.355, True
7, 10, 4, 32, nllcw, 0, 0, 6, 0.15, 8, 0, 0.563, True
7, 10, 5, 6, iuoflily, 0, 0, 5, 0.15, 8, 1, 0.363, False
7, 10, 6, 106, loty, 0, 0, 6, 0.15, 8, 1, 0.477, False
7, 10, 7, 707, conscientious, 1, 0, 7, 0.15, 8, 1, 0.459, True
7, 10, 8, 115, rsxangthdta, 0, 0, 7, 0.15, 8, 0, 0.547, True
7, 10, 9, 260, rysde, 0, 0, 6, 0.15, 8, 0, 0.603, True
7, 10, 10, 258, itp, 0, 0, 6, 0.15, 8, 0, 0.478, True
7, 10, 11, 105, iucelast, 0, 0, 5, 0.15, 8, 0, 0.453, True
7, 10, 12, 774, gentle, 1, 0, 5, 0.15, 8, 1, 0.616, True
7, 10, 13, 909, sleep, 1, 0, 4, 0.15, 8, 1, 0.44, True
7, 10, 14, 116, caea, 0, 0, 4, 0.15, 8, 1, 0.453, False
7, 10, 15, 930, sweetheart, 1, 0, 5, 0.15, 8, 1, 0.632, True
7, 10, 16, 307, saeemlea, 0, 0, 5, 0.15, 8, 1, 0.349, False
7, 10, 17, 708, cool, 1, 0, 6, 0.15, 8, 1, 0.413, True
7, 10, 18, 907, skijump, 1, 0, 6, 0.15, 8, 1, 1.147, True
7, 10, 19, 954, valentine, 1, 0, 5, 0.15, 8, 1, 0.84, True
7, 10, 20, 748, excitement, 1, 0, 5, 0.15, 8, 1, 0.52, True
7, 10, 21, 766, free, 1, 0, 4, 0.15, 8, 1, 0.341, True
7, 10, 22, 202, ificos, 0, 0, 4, 0.15, 8, 0, 0.717, True
7, 10, 23, 62, egid, 0, 0, 3, 0.15, 8, 1, 0.592, False
7, 10, 24, 739, engaged, 1, 0, 4, 0.15, 8, 1, 0.491, True
7, 10, 25, 294, liosmfcf, 0, 0, 4, 0.15, 8, 1, 0.675, False
7, 10, 26, 683, bunny, 1, 0, 5, 0.15, 8, 1, 0.592, True
7, 10, 27, 318, iioe, 0, 0, 5, 0.15, 8, 1, 0.445, False
7, 10, 28, 900, satisfied, 1, 0, 6, 0.15, 8, 1, 0.704, True
7, 10, 29, 143, muans, 0, 0, 6, 0.15, 8, 0, 0.552, True
7, 10, 30, 659, ambition, 1, 0, 5, 0.15, 8, 1, 0.478, True
7, 10, 31, 844, miraculous, 1, 0, 5, 0.15, 8, 1, 0.339, True
7, 10, 32, 23, hey, 0, 0, 4, 0.15, 8, 1, 1.259, False
7, 10, 33, 28, lettf, 0, 0, 5, 0.15, 8, 1, 0.606, False
7, 10, 34, 660, amused, 1, 0, 6, 0.15, 8, 1, 0.672, True
7, 10, 35, 704, comfortable, 1, 0, 6, 0.15, 8, 0, 5.36, False
7, 10, 36, 694, champ, 1, 0, 7, 0.15, 8, 1, 0.381, True
7, 10, 37, 725, diploma, 1, 0, 7, 0.15, 8, 1, 0.501, True
7, 10, 38, 156, eoineem, 0, 0, 6, 0.15, 8, 1, 0.403, False
7, 10, 39, 914, song, 1, 0, 7, 0.15, 8, 1, 0.384, True
7, 10, 40, 159, negur, 0, 0, 7, 0.15, 8, 0, 0.843, True
7, 10, 41, 263, htarl, 0, 0, 6, 0.15, 8, 0, 0.653, True
7, 10, 42, 648, achievement, 1, 0, 6, 0.15, 8, 1, 0.443, True
7, 10, 43, 216, esucfd, 0, 0, 5, 0.15, 8, 1, 0.667, False
7, 10, 44, 38, aleaeeyut, 0, 0, 6, 0.15, 8, 0, 13.691, True
7, 10, 45, 241, ltimecg, 0, 0, 6, 0.15, 8, 1, 0.648, False
7, 10, 46, 137, oetcasaf, 0, 0, 7, 0.15, 8, 0, 0.533, True
7, 10, 47, 302, csoct, 0, 0, 7, 0.15, 8, 1, 0.445, False
7, 10, 48, 160, omeefac, 0, 0, 8, 0.15, 8, 0, 0.565, True
7, 10, 49, 120, figi, 0, 0, 8, 0.15, 8, 0, 0.613, True
7, 11, 0, 573, oofso, 0, 1, 4, 0.15, 8, 1, 0.776, False
7, 11, 1, 1102, gun, 1, 1, 5, 0.15, 8, 1, 0.395, True
7, 11, 2, 637, rrrip, 0, 1, 5, 0.15, 8, 0, 0.624, True
7, 11, 3, 985, angry, 1, 1, 4, 0.15, 8, 1, 0.403, True
7, 11, 4, 509, gimnurs, 0, 1, 4, 0.15, 8, 0, 1.16, True
7, 11, 5, 600, noorrjebt, 0, 1, 3, 0.15, 8, 1, 0.803, False
7, 11, 6, 546, ieleoelo, 0, 1, 4, 0.15, 8, 1, 1.224, False
7, 11, 7, 568, tuiadlat, 0, 1, 5, 0.15, 8, 1, 0.581, False
7, 11, 8, 1104, hardship, 1, 1, 6, 0.15, 8, 1, 0.387, True
7, 11, 9, 1291, wrong, 1, 1, 6, 0.15, 8, 1, 0.347, True
7, 11, 10, 1057, disgusted, 1, 1, 5, 0.15, 8, 1, 0.489, True
7, 11, 11, 420, erf, 0, 1, 5, 0.15, 8, 0, 0.672, True
7, 11, 12, 485, ncpaub, 0, 1, 4, 0.15, 8, 1, 0.603, False
7, 11, 13, 1287, woe, 1, 1, 5, 0.15, 8, 1, 0.411, True
7, 11, 14, 1286, withdrawn, 1, 1, 5, 0.15, 8, 1, 0.581, True
7, 11, 15, 1168, obstinate, 1, 1, 4, 0.15, 8, 1, 0.877, True
7, 11, 16, 1129, insane, 1, 1, 4, 0.15, 8, 1, 0.483, True
7, 11, 17, 1278, vulnerable, 1, 1, 3, 0.15, 8, 0, 0.677, False
7, 11, 18, 1115, hopeless, 1, 1, 4, 0.15, 8, 1, 0.707, True
7, 11, 19, 408, ilficeidae, 0, 1, 4, 0.15, 8, 1, 0.565, False
7, 11, 20, 1119, humiliate, 1, 1, 5, 0.15, 8, 0, 1.485, False
7, 11, 21, 348, rfrst, 0, 1, 6, 0.15, 8, 0, 0.64, True
7, 11, 22, 1037, death, 1, 1, 6, 0.15, 8, 1, 0.443, True
7, 11, 23, 506, nfursny, 0, 1, 5, 0.15, 8, 1, 0.491, False
7, 11, 24, 1185, putrid, 1, 1, 6, 0.15, 8, 1, 0.52, True
7, 11, 25, 1028, crude, 1, 1, 6, 0.15, 8, 1, 0.779, True
7, 11, 26, 363, horrei, 0, 1, 5, 0.15, 8, 1, 0.446, False
7, 11, 27, 327, nldyts, 0, 1, 6, 0.15, 8, 0, 0.592, True
7, 11, 28, 1202, scapegoat, 1, 1, 6, 0.15, 8, 1, 0.48, True
7, 11, 29, 1002, blister, 1, 1, 5, 0.15, 8, 0, 0.728, False
7, 11, 30, 1157, morbid, 1, 1, 6, 0.15, 8, 1, 1.043, True
7, 11, 31, 498, btiu, 0, 1, 6, 0.15, 8, 0, 0.653, True
7, 11, 32, 433, felil, 0, 1, 5, 0.15, 8, 0, 1.576, True
7, 11, 33, 981, alienation, 1, 1, 5, 0.15, 8, 1, 1.003, True
7, 11, 34, 1180, pollute, 1, 1, 4, 0.15, 8, 0, 0.6, False
7, 11, 35, 1100, guilt, 1, 1, 5, 0.15, 8, 0, 0.568, False
7, 11, 36, 988, anxiety, 1, 1, 6, 0.15, 8, 0, 0.499, False
7, 11, 37, 1107, hateful, 1, 1, 7, 0.15, 8, 1, 0.339, True
7, 11, 38, 991, ashamed, 1, 1, 7, 0.15, 8, 1, 0.547, True
7, 11, 39, 643, pihtr, 0, 1, 6, 0.15, 8, 0, 7.659, True
7, 11, 40, 345, bglaslr, 0, 1, 6, 0.15, 8, 0, 0.592, True
7, 11, 41, 1152, measles, 1, 1, 5, 0.15, 8, 1, 0.574, True
7, 11, 42, 1043, demon, 1, 1, 5, 0.15, 8, 1, 1.048, True
7, 11, 43, 576, nhuitc, 0, 1, 4, 0.15, 8, 0, 0.541, True
7, 11, 44, 1268, upset, 1, 1, 4, 0.15, 8, 0, 0.541, False
7, 11, 45, 465, olytrepd, 0, 1, 5, 0.15, 8, 1, 0.608, False
7, 11, 46, 1079, fever, 1, 1, 6, 0.15, 8, 1, 1.171, True
7, 11, 47, 333, jtlad, 0, 1, 6, 0.15, 8, 0, 1.768, True
7, 11, 48, 1030, cruelty, 1, 1, 5, 0.15, 8, 0, 0.624, False
7, 11, 49, 474, mrhb, 0, 1, 6, 0.15, 8, 0, 0.584, True
