8, 0, 0, 74, lvaseea, 0, 0, 7, 0.15, 8, 0, 0.766, True
8, 0, 1, 662, applause, 1, 0, 7, 0.15, 8, 1, 0.963, True
8, 0, 2, 260, rysde, 0, 0, 6, 0.15, 8, 0, 0.621, True
8, 0, 3, 229, fsgbbs, 0, 0, 6, 0.15, 8, 0, 0.547, True
8, 0, 4, 873, pretty, 1, 0, 5, 0.15, 8, 1, 0.472, True
8, 0, 5, 920, star, 1, 0, 5, 0.15, 8, 1, 0.622, True
8, 0, 6, 897, romantic, 1, 0, 4, 0.15, 8, 1, 0.798, True
8, 0, 7, 127, nimcleni, 0, 0, 4, 0.15, 8, 0, 0.515, True
8, 0, 8, 791, heal, 1, 0, 3, 0.15, 8, 0, 0.491, False
8, 0, 9, 915, soothe, 1, 0, 4, 0.15, 8, 1, 0.627, True
8, 0, 10, 113, eeeppnoe, 0, 0, 4, 0.15, 8, 1, 0.694, False
8, 0, 11, 856, paradise, 1, 0, 5, 0.15, 8, 1, 0.424, True
8, 0, 12, 123, afyttp, 0, 0, 5, 0.15, 8, 0, 0.501, True
8, 0, 13, 751, faithful, 1, 0, 4, 0.15, 8, 1, 0.606, True
8, 0, 14, 663, ardent, 1, 0, 4, 0.15, 8, 1, 0.843, True
8, 0, 15, 785, great, 1, 0, 3, 0.15, 8, 1, 0.806, True
8, 0, 16, 167, gulsamck, 0, 0, 3, 0.15, 8, 0, 0.536, True
8, 0, 17, 64, burnriint, 0, 0, 2, 0.15, 8, 0, 1.043, True
8, 0, 18, 37, ghren, 0, 0, 2, 0.15, 8, 0, 1.235, True
8, 0, 19, 163, saeepsyn, 0, 0, 1, 0.15, 8, 0, 1.157, True
8, 0, 20, 883, puppy, 1, 0, 1, 0.15, 8, 0, 0.875, False
8, 0, 21, 161, ritaseecr, 0, 0, 2, 0.15, 8, 1, 1.048, False
8, 0, 22, 838, masterful, 1, 0, 3, 0.15, 8, 0, 1.179, False
8, 0, 23, 34, eutipa, 0, 0, 4, 0.15, 8, 1, 0.651, False
8, 0, 24, 828, life, 1, 0, 5, 0.15, 8, 1, 0.627, True
8, 0, 25, 201, tteeu, 0, 0, 5, 0.15, 8, 0, 0.584, True
8, 0, 26, 690, caress, 1, 0, 4, 0.15, 8, 1, 0.563, True
8, 0, 27, 194, evseae, 0, 0, 4, 0.15, 8, 0, 0.648, True
8, 0, 28, 657, alive, 1, 0, 3, 0.15, 8, 1, 0.539, True
8, 0, 29, 954, valentine, 1, 0, 3, 0.15, 8, 1, 0.568, True
8, 0, 30, 932, talent, 1, 0, 2, 0.15, 8, 0, 0.728, False
8, 0, 31, 265, comp, 0, 0, 3, 0.15, 8, 1, 1.051, False
8, 0, 32, 99, apeavtsrph, 0, 0, 4, 0.15, 8, 0, 0.659, True
8, 0, 33, 108, estnles, 0, 0, 4, 0.15, 8, 0, 1.019, True
8, 0, 34, 736, elated, 1, 0, 3, 0.15, 8, 0, 0.904, False
8, 0, 35, 144, lpfpmtgcoer, 0, 0, 4, 0.15, 8, 1, 0.835, False
8, 0, 36, 660, amused, 1, 0, 5, 0.15, 8, 1, 0.512, True
8, 0, 37, 740, enjoying, 1, 0, 5, 0.15, 8, 1, 0.478, True
8, 0, 38, 174, urcr, 0, 0, 4, 0.15, 8, 0, 0.595, True
8, 0, 39, 57, entafii, 0, 0, 4, 0.15, 8, 0, 0.798, True
8, 0, 40, 157, molia, 0, 0, 3, 0.15, 8, 1, 1.296, False
8, 0, 41, 115, rsxangthdta, 0, 0, 4, 0.15, 8, 0, 0.824, True
8, 0, 42, 674, bless, 1, 0, 4, 0.15, 8, 1, 0.627, True
8, 0, 43, 56, drueob, 0, 0, 3, 0.15, 8, 0, 0.611, True
8, 0, 44, 203, ldra, 0, 0, 3, 0.15, 8, 0, 0.928, True
8, 0, 45, 73, imoioo, 0, 0, 2, 0.15, 8, 0, 0.856, True
8, 0, 46, 23, hey, 0, 0, 2, 0.15, 8, 0, 0.979, True
8, 0, 47, 26, yese, 0, 0, 1, 0.15, 8, 0, 0.899, True
8, 0, 48, 922, success, 1, 0, 1, 0.15, 8, 0, 0.787, False
8, 0, 49, 913, soft, 1, 0, 2, 0.15, 8, 0, 0.752, False
8, 1, 0, 610, mlco, 0, 1, 4, 0.15, 8, 0, 1.048, True
8, 1, 1, 1083, foul, 1, 1, 4, 0.15, 8, 1, 0.621, True
8, 1, 2, 1236, surgery, 1, 1, 3, 0.15, 8, 1, 0.491, True
8, 1, 3, 585, liaild, 0, 1, 3, 0.15, 8, 0, 0.704, True
8, 1, 4, 507, eeimau, 0, 1, 2, 0.15, 8, 0, 0.733, True
8, 1, 5, 1064, dreadful, 1, 1, 2, 0.15, 8, 0, 0.72, False
8, 1, 6, 379, rtvapfbt, 0, 1, 3, 0.15, 8, 1, 0.659, False
8, 1, 7, 326, ooajsaig, 0, 1, 4, 0.15, 8, 1, 0.667, False
8, 1, 8, 633, toc, 0, 1, 5, 0.15, 8, 1, 1.336, False
8, 1, 9, 1054, disappoint, 1, 1, 6, 0.15, 8, 1, 0.526, True
8, 1, 10, 1183, punish, 1, 1, 6, 0.15, 8, 1, 0.48, True
8, 1, 11, 1223, sore, 1, 1, 5, 0.15, 8, 1, 0.553, True
8, 1, 12, 452, alruo, 0, 1, 5, 0.15, 8, 0, 0.597, True
8, 1, 13, 1094, glum, 1, 1, 4, 0.15, 8, 1, 0.592, True
8, 1, 14, 630, eeodauo, 0, 1, 4, 0.15, 8, 0, 0.875, True
8, 1, 15, 990, arrogant, 1, 1, 3, 0.15, 8, 1, 0.587, True
8, 1, 16, 534, eespbhs, 0, 1, 3, 0.15, 8, 0, 0.707, True
8, 1, 17, 1199, rude, 1, 1, 2, 0.15, 8, 0, 1.104, False
8, 1, 18, 371, ttunilnf, 0, 1, 3, 0.15, 8, 1, 0.576, False
8, 1, 19, 611, eaonm, 0, 1, 4, 0.15, 8, 0, 0.584, True
8, 1, 20, 505, ebbsanto, 0, 1, 4, 0.15, 8, 1, 0.979, False
8, 1, 21, 474, mrhb, 0, 1, 5, 0.15, 8, 0, 0.669, True
8, 1, 22, 466, rhshavo, 0, 1, 5, 0.15, 8, 0, 0.459, True
8, 1, 23, 1103, hang, 1, 1, 4, 0.15, 8, 1, 1.099, True
8, 1, 24, 457, ewbu, 0, 1, 4, 0.15, 8, 0, 0.651, True
8, 1, 25, 324, sfspi, 0, 1, 3, 0.15, 8, 0, 0.88, True
8, 1, 26, 1002, blister, 1, 1, 3, 0.15, 8, 1, 0.867, True
8, 1, 27, 325, iwuuon, 0, 1, 2, 0.15, 8, 0, 0.72, True
8, 1, 28, 1225, spider, 1, 1, 2, 0.15, 8, 0, 0.528, False
8, 1, 29, 547, iluantl, 0, 1, 3, 0.15, 8, 0, 0.667, True
8, 1, 30, 328, rcgi, 0, 1, 3, 0.15, 8, 0, 0.835, True
8, 1, 31, 323, sgyesrtiu, 0, 1, 2, 0.15, 8, 0, 0.824, True
8, 1, 32, 1014, cemetery, 1, 1, 2, 0.15, 8, 1, 0.555, True
8, 1, 33, 1224, sorry, 1, 1, 1, 0.15, 8, 0, 0.677, False
8, 1, 34, 980, alcoholic, 1, 1, 2, 0.15, 8, 1, 0.574, True
8, 1, 35, 356, straris, 0, 1, 2, 0.15, 8, 0, 0.48, True
8, 1, 36, 1138, lice, 1, 1, 1, 0.15, 8, 0, 0.35, False
8, 1, 37, 539, oplosl, 0, 1, 2, 0.15, 8, 0, 0.419, True
8, 1, 38, 1026, crisis, 1, 1, 2, 0.15, 8, 0, 0.357, False
8, 1, 39, 1132, intruder, 1, 1, 3, 0.15, 8, 1, 0.832, True
8, 1, 40, 528, raepnsile, 0, 1, 3, 0.15, 8, 1, 0.584, False
8, 1, 41, 595, uaias, 0, 1, 4, 0.15, 8, 1, 0.611, False
8, 1, 42, 1087, frustrated, 1, 1, 5, 0.15, 8, 1, 0.597, True
8, 1, 43, 522, mancehcrg, 0, 1, 5, 0.15, 8, 1, 0.501, False
8, 1, 44, 339, eaime, 0, 1, 6, 0.15, 8, 0, 0.659, True
8, 1, 45, 991, ashamed, 1, 1, 6, 0.15, 8, 1, 0.496, True
8, 1, 46, 540, acirreb, 0, 1, 5, 0.15, 8, 0, 0.587, True
8, 1, 47, 1142, lose, 1, 1, 5, 0.15, 8, 1, 0.488, True
8, 1, 48, 1058, disloyal, 1, 1, 4, 0.15, 8, 0, 0.397, False
8, 1, 49, 590, ousftui, 0, 1, 5, 0.15, 8, 0, 1.094, True
8, 2, 0, 898, safe, 1, 0, 4, 0.15, 8, 1, 0.726, True
8, 2, 1, 39, dete, 0, 0, 4, 0.15, 8, 1, 0.539, False
8, 2, 2, 28, lettf, 0, 0, 5, 0.15, 8, 0, 0.509, True
8, 2, 3, 681, brother, 1, 0, 5, 0.15, 8, 1, 0.459, True
8, 2, 4, 728, eager, 1, 0, 4, 0.15, 8, 1, 0.571, True
8, 2, 5, 878, promotion, 1, 0, 4, 0.15, 8, 1, 0.579, True
8, 2, 6, 319, uter, 0, 0, 3, 0.15, 8, 0, 0.408, True
8, 2, 7, 756, father, 1, 0, 3, 0.15, 8, 0, 0.539, False
8, 2, 8, 206, hlxsni, 0, 0, 4, 0.15, 8, 1, 0.779, False
8, 2, 9, 252, ralp, 0, 0, 5, 0.15, 8, 0, 0.765, True
8, 2, 10, 159, negur, 0, 0, 5, 0.15, 8, 0, 0.669, True
8, 2, 11, 748, excitement, 1, 0, 4, 0.15, 8, 1, 0.616, True
8, 2, 12, 723, dignified, 1, 0, 4, 0.15, 8, 0, 0.649, False
8, 2, 13, 93, adloger, 0, 0, 5, 0.15, 8, 1, 0.641, False
8, 2, 14, 654, affection, 1, 0, 6, 0.15, 8, 1, 0.555, True
8, 2, 15, 840, melody, 1, 0, 6, 0.15, 8, 1, 0.547, True
8, 2, 16, 665, baby, 1, 0, 5, 0.15, 8, 1, 0.472, True
8, 2, 17, 264, mvata, 0, 0, 5, 0.15, 8, 0, 0.558, True
8, 2, 18, 146, lsetalo, 0, 0, 4, 0.15, 8, 0, 0.563, True
8, 2, 19, 175, ecnu, 0, 0, 4, 0.15, 8, 0, 0.696, True
8, 2, 20, 286, elteal, 0, 0, 3, 0.15, 8, 0, 0.837, True
8, 2, 21, 806, imagine, 1, 0, 3, 0.15, 8, 1, 0.608, True
8, 2, 22, 92, enatdb, 0, 0, 2, 0.15, 8, 0, 0.52, True
8, 2, 23, 752, fame, 1, 0, 2, 0.15, 8, 0, 0.56, False
8, 2, 24, 141, ridegnow, 0, 0, 3, 0.15, 8, 0, 0.675, True
8, 2, 25, 750, extravert, 1, 0, 3, 0.15, 8, 1, 0.747, True
8, 2, 26, 280, hthetmr, 0, 0, 2, 0.15, 8, 0, 0.448, True
8, 2, 27, 720, devoted, 1, 0, 2, 0.15, 8, 0, 0.808, False
8, 2, 28, 41, lrsntad, 0, 0, 3, 0.15, 8, 1, 0.571, False
8, 2, 29, 676, blossom, 1, 0, 4, 0.15, 8, 1, 1.427, True
8, 2, 30, 158, dha, 0, 0, 4, 0.15, 8, 0, 0.549, True
8, 2, 31, 906, silly, 1, 0, 3, 0.15, 8, 0, 0.645, False
8, 2, 32, 9, fftoccumnupe, 0, 0, 4, 0.15, 8, 1, 0.555, False
8, 2, 33, 719, desire, 1, 0, 5, 0.15, 8, 0, 0.4, False
8, 2, 34, 184, piut, 0, 0, 6, 0.15, 8, 0, 0.955, True
8, 2, 35, 956, victory, 1, 0, 6, 0.15, 8, 1, 0.419, True
8, 2, 36, 900, satisfied, 1, 0, 5, 0.15, 8, 1, 0.414, True
8, 2, 37, 215, elirsaoe, 0, 0, 5, 0.15, 8, 1, 0.392, False
8, 2, 38, 283, aruntle, 0, 0, 6, 0.15, 8, 1, 0.352, False
8, 2, 39, 114, kdntg, 0, 0, 7, 0.15, 8, 0, 0.979, True
8, 2, 40, 707, conscientious, 1, 0, 7, 0.15, 8, 1, 0.547, True
8, 2, 41, 212, eroewrl, 0, 0, 6, 0.15, 8, 0, 0.619, True
8, 2, 42, 945, triumphant, 1, 0, 6, 0.15, 8, 1, 1.12, True
8, 2, 43, 786, grin, 1, 0, 5, 0.15, 8, 1, 1.288, True
8, 2, 44, 963, win, 1, 0, 5, 0.15, 8, 1, 0.496, True
8, 2, 45, 964, wise, 1, 0, 4, 0.15, 8, 1, 0.616, True
8, 2, 46, 730, earth, 1, 0, 4, 0.15, 8, 1, 0.584, True
8, 2, 47, 918, spring, 1, 0, 3, 0.15, 8, 0, 0.784, False
8, 2, 48, 743, erotic, 1, 0, 4, 0.15, 8, 1, 0.499, True
8, 2, 49, 844, miraculous, 1, 0, 4, 0.15, 8, 1, 0.747, True
8, 3, 0, 613, etcaceg, 0, 1, 4, 0.15, 8, 1, 0.504, False
8, 3, 1, 1033, curse, 1, 1, 5, 0.15, 8, 1, 0.437, True
8, 3, 2, 997, betray, 1, 1, 5, 0.15, 8, 1, 0.387, True
8, 3, 3, 1237, suspicious, 1, 1, 4, 0.15, 8, 1, 0.437, True
8, 3, 4, 1093, gloom, 1, 1, 4, 0.15, 8, 1, 0.432, True
8, 3, 5, 574, wfli, 0, 1, 3, 0.15, 8, 1, 0.824, False
8, 3, 6, 436, ascaovintr, 0, 1, 4, 0.15, 8, 0, 0.931, True
8, 3, 7, 489, lsnguier, 0, 1, 4, 0.15, 8, 1, 0.608, False
8, 3, 8, 475, lae, 0, 1, 5, 0.15, 8, 1, 0.72, False
8, 3, 9, 1185, putrid, 1, 1, 6, 0.15, 8, 1, 0.779, True
8, 3, 10, 977, afraid, 1, 1, 6, 0.15, 8, 1, 0.576, True
8, 3, 11, 396, visuuiss, 0, 1, 5, 0.15, 8, 1, 1.419, False
8, 3, 12, 383, lress, 0, 1, 6, 0.15, 8, 0, 0.592, True
8, 3, 13, 518, ounpeo, 0, 1, 6, 0.15, 8, 0, 0.608, True
8, 3, 14, 1120, hurt, 1, 1, 5, 0.15, 8, 1, 0.576, True
8, 3, 15, 387, akcie, 0, 1, 5, 0.15, 8, 0, 0.571, True
8, 3, 16, 434, soara, 0, 1, 4, 0.15, 8, 0, 0.787, True
8, 3, 17, 370, rietlo, 0, 1, 4, 0.15, 8, 0, 0.518, True
8, 3, 18, 1124, infection, 1, 1, 3, 0.15, 8, 1, 0.752, True
8, 3, 19, 545, aatsieun, 0, 1, 3, 0.15, 8, 0, 0.568, True
8, 3, 20, 1155, mistake, 1, 1, 2, 0.15, 8, 0, 0.584, False
8, 3, 21, 1255, traitor, 1, 1, 3, 0.15, 8, 1, 0.656, True
8, 3, 22, 1169, offend, 1, 1, 3, 0.15, 8, 0, 0.87, False
8, 3, 23, 448, uysf, 0, 1, 4, 0.15, 8, 0, 0.712, True
8, 3, 24, 1208, severe, 1, 1, 4, 0.15, 8, 1, 0.603, True
8, 3, 25, 591, eepmucnvrf, 0, 1, 3, 0.15, 8, 0, 0.614, True
8, 3, 26, 1042, dejected, 1, 1, 3, 0.15, 8, 1, 1.107, True
8, 3, 27, 341, obrey, 0, 1, 2, 0.15, 8, 0, 0.528, True
8, 3, 28, 1191, rejected, 1, 1, 2, 0.15, 8, 0, 0.6, False
8, 3, 29, 1265, unfaithful, 1, 1, 3, 0.15, 8, 1, 0.659, True
8, 3, 30, 459, riey, 0, 1, 3, 0.15, 8, 0, 0.744, True
8, 3, 31, 1211, shocked, 1, 1, 2, 0.15, 8, 0, 0.653, False
8, 3, 32, 471, adyasom, 0, 1, 3, 0.15, 8, 0, 0.595, True
8, 3, 33, 351, lrmgld, 0, 1, 3, 0.15, 8, 0, 0.923, True
8, 3, 34, 1113, hit, 1, 1, 2, 0.15, 8, 0, 0.995, False
8, 3, 35, 1193, revenge, 1, 1, 3, 0.15, 8, 1, 0.619, True
8, 3, 36, 1102, gun, 1, 1, 3, 0.15, 8, 0, 0.968, False
8, 3, 37, 642, eehsr, 0, 1, 4, 0.15, 8, 0, 0.861, True
8, 3, 38, 1168, obstinate, 1, 1, 4, 0.15, 8, 1, 0.893, True
8, 3, 39, 1029, cruel, 1, 1, 3, 0.15, 8, 1, 0.611, True
8, 3, 40, 1250, toothache, 1, 1, 3, 0.15, 8, 0, 0.736, False
8, 3, 41, 1128, injury, 1, 1, 4, 0.15, 8, 1, 0.568, True
8, 3, 42, 515, neetoeil, 0, 1, 4, 0.15, 8, 0, 0.845, True
8, 3, 43, 1291, wrong, 1, 1, 3, 0.15, 8, 1, 0.648, True
8, 3, 44, 589, ehensle, 0, 1, 3, 0.15, 8, 0, 0.635, True
8, 3, 45, 1115, hopeless, 1, 1, 2, 0.15, 8, 1, 0.664, True
8, 3, 46, 531, nlsbude, 0, 1, 2, 0.15, 8, 0, 0.541, True
8, 3, 47, 414, upitamlils, 0, 1, 1, 0.15, 8, 0, 0.534, True
8, 3, 48, 1056, discomfort, 1, 1, 1, 0.15, 8, 0, 0.43, False
8, 3, 49, 449, edtvo, 0, 1, 2, 0.15, 8, 0, 0.403, True
8, 4, 0, 754, fantasy, 1, 0, 4, 0.15, 8, 1, 0.502, True
8, 4, 1, 232, iniitgars, 0, 0, 4, 0.15, 8, 1, 0.814, False
8, 4, 2, 240, reomndongud, 0, 0, 5, 0.15, 8, 1, 0.488, False
8, 4, 3, 81, oassnd, 0, 0, 6, 0.15, 8, 0, 0.579, True
8, 4, 4, 6, iuoflily, 0, 0, 6, 0.15, 8, 0, 0.592, True
8, 4, 5, 293, ohreueou, 0, 0, 5, 0.15, 8, 0, 0.717, True
8, 4, 6, 776, giggle, 1, 0, 5, 0.15, 8, 1, 0.534, True
8, 4, 7, 121, iifrirv, 0, 0, 4, 0.15, 8, 1, 1.046, False
8, 4, 8, 709, couple, 1, 0, 5, 0.15, 8, 1, 0.413, True
8, 4, 9, 207, iurlgyse, 0, 0, 5, 0.15, 8, 0, 0.536, True
8, 4, 10, 44, vsinme, 0, 0, 4, 0.15, 8, 0, 0.584, True
8, 4, 11, 801, hope, 1, 0, 4, 0.15, 8, 1, 0.451, True
8, 4, 12, 744, euphoric, 1, 0, 3, 0.15, 8, 0, 1.824, False
8, 4, 13, 196, ntcci, 0, 0, 4, 0.15, 8, 0, 0.643, True
8, 4, 14, 225, oogbssrvr, 0, 0, 4, 0.15, 8, 0, 0.984, True
8, 4, 15, 746, exceptional, 1, 0, 3, 0.15, 8, 0, 0.512, False
8, 4, 16, 160, omeefac, 0, 0, 4, 0.15, 8, 0, 0.523, True
8, 4, 17, 935, thankful, 1, 0, 4, 0.15, 8, 1, 0.584, True
8, 4, 18, 967, wonderful, 1, 0, 3, 0.15, 8, 0, 0.576, False
8, 4, 19, 116, caea, 0, 0, 4, 0.15, 8, 1, 0.984, False
8, 4, 20, 846, mother, 1, 0, 5, 0.15, 8, 1, 0.483, True
8, 4, 21, 821, king, 1, 0, 5, 0.15, 8, 1, 0.491, True
8, 4, 22, 851, optimism, 1, 0, 4, 0.15, 8, 1, 0.835, True
8, 4, 23, 865, pious, 1, 0, 4, 0.15, 8, 1, 0.797, True
8, 4, 24, 781, gold, 1, 0, 3, 0.15, 8, 0, 0.528, False
8, 4, 25, 807, impressed, 1, 0, 4, 0.15, 8, 1, 0.574, True
8, 4, 26, 675, bliss, 1, 0, 4, 0.15, 8, 1, 0.582, True
8, 4, 27, 248, lauhsa, 0, 0, 3, 0.15, 8, 0, 0.811, True
8, 4, 28, 185, rarfp, 0, 0, 3, 0.15, 8, 1, 1.024, False
8, 4, 29, 904, sex, 1, 0, 4, 0.15, 8, 1, 0.499, True
8, 4, 30, 871, practical, 1, 0, 4, 0.15, 8, 1, 0.891, True
8, 4, 31, 259, enfe, 0, 0, 3, 0.15, 8, 0, 0.542, True
8, 4, 32, 804, hug, 1, 0, 3, 0.15, 8, 1, 0.971, True
8, 4, 33, 284, uposoiooid, 0, 0, 2, 0.15, 8, 0, 0.765, True
8, 4, 34, 814, joke, 1, 0, 2, 0.15, 8, 0, 0.757, False
8, 4, 35, 176, agei, 0, 0, 3, 0.15, 8, 1, 0.496, False
8, 4, 36, 101, anssfee, 0, 0, 4, 0.15, 8, 0, 0.648, True
8, 4, 37, 279, gemrs, 0, 0, 4, 0.15, 8, 1, 0.589, False
8, 4, 38, 43, fceytcoe, 0, 0, 5, 0.15, 8, 0, 0.667, True
8, 4, 39, 162, lerryer, 0, 0, 5, 0.15, 8, 0, 0.984, True
8, 4, 40, 825, leader, 1, 0, 4, 0.15, 8, 1, 0.611, True
8, 4, 41, 246, ebavthnppr, 0, 0, 4, 0.15, 8, 0, 0.691, True
8, 4, 42, 714, dancer, 1, 0, 3, 0.15, 8, 0, 0.669, False
8, 4, 43, 961, wealthy, 1, 0, 4, 0.15, 8, 1, 0.52, True
8, 4, 44, 837, magical, 1, 0, 4, 0.15, 8, 1, 0.565, True
8, 4, 45, 798, home, 1, 0, 3, 0.15, 8, 1, 0.408, True
8, 4, 46, 761, flourishing, 1, 0, 3, 0.15, 8, 1, 0.379, True
8, 4, 47, 310, sucyaue, 0, 0, 2, 0.15, 8, 0, 0.342, True
8, 4, 48, 868, pleasure, 1, 0, 2, 0.15, 8, 0, 0.296, False
8, 4, 49, 688, car, 1, 0, 3, 0.15, 8, 1, 0.357, True
8, 5, 0, 1015, cockroach, 1, 1, 4, 0.15, 8, 0, 1.237, False
8, 5, 1, 1150, malice, 1, 1, 5, 0.15, 8, 0, 0.469, False
8, 5, 2, 973, accuse, 1, 1, 6, 0.15, 8, 1, 0.429, True
8, 5, 3, 556, hotueyloi, 0, 1, 6, 0.15, 8, 1, 0.366, False
8, 5, 4, 1091, garbage, 1, 1, 7, 0.15, 8, 1, 0.403, True
8, 5, 5, 1286, withdrawn, 1, 1, 7, 0.15, 8, 1, 0.464, True
8, 5, 6, 426, ogceupync, 0, 1, 6, 0.15, 8, 0, 0.808, True
8, 5, 7, 1077, fearful, 1, 1, 6, 0.15, 8, 1, 0.371, True
8, 5, 8, 1007, brooding, 1, 1, 5, 0.15, 8, 1, 0.515, True
8, 5, 9, 1016, coffin, 1, 1, 5, 0.15, 8, 1, 0.416, True
8, 5, 10, 563, eresd, 0, 1, 4, 0.15, 8, 1, 0.504, False
8, 5, 11, 472, uoinedo, 0, 1, 5, 0.15, 8, 0, 0.534, True
8, 5, 12, 1281, waste, 1, 1, 5, 0.15, 8, 1, 0.456, True
8, 5, 13, 999, blackmail, 1, 1, 4, 0.15, 8, 1, 0.632, True
8, 5, 14, 1217, slaughter, 1, 1, 4, 0.15, 8, 1, 0.587, True
8, 5, 15, 1209, shame, 1, 1, 3, 0.15, 8, 1, 0.579, True
8, 5, 16, 1006, broken, 1, 1, 3, 0.15, 8, 1, 0.616, True
8, 5, 17, 352, lopoit, 0, 1, 2, 0.15, 8, 0, 0.691, True
8, 5, 18, 497, rtoda, 0, 1, 2, 0.15, 8, 0, 0.478, True
8, 5, 19, 996, bankrupt, 1, 1, 1, 0.15, 8, 0, 0.715, False
8, 5, 20, 580, aiadirsd, 0, 1, 2, 0.15, 8, 1, 0.536, False
8, 5, 21, 1061, divorce, 1, 1, 3, 0.15, 8, 1, 0.566, True
8, 5, 22, 331, iiunee, 0, 1, 3, 0.15, 8, 0, 0.648, True
8, 5, 23, 1165, nervous, 1, 1, 2, 0.15, 8, 0, 1.208, False
8, 5, 24, 1057, disgusted, 1, 1, 3, 0.15, 8, 1, 0.619, True
8, 5, 25, 618, eenrph, 0, 1, 3, 0.15, 8, 0, 0.968, True
8, 5, 26, 480, wattteooe, 0, 1, 2, 0.15, 8, 1, 0.728, False
8, 5, 27, 429, nsdrg, 0, 1, 3, 0.15, 8, 0, 1.675, True
8, 5, 28, 546, ieleoelo, 0, 1, 3, 0.15, 8, 0, 0.459, True
8, 5, 29, 1055, disaster, 1, 1, 2, 0.15, 8, 0, 0.789, False
8, 5, 30, 601, tpxet, 0, 1, 3, 0.15, 8, 0, 0.966, True
8, 5, 31, 456, nll, 0, 1, 3, 0.15, 8, 0, 0.456, True
8, 5, 32, 1268, upset, 1, 1, 2, 0.15, 8, 1, 0.355, True
8, 5, 33, 623, edtslf, 0, 1, 2, 0.15, 8, 0, 0.424, True
8, 5, 34, 430, obem, 0, 1, 1, 0.15, 8, 0, 0.616, True
8, 5, 35, 1107, hateful, 1, 1, 1, 0.15, 8, 0, 0.592, False
8, 5, 36, 511, drdarh, 0, 1, 2, 0.15, 8, 0, 0.501, True
8, 5, 37, 1030, cruelty, 1, 1, 2, 0.15, 8, 0, 0.888, False
8, 5, 38, 344, nseotdst, 0, 1, 3, 0.15, 8, 0, 0.699, True
8, 5, 39, 626, srtau, 0, 1, 3, 0.15, 8, 0, 0.632, True
8, 5, 40, 1246, terrorist, 1, 1, 2, 0.15, 8, 0, 0.47, False
8, 5, 41, 1251, tornado, 1, 1, 3, 0.15, 8, 1, 0.629, True
8, 5, 42, 542, selo, 0, 1, 3, 0.15, 8, 1, 0.709, False
8, 5, 43, 1266, unhappy, 1, 1, 4, 0.15, 8, 1, 0.648, True
8, 5, 44, 602, wvvuua, 0, 1, 4, 0.15, 8, 0, 0.974, True
8, 5, 45, 1041, deformed, 1, 1, 3, 0.15, 8, 1, 0.739, True
8, 5, 46, 484, tresailt, 0, 1, 3, 0.15, 8, 0, 0.888, True
8, 5, 47, 420, erf, 0, 1, 2, 0.15, 8, 0, 0.488, True
8, 5, 48, 1020, coward, 1, 1, 2, 0.15, 8, 1, 0.728, True
8, 5, 49, 1111, helpless, 1, 1, 1, 0.15, 8, 0, 1.461, False
8, 6, 0, 731, easy, 1, 0, 4, 0.15, 8, 1, 0.558, True
8, 6, 1, 738, energy, 1, 0, 4, 0.15, 8, 1, 0.547, True
8, 6, 2, 733, eat, 1, 0, 3, 0.15, 8, 0, 0.547, False
8, 6, 3, 812, intimate, 1, 0, 4, 0.15, 8, 1, 0.517, True
8, 6, 4, 78, efrtht, 0, 0, 4, 0.15, 8, 0, 0.979, True
8, 6, 5, 747, excited, 1, 0, 3, 0.15, 8, 1, 0.632, True
8, 6, 6, 867, pleased, 1, 0, 3, 0.15, 8, 1, 0.36, True
8, 6, 7, 759, flawless, 1, 0, 2, 0.15, 8, 0, 0.336, False
8, 6, 8, 881, proud, 1, 0, 3, 0.15, 8, 1, 0.502, True
8, 6, 9, 193, cdgul, 0, 0, 3, 0.15, 8, 1, 0.523, False
8, 6, 10, 109, ibitsriox, 0, 0, 4, 0.15, 8, 0, 0.36, True
8, 6, 11, 59, gnlgrmpabr, 0, 0, 4, 0.15, 8, 1, 0.566, False
8, 6, 12, 234, tibdaoeelt, 0, 0, 5, 0.15, 8, 0, 0.509, True
8, 6, 13, 907, skijump, 1, 0, 5, 0.15, 8, 0, 0.651, False
8, 6, 14, 317, err, 0, 0, 6, 0.15, 8, 0, 0.712, True
8, 6, 15, 686, calm, 1, 0, 6, 0.15, 8, 1, 0.464, True
8, 6, 16, 21, xeaab, 0, 0, 5, 0.15, 8, 0, 0.469, True
8, 6, 17, 46, vlelse, 0, 0, 5, 0.15, 8, 1, 0.459, False
8, 6, 18, 11, ndaca, 0, 0, 6, 0.15, 8, 1, 0.368, False
8, 6, 19, 656, agreeable, 1, 0, 7, 0.15, 8, 1, 0.342, True
8, 6, 20, 800, honor, 1, 0, 7, 0.15, 8, 1, 0.422, True
8, 6, 21, 689, carefree, 1, 0, 6, 0.15, 8, 1, 0.339, True
8, 6, 22, 17, digtar, 0, 0, 6, 0.15, 8, 1, 0.304, False
8, 6, 23, 97, ereety, 0, 0, 7, 0.15, 8, 1, 0.379, False
8, 6, 24, 925, sunny, 1, 0, 8, 0.15, 8, 1, 0.534, True
8, 6, 25, 218, eieaeu, 0, 0, 8, 0.15, 8, 0, 0.464, True
8, 6, 26, 793, heart, 1, 0, 7, 0.15, 8, 1, 0.411, True
8, 6, 27, 944, triumph, 1, 0, 7, 0.15, 8, 1, 0.488, True
8, 6, 28, 933, tender, 1, 0, 6, 0.15, 8, 1, 0.371, True
8, 6, 29, 62, egid, 0, 0, 6, 0.15, 8, 0, 0.406, True
8, 6, 30, 672, bird, 1, 0, 5, 0.15, 8, 1, 0.541, True
8, 6, 31, 668, beautiful, 1, 0, 5, 0.15, 8, 1, 0.48, True
8, 6, 32, 287, higidi, 0, 0, 4, 0.15, 8, 0, 0.469, True
8, 6, 33, 278, bnrurbds, 0, 0, 4, 0.15, 8, 1, 0.504, False
8, 6, 34, 217, aesaegiyvn, 0, 0, 5, 0.15, 8, 0, 0.422, True
8, 6, 35, 948, trust, 1, 0, 5, 0.15, 8, 1, 0.448, True
8, 6, 36, 886, refreshment, 1, 0, 4, 0.15, 8, 1, 0.638, True
8, 6, 37, 832, lucky, 1, 0, 4, 0.15, 8, 1, 0.64, True
8, 6, 38, 855, palace, 1, 0, 3, 0.15, 8, 1, 1.763, True
8, 6, 39, 244, ounsoo, 0, 0, 3, 0.15, 8, 0, 0.518, True
8, 6, 40, 87, rlt, 0, 0, 2, 0.15, 8, 0, 0.622, True
8, 6, 41, 173, gwaiuwu, 0, 0, 2, 0.15, 8, 1, 0.408, False
8, 6, 42, 219, syktl, 0, 0, 3, 0.15, 8, 0, 0.443, True
8, 6, 43, 780, god, 1, 0, 3, 0.15, 8, 1, 0.854, True
8, 6, 44, 1, ofsiasicat, 0, 0, 2, 0.15, 8, 0, 0.432, True
8, 6, 45, 769, friend, 1, 0, 2, 0.15, 8, 0, 0.549, False
8, 6, 46, 708, cool, 1, 0, 3, 0.15, 8, 1, 1.045, True
8, 6, 47, 869, polished, 1, 0, 3, 0.15, 8, 1, 1.0, True
8, 6, 48, 805, humor, 1, 0, 2, 0.15, 8, 0, 0.384, False
8, 6, 49, 110, dhuela, 0, 0, 3, 0.15, 8, 1, 1.104, False
8, 7, 0, 1051, detest, 1, 1, 4, 0.15, 8, 1, 0.429, True
8, 7, 1, 1212, shy, 1, 1, 4, 0.15, 8, 1, 0.328, True
8, 7, 2, 1062, doom, 1, 1, 3, 0.15, 8, 1, 0.379, True
8, 7, 3, 433, felil, 0, 1, 3, 0.15, 8, 1, 0.728, False
8, 7, 4, 1109, headache, 1, 1, 4, 0.15, 8, 1, 0.414, True
8, 7, 5, 564, rxvet, 0, 1, 4, 0.15, 8, 0, 0.789, True
8, 7, 6, 1147, mad, 1, 1, 3, 0.15, 8, 1, 0.406, True
8, 7, 7, 432, ebmiey, 0, 1, 3, 0.15, 8, 0, 0.808, True
8, 7, 8, 1197, robber, 1, 1, 2, 0.15, 8, 0, 0.6, False
8, 7, 9, 537, ewfaos, 0, 1, 3, 0.15, 8, 0, 0.627, True
8, 7, 10, 389, pdbhrs, 0, 1, 3, 0.15, 8, 0, 0.867, True
8, 7, 11, 486, cmtreeci, 0, 1, 2, 0.15, 8, 1, 0.336, False
8, 7, 12, 460, iute, 0, 1, 3, 0.15, 8, 0, 0.358, True
8, 7, 13, 530, uioletl, 0, 1, 3, 0.15, 8, 0, 0.464, True
8, 7, 14, 985, angry, 1, 1, 2, 0.15, 8, 1, 0.445, True
8, 7, 15, 510, rnsrs, 0, 1, 2, 0.15, 8, 0, 0.453, True
8, 7, 16, 1143, loser, 1, 1, 1, 0.15, 8, 0, 0.35, False
8, 7, 17, 588, muerroefa, 0, 1, 2, 0.15, 8, 1, 0.467, False
8, 7, 18, 1070, envy, 1, 1, 3, 0.15, 8, 1, 0.979, True
8, 7, 19, 644, tgptea, 0, 1, 3, 0.15, 8, 1, 0.456, False
8, 7, 20, 1171, outcast, 1, 1, 4, 0.15, 8, 1, 0.696, True
8, 7, 21, 1187, rabies, 1, 1, 4, 0.15, 8, 0, 0.696, False
8, 7, 22, 349, rsc, 0, 1, 5, 0.15, 8, 0, 0.667, True
8, 7, 23, 557, dsiaaw, 0, 1, 5, 0.15, 8, 0, 0.648, True
8, 7, 24, 506, nfursny, 0, 1, 4, 0.15, 8, 0, 0.797, True
8, 7, 25, 355, alril, 0, 1, 4, 0.15, 8, 0, 0.675, True
8, 7, 26, 525, vnuddim, 0, 1, 3, 0.15, 8, 1, 0.603, False
8, 7, 27, 385, enuciii, 0, 1, 4, 0.15, 8, 0, 0.712, True
8, 7, 28, 572, nrurt, 0, 1, 4, 0.15, 8, 1, 0.667, False
8, 7, 29, 1159, mosquito, 1, 1, 5, 0.15, 8, 1, 0.936, True
8, 7, 30, 1125, inflict, 1, 1, 5, 0.15, 8, 1, 0.443, True
8, 7, 31, 1141, lonely, 1, 1, 4, 0.15, 8, 1, 0.424, True
8, 7, 32, 1084, fraud, 1, 1, 4, 0.15, 8, 1, 0.483, True
8, 7, 33, 1022, crash, 1, 1, 3, 0.15, 8, 1, 0.534, True
8, 7, 34, 415, stdrlig, 0, 1, 3, 0.15, 8, 0, 0.563, True
8, 7, 35, 529, pwouloar, 0, 1, 2, 0.15, 8, 0, 0.867, True
8, 7, 36, 1201, scalding, 1, 1, 2, 0.15, 8, 0, 0.496, False
8, 7, 37, 462, lbnuns, 0, 1, 3, 0.15, 8, 0, 0.486, True
8, 7, 38, 575, meioetca, 0, 1, 3, 0.15, 8, 0, 0.536, True
8, 7, 39, 1027, crucify, 1, 1, 2, 0.15, 8, 0, 0.835, False
8, 7, 40, 1040, defeated, 1, 1, 3, 0.15, 8, 1, 0.427, True
8, 7, 41, 446, ntsei, 0, 1, 3, 0.15, 8, 1, 0.611, False
8, 7, 42, 1080, filth, 1, 1, 4, 0.15, 8, 1, 0.563, True
8, 7, 43, 615, ulsre, 0, 1, 4, 0.15, 8, 1, 0.808, False
8, 7, 44, 492, cfmo, 0, 1, 5, 0.15, 8, 0, 0.992, True
8, 7, 45, 565, flhgcde, 0, 1, 5, 0.15, 8, 0, 0.477, True
8, 7, 46, 1133, isolated, 1, 1, 4, 0.15, 8, 1, 1.075, True
8, 7, 47, 465, olytrepd, 0, 1, 4, 0.15, 8, 0, 0.75, True
8, 7, 48, 1192, restless, 1, 1, 3, 0.15, 8, 1, 0.566, True
8, 7, 49, 1276, violent, 1, 1, 3, 0.15, 8, 1, 1.016, True
8, 8, 0, 764, forgiving, 1, 0, 4, 0.15, 8, 1, 0.523, True
8, 8, 1, 133, iidaa, 0, 0, 4, 0.15, 8, 1, 0.44, False
8, 8, 2, 4, alfenn, 0, 0, 5, 0.15, 8, 1, 0.6, False
8, 8, 3, 94, peniulba, 0, 0, 6, 0.15, 8, 0, 0.523, True
8, 8, 4, 661, angel, 1, 0, 6, 0.15, 8, 1, 0.318, True
8, 8, 5, 309, rihtorgt, 0, 0, 5, 0.15, 8, 1, 0.406, False
8, 8, 6, 927, sunset, 1, 0, 6, 0.15, 8, 1, 0.512, True
8, 8, 7, 962, wedding, 1, 0, 6, 0.15, 8, 0, 0.368, False
8, 8, 8, 71, tcpntbasy, 0, 0, 7, 0.15, 8, 0, 0.838, True
8, 8, 9, 909, sleep, 1, 0, 7, 0.15, 8, 1, 0.555, True
8, 8, 10, 910, smile, 1, 0, 6, 0.15, 8, 1, 0.387, True
8, 8, 11, 320, niptg, 0, 0, 6, 0.15, 8, 0, 1.547, True
8, 8, 12, 694, champ, 1, 0, 5, 0.15, 8, 1, 2.28, True
8, 8, 13, 815, jolly, 1, 0, 5, 0.15, 8, 1, 0.36, True
8, 8, 14, 864, pillow, 1, 0, 4, 0.15, 8, 1, 0.357, True
8, 8, 15, 796, hero, 1, 0, 4, 0.15, 8, 1, 0.416, True
8, 8, 16, 951, untroubled, 1, 0, 3, 0.15, 8, 1, 0.422, True
8, 8, 17, 75, ynefgswp, 0, 0, 3, 0.15, 8, 0, 0.619, True
8, 8, 18, 36, tsresu, 0, 0, 2, 0.15, 8, 0, 0.501, True
8, 8, 19, 810, intelligent, 1, 0, 2, 0.15, 8, 0, 0.344, False
8, 8, 20, 706, confident, 1, 0, 3, 0.15, 8, 1, 0.704, True
8, 8, 21, 687, capable, 1, 0, 3, 0.15, 8, 1, 0.72, True
8, 8, 22, 139, snrer, 0, 0, 2, 0.15, 8, 0, 0.448, True
8, 8, 23, 894, reward, 1, 0, 2, 0.15, 8, 0, 0.408, False
8, 8, 24, 820, kind, 1, 0, 3, 0.15, 8, 1, 0.331, True
8, 8, 25, 221, elrpsep, 0, 0, 3, 0.15, 8, 0, 0.608, True
8, 8, 26, 792, healthy, 1, 0, 2, 0.15, 8, 0, 0.408, False
8, 8, 27, 942, treasure, 1, 0, 3, 0.15, 8, 1, 0.315, True
8, 8, 28, 727, dollar, 1, 0, 3, 0.15, 8, 0, 0.443, False
8, 8, 29, 204, sgytl, 0, 0, 4, 0.15, 8, 1, 0.504, False
8, 8, 30, 223, snaexaal, 0, 0, 5, 0.15, 8, 1, 0.502, False
8, 8, 31, 833, luscious, 1, 0, 6, 0.15, 8, 1, 0.291, True
8, 8, 32, 199, gupmm, 0, 0, 6, 0.15, 8, 1, 0.424, False
8, 8, 33, 952, useful, 1, 0, 7, 0.15, 8, 1, 0.475, True
8, 8, 34, 857, party, 1, 0, 7, 0.15, 8, 1, 0.358, True
8, 8, 35, 147, syedl, 0, 0, 6, 0.15, 8, 0, 0.581, True
8, 8, 36, 118, tdteffliu, 0, 0, 6, 0.15, 8, 0, 0.579, True
8, 8, 37, 875, profit, 1, 0, 5, 0.15, 8, 1, 0.526, True
8, 8, 38, 843, millionaire, 1, 0, 5, 0.15, 8, 1, 0.414, True
8, 8, 39, 877, promise, 1, 0, 4, 0.15, 8, 1, 0.533, True
8, 8, 40, 154, jcaig, 0, 0, 4, 0.15, 8, 0, 0.422, True
8, 8, 41, 55, nyeit, 0, 0, 3, 0.15, 8, 0, 0.331, True
8, 8, 42, 95, iusseiega, 0, 0, 3, 0.15, 8, 0, 0.48, True
8, 8, 43, 321, edisrsame, 0, 0, 2, 0.15, 8, 0, 0.497, True
8, 8, 44, 275, ntulre, 0, 0, 2, 0.15, 8, 1, 0.579, False
8, 8, 45, 80, ijl, 0, 0, 3, 0.15, 8, 1, 0.488, False
8, 8, 46, 916, sparkle, 1, 0, 4, 0.15, 8, 1, 0.669, True
8, 8, 47, 841, memories, 1, 0, 4, 0.15, 8, 1, 0.504, True
8, 8, 48, 794, heaven, 1, 0, 3, 0.15, 8, 0, 0.64, False
8, 8, 49, 307, saeemlea, 0, 0, 4, 0.15, 8, 1, 0.486, False
8, 9, 0, 354, ihreo, 0, 1, 4, 0.15, 8, 1, 0.459, False
8, 9, 1, 1001, bleed, 1, 1, 5, 0.15, 8, 1, 0.334, True
8, 9, 2, 409, istttcdc, 0, 1, 5, 0.15, 8, 0, 0.536, True
8, 9, 3, 550, aipbp, 0, 1, 4, 0.15, 8, 1, 0.392, False
8, 9, 4, 558, tcnli, 0, 1, 5, 0.15, 8, 0, 0.621, True
8, 9, 5, 1153, menace, 1, 1, 5, 0.15, 8, 1, 0.704, True
8, 9, 6, 1071, evil, 1, 1, 4, 0.15, 8, 0, 0.451, False
8, 9, 7, 1110, hell, 1, 1, 5, 0.15, 8, 1, 0.419, True
8, 9, 8, 408, ilficeidae, 0, 1, 5, 0.15, 8, 0, 1.07, True
8, 9, 9, 376, tapan, 0, 1, 4, 0.15, 8, 0, 0.968, True
8, 9, 10, 974, ache, 1, 1, 4, 0.15, 8, 1, 0.414, True
8, 9, 11, 578, telif, 0, 1, 3, 0.15, 8, 1, 0.739, False
8, 9, 12, 995, bad, 1, 1, 4, 0.15, 8, 1, 0.667, True
8, 9, 13, 327, nldyts, 0, 1, 4, 0.15, 8, 0, 0.517, True
8, 9, 14, 1049, destroy, 1, 1, 3, 0.15, 8, 1, 0.656, True
8, 9, 15, 361, edrnorio, 0, 1, 3, 0.15, 8, 0, 1.558, True
8, 9, 16, 562, ueabbl, 0, 1, 2, 0.15, 8, 0, 0.685, True
8, 9, 17, 464, tnsd, 0, 1, 2, 0.15, 8, 1, 0.357, False
8, 9, 18, 1095, grave, 1, 1, 3, 0.15, 8, 1, 0.784, True
8, 9, 19, 442, pciisor, 0, 1, 3, 0.15, 8, 0, 0.448, True
8, 9, 20, 487, cciposin, 0, 1, 2, 0.15, 8, 0, 0.424, True
8, 9, 21, 1108, hatred, 1, 1, 2, 0.15, 8, 0, 0.397, False
8, 9, 22, 1196, roach, 1, 1, 3, 0.15, 8, 1, 0.352, True
8, 9, 23, 1137, leprosy, 1, 1, 3, 0.15, 8, 1, 0.792, True
8, 9, 24, 1048, despise, 1, 1, 2, 0.15, 8, 0, 0.438, False
8, 9, 25, 335, illirenfas, 0, 1, 3, 0.15, 8, 1, 0.864, False
8, 9, 26, 1076, fear, 1, 1, 4, 0.15, 8, 1, 0.595, True
8, 9, 27, 374, rcfltt, 0, 1, 4, 0.15, 8, 0, 0.702, True
8, 9, 28, 1144, loss, 1, 1, 3, 0.15, 8, 1, 0.555, True
8, 9, 29, 624, hoydfas, 0, 1, 3, 0.15, 8, 0, 0.715, True
8, 9, 30, 640, shuauuquu, 0, 1, 2, 0.15, 8, 0, 1.032, True
8, 9, 31, 981, alienation, 1, 1, 2, 0.15, 8, 1, 0.39, True
8, 9, 32, 1119, humiliate, 1, 1, 1, 0.15, 8, 0, 0.656, False
8, 9, 33, 983, ambulance, 1, 1, 2, 0.15, 8, 0, 0.467, False
8, 9, 34, 541, mncprc, 0, 1, 3, 0.15, 8, 1, 0.851, False
8, 9, 35, 538, rlo, 0, 1, 4, 0.15, 8, 0, 0.56, True
8, 9, 36, 441, ssagildley, 0, 1, 4, 0.15, 8, 0, 0.805, True
8, 9, 37, 477, cdhrib, 0, 1, 3, 0.15, 8, 0, 0.6, True
8, 9, 38, 1114, homicide, 1, 1, 3, 0.15, 8, 1, 0.515, True
8, 9, 39, 639, scordii, 0, 1, 2, 0.15, 8, 0, 0.472, True
8, 9, 40, 517, huehpos, 0, 1, 2, 0.15, 8, 0, 0.518, True
8, 9, 41, 629, gnmtrtts, 0, 1, 1, 0.15, 8, 0, 0.523, True
8, 9, 42, 1154, misery, 1, 1, 1, 0.15, 8, 1, 0.4, True
8, 9, 43, 1259, trouble, 1, 1, 1, 0.15, 8, 1, 0.382, True
8, 9, 44, 1072, execution, 1, 1, 1, 0.15, 8, 0, 1.014, False
8, 9, 45, 458, dcsmrtpt, 0, 1, 2, 0.15, 8, 1, 0.784, False
8, 9, 46, 1232, suffer, 1, 1, 3, 0.15, 8, 0, 1.264, False
8, 9, 47, 455, asolnn, 0, 1, 4, 0.15, 8, 0, 0.595, True
8, 9, 48, 1088, funeral, 1, 1, 4, 0.15, 8, 1, 0.509, True
8, 9, 49, 586, hiorta, 0, 1, 3, 0.15, 8, 1, 0.661, False
8, 10, 0, 266, iaadlin, 0, 0, 4, 0.15, 8, 1, 0.915, False
8, 10, 1, 739, engaged, 1, 0, 5, 0.15, 8, 1, 1.376, True
8, 10, 2, 29, dmtsc, 0, 0, 5, 0.15, 8, 0, 0.539, True
8, 10, 3, 742, enthusiastic, 1, 0, 4, 0.15, 8, 0, 0.411, False
8, 10, 4, 214, ntefe, 0, 0, 5, 0.15, 8, 1, 0.341, False
8, 10, 5, 696, cheer, 1, 0, 6, 0.15, 8, 1, 0.371, True
8, 10, 6, 725, diploma, 1, 0, 6, 0.15, 8, 1, 0.488, True
8, 10, 7, 934, terrific, 1, 0, 5, 0.15, 8, 1, 0.464, True
8, 10, 8, 912, snuggle, 1, 0, 5, 0.15, 8, 1, 0.518, True
8, 10, 9, 126, casek, 0, 0, 4, 0.15, 8, 1, 0.339, False
8, 10, 10, 47, gnnorbren, 0, 0, 5, 0.15, 8, 0, 0.685, True
8, 10, 11, 251, efkrrbyu, 0, 0, 5, 0.15, 8, 0, 0.542, True
8, 10, 12, 76, piypyds, 0, 0, 4, 0.15, 8, 1, 0.75, False
8, 10, 13, 137, oetcasaf, 0, 0, 5, 0.15, 8, 0, 0.491, True
8, 10, 14, 181, abuoief, 0, 0, 5, 0.15, 8, 0, 0.534, True
8, 10, 15, 758, fireworks, 1, 0, 4, 0.15, 8, 1, 0.486, True
8, 10, 16, 70, tbegpt, 0, 0, 4, 0.15, 8, 0, 0.555, True
8, 10, 17, 741, enjoyment, 1, 0, 3, 0.15, 8, 0, 0.667, False
8, 10, 18, 885, rainbow, 1, 0, 4, 0.15, 8, 1, 0.502, True
8, 10, 19, 237, fagla, 0, 0, 4, 0.15, 8, 0, 0.477, True
8, 10, 20, 298, atrysna, 0, 0, 3, 0.15, 8, 0, 0.688, True
8, 10, 21, 129, lhra, 0, 0, 3, 0.15, 8, 0, 0.411, True
8, 10, 22, 241, ltimecg, 0, 0, 2, 0.15, 8, 0, 0.397, True
8, 10, 23, 695, champion, 1, 0, 2, 0.15, 8, 1, 0.382, True
8, 10, 24, 65, rsek, 0, 0, 1, 0.15, 8, 0, 0.358, True
8, 10, 25, 937, thrill, 1, 0, 1, 0.15, 8, 0, 0.267, False
8, 10, 26, 917, spouse, 1, 0, 2, 0.15, 8, 1, 0.592, True
8, 10, 27, 40, dmme, 0, 0, 2, 0.15, 8, 0, 0.278, True
8, 10, 28, 227, ipapte, 0, 0, 1, 0.15, 8, 0, 0.299, True
8, 10, 29, 10, iiifermut, 0, 0, 1, 0.15, 8, 1, 0.339, False
8, 10, 30, 192, rubceicmc, 0, 0, 2, 0.15, 8, 1, 0.309, False
8, 10, 31, 88, hntenho, 0, 0, 3, 0.15, 8, 1, 0.693, False
8, 10, 32, 282, ebyarkmlv, 0, 0, 4, 0.15, 8, 1, 0.374, False
8, 10, 33, 836, luxury, 1, 0, 5, 0.15, 8, 0, 0.36, False
8, 10, 34, 646, abundance, 1, 0, 6, 0.15, 8, 1, 0.363, True
8, 10, 35, 874, priceless, 1, 0, 6, 0.15, 8, 1, 0.397, True
8, 10, 36, 302, csoct, 0, 0, 5, 0.15, 8, 0, 0.693, True
8, 10, 37, 811, intimate, 1, 0, 5, 0.15, 8, 1, 0.456, True
8, 10, 38, 679, bride, 1, 0, 4, 0.15, 8, 1, 0.552, True
8, 10, 39, 650, admire, 1, 0, 4, 0.15, 8, 1, 0.443, True
8, 10, 40, 852, orgasm, 1, 0, 3, 0.15, 8, 0, 0.646, False
8, 10, 41, 816, joy, 1, 0, 4, 0.15, 8, 1, 0.379, True
8, 10, 42, 861, peaceful, 1, 0, 4, 0.15, 8, 1, 0.427, True
8, 10, 43, 939, tolerant, 1, 0, 3, 0.15, 8, 1, 0.627, True
8, 10, 44, 664, aroused, 1, 0, 3, 0.15, 8, 1, 0.499, True
8, 10, 45, 303, gondatme, 0, 0, 2, 0.15, 8, 0, 0.422, True
8, 10, 46, 712, cuddle, 1, 0, 2, 0.15, 8, 0, 0.408, False
8, 10, 47, 946, trophy, 1, 0, 3, 0.15, 8, 1, 0.379, True
8, 10, 48, 213, aioleeacee, 0, 0, 3, 0.15, 8, 0, 0.664, True
8, 10, 49, 91, wjswfhn, 0, 0, 2, 0.15, 8, 1, 0.478, False
8, 11, 0, 1162, mutilate, 1, 1, 4, 0.15, 8, 1, 0.461, True
8, 11, 1, 1023, crazy, 1, 1, 4, 0.15, 8, 0, 0.398, False
8, 11, 2, 604, itrapvibl, 0, 1, 5, 0.15, 8, 0, 0.614, True
8, 11, 3, 1204, scorn, 1, 1, 5, 0.15, 8, 1, 0.504, True
8, 11, 4, 607, iyxaadd, 0, 1, 4, 0.15, 8, 0, 1.555, True
8, 11, 5, 968, abandoned, 1, 1, 4, 0.15, 8, 1, 0.526, True
8, 11, 6, 363, horrei, 0, 1, 3, 0.15, 8, 1, 0.552, False
8, 11, 7, 1207, selfish, 1, 1, 4, 0.15, 8, 1, 0.411, True
8, 11, 8, 499, yhti, 0, 1, 4, 0.15, 8, 0, 0.48, True
8, 11, 9, 1188, rage, 1, 1, 3, 0.15, 8, 0, 0.643, False
8, 11, 10, 358, tago, 0, 1, 4, 0.15, 8, 1, 0.376, False
8, 11, 11, 1178, pest, 1, 1, 5, 0.15, 8, 1, 0.443, True
8, 11, 12, 336, arlec, 0, 1, 5, 0.15, 8, 0, 0.539, True
8, 11, 13, 1021, cramp, 1, 1, 4, 0.15, 8, 1, 0.411, True
8, 11, 14, 616, htrs, 0, 1, 4, 0.15, 8, 0, 0.531, True
8, 11, 15, 440, otnaelrree, 0, 1, 3, 0.15, 8, 0, 0.928, True
8, 11, 16, 972, accident, 1, 1, 3, 0.15, 8, 1, 0.507, True
8, 11, 17, 1060, distressed, 1, 1, 2, 0.15, 8, 0, 0.688, False
8, 11, 18, 416, eaha, 0, 1, 3, 0.15, 8, 0, 0.715, True
8, 11, 19, 533, loevei, 0, 1, 3, 0.15, 8, 1, 0.555, False
8, 11, 20, 1009, burden, 1, 1, 4, 0.15, 8, 1, 0.478, True
8, 11, 21, 1258, trauma, 1, 1, 4, 0.15, 8, 1, 0.419, True
8, 11, 22, 1240, temper, 1, 1, 3, 0.15, 8, 1, 0.344, True
8, 11, 23, 1101, guilty, 1, 1, 3, 0.15, 8, 1, 0.448, True
8, 11, 24, 1134, jail, 1, 1, 2, 0.15, 8, 0, 0.856, False
8, 11, 25, 1052, devil, 1, 1, 3, 0.15, 8, 1, 0.661, True
8, 11, 26, 1243, terrible, 1, 1, 3, 0.15, 8, 1, 0.411, True
8, 11, 27, 570, neri, 0, 1, 2, 0.15, 8, 0, 0.525, True
8, 11, 28, 1082, foreboding, 1, 1, 2, 0.15, 8, 1, 0.501, True
8, 11, 29, 1067, embarrassed, 1, 1, 1, 0.15, 8, 0, 0.886, False
8, 11, 30, 1203, scared, 1, 1, 2, 0.15, 8, 0, 0.726, False
8, 11, 31, 1215, sin, 1, 1, 3, 0.15, 8, 1, 0.776, True
8, 11, 32, 1219, slime, 1, 1, 3, 0.15, 8, 0, 0.63, False
8, 11, 33, 343, icnolih, 0, 1, 4, 0.15, 8, 1, 0.776, False
8, 11, 34, 594, ntporf, 0, 1, 5, 0.15, 8, 0, 0.651, True
8, 11, 35, 342, hntwedd, 0, 1, 5, 0.15, 8, 0, 0.549, True
8, 11, 36, 394, dhlonerr, 0, 1, 4, 0.15, 8, 0, 0.552, True
8, 11, 37, 373, eriuhs, 0, 1, 4, 0.15, 8, 0, 0.507, True
8, 11, 38, 1160, murder, 1, 1, 3, 0.15, 8, 1, 0.675, True
8, 11, 39, 988, anxiety, 1, 1, 3, 0.15, 8, 1, 0.907, True
8, 11, 40, 485, ncpaub, 0, 1, 2, 0.15, 8, 0, 0.48, True
8, 11, 41, 1136, killed, 1, 1, 2, 0.15, 8, 0, 0.48, False
8, 11, 42, 1221, smallpox, 1, 1, 3, 0.15, 8, 1, 0.579, True
8, 11, 43, 1085, fright, 1, 1, 3, 0.15, 8, 0, 0.472, False
8, 11, 44, 1126, infuriate, 1, 1, 4, 0.15, 8, 1, 0.603, True
8, 11, 45, 365, vvmeir, 0, 1, 4, 0.15, 8, 1, 0.536, False
8, 11, 46, 992, assault, 1, 1, 5, 0.15, 8, 0, 0.443, False
8, 11, 47, 424, yrld, 0, 1, 6, 0.15, 8, 0, 0.493, True
8, 11, 48, 617, eeeml, 0, 1, 6, 0.15, 8, 0, 0.539, True
8, 11, 49, 1024, crime, 1, 1, 5, 0.15, 8, 1, 0.494, True
