5, 0, 0, 676, blossom, 1, 0, 7, 0.15, 8, 0, 0.795, False
5, 0, 1, 175, ecnu, 0, 0, 8, 0.15, 8, 0, 0.472, True
5, 0, 2, 760, flirt, 1, 0, 8, 0.15, 8, 0, 0.549, False
5, 0, 3, 1, ofsiasicat, 0, 0, 9, 0.15, 8, 0, 0.661, True
5, 0, 4, 168, iosr, 0, 0, 9, 0.15, 8, 1, 3.194, False
5, 0, 5, 66, vrcrah, 0, 0, 10, 0.15, 8, 0, 1.933, True
5, 0, 6, 822, kiss, 1, 0, 10, 0.15, 8, 1, 0.821, True
5, 0, 7, 718, dependable, 1, 0, 9, 0.15, 8, 1, 0.922, True
5, 0, 8, 954, valentine, 1, 0, 9, 0.15, 8, 1, 0.693, True
5, 0, 9, 897, romantic, 1, 0, 8, 0.15, 8, 1, 0.592, True
5, 0, 10, 747, excited, 1, 0, 8, 0.15, 8, 1, 0.581, True
5, 0, 11, 270, lrmgdrs, 0, 0, 7, 0.15, 8, 0, 0.917, True
5, 0, 12, 153, reorns, 0, 0, 7, 0.15, 8, 0, 0.936, True
5, 0, 13, 214, ntefe, 0, 0, 6, 0.15, 8, 0, 0.685, True
5, 0, 14, 271, egrous, 0, 0, 6, 0.15, 8, 0, 0.704, True
5, 0, 15, 893, rest, 1, 0, 5, 0.15, 8, 0, 0.754, False
5, 0, 16, 284, uposoiooid, 0, 0, 6, 0.15, 8, 0, 1.091, True
5, 0, 17, 713, cute, 1, 0, 6, 0.15, 8, 1, 0.789, True
5, 0, 18, 782, good, 1, 0, 5, 0.15, 8, 1, 1.13, True
5, 0, 19, 831, loyal, 1, 0, 5, 0.15, 8, 1, 0.882, True
5, 0, 20, 677, bouquet, 1, 0, 4, 0.15, 8, 0, 0.936, False
5, 0, 21, 890, rescue, 1, 0, 5, 0.15, 8, 0, 0.57, False
5, 0, 22, 735, efficient, 1, 0, 6, 0.15, 8, 1, 0.901, True
5, 0, 23, 148, yeohir, 0, 0, 6, 0.15, 8, 0, 0.691, True
5, 0, 24, 14, frefiy, 0, 0, 5, 0.15, 8, 0, 1.09, True
5, 0, 25, 228, mmbreirai, 0, 0, 5, 0.15, 8, 1, 0.643, False
5, 0, 26, 67, avdi, 0, 0, 6, 0.15, 8, 0, 1.357, True
5, 0, 27, 115, rsxangthdta, 0, 0, 6, 0.15, 8, 0, 0.648, True
5, 0, 28, 697, cheerful, 1, 0, 5, 0.15, 8, 1, 0.608, True
5, 0, 29, 710, courteous, 1, 0, 5, 0.15, 8, 1, 0.528, True
5, 0, 30, 876, progress, 1, 0, 4, 0.15, 8, 1, 0.637, True
5, 0, 31, 213, aioleeacee, 0, 0, 4, 0.15, 8, 1, 0.656, False
5, 0, 32, 292, atsrgaol, 0, 0, 5, 0.15, 8, 0, 0.811, True
5, 0, 33, 204, sgytl, 0, 0, 5, 0.15, 8, 0, 0.931, True
5, 0, 34, 902, scholar, 1, 0, 4, 0.15, 8, 1, 0.659, True
5, 0, 35, 910, smile, 1, 0, 4, 0.15, 8, 1, 0.539, True
5, 0, 36, 959, warmth, 1, 0, 3, 0.15, 8, 0, 0.712, False
5, 0, 37, 671, benefit, 1, 0, 4, 0.15, 8, 1, 0.618, True
5, 0, 38, 961, wealthy, 1, 0, 4, 0.15, 8, 1, 0.714, True
5, 0, 39, 22, deihdoaul, 0, 0, 3, 0.15, 8, 0, 0.682, True
5, 0, 40, 743, erotic, 1, 0, 3, 0.15, 8, 0, 0.837, False
5, 0, 41, 808, improve, 1, 0, 4, 0.15, 8, 0, 1.328, False
5, 0, 42, 39, dete, 0, 0, 5, 0.15, 8, 1, 0.656, False
5, 0, 43, 730, earth, 1, 0, 6, 0.15, 8, 1, 0.525, True
5, 0, 44, 106, loty, 0, 0, 6, 0.15, 8, 1, 0.56, False
5, 0, 45, 118, tdteffliu, 0, 0, 7, 0.15, 8, 0, 0.909, True
5, 0, 46, 186, peeai, 0, 0, 7, 0.15, 8, 0, 0.96, True
5, 0, 47, 161, ritaseecr, 0, 0, 6, 0.15, 8, 1, 0.443, False
5, 0, 48, 4, alfenn, 0, 0, 7, 0.15, 8, 0, 0.912, True
5, 0, 49, 257, asltao, 0, 0, 7, 0.15, 8, 0, 1.106, True
5, 1, 0, 1283, whore, 1, 1, 4, 0.15, 8, 0, 0.794, False
5, 1, 1, 623, edtslf, 0, 1, 5, 0.15, 8, 1, 0.656, False
5, 1, 2, 1227, spurned, 1, 1, 6, 0.15, 8, 1, 0.573, True
5, 1, 3, 988, anxiety, 1, 1, 6, 0.15, 8, 1, 0.554, True
5, 1, 4, 599, syueog, 0, 1, 5, 0.15, 8, 0, 0.752, True
5, 1, 5, 1168, obstinate, 1, 1, 5, 0.15, 8, 1, 0.669, True
5, 1, 6, 1076, fear, 1, 1, 4, 0.15, 8, 0, 0.712, False
5, 1, 7, 446, ntsei, 0, 1, 5, 0.15, 8, 0, 0.893, True
5, 1, 8, 414, upitamlils, 0, 1, 5, 0.15, 8, 1, 0.696, False
5, 1, 9, 488, erhn, 0, 1, 6, 0.15, 8, 0, 0.781, True
5, 1, 10, 498, btiu, 0, 1, 6, 0.15, 8, 0, 1.042, True
5, 1, 11, 493, oso, 0, 1, 5, 0.15, 8, 0, 0.731, True
5, 1, 12, 460, iute, 0, 1, 5, 0.15, 8, 0, 0.57, True
5, 1, 13, 1180, pollute, 1, 1, 4, 0.15, 8, 0, 0.56, False
5, 1, 14, 442, pciisor, 0, 1, 5, 0.15, 8, 1, 0.792, False
5, 1, 15, 574, wfli, 0, 1, 6, 0.15, 8, 1, 0.592, False
5, 1, 16, 993, avoid, 1, 1, 7, 0.15, 8, 1, 0.546, True
5, 1, 17, 439, eaikhh, 0, 1, 7, 0.15, 8, 0, 0.909, True
5, 1, 18, 1120, hurt, 1, 1, 6, 0.15, 8, 1, 0.653, True
5, 1, 19, 981, alienation, 1, 1, 6, 0.15, 8, 1, 0.874, True
5, 1, 20, 443, nwfi, 0, 1, 5, 0.15, 8, 0, 0.64, True
5, 1, 21, 1162, mutilate, 1, 1, 5, 0.15, 8, 0, 0.776, False
5, 1, 22, 532, hrci, 0, 1, 6, 0.15, 8, 1, 0.605, False
5, 1, 23, 1020, coward, 1, 1, 7, 0.15, 8, 1, 0.594, True
5, 1, 24, 413, shtcuauedo, 0, 1, 7, 0.15, 8, 1, 1.141, False
5, 1, 25, 977, afraid, 1, 1, 8, 0.15, 8, 1, 0.632, True
5, 1, 26, 503, veddfcb, 0, 1, 8, 0.15, 8, 0, 0.645, True
5, 1, 27, 489, lsnguier, 0, 1, 7, 0.15, 8, 0, 1.059, True
5, 1, 28, 398, patnueano, 0, 1, 7, 0.15, 8, 0, 0.754, True
5, 1, 29, 1263, ulcer, 1, 1, 6, 0.15, 8, 1, 0.578, True
5, 1, 30, 1001, bleed, 1, 1, 6, 0.15, 8, 1, 0.672, True
5, 1, 31, 632, ieciiergie, 0, 1, 5, 0.15, 8, 0, 0.669, True
5, 1, 32, 501, snn, 0, 1, 5, 0.15, 8, 0, 0.746, True
5, 1, 33, 624, hoydfas, 0, 1, 4, 0.15, 8, 0, 0.853, True
5, 1, 34, 500, euirf, 0, 1, 4, 0.15, 8, 0, 0.757, True
5, 1, 35, 336, arlec, 0, 1, 3, 0.15, 8, 0, 0.621, True
5, 1, 36, 1085, fright, 1, 1, 3, 0.15, 8, 1, 0.538, True
5, 1, 37, 385, enuciii, 0, 1, 2, 0.15, 8, 0, 0.917, True
5, 1, 38, 1014, cemetery, 1, 1, 2, 0.15, 8, 0, 0.57, False
5, 1, 39, 1125, inflict, 1, 1, 3, 0.15, 8, 0, 0.653, False
5, 1, 40, 433, felil, 0, 1, 4, 0.15, 8, 0, 2.373, True
5, 1, 41, 1059, displeased, 1, 1, 4, 0.15, 8, 1, 0.821, True
5, 1, 42, 590, ousftui, 0, 1, 3, 0.15, 8, 0, 0.586, True
5, 1, 43, 1009, burden, 1, 1, 3, 0.15, 8, 0, 0.674, False
5, 1, 44, 1188, rage, 1, 1, 4, 0.15, 8, 1, 0.621, True
5, 1, 45, 1255, traitor, 1, 1, 4, 0.15, 8, 1, 0.653, True
5, 1, 46, 492, cfmo, 0, 1, 3, 0.15, 8, 1, 0.514, False
5, 1, 47, 384, oilrigs, 0, 1, 4, 0.15, 8, 0, 0.301, True
5, 1, 48, 337, szomscdsr, 0, 1, 4, 0.15, 8, 0, 0.653, True
5, 1, 49, 619, mitsnrlhmd, 0, 1, 3, 0.15, 8, 1, 0.819, False
5, 2, 0, 678, brave, 1, 0, 4, 0.15, 8, 1, 1.13, True
5, 2, 1, 766, free, 1, 0, 4, 0.15, 8, 1, 0.576, True
5, 2, 2, 183, ederhr, 0, 0, 3, 0.15, 8, 0, 0.645, True
5, 2, 3, 843, millionaire, 1, 0, 3, 0.15, 8, 0, 0.744, False
5, 2, 4, 134, uyh, 0, 0, 4, 0.15, 8, 0, 0.848, True
5, 2, 5, 754, fantasy, 1, 0, 4, 0.15, 8, 1, 0.573, True
5, 2, 6, 872, prestige, 1, 0, 3, 0.15, 8, 1, 0.594, True
5, 2, 7, 852, orgasm, 1, 0, 3, 0.15, 8, 1, 0.826, True
5, 2, 8, 215, elirsaoe, 0, 0, 2, 0.15, 8, 0, 0.736, True
5, 2, 9, 62, egid, 0, 0, 2, 0.15, 8, 0, 0.562, True
5, 2, 10, 249, rvasfo, 0, 0, 1, 0.15, 8, 0, 0.992, True
5, 2, 11, 873, pretty, 1, 0, 1, 0.15, 8, 1, 0.53, True
5, 2, 12, 265, comp, 0, 0, 1, 0.15, 8, 1, 0.488, False
5, 2, 13, 854, outstanding, 1, 0, 2, 0.15, 8, 1, 0.632, True
5, 2, 14, 768, freshness, 1, 0, 2, 0.15, 8, 0, 0.597, False
5, 2, 15, 739, engaged, 1, 0, 3, 0.15, 8, 1, 0.717, True
5, 2, 16, 220, diecagcb, 0, 0, 3, 0.15, 8, 0, 1.261, True
5, 2, 17, 712, cuddle, 1, 0, 2, 0.15, 8, 0, 0.792, False
5, 2, 18, 198, nuoafdghni, 0, 0, 3, 0.15, 8, 1, 0.488, False
5, 2, 19, 845, money, 1, 0, 4, 0.15, 8, 1, 0.669, True
5, 2, 20, 926, sunrise, 1, 0, 4, 0.15, 8, 1, 0.744, True
5, 2, 21, 695, champion, 1, 0, 3, 0.15, 8, 1, 0.656, True
5, 2, 22, 715, daring, 1, 0, 3, 0.15, 8, 0, 0.741, False
5, 2, 23, 690, caress, 1, 0, 4, 0.15, 8, 0, 0.685, False
5, 2, 24, 665, baby, 1, 0, 5, 0.15, 8, 1, 0.717, True
5, 2, 25, 916, sparkle, 1, 0, 5, 0.15, 8, 1, 0.69, True
5, 2, 26, 903, secure, 1, 0, 4, 0.15, 8, 0, 1.824, False
5, 2, 27, 288, edohjdon, 0, 0, 5, 0.15, 8, 0, 0.837, True
5, 2, 28, 132, saslrnee, 0, 0, 5, 0.15, 8, 1, 0.642, False
5, 2, 29, 123, afyttp, 0, 0, 6, 0.15, 8, 0, 0.845, True
5, 2, 30, 140, endd, 0, 0, 6, 0.15, 8, 1, 0.64, False
5, 2, 31, 108, estnles, 0, 0, 7, 0.15, 8, 0, 0.829, True
5, 2, 32, 701, color, 1, 0, 7, 0.15, 8, 1, 0.64, True
5, 2, 33, 273, elhblae, 0, 0, 6, 0.15, 8, 1, 0.618, False
5, 2, 34, 704, comfortable, 1, 0, 7, 0.15, 8, 1, 0.594, True
5, 2, 35, 804, hug, 1, 0, 7, 0.15, 8, 1, 0.501, True
5, 2, 36, 758, fireworks, 1, 0, 6, 0.15, 8, 1, 0.434, True
5, 2, 37, 73, imoioo, 0, 0, 6, 0.15, 8, 0, 0.626, True
5, 2, 38, 706, confident, 1, 0, 5, 0.15, 8, 1, 0.616, True
5, 2, 39, 209, hveihi, 0, 0, 5, 0.15, 8, 0, 0.762, True
5, 2, 40, 784, graduate, 1, 0, 4, 0.15, 8, 1, 0.472, True
5, 2, 41, 122, lsfaopstu, 0, 0, 4, 0.15, 8, 0, 0.794, True
5, 2, 42, 749, exercise, 1, 0, 3, 0.15, 8, 0, 0.842, False
5, 2, 43, 92, enatdb, 0, 0, 4, 0.15, 8, 0, 0.632, True
5, 2, 44, 834, lust, 1, 0, 4, 0.15, 8, 0, 0.747, False
5, 2, 45, 687, capable, 1, 0, 5, 0.15, 8, 1, 0.6, True
5, 2, 46, 277, eav, 0, 0, 5, 0.15, 8, 0, 0.76, True
5, 2, 47, 723, dignified, 1, 0, 4, 0.15, 8, 0, 0.741, False
5, 2, 48, 236, rotat, 0, 0, 5, 0.15, 8, 1, 0.608, False
5, 2, 49, 909, sleep, 1, 0, 6, 0.15, 8, 1, 0.658, True
5, 3, 0, 1040, defeated, 1, 1, 4, 0.15, 8, 1, 0.69, True
5, 3, 1, 595, uaias, 0, 1, 4, 0.15, 8, 0, 0.704, True
5, 3, 2, 630, eeodauo, 0, 1, 3, 0.15, 8, 0, 0.621, True
5, 3, 3, 1105, harm, 1, 1, 3, 0.15, 8, 0, 0.618, False
5, 3, 4, 1232, suffer, 1, 1, 4, 0.15, 8, 0, 0.794, False
5, 3, 5, 1061, divorce, 1, 1, 5, 0.15, 8, 1, 0.624, True
5, 3, 6, 325, iwuuon, 0, 1, 5, 0.15, 8, 1, 0.546, False
5, 3, 7, 1006, broken, 1, 1, 6, 0.15, 8, 1, 0.635, True
5, 3, 8, 499, yhti, 0, 1, 6, 0.15, 8, 0, 0.691, True
5, 3, 9, 1108, hatred, 1, 1, 5, 0.15, 8, 1, 0.517, True
5, 3, 10, 423, lnsditd, 0, 1, 5, 0.15, 8, 1, 0.979, False
5, 3, 11, 1206, seasick, 1, 1, 6, 0.15, 8, 0, 0.768, False
5, 3, 12, 1248, threat, 1, 1, 7, 0.15, 8, 1, 1.013, True
5, 3, 13, 1182, prison, 1, 1, 7, 0.15, 8, 1, 0.557, True
5, 3, 14, 1050, destruction, 1, 1, 6, 0.15, 8, 1, 0.549, True
5, 3, 15, 573, oofso, 0, 1, 6, 0.15, 8, 0, 0.701, True
5, 3, 16, 1062, doom, 1, 1, 5, 0.15, 8, 1, 0.896, True
5, 3, 17, 1234, suffocate, 1, 1, 5, 0.15, 8, 1, 0.603, True
5, 3, 18, 622, lyuro, 0, 1, 4, 0.15, 8, 0, 0.6, True
5, 3, 19, 631, esctb, 0, 1, 4, 0.15, 8, 1, 0.709, False
5, 3, 20, 984, anger, 1, 1, 5, 0.15, 8, 1, 0.571, True
5, 3, 21, 327, nldyts, 0, 1, 5, 0.15, 8, 0, 0.595, True
5, 3, 22, 1019, corpse, 1, 1, 4, 0.15, 8, 1, 0.797, True
5, 3, 23, 495, itonbt, 0, 1, 4, 0.15, 8, 0, 0.736, True
5, 3, 24, 426, ogceupync, 0, 1, 3, 0.15, 8, 0, 0.709, True
5, 3, 25, 1203, scared, 1, 1, 3, 0.15, 8, 0, 0.997, False
5, 3, 26, 1002, blister, 1, 1, 4, 0.15, 8, 0, 0.88, False
5, 3, 27, 435, rigmad, 0, 1, 5, 0.15, 8, 0, 1.032, True
5, 3, 28, 1217, slaughter, 1, 1, 5, 0.15, 8, 1, 0.557, True
5, 3, 29, 513, uteietdi, 0, 1, 4, 0.15, 8, 0, 0.672, True
5, 3, 30, 323, sgyesrtiu, 0, 1, 4, 0.15, 8, 1, 0.666, False
5, 3, 31, 1101, guilty, 1, 1, 5, 0.15, 8, 1, 0.584, True
5, 3, 32, 1281, waste, 1, 1, 5, 0.15, 8, 1, 0.53, True
5, 3, 33, 539, oplosl, 0, 1, 4, 0.15, 8, 1, 0.688, False
5, 3, 34, 635, dshhs, 0, 1, 5, 0.15, 8, 0, 0.56, True
5, 3, 35, 1191, rejected, 1, 1, 5, 0.15, 8, 1, 0.696, True
5, 3, 36, 1285, widowed, 1, 1, 4, 0.15, 8, 1, 0.664, True
5, 3, 37, 372, botiseee, 0, 1, 4, 0.15, 8, 1, 0.816, False
5, 3, 38, 509, gimnurs, 0, 1, 5, 0.15, 8, 0, 0.698, True
5, 3, 39, 1211, shocked, 1, 1, 5, 0.15, 8, 1, 0.509, True
5, 3, 40, 1282, weakness, 1, 1, 4, 0.15, 8, 0, 0.776, False
5, 3, 41, 1017, conflict, 1, 1, 5, 0.15, 8, 1, 0.666, True
5, 3, 42, 451, nacbe, 0, 1, 5, 0.15, 8, 0, 1.144, True
5, 3, 43, 1231, stupid, 1, 1, 4, 0.15, 8, 1, 0.592, True
5, 3, 44, 1018, confused, 1, 1, 4, 0.15, 8, 1, 0.65, True
5, 3, 45, 332, ridroipgdf, 0, 1, 3, 0.15, 8, 0, 0.573, True
5, 3, 46, 393, rlreos, 0, 1, 3, 0.15, 8, 0, 0.642, True
5, 3, 47, 1205, scum, 1, 1, 2, 0.15, 8, 0, 0.626, False
5, 3, 48, 1096, greed, 1, 1, 3, 0.15, 8, 1, 0.482, True
5, 3, 49, 1091, garbage, 1, 1, 3, 0.15, 8, 1, 0.709, True
5, 4, 0, 315, tnmyiur, 0, 0, 4, 0.15, 8, 0, 0.706, True
5, 4, 1, 20, ters, 0, 0, 4, 0.15, 8, 1, 0.533, False
5, 4, 2, 216, esucfd, 0, 0, 5, 0.15, 8, 1, 0.664, False
5, 4, 3, 77, etfmcenao, 0, 0, 6, 0.15, 8, 1, 0.677, False
5, 4, 4, 243, ieuyieds, 0, 0, 7, 0.15, 8, 0, 0.65, True
5, 4, 5, 307, saeemlea, 0, 0, 7, 0.15, 8, 0, 1.048, True
5, 4, 6, 174, urcr, 0, 0, 6, 0.15, 8, 0, 0.61, True
5, 4, 7, 293, ohreueou, 0, 0, 6, 0.15, 8, 1, 0.629, False
5, 4, 8, 827, liberty, 1, 0, 7, 0.15, 8, 1, 0.8, True
5, 4, 9, 57, entafii, 0, 0, 7, 0.15, 8, 0, 0.781, True
5, 4, 10, 778, glorious, 1, 0, 6, 0.15, 8, 1, 0.674, True
5, 4, 11, 80, ijl, 0, 0, 6, 0.15, 8, 0, 0.802, True
5, 4, 12, 90, aelosi, 0, 0, 5, 0.15, 8, 0, 0.634, True
5, 4, 13, 96, rareueieksta, 0, 0, 5, 0.15, 8, 0, 0.576, True
5, 4, 14, 300, ealmri, 0, 0, 4, 0.15, 8, 0, 0.664, True
5, 4, 15, 819, justice, 1, 0, 4, 0.15, 8, 1, 0.544, True
5, 4, 16, 129, lhra, 0, 0, 3, 0.15, 8, 0, 0.893, True
5, 4, 17, 231, tnnddra, 0, 0, 3, 0.15, 8, 0, 0.562, True
5, 4, 18, 850, ocean, 1, 0, 2, 0.15, 8, 0, 0.642, False
5, 4, 19, 674, bless, 1, 0, 3, 0.15, 8, 0, 0.549, False
5, 4, 20, 857, party, 1, 0, 4, 0.15, 8, 1, 0.568, True
5, 4, 21, 786, grin, 1, 0, 4, 0.15, 8, 0, 0.733, False
5, 4, 22, 166, outsftxa, 0, 0, 5, 0.15, 8, 0, 0.824, True
5, 4, 23, 861, peaceful, 1, 0, 5, 0.15, 8, 1, 0.562, True
5, 4, 24, 741, enjoyment, 1, 0, 4, 0.15, 8, 1, 0.648, True
5, 4, 25, 176, agei, 0, 0, 4, 0.15, 8, 1, 0.653, False
5, 4, 26, 779, glory, 1, 0, 5, 0.15, 8, 1, 0.6, True
5, 4, 27, 125, som, 0, 0, 5, 0.15, 8, 0, 0.888, True
5, 4, 28, 157, molia, 0, 0, 4, 0.15, 8, 0, 0.653, True
5, 4, 29, 208, fvsgeseaslr, 0, 0, 4, 0.15, 8, 0, 0.581, True
5, 4, 30, 803, house, 1, 0, 3, 0.15, 8, 0, 0.57, False
5, 4, 31, 211, ussmf, 0, 0, 4, 0.15, 8, 0, 0.768, True
5, 4, 32, 769, friend, 1, 0, 4, 0.15, 8, 0, 0.957, False
5, 4, 33, 736, elated, 1, 0, 5, 0.15, 8, 1, 0.579, True
5, 4, 34, 165, nueyuica, 0, 0, 5, 0.15, 8, 0, 0.669, True
5, 4, 35, 810, intelligent, 1, 0, 4, 0.15, 8, 0, 0.648, False
5, 4, 36, 828, life, 1, 0, 5, 0.15, 8, 1, 0.704, True
5, 4, 37, 152, vufa, 0, 0, 5, 0.15, 8, 0, 0.642, True
5, 4, 38, 203, ldra, 0, 0, 4, 0.15, 8, 0, 0.84, True
5, 4, 39, 319, uter, 0, 0, 4, 0.15, 8, 0, 0.725, True
5, 4, 40, 853, outdoors, 1, 0, 3, 0.15, 8, 0, 3.208, False
5, 4, 41, 287, higidi, 0, 0, 4, 0.15, 8, 1, 0.525, False
5, 4, 42, 935, thankful, 1, 0, 5, 0.15, 8, 0, 1.069, False
5, 4, 43, 836, luxury, 1, 0, 6, 0.15, 8, 1, 0.653, True
5, 4, 44, 755, fascinate, 1, 0, 6, 0.15, 8, 1, 0.506, True
5, 4, 45, 653, adventure, 1, 0, 5, 0.15, 8, 1, 0.504, True
5, 4, 46, 682, bubbly, 1, 0, 5, 0.15, 8, 1, 0.594, True
5, 4, 47, 696, cheer, 1, 0, 4, 0.15, 8, 1, 0.557, True
5, 4, 48, 864, pillow, 1, 0, 4, 0.15, 8, 1, 0.608, True
5, 4, 49, 675, bliss, 1, 0, 3, 0.15, 8, 1, 0.778, True
5, 5, 0, 568, tuiadlat, 0, 1, 4, 0.15, 8, 1, 0.765, False
5, 5, 1, 560, bianufh, 0, 1, 5, 0.15, 8, 1, 0.781, False
5, 5, 2, 1201, scalding, 1, 1, 6, 0.15, 8, 1, 0.61, True
5, 5, 3, 1111, helpless, 1, 1, 6, 0.15, 8, 1, 0.453, True
5, 5, 4, 1158, morgue, 1, 1, 5, 0.15, 8, 1, 0.552, True
5, 5, 5, 1178, pest, 1, 1, 5, 0.15, 8, 1, 0.765, True
5, 5, 6, 1015, cockroach, 1, 1, 4, 0.15, 8, 0, 0.586, False
5, 5, 7, 394, dhlonerr, 0, 1, 5, 0.15, 8, 1, 0.648, False
5, 5, 8, 391, iaict, 0, 1, 6, 0.15, 8, 1, 0.562, False
5, 5, 9, 617, eeeml, 0, 1, 7, 0.15, 8, 0, 0.672, True
5, 5, 10, 369, rloaolreh, 0, 1, 7, 0.15, 8, 0, 0.69, True
5, 5, 11, 1275, violence, 1, 1, 6, 0.15, 8, 1, 0.597, True
5, 5, 12, 467, rce, 0, 1, 6, 0.15, 8, 0, 0.885, True
5, 5, 13, 634, ntoxedc, 0, 1, 5, 0.15, 8, 0, 0.653, True
5, 5, 14, 594, ntporf, 0, 1, 5, 0.15, 8, 1, 0.76, False
5, 5, 15, 546, ieleoelo, 0, 1, 6, 0.15, 8, 1, 1.002, False
5, 5, 16, 1272, venom, 1, 1, 7, 0.15, 8, 1, 0.752, True
5, 5, 17, 389, pdbhrs, 0, 1, 7, 0.15, 8, 0, 0.61, True
5, 5, 18, 537, ewfaos, 0, 1, 6, 0.15, 8, 0, 0.773, True
5, 5, 19, 1150, malice, 1, 1, 6, 0.15, 8, 1, 0.779, True
5, 5, 20, 563, eresd, 0, 1, 5, 0.15, 8, 1, 0.797, False
5, 5, 21, 580, aiadirsd, 0, 1, 6, 0.15, 8, 1, 0.981, False
5, 5, 22, 353, fssaearia, 0, 1, 7, 0.15, 8, 0, 0.773, True
5, 5, 23, 1266, unhappy, 1, 1, 7, 0.15, 8, 1, 0.685, True
5, 5, 24, 454, dtmef, 0, 1, 6, 0.15, 8, 0, 1.6, True
5, 5, 25, 362, tnssnm, 0, 1, 6, 0.15, 8, 1, 0.682, False
5, 5, 26, 344, nseotdst, 0, 1, 7, 0.15, 8, 0, 0.64, True
5, 5, 27, 482, ndgeel, 0, 1, 7, 0.15, 8, 0, 0.525, True
5, 5, 28, 487, cciposin, 0, 1, 6, 0.15, 8, 0, 1.04, True
5, 5, 29, 355, alril, 0, 1, 6, 0.15, 8, 0, 0.747, True
5, 5, 30, 1007, brooding, 1, 1, 5, 0.15, 8, 1, 0.888, True
5, 5, 31, 1214, sickness, 1, 1, 5, 0.15, 8, 1, 0.704, True
5, 5, 32, 1119, humiliate, 1, 1, 4, 0.15, 8, 1, 0.704, True
5, 5, 33, 1249, tomb, 1, 1, 4, 0.15, 8, 1, 1.088, True
5, 5, 34, 985, angry, 1, 1, 3, 0.15, 8, 0, 0.57, False
5, 5, 35, 1181, poverty, 1, 1, 4, 0.15, 8, 1, 0.592, True
5, 5, 36, 333, jtlad, 0, 1, 4, 0.15, 8, 1, 0.762, False
5, 5, 37, 561, eeodbci, 0, 1, 5, 0.15, 8, 0, 0.682, True
5, 5, 38, 406, tseze, 0, 1, 5, 0.15, 8, 0, 0.762, True
5, 5, 39, 1243, terrible, 1, 1, 4, 0.15, 8, 1, 0.52, True
5, 5, 40, 544, edogtr, 0, 1, 4, 0.15, 8, 0, 0.709, True
5, 5, 41, 395, aegtrtir, 0, 1, 3, 0.15, 8, 0, 1.605, True
5, 5, 42, 1154, misery, 1, 1, 3, 0.15, 8, 0, 0.696, False
5, 5, 43, 1260, troubled, 1, 1, 4, 0.15, 8, 1, 0.552, True
5, 5, 44, 1066, dud, 1, 1, 4, 0.15, 8, 0, 0.89, False
5, 5, 45, 1093, gloom, 1, 1, 5, 0.15, 8, 0, 0.674, False
5, 5, 46, 986, anguish, 1, 1, 6, 0.15, 8, 0, 0.674, False
5, 5, 47, 1253, tragedy, 1, 1, 7, 0.15, 8, 1, 0.645, True
5, 5, 48, 1160, murder, 1, 1, 7, 0.15, 8, 1, 0.53, True
5, 5, 49, 1176, penalty, 1, 1, 6, 0.15, 8, 1, 0.517, True
5, 6, 0, 884, quiet, 1, 0, 4, 0.15, 8, 1, 0.77, True
5, 6, 1, 648, achievement, 1, 0, 4, 0.15, 8, 1, 0.672, True
5, 6, 2, 93, adloger, 0, 0, 3, 0.15, 8, 0, 0.632, True
5, 6, 3, 649, admirable, 1, 0, 3, 0.15, 8, 0, 0.664, False
5, 6, 4, 162, lerryer, 0, 0, 4, 0.15, 8, 1, 0.816, False
5, 6, 5, 919, stamina, 1, 0, 5, 0.15, 8, 0, 1.018, False
5, 6, 6, 936, thoughtful, 1, 0, 6, 0.15, 8, 1, 0.56, True
5, 6, 7, 846, mother, 1, 0, 6, 0.15, 8, 1, 0.57, True
5, 6, 8, 780, god, 1, 0, 5, 0.15, 8, 1, 0.498, True
5, 6, 9, 869, polished, 1, 0, 5, 0.15, 8, 1, 0.605, True
5, 6, 10, 777, glad, 1, 0, 4, 0.15, 8, 1, 0.682, True
5, 6, 11, 310, sucyaue, 0, 0, 4, 0.15, 8, 0, 0.568, True
5, 6, 12, 301, eseh, 0, 0, 3, 0.15, 8, 0, 0.618, True
5, 6, 13, 771, fun, 1, 0, 3, 0.15, 8, 0, 1.16, False
5, 6, 14, 30, kvcnkne, 0, 0, 4, 0.15, 8, 1, 0.789, False
5, 6, 15, 235, mpraa, 0, 0, 5, 0.15, 8, 0, 1.066, True
5, 6, 16, 817, joyful, 1, 0, 5, 0.15, 8, 1, 0.68, True
5, 6, 17, 842, merry, 1, 0, 4, 0.15, 8, 1, 0.661, True
5, 6, 18, 813, inviting, 1, 0, 4, 0.15, 8, 0, 0.749, False
5, 6, 19, 654, affection, 1, 0, 5, 0.15, 8, 1, 0.634, True
5, 6, 20, 126, casek, 0, 0, 5, 0.15, 8, 0, 0.704, True
5, 6, 21, 89, ecndarlpb, 0, 0, 4, 0.15, 8, 0, 0.816, True
5, 6, 22, 261, araltiu, 0, 0, 4, 0.15, 8, 0, 0.712, True
5, 6, 23, 296, krdirfay, 0, 0, 3, 0.15, 8, 0, 0.6, True
5, 6, 24, 946, trophy, 1, 0, 3, 0.15, 8, 0, 0.626, False
5, 6, 25, 814, joke, 1, 0, 4, 0.15, 8, 0, 0.501, False
5, 6, 26, 858, passion, 1, 0, 5, 0.15, 8, 0, 0.928, False
5, 6, 27, 107, slfdna, 0, 0, 6, 0.15, 8, 0, 0.594, True
5, 6, 28, 233, rtiteldmh, 0, 0, 6, 0.15, 8, 0, 0.755, True
5, 6, 29, 887, relaxed, 1, 0, 5, 0.15, 8, 1, 0.64, True
5, 6, 30, 724, dinner, 1, 0, 5, 0.15, 8, 0, 0.84, False
5, 6, 31, 918, spring, 1, 0, 6, 0.15, 8, 1, 0.49, True
5, 6, 32, 945, triumphant, 1, 0, 6, 0.15, 8, 1, 0.661, True
5, 6, 33, 316, yuolrer, 0, 0, 5, 0.15, 8, 0, 0.704, True
5, 6, 34, 787, handsome, 1, 0, 5, 0.15, 8, 1, 0.691, True
5, 6, 35, 948, trust, 1, 0, 4, 0.15, 8, 1, 0.592, True
5, 6, 36, 944, triumph, 1, 0, 4, 0.15, 8, 1, 0.618, True
5, 6, 37, 930, sweetheart, 1, 0, 3, 0.15, 8, 0, 0.664, False
5, 6, 38, 252, ralp, 0, 0, 4, 0.15, 8, 1, 0.624, False
5, 6, 39, 967, wonderful, 1, 0, 5, 0.15, 8, 1, 0.498, True
5, 6, 40, 957, vitality, 1, 0, 5, 0.15, 8, 1, 0.589, True
5, 6, 41, 191, snriifl, 0, 0, 4, 0.15, 8, 0, 0.584, True
5, 6, 42, 197, obsagaaoiel, 0, 0, 4, 0.15, 8, 0, 0.752, True
5, 6, 43, 963, win, 1, 0, 3, 0.15, 8, 0, 0.584, False
5, 6, 44, 939, tolerant, 1, 0, 4, 0.15, 8, 0, 0.656, False
5, 6, 45, 226, eseoiiil, 0, 0, 5, 0.15, 8, 0, 0.746, True
5, 6, 46, 308, eeimuocse, 0, 0, 5, 0.15, 8, 0, 0.808, True
5, 6, 47, 253, grseaynr, 0, 0, 4, 0.15, 8, 0, 0.685, True
5, 6, 48, 717, delighted, 1, 0, 4, 0.15, 8, 0, 0.634, False
5, 6, 49, 856, paradise, 1, 0, 5, 0.15, 8, 1, 0.528, True
5, 7, 0, 511, drdarh, 0, 1, 4, 0.15, 8, 0, 0.773, True
5, 7, 1, 338, afrto, 0, 1, 4, 0.15, 8, 0, 0.789, True
5, 7, 2, 1196, roach, 1, 1, 3, 0.15, 8, 0, 0.661, False
5, 7, 3, 450, iuoes, 0, 1, 4, 0.15, 8, 1, 0.893, False
5, 7, 4, 1063, doubt, 1, 1, 5, 0.15, 8, 1, 0.696, True
5, 7, 5, 1004, bomb, 1, 1, 5, 0.15, 8, 1, 0.682, True
5, 7, 6, 1044, depressed, 1, 1, 4, 0.15, 8, 1, 0.584, True
5, 7, 7, 982, alone, 1, 1, 4, 0.15, 8, 1, 0.528, True
5, 7, 8, 612, tyofdl, 0, 1, 3, 0.15, 8, 0, 0.554, True
5, 7, 9, 642, eehsr, 0, 1, 3, 0.15, 8, 0, 0.746, True
5, 7, 10, 968, abandoned, 1, 1, 2, 0.15, 8, 0, 0.72, False
5, 7, 11, 485, ncpaub, 0, 1, 3, 0.15, 8, 0, 0.594, True
5, 7, 12, 591, eepmucnvrf, 0, 1, 3, 0.15, 8, 0, 0.507, True
5, 7, 13, 376, tapan, 0, 1, 2, 0.15, 8, 0, 0.608, True
5, 7, 14, 1000, blame, 1, 1, 2, 0.15, 8, 1, 0.504, True
5, 7, 15, 609, sniciea, 0, 1, 1, 0.15, 8, 0, 2.152, True
5, 7, 16, 1225, spider, 1, 1, 1, 0.15, 8, 1, 0.626, True
5, 7, 17, 404, ipogawfgudo, 0, 1, 1, 0.15, 8, 0, 0.557, True
5, 7, 18, 1148, maggot, 1, 1, 1, 0.15, 8, 0, 0.488, False
5, 7, 19, 1013, cancer, 1, 1, 2, 0.15, 8, 0, 0.712, False
5, 7, 20, 972, accident, 1, 1, 3, 0.15, 8, 0, 0.84, False
5, 7, 21, 1210, shock, 1, 1, 4, 0.15, 8, 1, 0.421, True
5, 7, 22, 1208, severe, 1, 1, 4, 0.15, 8, 1, 0.477, True
5, 7, 23, 1047, desperate, 1, 1, 3, 0.15, 8, 1, 0.493, True
5, 7, 24, 999, blackmail, 1, 1, 3, 0.15, 8, 0, 0.514, False
5, 7, 25, 359, aadeh, 0, 1, 4, 0.15, 8, 0, 1.053, True
5, 7, 26, 1055, disaster, 1, 1, 4, 0.15, 8, 1, 0.629, True
5, 7, 27, 970, abuse, 1, 1, 3, 0.15, 8, 0, 0.837, False
5, 7, 28, 1088, funeral, 1, 1, 4, 0.15, 8, 1, 0.64, True
5, 7, 29, 1104, hardship, 1, 1, 4, 0.15, 8, 1, 0.549, True
5, 7, 30, 347, oapde, 0, 1, 3, 0.15, 8, 0, 0.501, True
5, 7, 31, 597, taaioqsd, 0, 1, 3, 0.15, 8, 0, 0.698, True
5, 7, 32, 1265, unfaithful, 1, 1, 2, 0.15, 8, 0, 0.581, False
5, 7, 33, 576, nhuitc, 0, 1, 3, 0.15, 8, 1, 0.778, False
5, 7, 34, 456, nll, 0, 1, 4, 0.15, 8, 0, 0.602, True
5, 7, 35, 1025, criminal, 1, 1, 4, 0.15, 8, 1, 0.536, True
5, 7, 36, 1280, warning, 1, 1, 3, 0.15, 8, 0, 0.869, False
5, 7, 37, 1071, evil, 1, 1, 4, 0.15, 8, 1, 0.424, True
5, 7, 38, 1133, isolated, 1, 1, 4, 0.15, 8, 1, 0.416, True
5, 7, 39, 348, rfrst, 0, 1, 3, 0.15, 8, 1, 0.453, False
5, 7, 40, 1270, useless, 1, 1, 4, 0.15, 8, 1, 0.373, True
5, 7, 41, 521, hresmla, 0, 1, 4, 0.15, 8, 1, 0.437, False
5, 7, 42, 1057, disgusted, 1, 1, 5, 0.15, 8, 1, 0.547, True
5, 7, 43, 418, erixgsue, 0, 1, 5, 0.15, 8, 1, 0.36, False
5, 7, 44, 1174, paralysis, 1, 1, 6, 0.15, 8, 1, 0.65, True
5, 7, 45, 515, neetoeil, 0, 1, 6, 0.15, 8, 0, 0.664, True
5, 7, 46, 1110, hell, 1, 1, 5, 0.15, 8, 1, 0.738, True
5, 7, 47, 527, dtgae, 0, 1, 5, 0.15, 8, 0, 0.893, True
5, 7, 48, 1156, moody, 1, 1, 4, 0.15, 8, 0, 0.709, False
5, 7, 49, 401, olsedhglt, 0, 1, 5, 0.15, 8, 0, 0.714, True
5, 8, 0, 21, xeaab, 0, 0, 4, 0.15, 8, 0, 0.648, True
5, 8, 1, 51, eesfkeuo, 0, 0, 4, 0.15, 8, 1, 0.653, False
5, 8, 2, 276, tlrdous, 0, 0, 5, 0.15, 8, 0, 0.792, True
5, 8, 3, 658, amazed, 1, 0, 5, 0.15, 8, 1, 0.781, True
5, 8, 4, 24, glheins, 0, 0, 4, 0.15, 8, 1, 0.717, False
5, 8, 5, 119, froiimeiv, 0, 0, 5, 0.15, 8, 0, 0.579, True
5, 8, 6, 932, talent, 1, 0, 5, 0.15, 8, 1, 0.701, True
5, 8, 7, 683, bunny, 1, 0, 4, 0.15, 8, 1, 0.749, True
5, 8, 8, 900, satisfied, 1, 0, 4, 0.15, 8, 1, 0.68, True
5, 8, 9, 929, survive, 1, 0, 3, 0.15, 8, 0, 0.931, False
5, 8, 10, 83, doechoa, 0, 0, 4, 0.15, 8, 0, 0.928, True
5, 8, 11, 266, iaadlin, 0, 0, 4, 0.15, 8, 0, 0.621, True
5, 8, 12, 17, digtar, 0, 0, 3, 0.15, 8, 0, 0.474, True
5, 8, 13, 29, dmtsc, 0, 0, 3, 0.15, 8, 1, 0.842, False
5, 8, 14, 795, helpful, 1, 0, 4, 0.15, 8, 1, 0.68, True
5, 8, 15, 720, devoted, 1, 0, 4, 0.15, 8, 1, 0.661, True
5, 8, 16, 117, reeh, 0, 0, 3, 0.15, 8, 0, 0.522, True
5, 8, 17, 820, kind, 1, 0, 3, 0.15, 8, 0, 0.517, False
5, 8, 18, 185, rarfp, 0, 0, 4, 0.15, 8, 0, 0.832, True
5, 8, 19, 12, aayoti, 0, 0, 4, 0.15, 8, 1, 0.683, False
5, 8, 20, 251, efkrrbyu, 0, 0, 5, 0.15, 8, 0, 0.65, True
5, 8, 21, 267, rsmt, 0, 0, 5, 0.15, 8, 1, 0.674, False
5, 8, 22, 859, passionate, 1, 0, 6, 0.15, 8, 1, 0.643, True
5, 8, 23, 189, aartrnopt, 0, 0, 6, 0.15, 8, 0, 0.685, True
5, 8, 24, 91, wjswfhn, 0, 0, 5, 0.15, 8, 0, 0.717, True
5, 8, 25, 811, intimate, 1, 0, 5, 0.15, 8, 1, 0.498, True
5, 8, 26, 289, etaenhac, 0, 0, 4, 0.15, 8, 0, 0.634, True
5, 8, 27, 767, freedom, 1, 0, 4, 0.15, 8, 1, 0.621, True
5, 8, 28, 748, excitement, 1, 0, 3, 0.15, 8, 0, 0.57, False
5, 8, 29, 958, warm, 1, 0, 4, 0.15, 8, 1, 0.608, True
5, 8, 30, 670, beloved, 1, 0, 4, 0.15, 8, 1, 0.541, True
5, 8, 31, 201, tteeu, 0, 0, 3, 0.15, 8, 0, 0.538, True
5, 8, 32, 322, jnckuryfk, 0, 0, 3, 0.15, 8, 0, 0.696, True
5, 8, 33, 663, ardent, 1, 0, 2, 0.15, 8, 0, 0.626, False
5, 8, 34, 25, ugurret, 0, 0, 3, 0.15, 8, 0, 0.659, True
5, 8, 35, 109, ibitsriox, 0, 0, 3, 0.15, 8, 0, 0.536, True
5, 8, 36, 844, miraculous, 1, 0, 2, 0.15, 8, 0, 0.53, False
5, 8, 37, 862, people, 1, 0, 3, 0.15, 8, 0, 0.656, False
5, 8, 38, 258, itp, 0, 0, 4, 0.15, 8, 1, 0.568, False
5, 8, 39, 867, pleased, 1, 0, 5, 0.15, 8, 1, 0.384, True
5, 8, 40, 320, niptg, 0, 0, 5, 0.15, 8, 1, 0.467, False
5, 8, 41, 230, ooaoscur, 0, 0, 6, 0.15, 8, 1, 0.41, False
5, 8, 42, 155, eieg, 0, 0, 7, 0.15, 8, 1, 1.352, False
5, 8, 43, 943, treat, 1, 0, 8, 0.15, 8, 1, 0.661, True
5, 8, 44, 199, gupmm, 0, 0, 8, 0.15, 8, 0, 0.664, True
5, 8, 45, 260, rysde, 0, 0, 7, 0.15, 8, 0, 1.288, True
5, 8, 46, 41, lrsntad, 0, 0, 7, 0.15, 8, 1, 0.661, False
5, 8, 47, 26, yese, 0, 0, 8, 0.15, 8, 0, 0.632, True
5, 8, 48, 878, promotion, 1, 0, 8, 0.15, 8, 1, 0.533, True
5, 8, 49, 794, heaven, 1, 0, 7, 0.15, 8, 1, 0.621, True
5, 9, 0, 1286, withdrawn, 1, 1, 4, 0.15, 8, 1, 0.757, True
5, 9, 1, 1223, sore, 1, 1, 4, 0.15, 8, 0, 0.722, False
5, 9, 2, 1221, smallpox, 1, 1, 5, 0.15, 8, 1, 1.098, True
5, 9, 3, 1140, loneliness, 1, 1, 5, 0.15, 8, 1, 0.701, True
5, 9, 4, 1183, punish, 1, 1, 4, 0.15, 8, 1, 0.653, True
5, 9, 5, 428, roo, 0, 1, 4, 0.15, 8, 1, 0.757, False
5, 9, 6, 618, eenrph, 0, 1, 5, 0.15, 8, 0, 0.789, True
5, 9, 7, 536, bsirlf, 0, 1, 5, 0.15, 8, 0, 1.29, True
5, 9, 8, 512, ehdsbd, 0, 1, 4, 0.15, 8, 1, 0.578, False
5, 9, 9, 1247, thief, 1, 1, 5, 0.15, 8, 1, 0.541, True
5, 9, 10, 579, hliisv, 0, 1, 5, 0.15, 8, 0, 0.704, True
5, 9, 11, 1032, cry, 1, 1, 4, 0.15, 8, 1, 0.608, True
5, 9, 12, 638, nfdiln, 0, 1, 4, 0.15, 8, 0, 0.557, True
5, 9, 13, 1179, poison, 1, 1, 3, 0.15, 8, 0, 0.973, False
5, 9, 14, 1149, malaria, 1, 1, 4, 0.15, 8, 1, 0.869, True
5, 9, 15, 463, iaccecei, 0, 1, 4, 0.15, 8, 0, 0.664, True
5, 9, 16, 1038, debt, 1, 1, 3, 0.15, 8, 0, 0.781, False
5, 9, 17, 1080, filth, 1, 1, 4, 0.15, 8, 1, 0.685, True
5, 9, 18, 555, pyollrei, 0, 1, 4, 0.15, 8, 0, 1.194, True
5, 9, 19, 983, ambulance, 1, 1, 3, 0.15, 8, 0, 1.45, False
5, 9, 20, 377, yibho, 0, 1, 4, 0.15, 8, 0, 0.752, True
5, 9, 21, 534, eespbhs, 0, 1, 4, 0.15, 8, 0, 0.714, True
5, 9, 22, 545, aatsieun, 0, 1, 3, 0.15, 8, 1, 0.506, False
5, 9, 23, 538, rlo, 0, 1, 4, 0.15, 8, 0, 0.693, True
5, 9, 24, 407, aseo, 0, 1, 4, 0.15, 8, 0, 0.789, True
5, 9, 25, 1222, solemn, 1, 1, 3, 0.15, 8, 0, 0.805, False
5, 9, 26, 1193, revenge, 1, 1, 4, 0.15, 8, 1, 0.682, True
5, 9, 27, 514, maspda, 0, 1, 4, 0.15, 8, 1, 0.6, False
5, 9, 28, 1244, terrified, 1, 1, 5, 0.15, 8, 1, 0.584, True
5, 9, 29, 1145, lost, 1, 1, 5, 0.15, 8, 1, 0.658, True
5, 9, 30, 1213, sick, 1, 1, 4, 0.15, 8, 0, 0.586, False
5, 9, 31, 552, sydsed, 0, 1, 5, 0.15, 8, 0, 0.744, True
5, 9, 32, 991, ashamed, 1, 1, 5, 0.15, 8, 1, 0.597, True
5, 9, 33, 1051, detest, 1, 1, 4, 0.15, 8, 1, 0.544, True
5, 9, 34, 541, mncprc, 0, 1, 4, 0.15, 8, 0, 0.592, True
5, 9, 35, 613, etcaceg, 0, 1, 3, 0.15, 8, 0, 0.68, True
5, 9, 36, 1065, drown, 1, 1, 3, 0.15, 8, 0, 0.562, False
5, 9, 37, 1086, frightened, 1, 1, 4, 0.15, 8, 1, 0.696, True
5, 9, 38, 365, vvmeir, 0, 1, 4, 0.15, 8, 0, 1.048, True
5, 9, 39, 1128, injury, 1, 1, 3, 0.15, 8, 0, 0.586, False
5, 9, 40, 1139, lie, 1, 1, 4, 0.15, 8, 0, 0.677, False
5, 9, 41, 1056, discomfort, 1, 1, 5, 0.15, 8, 0, 1.33, False
5, 9, 42, 1167, obesity, 1, 1, 6, 0.15, 8, 1, 0.613, True
5, 9, 43, 479, abuipod, 0, 1, 6, 0.15, 8, 0, 0.81, True
5, 9, 44, 525, vnuddim, 0, 1, 5, 0.15, 8, 0, 0.738, True
5, 9, 45, 504, sslcfs, 0, 1, 5, 0.15, 8, 0, 0.717, True
5, 9, 46, 1171, outcast, 1, 1, 4, 0.15, 8, 1, 0.72, True
5, 9, 47, 1240, temper, 1, 1, 4, 0.15, 8, 0, 0.533, False
5, 9, 48, 1134, jail, 1, 1, 5, 0.15, 8, 0, 0.504, False
5, 9, 49, 990, arrogant, 1, 1, 6, 0.15, 8, 1, 0.552, True
5, 10, 0, 666, bath, 1, 0, 4, 0.15, 8, 0, 1.002, False
5, 10, 1, 672, bird, 1, 0, 5, 0.15, 8, 1, 0.538, True
5, 10, 2, 227, ipapte, 0, 0, 5, 0.15, 8, 1, 0.493, False
5, 10, 3, 833, luscious, 1, 0, 6, 0.15, 8, 1, 0.57, True
5, 10, 4, 746, exceptional, 1, 0, 6, 0.15, 8, 1, 0.565, True
5, 10, 5, 790, hardworking, 1, 0, 5, 0.15, 8, 1, 0.573, True
5, 10, 6, 694, champ, 1, 0, 5, 0.15, 8, 1, 0.456, True
5, 10, 7, 281, lludnl, 0, 0, 4, 0.15, 8, 0, 0.76, True
5, 10, 8, 751, faithful, 1, 0, 4, 0.15, 8, 0, 0.597, False
5, 10, 9, 785, great, 1, 0, 5, 0.15, 8, 1, 0.53, True
5, 10, 10, 318, iioe, 0, 0, 5, 0.15, 8, 0, 0.659, True
5, 10, 11, 254, ohdsndeah, 0, 0, 4, 0.15, 8, 1, 0.538, False
5, 10, 12, 242, ldeeoorl, 0, 0, 5, 0.15, 8, 0, 0.397, True
5, 10, 13, 142, etdrevrci, 0, 0, 5, 0.15, 8, 0, 0.658, True
5, 10, 14, 650, admire, 1, 0, 4, 0.15, 8, 1, 0.538, True
5, 10, 15, 248, lauhsa, 0, 0, 4, 0.15, 8, 1, 0.618, False
5, 10, 16, 263, htarl, 0, 0, 5, 0.15, 8, 1, 0.669, False
5, 10, 17, 47, gnnorbren, 0, 0, 6, 0.15, 8, 0, 0.653, True
5, 10, 18, 949, twilight, 1, 0, 6, 0.15, 8, 1, 0.554, True
5, 10, 19, 651, admired, 1, 0, 5, 0.15, 8, 1, 0.592, True
5, 10, 20, 839, medal, 1, 0, 5, 0.15, 8, 1, 0.541, True
5, 10, 21, 703, comfort, 1, 0, 4, 0.15, 8, 1, 0.541, True
5, 10, 22, 700, circus, 1, 0, 4, 0.15, 8, 1, 0.637, True
5, 10, 23, 765, fortunate, 1, 0, 3, 0.15, 8, 0, 0.733, False
5, 10, 24, 72, rjthslesrv, 0, 0, 4, 0.15, 8, 0, 0.741, True
5, 10, 25, 219, syktl, 0, 0, 4, 0.15, 8, 1, 0.541, False
5, 10, 26, 154, jcaig, 0, 0, 5, 0.15, 8, 0, 0.672, True
5, 10, 27, 135, aigr, 0, 0, 5, 0.15, 8, 0, 0.989, True
5, 10, 28, 145, aera, 0, 0, 4, 0.15, 8, 0, 0.664, True
5, 10, 29, 915, soothe, 1, 0, 4, 0.15, 8, 0, 0.786, False
5, 10, 30, 150, iket, 0, 0, 5, 0.15, 8, 0, 0.616, True
5, 10, 31, 8, adrwrdunr, 0, 0, 5, 0.15, 8, 0, 0.89, True
5, 10, 32, 234, tibdaoeelt, 0, 0, 4, 0.15, 8, 1, 0.56, False
5, 10, 33, 238, poser, 0, 0, 5, 0.15, 8, 1, 0.424, False
5, 10, 34, 698, child, 1, 0, 6, 0.15, 8, 1, 0.469, True
5, 10, 35, 714, dancer, 1, 0, 6, 0.15, 8, 1, 0.397, True
5, 10, 36, 719, desire, 1, 0, 5, 0.15, 8, 1, 0.546, True
5, 10, 37, 46, vlelse, 0, 0, 5, 0.15, 8, 0, 0.792, True
5, 10, 38, 728, eager, 1, 0, 4, 0.15, 8, 1, 0.586, True
5, 10, 39, 229, fsgbbs, 0, 0, 4, 0.15, 8, 0, 0.565, True
5, 10, 40, 111, eemcnht, 0, 0, 3, 0.15, 8, 0, 0.6, True
5, 10, 41, 202, ificos, 0, 0, 3, 0.15, 8, 0, 0.594, True
5, 10, 42, 9, fftoccumnupe, 0, 0, 2, 0.15, 8, 0, 0.68, True
5, 10, 43, 940, tranquil, 1, 0, 2, 0.15, 8, 0, 0.448, False
5, 10, 44, 65, rsek, 0, 0, 3, 0.15, 8, 0, 0.474, True
5, 10, 45, 256, snfooga, 0, 0, 3, 0.15, 8, 1, 0.73, False
5, 10, 46, 75, ynefgswp, 0, 0, 4, 0.15, 8, 0, 0.72, True
5, 10, 47, 652, adorable, 1, 0, 4, 0.15, 8, 1, 0.565, True
5, 10, 48, 7, rveanssco, 0, 0, 3, 0.15, 8, 0, 0.584, True
5, 10, 49, 158, dha, 0, 0, 3, 0.15, 8, 1, 0.528, False
5, 11, 0, 1107, hateful, 1, 1, 4, 0.15, 8, 1, 0.57, True
5, 11, 1, 644, tgptea, 0, 1, 4, 0.15, 8, 0, 0.656, True
5, 11, 2, 1098, gripe, 1, 1, 3, 0.15, 8, 1, 0.613, True
5, 11, 3, 507, eeimau, 0, 1, 3, 0.15, 8, 0, 0.338, True
5, 11, 4, 363, horrei, 0, 1, 2, 0.15, 8, 0, 0.485, True
5, 11, 5, 469, rcsueteo, 0, 1, 2, 0.15, 8, 0, 0.677, True
5, 11, 6, 334, aduovyanc, 0, 1, 1, 0.15, 8, 1, 0.632, False
5, 11, 7, 1161, murderer, 1, 1, 2, 0.15, 8, 1, 0.437, True
5, 11, 8, 416, eaha, 0, 1, 2, 0.15, 8, 0, 0.634, True
5, 11, 9, 549, hohf, 0, 1, 1, 0.15, 8, 0, 0.469, True
5, 11, 10, 383, lress, 0, 1, 1, 0.15, 8, 0, 0.576, True
5, 11, 11, 542, selo, 0, 1, 1, 0.15, 8, 0, 0.384, True
5, 11, 12, 1195, risk, 1, 1, 1, 0.15, 8, 1, 0.328, True
5, 11, 13, 343, icnolih, 0, 1, 1, 0.15, 8, 1, 0.373, False
5, 11, 14, 1261, tumor, 1, 1, 2, 0.15, 8, 1, 0.432, True
5, 11, 15, 1027, crucify, 1, 1, 2, 0.15, 8, 0, 0.805, False
5, 11, 16, 569, alu, 0, 1, 3, 0.15, 8, 0, 0.488, True
5, 11, 17, 486, cmtreeci, 0, 1, 3, 0.15, 8, 1, 0.41, False
5, 11, 18, 1190, regret, 1, 1, 4, 0.15, 8, 1, 0.896, True
5, 11, 19, 607, iyxaadd, 0, 1, 4, 0.15, 8, 1, 0.472, False
5, 11, 20, 610, mlco, 0, 1, 5, 0.15, 8, 0, 0.829, True
5, 11, 21, 441, ssagildley, 0, 1, 5, 0.15, 8, 1, 0.938, False
5, 11, 22, 1169, offend, 1, 1, 6, 0.15, 8, 1, 0.512, True
5, 11, 23, 1103, hang, 1, 1, 6, 0.15, 8, 1, 0.48, True
5, 11, 24, 425, atne, 0, 1, 5, 0.15, 8, 1, 0.52, False
5, 11, 25, 379, rtvapfbt, 0, 1, 6, 0.15, 8, 0, 0.602, True
5, 11, 26, 396, visuuiss, 0, 1, 6, 0.15, 8, 0, 0.749, True
5, 11, 27, 529, pwouloar, 0, 1, 5, 0.15, 8, 1, 0.586, False
5, 11, 28, 331, iiunee, 0, 1, 6, 0.15, 8, 0, 0.73, True
5, 11, 29, 1102, gun, 1, 1, 6, 0.15, 8, 1, 0.581, True
5, 11, 30, 1141, lonely, 1, 1, 5, 0.15, 8, 1, 0.544, True
5, 11, 31, 558, tcnli, 0, 1, 5, 0.15, 8, 0, 0.594, True
5, 11, 32, 1289, worse, 1, 1, 4, 0.15, 8, 1, 0.589, True
5, 11, 33, 381, alfanvi, 0, 1, 4, 0.15, 8, 1, 0.568, False
5, 11, 34, 421, putomdlfeir, 0, 1, 5, 0.15, 8, 1, 0.56, False
5, 11, 35, 1157, morbid, 1, 1, 6, 0.15, 8, 1, 0.554, True
5, 11, 36, 643, pihtr, 0, 1, 6, 0.15, 8, 0, 0.674, True
5, 11, 37, 1054, disappoint, 1, 1, 5, 0.15, 8, 1, 0.656, True
5, 11, 38, 457, ewbu, 0, 1, 5, 0.15, 8, 0, 0.57, True
5, 11, 39, 1138, lice, 1, 1, 4, 0.15, 8, 0, 0.736, False
5, 11, 40, 1026, crisis, 1, 1, 5, 0.15, 8, 1, 0.555, True
5, 11, 41, 1173, panic, 1, 1, 5, 0.15, 8, 1, 0.56, True
5, 11, 42, 620, auresrs, 0, 1, 4, 0.15, 8, 1, 0.965, False
5, 11, 43, 640, shuauuquu, 0, 1, 5, 0.15, 8, 0, 0.637, True
5, 11, 44, 478, wrlhtklsy, 0, 1, 5, 0.15, 8, 1, 0.547, False
5, 11, 45, 1082, foreboding, 1, 1, 6, 0.15, 8, 0, 0.666, False
5, 11, 46, 554, vtt, 0, 1, 7, 0.15, 8, 0, 0.573, True
5, 11, 47, 1252, torture, 1, 1, 7, 0.15, 8, 1, 0.541, True
5, 11, 48, 445, iskesoe, 0, 1, 6, 0.15, 8, 0, 0.546, True
5, 11, 49, 429, nsdrg, 0, 1, 6, 0.15, 8, 0, 0.554, True
