4, 0, 0, 55, nyeit, 0, 0, 6, 0.35, 8, 0, 1.075, True
4, 0, 1, 759, flawless, 1, 0, 6, 0.35, 8, 1, 0.674, True
4, 0, 2, 96, rareueieksta, 0, 0, 5, 0.35, 8, 0, 0.512, True
4, 0, 3, 657, alive, 1, 0, 5, 0.35, 8, 1, 0.493, True
4, 0, 4, 835, luxurious, 1, 0, 4, 0.35, 8, 1, 0.645, True
4, 0, 5, 78, efrtht, 0, 0, 4, 0.35, 8, 0, 0.538, True
4, 0, 6, 781, gold, 1, 0, 3, 0.35, 8, 1, 0.488, True
4, 0, 7, 196, ntcci, 0, 0, 3, 0.35, 8, 0, 0.426, True
4, 0, 8, 253, grseaynr, 0, 0, 2, 0.35, 8, 0, 1.312, True
4, 0, 9, 739, engaged, 1, 0, 2, 0.35, 8, 1, 0.741, True
4, 0, 10, 13, aswytoeu, 0, 0, 1, 0.35, 8, 0, 0.741, True
4, 0, 11, 150, iket, 0, 0, 1, 0.35, 8, 0, 0.885, True
4, 0, 12, 957, vitality, 1, 0, 0, 0.35, 8, 1, 1.024, True
4, 0, 13, 141, ridegnow, 0, 0, 0, 0.35, 8, 1, 0.757, False
4, 0, 14, 726, dog, 1, 0, 1, 0.35, 8, 0, 2.583, False
4, 0, 15, 767, freedom, 1, 0, 2, 0.35, 8, 1, 1.533, True
4, 0, 16, 956, victory, 1, 0, 2, 0.35, 8, 1, 0.56, True
4, 0, 17, 258, itp, 0, 0, 1, 0.35, 8, 0, 0.893, True
4, 0, 18, 791, heal, 1, 0, 1, 0.35, 8, 0, 0.765, False
4, 0, 19, 3, cpynmpner, 0, 0, 2, 0.35, 8, 0, 0.837, True
4, 0, 20, 49, nsnihtcn, 0, 0, 2, 0.35, 8, 0, 1.178, True
4, 0, 21, 137, oetcasaf, 0, 0, 1, 0.35, 8, 0, 0.803, True
4, 0, 22, 831, loyal, 1, 0, 1, 0.35, 8, 0, 0.88, False
4, 0, 23, 960, waterfall, 1, 0, 2, 0.35, 8, 1, 1.744, True
4, 0, 24, 830, love, 1, 0, 2, 0.35, 8, 1, 0.682, True
4, 0, 25, 862, people, 1, 0, 1, 0.35, 8, 0, 0.72, False
4, 0, 26, 287, higidi, 0, 0, 2, 0.35, 8, 1, 0.735, False
4, 0, 27, 167, gulsamck, 0, 0, 3, 0.35, 8, 0, 0.533, True
4, 0, 28, 786, grin, 1, 0, 3, 0.35, 8, 1, 0.642, True
4, 0, 29, 52, wssus, 0, 0, 2, 0.35, 8, 0, 1.218, True
4, 0, 30, 15, eaoui, 0, 0, 2, 0.35, 8, 1, 0.645, False
4, 0, 31, 54, searlt, 0, 0, 3, 0.35, 8, 0, 1.112, True
4, 0, 32, 869, polished, 1, 0, 3, 0.35, 8, 1, 0.584, True
4, 0, 33, 748, excitement, 1, 0, 2, 0.35, 8, 1, 0.554, True
4, 0, 34, 837, magical, 1, 0, 2, 0.35, 8, 1, 0.567, True
4, 0, 35, 35, lrsssiy, 0, 0, 1, 0.35, 8, 0, 5.557, True
4, 0, 36, 249, rvasfo, 0, 0, 1, 0.35, 8, 0, 0.714, True
4, 0, 37, 860, peace, 1, 0, 0, 0.35, 8, 1, 0.579, True
4, 0, 38, 668, beautiful, 1, 0, 0, 0.35, 8, 1, 0.416, True
4, 0, 39, 800, honor, 1, 0, -1, 0.35, 8, 1, 0.442, True
4, 0, 40, 864, pillow, 1, 0, -1, 0.35, 8, 1, 0.443, True
4, 0, 41, 306, eaemtl, 0, 0, -2, 0.35, 8, 0, 1.082, True
4, 0, 42, 918, spring, 1, 0, -2, 0.35, 8, 0, 0.778, False
4, 0, 43, 913, soft, 1, 0, -1, 0.35, 8, 1, 0.621, True
4, 0, 44, 938, thrilled, 1, 0, -1, 0.35, 8, 1, 0.447, True
4, 0, 45, 126, casek, 0, 0, -2, 0.35, 8, 0, 0.832, True
4, 0, 46, 849, nice, 1, 0, -2, 0.35, 8, 0, 0.925, False
4, 0, 47, 661, angel, 1, 0, -1, 0.35, 8, 1, 0.621, True
4, 0, 48, 931, tactful, 1, 0, -1, 0.35, 8, 1, 0.464, True
4, 0, 49, 814, joke, 1, 0, -2, 0.35, 8, 0, 1.397, False
4, 1, 0, 1018, confused, 1, 1, 6, 0.35, 8, 1, 0.602, True
4, 1, 1, 1242, tension, 1, 1, 6, 0.35, 8, 1, 0.381, True
4, 1, 2, 588, muerroefa, 0, 1, 5, 0.35, 8, 0, 0.479, True
4, 1, 3, 1116, horror, 1, 1, 5, 0.35, 8, 1, 0.36, True
4, 1, 4, 344, nseotdst, 0, 1, 4, 0.35, 8, 0, 0.421, True
4, 1, 5, 1188, rage, 1, 1, 4, 0.35, 8, 1, 0.317, True
4, 1, 6, 513, uteietdi, 0, 1, 3, 0.35, 8, 0, 0.925, True
4, 1, 7, 1014, cemetery, 1, 1, 3, 0.35, 8, 1, 0.551, True
4, 1, 8, 1283, whore, 1, 1, 2, 0.35, 8, 0, 0.373, False
4, 1, 9, 1083, foul, 1, 1, 3, 0.35, 8, 1, 0.595, True
4, 1, 10, 437, lrpp, 0, 1, 3, 0.35, 8, 0, 0.458, True
4, 1, 11, 472, uoinedo, 0, 1, 2, 0.35, 8, 1, 0.661, False
4, 1, 12, 381, alfanvi, 0, 1, 3, 0.35, 8, 0, 0.562, True
4, 1, 13, 1039, deceit, 1, 1, 3, 0.35, 8, 1, 0.549, True
4, 1, 14, 997, betray, 1, 1, 2, 0.35, 8, 1, 0.595, True
4, 1, 15, 431, eesedif, 0, 1, 2, 0.35, 8, 0, 0.951, True
4, 1, 16, 384, oilrigs, 0, 1, 1, 0.35, 8, 0, 0.77, True
4, 1, 17, 530, uioletl, 0, 1, 1, 0.35, 8, 0, 0.711, True
4, 1, 18, 506, nfursny, 0, 1, 0, 0.35, 8, 0, 1.056, True
4, 1, 19, 1246, terrorist, 1, 1, 0, 0.35, 8, 1, 0.621, True
4, 1, 20, 1206, seasick, 1, 1, -1, 0.35, 8, 1, 0.512, True
4, 1, 21, 1038, debt, 1, 1, -1, 0.35, 8, 1, 0.445, True
4, 1, 22, 1062, doom, 1, 1, -2, 0.35, 8, 0, 0.845, False
4, 1, 23, 1178, pest, 1, 1, -1, 0.35, 8, 1, 0.573, True
4, 1, 24, 1212, shy, 1, 1, -1, 0.35, 8, 1, 0.52, True
4, 1, 25, 338, afrto, 0, 1, -2, 0.35, 8, 0, 0.696, True
4, 1, 26, 1103, hang, 1, 1, -2, 0.35, 8, 0, 0.634, False
4, 1, 27, 484, tresailt, 0, 1, -1, 0.35, 8, 0, 1.071, True
4, 1, 28, 1168, obstinate, 1, 1, -1, 0.35, 8, 1, 0.621, True
4, 1, 29, 970, abuse, 1, 1, -2, 0.35, 8, 0, 0.879, False
4, 1, 30, 1215, sin, 1, 1, -1, 0.35, 8, 1, 0.568, True
4, 1, 31, 494, niripeciei, 0, 1, -1, 0.35, 8, 0, 0.544, True
4, 1, 32, 404, ipogawfgudo, 0, 1, -2, 0.35, 8, 0, 0.626, True
4, 1, 33, 1022, crash, 1, 1, -2, 0.35, 8, 0, 0.824, False
4, 1, 34, 991, ashamed, 1, 1, -1, 0.35, 8, 1, 0.514, True
4, 1, 35, 1067, embarrassed, 1, 1, -1, 0.35, 8, 1, 0.496, True
4, 1, 36, 971, abused, 1, 1, -2, 0.35, 8, 0, 1.306, False
4, 1, 37, 610, mlco, 0, 1, -1, 0.35, 8, 0, 0.999, True
4, 1, 38, 572, nrurt, 0, 1, -1, 0.35, 8, 0, 0.711, True
4, 1, 39, 459, riey, 0, 1, -2, 0.35, 8, 0, 1.421, True
4, 1, 40, 1228, starving, 1, 1, -2, 0.35, 8, 0, 0.704, False
4, 1, 41, 1251, tornado, 1, 1, -1, 0.35, 8, 1, 0.547, True
4, 1, 42, 544, edogtr, 0, 1, -1, 0.35, 8, 0, 0.76, True
4, 1, 43, 1245, terror, 1, 1, -2, 0.35, 8, 0, 1.096, False
4, 1, 44, 356, straris, 0, 1, -1, 0.35, 8, 0, 0.778, True
4, 1, 45, 429, nsdrg, 0, 1, -1, 0.35, 8, 0, 0.621, True
4, 1, 46, 520, ielfujskm, 0, 1, -2, 0.35, 8, 0, 0.815, True
4, 1, 47, 538, rlo, 0, 1, -2, 0.35, 8, 0, 0.602, True
4, 1, 48, 522, mancehcrg, 0, 1, -3, 0.35, 8, 0, 0.586, True
4, 1, 49, 1160, murder, 1, 1, -3, 0.35, 8, 0, 1.463, False
4, 2, 0, 773, generous, 1, 0, 6, 0.35, 8, 0, 0.935, False
4, 2, 1, 217, aesaegiyvn, 0, 0, 7, 0.35, 8, 0, 0.431, True
4, 2, 2, 901, savior, 1, 0, 7, 0.35, 8, 1, 0.386, True
4, 2, 3, 135, aigr, 0, 0, 6, 0.35, 8, 0, 0.411, True
4, 2, 4, 750, extravert, 1, 0, 6, 0.35, 8, 1, 0.597, True
4, 2, 5, 199, gupmm, 0, 0, 5, 0.35, 8, 0, 0.549, True
4, 2, 6, 82, giwap, 0, 0, 5, 0.35, 8, 0, 0.41, True
4, 2, 7, 282, ebyarkmlv, 0, 0, 4, 0.35, 8, 0, 0.354, True
4, 2, 8, 297, ootns, 0, 0, 4, 0.35, 8, 0, 0.525, True
4, 2, 9, 888, relieved, 1, 0, 3, 0.35, 8, 1, 0.551, True
4, 2, 10, 131, yphi, 0, 0, 3, 0.35, 8, 0, 0.392, True
4, 2, 11, 908, sky, 1, 0, 2, 0.35, 8, 1, 1.157, True
4, 2, 12, 917, spouse, 1, 0, 2, 0.35, 8, 1, 1.834, True
4, 2, 13, 754, fantasy, 1, 0, 1, 0.35, 8, 0, 0.965, False
4, 2, 14, 905, sexy, 1, 0, 2, 0.35, 8, 1, 0.549, True
4, 2, 15, 296, krdirfay, 0, 0, 2, 0.35, 8, 0, 0.562, True
4, 2, 16, 886, refreshment, 1, 0, 1, 0.35, 8, 0, 0.736, False
4, 2, 17, 124, dniudwte, 0, 0, 2, 0.35, 8, 0, 0.498, True
4, 2, 18, 921, strong, 1, 0, 2, 0.35, 8, 1, 0.565, True
4, 2, 19, 143, muans, 0, 0, 1, 0.35, 8, 0, 0.674, True
4, 2, 20, 959, warmth, 1, 0, 1, 0.35, 8, 0, 0.629, False
4, 2, 21, 712, cuddle, 1, 0, 2, 0.35, 8, 1, 0.61, True
4, 2, 22, 770, friendly, 1, 0, 2, 0.35, 8, 1, 0.509, True
4, 2, 23, 57, entafii, 0, 0, 1, 0.35, 8, 0, 0.656, True
4, 2, 24, 708, cool, 1, 0, 1, 0.35, 8, 0, 1.375, False
4, 2, 25, 214, ntefe, 0, 0, 2, 0.35, 8, 0, 0.53, True
4, 2, 26, 803, house, 1, 0, 2, 0.35, 8, 0, 1.93, False
4, 2, 27, 722, diamond, 1, 0, 3, 0.35, 8, 1, 0.589, True
4, 2, 28, 233, rtiteldmh, 0, 0, 3, 0.35, 8, 0, 0.693, True
4, 2, 29, 703, comfort, 1, 0, 2, 0.35, 8, 1, 0.512, True
4, 2, 30, 138, nrufcibb, 0, 0, 2, 0.35, 8, 0, 0.533, True
4, 2, 31, 293, ohreueou, 0, 0, 1, 0.35, 8, 0, 0.733, True
4, 2, 32, 718, dependable, 1, 0, 1, 0.35, 8, 0, 0.733, False
4, 2, 33, 270, lrmgdrs, 0, 0, 2, 0.35, 8, 0, 0.528, True
4, 2, 34, 19, anna, 0, 0, 2, 0.35, 8, 0, 0.664, True
4, 2, 35, 286, elteal, 0, 0, 1, 0.35, 8, 0, 0.554, True
4, 2, 36, 195, ruofrdqm, 0, 0, 1, 0.35, 8, 0, 0.661, True
4, 2, 37, 95, iusseiega, 0, 0, 0, 0.35, 8, 0, 1.666, True
4, 2, 38, 41, lrsntad, 0, 0, 0, 0.35, 8, 0, 0.522, True
4, 2, 39, 880, protective, 1, 0, -1, 0.35, 8, 1, 0.666, True
4, 2, 40, 674, bless, 1, 0, -1, 0.35, 8, 1, 0.728, True
4, 2, 41, 769, friend, 1, 0, -2, 0.35, 8, 0, 0.912, False
4, 2, 42, 260, rysde, 0, 0, -1, 0.35, 8, 0, 0.541, True
4, 2, 43, 685, cake, 1, 0, -1, 0.35, 8, 1, 0.592, True
4, 2, 44, 955, valuable, 1, 0, -2, 0.35, 8, 0, 0.653, False
4, 2, 45, 269, weaoct, 0, 0, -1, 0.35, 8, 0, 0.6, True
4, 2, 46, 745, excellence, 1, 0, -1, 0.35, 8, 1, 1.383, True
4, 2, 47, 858, passion, 1, 0, -2, 0.35, 8, 0, 0.706, False
4, 2, 48, 875, profit, 1, 0, -1, 0.35, 8, 1, 0.52, True
4, 2, 49, 721, devotion, 1, 0, -1, 0.35, 8, 1, 0.568, True
4, 3, 0, 1142, lose, 1, 1, 6, 0.35, 8, 1, 0.538, True
4, 3, 1, 1239, tears, 1, 1, 6, 0.35, 8, 1, 0.432, True
4, 3, 2, 416, eaha, 0, 1, 5, 0.35, 8, 0, 0.509, True
4, 3, 3, 585, liaild, 0, 1, 5, 0.35, 8, 0, 0.538, True
4, 3, 4, 619, mitsnrlhmd, 0, 1, 4, 0.35, 8, 0, 0.458, True
4, 3, 5, 1034, damage, 1, 1, 4, 0.35, 8, 1, 0.474, True
4, 3, 6, 475, lae, 0, 1, 3, 0.35, 8, 0, 0.65, True
4, 3, 7, 561, eeodbci, 0, 1, 3, 0.35, 8, 0, 0.525, True
4, 3, 8, 1229, stench, 1, 1, 2, 0.35, 8, 0, 1.253, False
4, 3, 9, 576, nhuitc, 0, 1, 3, 0.35, 8, 0, 0.498, True
4, 3, 10, 1227, spurned, 1, 1, 3, 0.35, 8, 0, 0.887, False
4, 3, 11, 477, cdhrib, 0, 1, 4, 0.35, 8, 0, 0.493, True
4, 3, 12, 323, sgyesrtiu, 0, 1, 4, 0.35, 8, 0, 0.437, True
4, 3, 13, 593, gtcsl, 0, 1, 3, 0.35, 8, 0, 0.448, True
4, 3, 14, 1056, discomfort, 1, 1, 3, 0.35, 8, 1, 0.554, True
4, 3, 15, 433, felil, 0, 1, 2, 0.35, 8, 0, 0.647, True
4, 3, 16, 567, pefu, 0, 1, 2, 0.35, 8, 0, 1.496, True
4, 3, 17, 329, igli, 0, 1, 1, 0.35, 8, 0, 0.752, True
4, 3, 18, 1111, helpless, 1, 1, 1, 0.35, 8, 0, 0.579, False
4, 3, 19, 1151, massacre, 1, 1, 2, 0.35, 8, 0, 0.709, False
4, 3, 20, 982, alone, 1, 1, 3, 0.35, 8, 1, 0.613, True
4, 3, 21, 1027, crucify, 1, 1, 3, 0.35, 8, 1, 0.611, True
4, 3, 22, 1214, sickness, 1, 1, 2, 0.35, 8, 1, 0.538, True
4, 3, 23, 996, bankrupt, 1, 1, 2, 0.35, 8, 1, 0.533, True
4, 3, 24, 995, bad, 1, 1, 1, 0.35, 8, 0, 2.397, False
4, 3, 25, 581, ieropem, 0, 1, 2, 0.35, 8, 0, 0.573, True
4, 3, 26, 366, rovl, 0, 1, 2, 0.35, 8, 0, 0.543, True
4, 3, 27, 621, emaodeme, 0, 1, 1, 0.35, 8, 0, 0.715, True
4, 3, 28, 601, tpxet, 0, 1, 1, 0.35, 8, 0, 1.717, True
4, 3, 29, 397, lsdnr, 0, 1, 0, 0.35, 8, 0, 0.76, True
4, 3, 30, 528, raepnsile, 0, 1, 0, 0.35, 8, 1, 0.603, False
4, 3, 31, 558, tcnli, 0, 1, 1, 0.35, 8, 0, 0.72, True
4, 3, 32, 1028, crude, 1, 1, 1, 0.35, 8, 0, 0.781, False
4, 3, 33, 486, cmtreeci, 0, 1, 2, 0.35, 8, 0, 0.92, True
4, 3, 34, 348, rfrst, 0, 1, 2, 0.35, 8, 0, 0.864, True
4, 3, 35, 1174, paralysis, 1, 1, 1, 0.35, 8, 0, 1.354, False
4, 3, 36, 1008, brutal, 1, 1, 2, 0.35, 8, 1, 0.632, True
4, 3, 37, 1063, doubt, 1, 1, 2, 0.35, 8, 1, 0.565, True
4, 3, 38, 364, indagnbe, 0, 1, 1, 0.35, 8, 1, 1.394, False
4, 3, 39, 1233, suffering, 1, 1, 2, 0.35, 8, 1, 0.552, True
4, 3, 40, 548, nire, 0, 1, 2, 0.35, 8, 0, 0.741, True
4, 3, 41, 555, pyollrei, 0, 1, 1, 0.35, 8, 0, 0.629, True
4, 3, 42, 1181, poverty, 1, 1, 1, 0.35, 8, 0, 0.8, False
4, 3, 43, 331, iiunee, 0, 1, 2, 0.35, 8, 0, 0.672, True
4, 3, 44, 361, edrnorio, 0, 1, 2, 0.35, 8, 0, 0.597, True
4, 3, 45, 500, euirf, 0, 1, 1, 0.35, 8, 0, 0.92, True
4, 3, 46, 1164, nerves, 1, 1, 1, 0.35, 8, 0, 0.701, False
4, 3, 47, 1237, suspicious, 1, 1, 2, 0.35, 8, 1, 0.552, True
4, 3, 48, 611, eaonm, 0, 1, 2, 0.35, 8, 1, 0.965, False
4, 3, 49, 518, ounpeo, 0, 1, 3, 0.35, 8, 0, 0.84, True
4, 4, 0, 895, riches, 1, 0, 6, 0.35, 8, 1, 0.722, True
4, 4, 1, 757, festive, 1, 0, 6, 0.35, 8, 1, 0.413, True
4, 4, 2, 51, eesfkeuo, 0, 0, 5, 0.35, 8, 0, 0.439, True
4, 4, 3, 309, rihtorgt, 0, 0, 5, 0.35, 8, 0, 0.503, True
4, 4, 4, 72, rjthslesrv, 0, 0, 4, 0.35, 8, 0, 0.448, True
4, 4, 5, 941, travel, 1, 0, 4, 0.35, 8, 1, 0.589, True
4, 4, 6, 230, ooaoscur, 0, 0, 3, 0.35, 8, 0, 0.773, True
4, 4, 7, 156, eoineem, 0, 0, 3, 0.35, 8, 0, 0.626, True
4, 4, 8, 30, kvcnkne, 0, 0, 2, 0.35, 8, 0, 0.639, True
4, 4, 9, 40, dmme, 0, 0, 2, 0.35, 8, 0, 0.608, True
4, 4, 10, 218, eieaeu, 0, 0, 1, 0.35, 8, 0, 0.757, True
4, 4, 11, 893, rest, 1, 0, 1, 0.35, 8, 0, 0.727, False
4, 4, 12, 743, erotic, 1, 0, 2, 0.35, 8, 1, 0.888, True
4, 4, 13, 925, sunny, 1, 0, 2, 0.35, 8, 1, 0.6, True
4, 4, 14, 83, doechoa, 0, 0, 1, 0.35, 8, 0, 1.421, True
4, 4, 15, 815, jolly, 1, 0, 1, 0.35, 8, 0, 0.805, False
4, 4, 16, 219, syktl, 0, 0, 2, 0.35, 8, 0, 0.981, True
4, 4, 17, 300, ealmri, 0, 0, 2, 0.35, 8, 1, 0.919, False
4, 4, 18, 820, kind, 1, 0, 3, 0.35, 8, 1, 0.579, True
4, 4, 19, 832, lucky, 1, 0, 3, 0.35, 8, 1, 0.456, True
4, 4, 20, 772, funny, 1, 0, 2, 0.35, 8, 1, 0.466, True
4, 4, 21, 109, ibitsriox, 0, 0, 2, 0.35, 8, 0, 0.591, True
4, 4, 22, 280, hthetmr, 0, 0, 1, 0.35, 8, 0, 1.122, True
4, 4, 23, 924, sunlight, 1, 0, 1, 0.35, 8, 0, 0.703, False
4, 4, 24, 58, soseusodini, 0, 0, 2, 0.35, 8, 0, 0.797, True
4, 4, 25, 241, ltimecg, 0, 0, 2, 0.35, 8, 0, 0.861, True
4, 4, 26, 922, success, 1, 0, 1, 0.35, 8, 0, 0.837, False
4, 4, 27, 691, cash, 1, 0, 2, 0.35, 8, 1, 0.778, True
4, 4, 28, 650, admire, 1, 0, 2, 0.35, 8, 1, 0.901, True
4, 4, 29, 250, emjiurhvlbtbr, 0, 0, 1, 0.35, 8, 0, 1.365, True
4, 4, 30, 717, delighted, 1, 0, 1, 0.35, 8, 0, 0.914, False
4, 4, 31, 290, oeeueetroo, 0, 0, 2, 0.35, 8, 0, 0.615, True
4, 4, 32, 828, life, 1, 0, 2, 0.35, 8, 0, 0.722, False
4, 4, 33, 86, racotmmer, 0, 0, 3, 0.35, 8, 0, 0.613, True
4, 4, 34, 146, lsetalo, 0, 0, 3, 0.35, 8, 0, 0.482, True
4, 4, 35, 856, paradise, 1, 0, 2, 0.35, 8, 1, 0.595, True
4, 4, 36, 776, giggle, 1, 0, 2, 0.35, 8, 1, 0.792, True
4, 4, 37, 255, tcesao, 0, 0, 1, 0.35, 8, 0, 1.154, True
4, 4, 38, 170, bla, 0, 0, 1, 0.35, 8, 0, 0.613, True
4, 4, 39, 877, promise, 1, 0, 0, 0.35, 8, 1, 0.667, True
4, 4, 40, 747, excited, 1, 0, 0, 0.35, 8, 1, 0.506, True
4, 4, 41, 651, admired, 1, 0, -1, 0.35, 8, 1, 0.391, True
4, 4, 42, 829, lively, 1, 0, -1, 0.35, 8, 1, 0.477, True
4, 4, 43, 281, lludnl, 0, 0, -2, 0.35, 8, 0, 0.946, True
4, 4, 44, 64, burnriint, 0, 0, -2, 0.35, 8, 0, 0.728, True
4, 4, 45, 25, ugurret, 0, 0, -3, 0.35, 8, 0, 0.719, True
4, 4, 46, 806, imagine, 1, 0, -3, 0.35, 8, 0, 2.551, False
4, 4, 47, 142, etdrevrci, 0, 0, -2, 0.35, 8, 0, 0.573, True
4, 4, 48, 295, ltotcb, 0, 0, -2, 0.35, 8, 0, 0.679, True
4, 4, 49, 742, enthusiastic, 1, 0, -3, 0.35, 8, 0, 0.695, False
4, 5, 0, 419, siher, 0, 1, 6, 0.35, 8, 0, 0.522, True
4, 5, 1, 1047, desperate, 1, 1, 6, 0.35, 8, 1, 0.413, True
4, 5, 2, 478, wrlhtklsy, 0, 1, 5, 0.35, 8, 0, 0.376, True
4, 5, 3, 1102, gun, 1, 1, 5, 0.35, 8, 1, 0.442, True
4, 5, 4, 969, abduction, 1, 1, 4, 0.35, 8, 1, 0.599, True
4, 5, 5, 1069, enraged, 1, 1, 4, 0.35, 8, 1, 0.373, True
4, 5, 6, 636, bsduahif, 0, 1, 3, 0.35, 8, 0, 0.483, True
4, 5, 7, 1073, failure, 1, 1, 3, 0.35, 8, 1, 0.501, True
4, 5, 8, 1180, pollute, 1, 1, 2, 0.35, 8, 1, 0.968, True
4, 5, 9, 575, meioetca, 0, 1, 2, 0.35, 8, 0, 0.744, True
4, 5, 10, 1041, deformed, 1, 1, 1, 0.35, 8, 0, 0.715, False
4, 5, 11, 1064, dreadful, 1, 1, 2, 0.35, 8, 1, 0.696, True
4, 5, 12, 622, lyuro, 0, 1, 2, 0.35, 8, 0, 0.594, True
4, 5, 13, 466, rhshavo, 0, 1, 1, 0.35, 8, 0, 1.493, True
4, 5, 14, 1100, guilt, 1, 1, 1, 0.35, 8, 0, 0.621, False
4, 5, 15, 385, enuciii, 0, 1, 2, 0.35, 8, 0, 0.792, True
4, 5, 16, 362, tnssnm, 0, 1, 2, 0.35, 8, 0, 0.677, True
4, 5, 17, 1114, homicide, 1, 1, 1, 0.35, 8, 0, 1.191, False
4, 5, 18, 1288, worry, 1, 1, 2, 0.35, 8, 1, 0.645, True
4, 5, 19, 1104, hardship, 1, 1, 2, 0.35, 8, 1, 0.469, True
4, 5, 20, 563, eresd, 0, 1, 1, 0.35, 8, 0, 0.719, True
4, 5, 21, 1169, offend, 1, 1, 1, 0.35, 8, 0, 0.765, False
4, 5, 22, 1249, tomb, 1, 1, 2, 0.35, 8, 1, 0.773, True
4, 5, 23, 435, rigmad, 0, 1, 2, 0.35, 8, 0, 0.576, True
4, 5, 24, 990, arrogant, 1, 1, 1, 0.35, 8, 0, 0.719, False
4, 5, 25, 565, flhgcde, 0, 1, 2, 0.35, 8, 0, 0.528, True
4, 5, 26, 1203, scared, 1, 1, 2, 0.35, 8, 1, 0.695, True
4, 5, 27, 453, teroaraehr, 0, 1, 1, 0.35, 8, 0, 0.607, True
4, 5, 28, 515, neetoeil, 0, 1, 1, 0.35, 8, 0, 0.677, True
4, 5, 29, 519, lhisdog, 0, 1, 0, 0.35, 8, 0, 0.76, True
4, 5, 30, 1107, hateful, 1, 1, 0, 0.35, 8, 1, 0.65, True
4, 5, 31, 599, syueog, 0, 1, -1, 0.35, 8, 0, 1.187, True
4, 5, 32, 570, neri, 0, 1, -1, 0.35, 8, 0, 0.647, True
4, 5, 33, 1219, slime, 1, 1, -2, 0.35, 8, 0, 1.983, False
4, 5, 34, 1207, selfish, 1, 1, -1, 0.35, 8, 1, 0.709, True
4, 5, 35, 1238, syphilis, 1, 1, -1, 0.35, 8, 1, 0.81, True
4, 5, 36, 1278, vulnerable, 1, 1, -2, 0.35, 8, 0, 1.205, False
4, 5, 37, 1225, spider, 1, 1, -1, 0.35, 8, 1, 0.637, True
4, 5, 38, 354, ihreo, 0, 1, -1, 0.35, 8, 0, 0.837, True
4, 5, 39, 447, ionto, 0, 1, -2, 0.35, 8, 0, 1.154, True
4, 5, 40, 325, iwuuon, 0, 1, -2, 0.35, 8, 0, 0.608, True
4, 5, 41, 1012, burn, 1, 1, -3, 0.35, 8, 0, 1.407, False
4, 5, 42, 1240, temper, 1, 1, -2, 0.35, 8, 0, 0.944, False
4, 5, 43, 1263, ulcer, 1, 1, -1, 0.35, 8, 1, 0.802, True
4, 5, 44, 628, oniaca, 0, 1, -1, 0.35, 8, 0, 0.73, True
4, 5, 45, 1197, robber, 1, 1, -2, 0.35, 8, 0, 1.506, False
4, 5, 46, 340, okenyrn, 0, 1, -1, 0.35, 8, 0, 0.584, True
4, 5, 47, 989, anxious, 1, 1, -1, 0.35, 8, 1, 0.661, True
4, 5, 48, 569, alu, 0, 1, -2, 0.35, 8, 0, 1.743, True
4, 5, 49, 400, lpedafa, 0, 1, -2, 0.35, 8, 0, 8.357, True
4, 6, 0, 175, ecnu, 0, 0, 6, 0.35, 8, 0, 0.506, True
4, 6, 1, 887, relaxed, 1, 0, 6, 0.35, 8, 1, 0.443, True
4, 6, 2, 238, poser, 0, 0, 5, 0.35, 8, 1, 0.426, False
4, 6, 3, 320, niptg, 0, 0, 6, 0.35, 8, 0, 0.474, True
4, 6, 4, 816, joy, 1, 0, 6, 0.35, 8, 1, 0.483, True
4, 6, 5, 861, peaceful, 1, 0, 5, 0.35, 8, 1, 0.41, True
4, 6, 6, 1, ofsiasicat, 0, 0, 5, 0.35, 8, 0, 0.402, True
4, 6, 7, 118, tdteffliu, 0, 0, 4, 0.35, 8, 0, 0.488, True
4, 6, 8, 827, liberty, 1, 0, 4, 0.35, 8, 1, 0.653, True
4, 6, 9, 50, uasut, 0, 0, 3, 0.35, 8, 0, 0.434, True
4, 6, 10, 647, acceptance, 1, 0, 3, 0.35, 8, 1, 0.602, True
4, 6, 11, 61, etadoeapecdic, 0, 0, 2, 0.35, 8, 0, 0.61, True
4, 6, 12, 275, ntulre, 0, 0, 2, 0.35, 8, 0, 0.829, True
4, 6, 13, 17, digtar, 0, 0, 1, 0.35, 8, 0, 1.008, True
4, 6, 14, 294, liosmfcf, 0, 0, 1, 0.35, 8, 0, 0.725, True
4, 6, 15, 173, gwaiuwu, 0, 0, 0, 0.35, 8, 0, 0.768, True
4, 6, 16, 247, hlgr, 0, 0, 0, 0.35, 8, 0, 0.482, True
4, 6, 17, 134, uyh, 0, 0, -1, 0.35, 8, 0, 0.571, True
4, 6, 18, 912, snuggle, 1, 0, -1, 0.35, 8, 1, 2.197, True
4, 6, 19, 266, iaadlin, 0, 0, -2, 0.35, 8, 0, 0.738, True
4, 6, 20, 715, daring, 1, 0, -2, 0.35, 8, 0, 0.813, False
4, 6, 21, 834, lust, 1, 0, -1, 0.35, 8, 1, 0.648, True
4, 6, 22, 315, tnmyiur, 0, 0, -1, 0.35, 8, 0, 0.624, True
4, 6, 23, 714, dancer, 1, 0, -2, 0.35, 8, 0, 1.026, False
4, 6, 24, 670, beloved, 1, 0, -1, 0.35, 8, 1, 0.616, True
4, 6, 25, 802, hopeful, 1, 0, -1, 0.35, 8, 1, 0.586, True
4, 6, 26, 852, orgasm, 1, 0, -2, 0.35, 8, 0, 0.583, False
4, 6, 27, 797, holiday, 1, 0, -1, 0.35, 8, 1, 0.501, True
4, 6, 28, 753, family, 1, 0, -1, 0.35, 8, 1, 0.719, True
4, 6, 29, 964, wise, 1, 0, -2, 0.35, 8, 0, 0.743, False
4, 6, 30, 98, iyiniorr, 0, 0, -1, 0.35, 8, 1, 0.595, False
4, 6, 31, 836, luxury, 1, 0, 0, 0.35, 8, 1, 0.882, True
4, 6, 32, 279, gemrs, 0, 0, 0, 0.35, 8, 0, 1.069, True
4, 6, 33, 107, slfdna, 0, 0, -1, 0.35, 8, 0, 0.538, True
4, 6, 34, 223, snaexaal, 0, 0, -1, 0.35, 8, 0, 0.701, True
4, 6, 35, 125, som, 0, 0, -2, 0.35, 8, 0, 1.279, True
4, 6, 36, 740, enjoying, 1, 0, -2, 0.35, 8, 0, 0.615, False
4, 6, 37, 690, caress, 1, 0, -1, 0.35, 8, 1, 0.778, True
4, 6, 38, 655, affectionate, 1, 0, -1, 0.35, 8, 1, 0.621, True
4, 6, 39, 111, eemcnht, 0, 0, -2, 0.35, 8, 0, 0.592, True
4, 6, 40, 774, gentle, 1, 0, -2, 0.35, 8, 0, 0.461, False
4, 6, 41, 181, abuoief, 0, 0, -1, 0.35, 8, 0, 0.671, True
4, 6, 42, 257, asltao, 0, 0, -1, 0.35, 8, 0, 0.541, True
4, 6, 43, 245, ohegdlw, 0, 0, -2, 0.35, 8, 0, 0.576, True
4, 6, 44, 90, aelosi, 0, 0, -2, 0.35, 8, 0, 0.762, True
4, 6, 45, 762, fond, 1, 0, -3, 0.35, 8, 0, 0.57, False
4, 6, 46, 153, reorns, 0, 0, -2, 0.35, 8, 0, 1.045, True
4, 6, 47, 56, drueob, 0, 0, -2, 0.35, 8, 0, 0.573, True
4, 6, 48, 697, cheerful, 1, 0, -3, 0.35, 8, 0, 0.584, False
4, 6, 49, 738, energy, 1, 0, -2, 0.35, 8, 0, 0.626, False
4, 7, 0, 333, jtlad, 0, 1, 6, 0.35, 8, 0, 0.464, True
4, 7, 1, 1173, panic, 1, 1, 6, 0.35, 8, 1, 0.408, True
4, 7, 2, 1095, grave, 1, 1, 5, 0.35, 8, 1, 0.48, True
4, 7, 3, 1057, disgusted, 1, 1, 5, 0.35, 8, 1, 0.376, True
4, 7, 4, 630, eeodauo, 0, 1, 4, 0.35, 8, 0, 0.471, True
4, 7, 5, 1186, quarrel, 1, 1, 4, 0.35, 8, 1, 0.506, True
4, 7, 6, 1208, severe, 1, 1, 3, 0.35, 8, 1, 0.435, True
4, 7, 7, 373, eriuhs, 0, 1, 3, 0.35, 8, 0, 0.555, True
4, 7, 8, 406, tseze, 0, 1, 2, 0.35, 8, 0, 0.759, True
4, 7, 9, 629, gnmtrtts, 0, 1, 2, 0.35, 8, 0, 0.479, True
4, 7, 10, 586, hiorta, 0, 1, 1, 0.35, 8, 0, 0.573, True
4, 7, 11, 346, lrrdfgg, 0, 1, 1, 0.35, 8, 0, 0.701, True
4, 7, 12, 502, sltien, 0, 1, 0, 0.35, 8, 0, 0.658, True
4, 7, 13, 1138, lice, 1, 1, 0, 0.35, 8, 1, 0.848, True
4, 7, 14, 1086, frightened, 1, 1, -1, 0.35, 8, 1, 0.576, True
4, 7, 15, 332, ridroipgdf, 0, 1, -1, 0.35, 8, 1, 0.458, False
4, 7, 16, 634, ntoxedc, 0, 1, 0, 0.35, 8, 0, 3.119, True
4, 7, 17, 1052, devil, 1, 1, 0, 0.35, 8, 1, 0.682, True
4, 7, 18, 549, hohf, 0, 1, -1, 0.35, 8, 0, 0.555, True
4, 7, 19, 467, rce, 0, 1, -1, 0.35, 8, 0, 0.928, True
4, 7, 20, 1190, regret, 1, 1, -2, 0.35, 8, 0, 1.215, False
4, 7, 21, 1115, hopeless, 1, 1, -1, 0.35, 8, 1, 0.698, True
4, 7, 22, 359, aadeh, 0, 1, -1, 0.35, 8, 0, 0.765, True
4, 7, 23, 504, sslcfs, 0, 1, -2, 0.35, 8, 0, 0.989, True
4, 7, 24, 597, taaioqsd, 0, 1, -2, 0.35, 8, 0, 0.747, True
4, 7, 25, 1046, despair, 1, 1, -3, 0.35, 8, 0, 0.808, False
4, 7, 26, 1131, insult, 1, 1, -2, 0.35, 8, 0, 0.656, False
4, 7, 27, 1159, mosquito, 1, 1, -1, 0.35, 8, 1, 0.699, True
4, 7, 28, 977, afraid, 1, 1, -1, 0.35, 8, 1, 0.701, True
4, 7, 29, 491, dneictu, 0, 1, -2, 0.35, 8, 0, 0.784, True
4, 7, 30, 1264, uneasy, 1, 1, -2, 0.35, 8, 0, 0.658, False
4, 7, 31, 1267, unwanted, 1, 1, -1, 0.35, 8, 1, 0.685, True
4, 7, 32, 343, icnolih, 0, 1, -1, 0.35, 8, 0, 0.477, True
4, 7, 33, 399, parlollr, 0, 1, -2, 0.35, 8, 0, 1.266, True
4, 7, 34, 579, hliisv, 0, 1, -2, 0.35, 8, 0, 0.728, True
4, 7, 35, 1235, suicide, 1, 1, -3, 0.35, 8, 0, 0.656, False
4, 7, 36, 1158, morgue, 1, 1, -2, 0.35, 8, 0, 0.586, False
4, 7, 37, 976, addict, 1, 1, -1, 0.35, 8, 1, 0.551, True
4, 7, 38, 986, anguish, 1, 1, -1, 0.35, 8, 1, 0.525, True
4, 7, 39, 637, rrrip, 0, 1, -2, 0.35, 8, 0, 0.925, True
4, 7, 40, 981, alienation, 1, 1, -2, 0.35, 8, 0, 0.589, False
4, 7, 41, 1110, hell, 1, 1, -1, 0.35, 8, 1, 0.618, True
4, 7, 42, 1252, torture, 1, 1, -1, 0.35, 8, 1, 0.573, True
4, 7, 43, 339, eaime, 0, 1, -2, 0.35, 8, 0, 0.823, True
4, 7, 44, 1273, vicious, 1, 1, -2, 0.35, 8, 0, 0.565, False
4, 7, 45, 482, ndgeel, 0, 1, -1, 0.35, 8, 0, 1.117, True
4, 7, 46, 489, lsnguier, 0, 1, -1, 0.35, 8, 0, 0.613, True
4, 7, 47, 408, ilficeidae, 0, 1, -2, 0.35, 8, 0, 2.455, True
4, 7, 48, 1080, filth, 1, 1, -2, 0.35, 8, 0, 0.682, False
4, 7, 49, 1148, maggot, 1, 1, -1, 0.35, 8, 1, 0.667, True
4, 8, 0, 894, reward, 1, 0, 6, 0.35, 8, 1, 0.504, True
4, 8, 1, 845, money, 1, 0, 6, 0.35, 8, 1, 0.456, True
4, 8, 2, 883, puppy, 1, 0, 5, 0.35, 8, 1, 0.331, True
4, 8, 3, 252, ralp, 0, 0, 5, 0.35, 8, 0, 0.85, True
4, 8, 4, 688, car, 1, 0, 4, 0.35, 8, 1, 0.512, True
4, 8, 5, 945, triumphant, 1, 0, 4, 0.35, 8, 1, 0.458, True
4, 8, 6, 927, sunset, 1, 0, 3, 0.35, 8, 1, 0.407, True
4, 8, 7, 48, gfgos, 0, 0, 3, 0.35, 8, 0, 0.666, True
4, 8, 8, 322, jnckuryfk, 0, 0, 2, 0.35, 8, 0, 0.495, True
4, 8, 9, 273, elhblae, 0, 0, 2, 0.35, 8, 0, 0.594, True
4, 8, 10, 741, enjoyment, 1, 0, 1, 0.35, 8, 0, 0.453, False
4, 8, 11, 240, reomndongud, 0, 0, 2, 0.35, 8, 0, 0.511, True
4, 8, 12, 176, agei, 0, 0, 2, 0.35, 8, 0, 0.437, True
4, 8, 13, 144, lpfpmtgcoer, 0, 0, 1, 0.35, 8, 0, 0.698, True
4, 8, 14, 145, aera, 0, 0, 1, 0.35, 8, 0, 0.53, True
4, 8, 15, 790, hardworking, 1, 0, 0, 0.35, 8, 1, 0.616, True
4, 8, 16, 896, rollercoaster, 1, 0, 0, 0.35, 8, 1, 0.397, True
4, 8, 17, 60, gepeorgua, 0, 0, -1, 0.35, 8, 0, 0.757, True
4, 8, 18, 268, aaia, 0, 0, -1, 0.35, 8, 0, 0.435, True
4, 8, 19, 163, saeepsyn, 0, 0, -2, 0.35, 8, 0, 0.719, True
4, 8, 20, 793, heart, 1, 0, -2, 0.35, 8, 0, 0.951, False
4, 8, 21, 302, csoct, 0, 0, -1, 0.35, 8, 0, 0.781, True
4, 8, 22, 660, amused, 1, 0, -1, 0.35, 8, 1, 0.623, True
4, 8, 23, 209, hveihi, 0, 0, -2, 0.35, 8, 0, 1.029, True
4, 8, 24, 796, hero, 1, 0, -2, 0.35, 8, 0, 0.602, False
4, 8, 25, 663, ardent, 1, 0, -1, 0.35, 8, 1, 2.33, True
4, 8, 26, 81, oassnd, 0, 0, -1, 0.35, 8, 0, 0.69, True
4, 8, 27, 839, medal, 1, 0, -2, 0.35, 8, 0, 1.109, False
4, 8, 28, 694, champ, 1, 0, -1, 0.35, 8, 1, 0.651, True
4, 8, 29, 725, diploma, 1, 0, -1, 0.35, 8, 1, 0.725, True
4, 8, 30, 937, thrill, 1, 0, -2, 0.35, 8, 0, 1.869, False
4, 8, 31, 161, ritaseecr, 0, 0, -1, 0.35, 8, 0, 0.634, True
4, 8, 32, 681, brother, 1, 0, -1, 0.35, 8, 1, 0.72, True
4, 8, 33, 916, sparkle, 1, 0, -2, 0.35, 8, 0, 1.096, False
4, 8, 34, 316, yuolrer, 0, 0, -1, 0.35, 8, 0, 0.666, True
4, 8, 35, 810, intelligent, 1, 0, -1, 0.35, 8, 1, 0.808, True
4, 8, 36, 222, envgumgs, 0, 0, -2, 0.35, 8, 0, 1.247, True
4, 8, 37, 305, rrlaeemyrd, 0, 0, -2, 0.35, 8, 0, 0.56, True
4, 8, 38, 811, intimate, 1, 0, -3, 0.35, 8, 0, 0.759, False
4, 8, 39, 308, eeimuocse, 0, 0, -2, 0.35, 8, 0, 0.648, True
4, 8, 40, 288, edohjdon, 0, 0, -2, 0.35, 8, 0, 0.592, True
4, 8, 41, 99, apeavtsrph, 0, 0, -3, 0.35, 8, 0, 0.557, True
4, 8, 42, 962, wedding, 1, 0, -3, 0.35, 8, 0, 0.437, False
4, 8, 43, 844, miraculous, 1, 0, -2, 0.35, 8, 0, 0.482, False
4, 8, 44, 121, iifrirv, 0, 0, -1, 0.35, 8, 1, 1.755, False
4, 8, 45, 213, aioleeacee, 0, 0, 0, 0.35, 8, 0, 0.658, True
4, 8, 46, 733, eat, 1, 0, 0, 0.35, 8, 1, 0.495, True
4, 8, 47, 261, araltiu, 0, 0, -1, 0.35, 8, 0, 0.522, True
4, 8, 48, 825, leader, 1, 0, -1, 0.35, 8, 1, 0.602, True
4, 8, 49, 152, vufa, 0, 0, -2, 0.35, 8, 0, 0.746, True
4, 9, 0, 1171, outcast, 1, 1, 6, 0.35, 8, 1, 0.557, True
4, 9, 1, 480, wattteooe, 0, 1, 6, 0.35, 8, 0, 0.488, True
4, 9, 2, 1105, harm, 1, 1, 5, 0.35, 8, 1, 0.399, True
4, 9, 3, 1265, unfaithful, 1, 1, 5, 0.35, 8, 0, 0.343, False
4, 9, 4, 1019, corpse, 1, 1, 6, 0.35, 8, 1, 0.453, True
4, 9, 5, 604, itrapvibl, 0, 1, 6, 0.35, 8, 0, 0.394, True
4, 9, 6, 539, oplosl, 0, 1, 5, 0.35, 8, 0, 0.416, True
4, 9, 7, 446, ntsei, 0, 1, 5, 0.35, 8, 0, 0.347, True
4, 9, 8, 1254, tragic, 1, 1, 4, 0.35, 8, 1, 0.629, True
4, 9, 9, 1284, wicked, 1, 1, 4, 0.35, 8, 1, 0.455, True
4, 9, 10, 978, aggressive, 1, 1, 3, 0.35, 8, 1, 0.501, True
4, 9, 11, 560, bianufh, 0, 1, 3, 0.35, 8, 0, 0.475, True
4, 9, 12, 1175, pathetic, 1, 1, 2, 0.35, 8, 1, 0.567, True
4, 9, 13, 545, aatsieun, 0, 1, 2, 0.35, 8, 0, 0.727, True
4, 9, 14, 423, lnsditd, 0, 1, 1, 0.35, 8, 0, 0.933, True
4, 9, 15, 428, roo, 0, 1, 1, 0.35, 8, 0, 0.557, True
4, 9, 16, 994, awful, 1, 1, 0, 0.35, 8, 1, 0.648, True
4, 9, 17, 427, iucrsno, 0, 1, 0, 0.35, 8, 0, 0.546, True
4, 9, 18, 487, cciposin, 0, 1, -1, 0.35, 8, 0, 0.52, True
4, 9, 19, 1199, rude, 1, 1, -1, 0.35, 8, 1, 0.424, True
4, 9, 20, 557, dsiaaw, 0, 1, -2, 0.35, 8, 0, 0.581, True
4, 9, 21, 1033, curse, 1, 1, -2, 0.35, 8, 0, 0.64, False
4, 9, 22, 1058, disloyal, 1, 1, -1, 0.35, 8, 1, 0.6, True
4, 9, 23, 503, veddfcb, 0, 1, -1, 0.35, 8, 0, 0.551, True
4, 9, 24, 391, iaict, 0, 1, -2, 0.35, 8, 0, 0.653, True
4, 9, 25, 1040, defeated, 1, 1, -2, 0.35, 8, 0, 0.44, False
4, 9, 26, 1198, rotten, 1, 1, -1, 0.35, 8, 1, 0.567, True
4, 9, 27, 372, botiseee, 0, 1, -1, 0.35, 8, 0, 0.479, True
4, 9, 28, 511, drdarh, 0, 1, -2, 0.35, 8, 0, 0.68, True
4, 9, 29, 462, lbnuns, 0, 1, -2, 0.35, 8, 0, 0.488, True
4, 9, 30, 615, ulsre, 0, 1, -3, 0.35, 8, 0, 2.0, True
4, 9, 31, 326, ooajsaig, 0, 1, -3, 0.35, 8, 0, 0.728, True
4, 9, 32, 1096, greed, 1, 1, -4, 0.35, 8, 0, 0.591, False
4, 9, 33, 1260, troubled, 1, 1, -3, 0.35, 8, 0, 0.573, False
4, 9, 34, 1213, sick, 1, 1, -2, 0.35, 8, 0, 0.567, False
4, 9, 35, 455, asolnn, 0, 1, -1, 0.35, 8, 0, 0.752, True
4, 9, 36, 1101, guilty, 1, 1, -1, 0.35, 8, 1, 0.605, True
4, 9, 37, 1257, trash, 1, 1, -2, 0.35, 8, 0, 0.797, False
4, 9, 38, 1281, waste, 1, 1, -1, 0.35, 8, 1, 0.562, True
4, 9, 39, 330, uuacea, 0, 1, -1, 0.35, 8, 0, 0.522, True
4, 9, 40, 641, roh, 0, 1, -2, 0.35, 8, 0, 1.178, True
4, 9, 41, 1049, destroy, 1, 1, -2, 0.35, 8, 1, 0.397, True
4, 9, 42, 1079, fever, 1, 1, -3, 0.35, 8, 0, 0.709, False
4, 9, 43, 367, rhiuwi, 0, 1, -2, 0.35, 8, 0, 0.586, True
4, 9, 44, 483, adhton, 0, 1, -2, 0.35, 8, 0, 0.567, True
4, 9, 45, 564, rxvet, 0, 1, -3, 0.35, 8, 0, 0.623, True
4, 9, 46, 617, eeeml, 0, 1, -3, 0.35, 8, 0, 0.626, True
4, 9, 47, 1055, disaster, 1, 1, -4, 0.35, 8, 0, 0.567, False
4, 9, 48, 1122, impotent, 1, 1, -3, 0.35, 8, 0, 0.592, False
4, 9, 49, 1132, intruder, 1, 1, -2, 0.35, 8, 0, 0.653, False
4, 10, 0, 242, ldeeoorl, 0, 0, 6, 0.35, 8, 0, 0.557, True
4, 10, 1, 873, pretty, 1, 0, 6, 0.35, 8, 1, 0.359, True
4, 10, 2, 84, lcotu, 0, 0, 5, 0.35, 8, 0, 0.44, True
4, 10, 3, 735, efficient, 1, 0, 5, 0.35, 8, 1, 0.375, True
4, 10, 4, 749, exercise, 1, 0, 4, 0.35, 8, 1, 0.583, True
4, 10, 5, 807, impressed, 1, 0, 4, 0.35, 8, 1, 0.45, True
4, 10, 6, 232, iniitgars, 0, 0, 3, 0.35, 8, 0, 0.544, True
4, 10, 7, 79, ucsoosm, 0, 0, 3, 0.35, 8, 0, 0.477, True
4, 10, 8, 755, fascinate, 1, 0, 2, 0.35, 8, 0, 0.426, False
4, 10, 9, 942, treasure, 1, 0, 3, 0.35, 8, 1, 0.562, True
4, 10, 10, 709, couple, 1, 0, 3, 0.35, 8, 1, 0.533, True
4, 10, 11, 966, witty, 1, 0, 2, 0.35, 8, 0, 1.152, False
4, 10, 12, 682, bubbly, 1, 0, 3, 0.35, 8, 1, 0.615, True
4, 10, 13, 267, rsmt, 0, 0, 3, 0.35, 8, 0, 0.533, True
4, 10, 14, 128, saiaes, 0, 0, 2, 0.35, 8, 0, 0.768, True
4, 10, 15, 113, eeeppnoe, 0, 0, 2, 0.35, 8, 0, 0.712, True
4, 10, 16, 235, mpraa, 0, 0, 1, 0.35, 8, 0, 0.85, True
4, 10, 17, 28, lettf, 0, 0, 1, 0.35, 8, 0, 0.651, True
4, 10, 18, 283, aruntle, 0, 0, 0, 0.35, 8, 0, 0.808, True
4, 10, 19, 805, humor, 1, 0, 0, 0.35, 8, 1, 0.691, True
4, 10, 20, 795, helpful, 1, 0, -1, 0.35, 8, 1, 0.658, True
4, 10, 21, 311, sapiarer, 0, 0, -1, 0.35, 8, 0, 0.653, True
4, 10, 22, 110, dhuela, 0, 0, -2, 0.35, 8, 0, 0.599, True
4, 10, 23, 298, atrysna, 0, 0, -2, 0.35, 8, 0, 0.519, True
4, 10, 24, 310, sucyaue, 0, 0, -3, 0.35, 8, 0, 0.52, True
4, 10, 25, 672, bird, 1, 0, -3, 0.35, 8, 0, 0.567, False
4, 10, 26, 782, good, 1, 0, -2, 0.35, 8, 0, 0.447, False
4, 10, 27, 923, sun, 1, 0, -1, 0.35, 8, 1, 0.912, True
4, 10, 28, 822, kiss, 1, 0, -1, 0.35, 8, 1, 2.605, True
4, 10, 29, 687, capable, 1, 0, -2, 0.35, 8, 0, 0.525, False
4, 10, 30, 10, iiifermut, 0, 0, -1, 0.35, 8, 0, 0.605, True
4, 10, 31, 74, lvaseea, 0, 0, -1, 0.35, 8, 0, 0.733, True
4, 10, 32, 853, outdoors, 1, 0, -2, 0.35, 8, 0, 0.583, False
4, 10, 33, 652, adorable, 1, 0, -1, 0.35, 8, 1, 0.642, True
4, 10, 34, 307, saeemlea, 0, 0, -1, 0.35, 8, 0, 0.49, True
4, 10, 35, 857, party, 1, 0, -2, 0.35, 8, 0, 0.994, False
4, 10, 36, 168, iosr, 0, 0, -1, 0.35, 8, 0, 0.688, True
4, 10, 37, 794, heaven, 1, 0, -1, 0.35, 8, 1, 0.607, True
4, 10, 38, 768, freshness, 1, 0, -2, 0.35, 8, 0, 0.783, False
4, 10, 39, 97, ereety, 0, 0, -1, 0.35, 8, 1, 0.629, False
4, 10, 40, 843, millionaire, 1, 0, 0, 0.35, 8, 1, 0.701, True
4, 10, 41, 71, tcpntbasy, 0, 0, 0, 0.35, 8, 0, 0.595, True
4, 10, 42, 191, snriifl, 0, 0, -1, 0.35, 8, 0, 0.463, True
4, 10, 43, 6, iuoflily, 0, 0, -1, 0.35, 8, 0, 0.498, True
4, 10, 44, 907, skijump, 1, 0, -2, 0.35, 8, 0, 0.701, False
4, 10, 45, 24, glheins, 0, 0, -1, 0.35, 8, 0, 0.544, True
4, 10, 46, 765, fortunate, 1, 0, -1, 0.35, 8, 1, 0.786, True
4, 10, 47, 906, silly, 1, 0, -2, 0.35, 8, 0, 0.568, False
4, 10, 48, 929, survive, 1, 0, -1, 0.35, 8, 1, 0.576, True
4, 10, 49, 234, tibdaoeelt, 0, 0, -1, 0.35, 8, 0, 0.554, True
4, 11, 0, 584, tlbjsu, 0, 1, 6, 0.35, 8, 0, 0.466, True
4, 11, 1, 1091, garbage, 1, 1, 6, 0.35, 8, 1, 0.49, True
4, 11, 2, 534, eespbhs, 0, 1, 5, 0.35, 8, 0, 0.45, True
4, 11, 3, 577, ohns, 0, 1, 5, 0.35, 8, 0, 0.418, True
4, 11, 4, 1262, ugly, 1, 1, 4, 0.35, 8, 1, 0.634, True
4, 11, 5, 1098, gripe, 1, 1, 4, 0.35, 8, 1, 0.541, True
4, 11, 6, 625, eesfrf, 0, 1, 3, 0.35, 8, 0, 0.426, True
4, 11, 7, 1256, trap, 1, 1, 3, 0.35, 8, 1, 0.594, True
4, 11, 8, 1099, guillotine, 1, 1, 2, 0.35, 8, 1, 0.647, True
4, 11, 9, 602, wvvuua, 0, 1, 2, 0.35, 8, 0, 0.456, True
4, 11, 10, 1268, upset, 1, 1, 1, 0.35, 8, 0, 0.624, False
4, 11, 11, 1271, vandal, 1, 1, 2, 0.35, 8, 0, 0.733, False
4, 11, 12, 1285, widowed, 1, 1, 3, 0.35, 8, 1, 0.53, True
4, 11, 13, 363, horrei, 0, 1, 3, 0.35, 8, 1, 1.373, False
4, 11, 14, 1126, infuriate, 1, 1, 4, 0.35, 8, 1, 0.789, True
4, 11, 15, 1074, fat, 1, 1, 4, 0.35, 8, 1, 0.407, True
4, 11, 16, 1205, scum, 1, 1, 3, 0.35, 8, 1, 0.506, True
4, 11, 17, 1272, venom, 1, 1, 3, 0.35, 8, 1, 0.434, True
4, 11, 18, 463, iaccecei, 0, 1, 2, 0.35, 8, 0, 0.712, True
4, 11, 19, 1170, ominous, 1, 1, 2, 0.35, 8, 1, 0.645, True
4, 11, 20, 1071, evil, 1, 1, 1, 0.35, 8, 0, 0.946, False
4, 11, 21, 1162, mutilate, 1, 1, 2, 0.35, 8, 1, 0.544, True
4, 11, 22, 553, slpe, 0, 1, 2, 0.35, 8, 1, 0.538, False
4, 11, 23, 1276, violent, 1, 1, 3, 0.35, 8, 1, 0.487, True
4, 11, 24, 426, ogceupync, 0, 1, 3, 0.35, 8, 0, 0.666, True
4, 11, 25, 387, akcie, 0, 1, 2, 0.35, 8, 0, 0.639, True
4, 11, 26, 1192, restless, 1, 1, 2, 0.35, 8, 1, 1.584, True
4, 11, 27, 1061, divorce, 1, 1, 1, 0.35, 8, 0, 1.032, False
4, 11, 28, 1109, headache, 1, 1, 2, 0.35, 8, 1, 0.517, True
4, 11, 29, 389, pdbhrs, 0, 1, 2, 0.35, 8, 0, 0.522, True
4, 11, 30, 1210, shock, 1, 1, 1, 0.35, 8, 0, 0.608, False
4, 11, 31, 456, nll, 0, 1, 2, 0.35, 8, 0, 0.808, True
4, 11, 32, 509, gimnurs, 0, 1, 2, 0.35, 8, 0, 0.455, True
4, 11, 33, 1224, sorry, 1, 1, 1, 0.35, 8, 0, 0.88, False
4, 11, 34, 1092, germs, 1, 1, 2, 0.35, 8, 1, 0.608, True
4, 11, 35, 973, accuse, 1, 1, 2, 0.35, 8, 1, 0.663, True
4, 11, 36, 1154, misery, 1, 1, 1, 0.35, 8, 0, 0.698, False
4, 11, 37, 1054, disappoint, 1, 1, 2, 0.35, 8, 1, 0.549, True
4, 11, 38, 1133, isolated, 1, 1, 2, 0.35, 8, 1, 0.467, True
4, 11, 39, 1194, riot, 1, 1, 1, 0.35, 8, 0, 0.685, False
4, 11, 40, 623, edtslf, 0, 1, 2, 0.35, 8, 0, 0.645, True
4, 11, 41, 1236, surgery, 1, 1, 2, 0.35, 8, 1, 0.501, True
4, 11, 42, 1187, rabies, 1, 1, 1, 0.35, 8, 0, 0.565, False
4, 11, 43, 547, iluantl, 0, 1, 2, 0.35, 8, 0, 1.157, True
4, 11, 44, 521, hresmla, 0, 1, 2, 0.35, 8, 1, 1.498, False
4, 11, 45, 1241, tense, 1, 1, 3, 0.35, 8, 1, 0.424, True
4, 11, 46, 616, htrs, 0, 1, 3, 0.35, 8, 0, 0.525, True
4, 11, 47, 551, plnrtd, 0, 1, 2, 0.35, 8, 0, 0.453, True
4, 11, 48, 1209, shame, 1, 1, 2, 0.35, 8, 1, 0.607, True
4, 11, 49, 624, hoydfas, 0, 1, 1, 0.35, 8, 0, 0.741, True
