6, 0, 0, robin, 1, 1, 37, 7, 0.15, 8, 1, 0.826, True
6, 0, 1, olive, 0, 1, 30, 7, 0.15, 8, 0, 0.719, True
6, 0, 2, stocking, 0, 1, 45, 6, 0.15, 8, 0, 0.873, True
6, 0, 3, sparrow, 1, 1, 42, 6, 0.15, 8, 1, 0.492, True
6, 0, 4, armor, 1, 1, 5, 5, 0.15, 8, 1, 0.8, True
6, 0, 5, twilight, 0, 1, 48, 5, 0.15, 8, 0, 0.727, True
6, 0, 6, cherry, 1, 1, 15, 4, 0.15, 8, 1, 1.554, True
6, 0, 7, scatter, 1, 1, 39, 4, 0.15, 8, 1, 1.018, True
6, 0, 8, dragon, 1, 1, 17, 3, 0.15, 8, 1, 0.666, True
6, 0, 9, velvet, 0, 1, 49, 3, 0.15, 8, 0, 0.76, True
6, 0, 10, squirrel, 1, 1, 43, 2, 0.15, 8, 0, 0.931, False
6, 0, 11, eagle, 0, 1, 18, 3, 0.15, 8, 0, 0.838, True
6, 0, 12, lily, 0, 1, 24, 3, 0.15, 8, 0, 0.909, True
6, 0, 13, body, 0, 1, 9, 2, 0.15, 8, 0, 1.025, True
6, 0, 14, canoe, 0, 1, 14, 2, 0.15, 8, 0, 1.122, True
6, 0, 15, acre, 1, 1, 1, 1, 0.15, 8, 1, 0.814, True
6, 0, 16, black, 0, 1, 8, 1, 0.15, 8, 0, 1.544, True
6, 0, 17, feather, 1, 1, 19, 1, 0.15, 8, 0, 1.09, False
6, 0, 18, steamer, 1, 1, 44, 2, 0.15, 8, 0, 1.152, False
6, 0, 19, bushel, 0, 1, 11, 3, 0.15, 8, 0, 0.89, True
6, 0, 20, monster, 1, 1, 29, 3, 0.15, 8, 1, 1.055, True
6, 0, 21, orchard, 1, 1, 31, 2, 0.15, 8, 0, 1.006, False
6, 0, 22, cable, 0, 1, 12, 3, 0.15, 8, 0, 0.99, True
6, 0, 23, bargain, 1, 1, 6, 3, 0.15, 8, 1, 0.91, True
6, 0, 24, receipt, 1, 1, 36, 2, 0.15, 8, 0, 0.771, False
6, 0, 25, wrinkle, 1, 1, 50, 3, 0.15, 8, 1, 1.069, True
6, 0, 26, pigeon, 0, 1, 35, 3, 0.15, 8, 0, 1.051, True
6, 0, 27, monarch, 1, 1, 28, 2, 0.15, 8, 0, 0.809, False
6, 0, 28, shepherd, 1, 1, 40, 3, 0.15, 8, 1, 0.945, True
6, 0, 29, slipper, 1, 1, 41, 3, 0.15, 8, 1, 0.66, True
6, 0, 30, oyster, 1, 1, 33, 2, 0.15, 8, 1, 1.219, True
6, 0, 31, oven, 0, 1, 32, 2, 0.15, 8, 0, 0.81, True
6, 0, 32, linen, 0, 1, 25, 1, 0.15, 8, 0, 0.868, True
6, 0, 33, parcel, 1, 1, 34, 1, 0.15, 8, 0, 0.811, False
6, 0, 34, apple, 0, 1, 4, 2, 0.15, 8, 1, 0.644, False
6, 0, 35, branch, 1, 1, 10, 3, 0.15, 8, 1, 0.675, True
6, 0, 36, beaver, 1, 1, 7, 3, 0.15, 8, 1, 0.656, True
6, 0, 37, canal, 0, 1, 13, 2, 0.15, 8, 0, 0.751, True
6, 0, 38, mistress, 1, 1, 27, 2, 0.15, 8, 0, 0.634, False
6, 0, 39, garment, 1, 1, 20, 3, 0.15, 8, 1, 0.666, True
6, 0, 40, tiger, 1, 1, 47, 3, 0.15, 8, 1, 0.584, True
6, 0, 41, madam, 0, 1, 26, 2, 0.15, 8, 0, 0.603, True
6, 0, 42, kitten, 0, 1, 23, 2, 0.15, 8, 0, 0.7, True
6, 0, 43, alien, 0, 1, 2, 1, 0.15, 8, 0, 0.811, True
6, 0, 44, helmet, 0, 1, 22, 1, 0.15, 8, 1, 0.836, False
6, 0, 45, sulphur, 1, 1, 46, 2, 0.15, 8, 0, 0.828, False
6, 0, 46, device, 0, 1, 16, 3, 0.15, 8, 0, 0.851, True
6, 0, 47, sailor, 1, 1, 38, 3, 0.15, 8, 1, 0.81, True
6, 0, 48, goddess, 0, 1, 21, 2, 0.15, 8, 0, 0.61, True
6, 0, 49, alter, 1, 1, 3, 2, 0.15, 8, 0, 0.675, False
6, 1, 50, earring, 1, 1, 199, 4, 0.15, 8, 1, 0.848, True
6, 1, 51, square, 1, 1, 178, 4, 0.15, 8, 1, 0.662, True
6, 1, 52, dryer, 1, 1, 68, 3, 0.15, 8, 1, 0.58, True
6, 1, 53, doctor, 1, 1, 132, 3, 0.15, 8, 1, 0.55, True
6, 1, 54, moth, 0, 1, 31, 2, 0.15, 8, 0, 0.666, True
6, 1, 55, machine, 0, 1, 215, 2, 0.15, 8, 0, 0.841, True
6, 1, 56, fork, 1, 1, 13, 1, 0.15, 8, 1, 0.753, True
6, 1, 57, ankle, 0, 1, 55, 1, 0.15, 8, 0, 0.765, True
6, 1, 58, swamp, 0, 1, 106, 1, 0.15, 8, 0, 0.744, True
6, 1, 59, lamb, 0, 1, 25, 1, 0.15, 8, 1, 0.836, False
6, 1, 60, plaster, 1, 1, 220, 2, 0.15, 8, 1, 0.748, True
6, 1, 61, hydrant, 1, 1, 210, 2, 0.15, 8, 0, 0.824, False
6, 1, 62, circle, 1, 1, 126, 3, 0.15, 8, 1, 0.816, True
6, 1, 63, border, 1, 1, 122, 3, 0.15, 8, 1, 0.6, True
6, 1, 64, quote, 0, 1, 93, 2, 0.15, 8, 0, 0.681, True
6, 1, 65, banner, 1, 1, 118, 2, 0.15, 8, 1, 0.743, True
6, 1, 66, storm, 1, 1, 104, 1, 0.15, 8, 0, 0.564, False
6, 1, 67, hairpin, 1, 1, 207, 2, 0.15, 8, 1, 0.871, True
6, 1, 68, cork, 1, 1, 6, 2, 0.15, 8, 1, 0.733, True
6, 1, 69, flame, 0, 1, 70, 1, 0.15, 8, 0, 0.762, True
6, 1, 70, keen, 0, 1, 23, 1, 0.15, 8, 0, 0.661, True
6, 1, 71, total, 0, 1, 108, 1, 0.15, 8, 1, 1.029, False
6, 1, 72, mystic, 0, 1, 158, 2, 0.15, 8, 1, 0.789, False
6, 1, 73, cord, 1, 1, 5, 3, 0.15, 8, 1, 0.942, True
6, 1, 74, roof, 1, 1, 39, 3, 0.15, 8, 1, 0.641, True
6, 1, 75, sponge, 0, 1, 177, 2, 0.15, 8, 1, 0.785, False
6, 1, 76, closet, 0, 1, 127, 3, 0.15, 8, 0, 0.826, True
6, 1, 77, teacher, 1, 1, 227, 3, 0.15, 8, 1, 0.785, True
6, 1, 78, locate, 0, 1, 147, 2, 0.15, 8, 0, 0.764, True
6, 1, 79, farm, 1, 1, 11, 2, 0.15, 8, 1, 0.886, True
6, 1, 80, phase, 0, 1, 87, 1, 0.15, 8, 0, 0.621, True
6, 1, 81, history, 1, 1, 209, 1, 0.15, 8, 1, 0.687, True
6, 1, 82, hawk, 0, 1, 19, 1, 0.15, 8, 0, 0.653, True
6, 1, 83, statue, 0, 1, 180, 1, 0.15, 8, 0, 1.374, True
6, 1, 84, serious, 1, 1, 224, 1, 0.15, 8, 1, 0.656, True
6, 1, 85, stereo, 1, 1, 181, 1, 0.15, 8, 0, 1.168, False
6, 1, 86, blase, 0, 1, 59, 2, 0.15, 8, 0, 1.002, True
6, 1, 87, patio, 0, 1, 86, 2, 0.15, 8, 1, 0.795, False
6, 1, 88, rake, 1, 1, 37, 3, 0.15, 8, 0, 1.46, False
6, 1, 89, manner, 1, 1, 149, 4, 0.15, 8, 1, 0.576, True
6, 1, 90, highway, 0, 1, 208, 4, 0.15, 8, 0, 0.721, True
6, 1, 91, metal, 0, 1, 79, 3, 0.15, 8, 0, 0.845, True
6, 1, 92, polish, 0, 1, 164, 3, 0.15, 8, 1, 0.628, False
6, 1, 93, spray, 1, 1, 100, 4, 0.15, 8, 1, 0.659, True
6, 1, 94, photo, 0, 1, 88, 4, 0.15, 8, 0, 0.639, True
6, 1, 95, shower, 1, 1, 173, 3, 0.15, 8, 1, 0.718, True
6, 1, 96, rattle, 1, 1, 166, 3, 0.15, 8, 1, 0.842, True
6, 1, 97, incline, 0, 1, 211, 2, 0.15, 8, 0, 0.61, True
6, 1, 98, finger, 1, 1, 137, 2, 0.15, 8, 0, 0.723, False
6, 1, 99, gender, 1, 1, 138, 3, 0.15, 8, 1, 0.766, True
6, 2, 100, putrid, 1, 2, 375, 4, 0.15, 8, 1, 0.948, True
6, 2, 101, burden, 1, 2, 340, 4, 0.15, 8, 1, 0.71, True
6, 2, 102, crucify, 1, 2, 405, 3, 0.15, 8, 1, 0.546, True
6, 2, 103, rage, 1, 2, 258, 3, 0.15, 8, 1, 0.501, True
6, 2, 104, fault, 0, 2, 295, 2, 0.15, 8, 0, 0.603, True
6, 2, 105, ache, 0, 2, 233, 2, 0.15, 8, 1, 0.445, False
6, 2, 106, germs, 1, 2, 299, 3, 0.15, 8, 1, 0.725, True
6, 2, 107, poverty, 1, 2, 435, 3, 0.15, 8, 1, 0.687, True
6, 2, 108, dead, 0, 2, 236, 2, 0.15, 8, 0, 0.606, True
6, 2, 109, bleed, 0, 2, 280, 2, 0.15, 8, 1, 0.479, False
6, 2, 110, rabies, 1, 2, 376, 3, 0.15, 8, 1, 0.629, True
6, 2, 111, pollute, 0, 2, 434, 3, 0.15, 8, 0, 0.757, True
6, 2, 112, drown, 1, 2, 293, 2, 0.15, 8, 0, 0.736, False
6, 2, 113, pest, 0, 2, 257, 3, 0.15, 8, 0, 0.748, True
6, 2, 114, coward, 1, 2, 345, 3, 0.15, 8, 0, 0.663, False
6, 2, 115, suffer, 1, 2, 387, 4, 0.15, 8, 1, 1.748, True
6, 2, 116, poison, 0, 2, 372, 4, 0.15, 8, 0, 0.628, True
6, 2, 117, sore, 1, 2, 267, 3, 0.15, 8, 1, 0.724, True
6, 2, 118, torture, 1, 2, 446, 3, 0.15, 8, 1, 0.656, True
6, 2, 119, flabby, 0, 2, 352, 2, 0.15, 8, 0, 0.639, True
6, 2, 120, misery, 1, 2, 366, 2, 0.15, 8, 0, 0.783, False
6, 2, 121, divorce, 1, 2, 411, 3, 0.15, 8, 1, 0.681, True
6, 2, 122, grave, 1, 2, 301, 3, 0.15, 8, 1, 0.55, True
6, 2, 123, sick, 0, 2, 264, 2, 0.15, 8, 0, 0.826, True
6, 2, 124, vomit, 0, 2, 325, 2, 0.15, 8, 0, 0.914, True
6, 2, 125, angry, 1, 2, 275, 1, 0.15, 8, 1, 0.887, True
6, 2, 126, assault, 0, 2, 403, 1, 0.15, 8, 0, 0.91, True
6, 2, 127, thief, 0, 2, 319, 1, 0.15, 8, 0, 0.355, True
6, 2, 128, seasick, 0, 2, 438, 1, 0.15, 8, 0, 0.544, True
6, 2, 129, panic, 0, 2, 309, 1, 0.15, 8, 1, 0.805, False
6, 2, 130, victim, 0, 2, 396, 2, 0.15, 8, 1, 1.277, False
6, 2, 131, severe, 1, 2, 381, 3, 0.15, 8, 1, 0.786, True
6, 2, 132, guilt, 0, 2, 305, 3, 0.15, 8, 0, 0.715, True
6, 2, 133, malaria, 1, 2, 424, 2, 0.15, 8, 0, 0.744, False
6, 2, 134, rude, 1, 2, 262, 3, 0.15, 8, 1, 0.675, True
6, 2, 135, danger, 1, 2, 348, 3, 0.15, 8, 1, 0.592, True
6, 2, 136, afraid, 1, 2, 334, 2, 0.15, 8, 0, 0.482, False
6, 2, 137, pervert, 1, 2, 433, 3, 0.15, 8, 1, 0.648, True
6, 2, 138, upset, 0, 2, 323, 3, 0.15, 8, 0, 0.759, True
6, 2, 139, greed, 1, 2, 302, 2, 0.15, 8, 0, 0.673, False
6, 2, 140, outcast, 0, 2, 431, 3, 0.15, 8, 0, 0.784, True
6, 2, 141, addict, 0, 2, 333, 3, 0.15, 8, 0, 0.713, True
6, 2, 142, hell, 0, 2, 249, 2, 0.15, 8, 0, 0.47, True
6, 2, 143, spider, 1, 2, 383, 2, 0.15, 8, 0, 0.525, False
6, 2, 144, cruelty, 1, 2, 406, 3, 0.15, 8, 1, 0.529, True
6, 2, 145, hostile, 0, 2, 420, 3, 0.15, 8, 0, 0.501, True
6, 2, 146, bitchy, 0, 2, 336, 2, 0.15, 8, 0, 0.587, True
6, 2, 147, lice, 0, 2, 252, 2, 0.15, 8, 0, 0.589, True
6, 2, 148, killed, 0, 2, 361, 1, 0.15, 8, 1, 0.432, False
6, 2, 149, riot, 1, 2, 260, 2, 0.15, 8, 0, 0.473, False
6, 3, 150, friend, 1, 3, 567, 4, 0.15, 8, 1, 0.977, True
6, 3, 151, bright, 1, 3, 548, 4, 0.15, 8, 1, 0.833, True
6, 3, 152, earth, 1, 3, 510, 3, 0.15, 8, 1, 0.6, True
6, 3, 153, dancer, 1, 3, 556, 3, 0.15, 8, 1, 0.633, True
6, 3, 154, people, 0, 3, 582, 2, 0.15, 8, 0, 0.633, True
6, 3, 155, admired, 1, 3, 603, 2, 0.15, 8, 0, 0.89, False
6, 3, 156, jolly, 0, 3, 520, 3, 0.15, 8, 0, 0.734, True
6, 3, 157, beloved, 0, 3, 605, 3, 0.15, 8, 0, 0.682, True
6, 3, 158, king, 0, 3, 481, 2, 0.15, 8, 0, 0.712, True
6, 3, 159, benefit, 0, 3, 606, 2, 0.15, 8, 1, 0.837, False
6, 3, 160, music, 0, 3, 528, 3, 0.15, 8, 0, 0.732, True
6, 3, 161, money, 0, 3, 527, 3, 0.15, 8, 0, 0.679, True
6, 3, 162, joyous, 0, 3, 573, 2, 0.15, 8, 0, 0.486, True
6, 3, 163, warmth, 1, 3, 602, 2, 0.15, 8, 0, 0.444, False
6, 3, 164, trust, 1, 3, 542, 3, 0.15, 8, 1, 0.644, True
6, 3, 165, blossom, 0, 3, 607, 3, 0.15, 8, 0, 0.771, True
6, 3, 166, earnest, 1, 3, 615, 2, 0.15, 8, 0, 0.637, False
6, 3, 167, cool, 0, 3, 462, 3, 0.15, 8, 0, 0.781, True
6, 3, 168, pious, 0, 3, 532, 3, 0.15, 8, 0, 0.806, True
6, 3, 169, orgasm, 1, 3, 580, 2, 0.15, 8, 0, 0.528, False
6, 3, 170, cake, 0, 3, 459, 3, 0.15, 8, 0, 0.579, True
6, 3, 171, erotic, 1, 3, 564, 3, 0.15, 8, 0, 0.437, False
6, 3, 172, safe, 0, 3, 488, 4, 0.15, 8, 0, 0.988, True
6, 3, 173, sunny, 0, 3, 540, 4, 0.15, 8, 0, 0.685, True
6, 3, 174, heaven, 0, 3, 570, 3, 0.15, 8, 0, 0.778, True
6, 3, 175, engaged, 0, 3, 618, 3, 0.15, 8, 0, 0.692, True
6, 3, 176, rainbow, 1, 3, 635, 2, 0.15, 8, 0, 0.817, False
6, 3, 177, tender, 1, 3, 597, 3, 0.15, 8, 1, 0.809, True
6, 3, 178, gentle, 0, 3, 568, 3, 0.15, 8, 0, 0.657, True
6, 3, 179, circus, 1, 3, 552, 2, 0.15, 8, 0, 0.497, False
6, 3, 180, child, 0, 3, 507, 3, 0.15, 8, 0, 0.614, True
6, 3, 181, victory, 1, 3, 648, 3, 0.15, 8, 1, 0.902, True
6, 3, 182, festive, 0, 3, 621, 2, 0.15, 8, 0, 0.635, True
6, 3, 183, cheer, 1, 3, 506, 2, 0.15, 8, 0, 0.748, False
6, 3, 184, ardent, 1, 3, 547, 3, 0.15, 8, 1, 0.678, True
6, 3, 185, puppy, 0, 3, 535, 3, 0.15, 8, 0, 0.756, True
6, 3, 186, proud, 1, 3, 534, 2, 0.15, 8, 0, 0.863, False
6, 3, 187, admire, 1, 3, 544, 3, 0.15, 8, 1, 0.629, True
6, 3, 188, wise, 0, 3, 495, 3, 0.15, 8, 0, 0.677, True
6, 3, 189, easy, 0, 3, 465, 2, 0.15, 8, 0, 0.467, True
6, 3, 190, merry, 1, 3, 526, 2, 0.15, 8, 0, 0.394, False
6, 3, 191, happy, 0, 3, 515, 3, 0.15, 8, 0, 0.74, True
6, 3, 192, heart, 1, 3, 516, 3, 0.15, 8, 0, 0.511, False
6, 3, 193, rescue, 1, 3, 586, 4, 0.15, 8, 1, 0.595, True
6, 3, 194, tactful, 0, 3, 646, 4, 0.15, 8, 0, 0.755, True
6, 3, 195, riches, 1, 3, 588, 3, 0.15, 8, 1, 0.638, True
6, 3, 196, heal, 0, 3, 475, 3, 0.15, 8, 0, 0.67, True
6, 3, 197, nice, 0, 3, 486, 2, 0.15, 8, 1, 0.701, False
6, 3, 198, diamond, 0, 3, 613, 3, 0.15, 8, 0, 0.697, True
6, 3, 199, party, 1, 3, 530, 3, 0.15, 8, 1, 0.662, True
6, 4, 200, nursery, 1, 1, 217, 4, 0.15, 8, 1, 1.096, True
6, 4, 201, passage, 0, 1, 218, 4, 0.15, 8, 0, 0.707, True
6, 4, 202, obey, 0, 1, 33, 3, 0.15, 8, 0, 0.719, True
6, 4, 203, factory, 1, 1, 200, 3, 0.15, 8, 1, 0.604, True
6, 4, 204, stairs, 1, 1, 179, 2, 0.15, 8, 0, 0.525, False
6, 4, 205, time, 0, 1, 48, 3, 0.15, 8, 0, 0.737, True
6, 4, 206, quart, 1, 1, 91, 3, 0.15, 8, 1, 0.556, True
6, 4, 207, measure, 1, 1, 216, 2, 0.15, 8, 0, 0.576, False
6, 4, 208, terrace, 1, 1, 228, 3, 0.15, 8, 1, 0.53, True
6, 4, 209, mantel, 0, 1, 150, 3, 0.15, 8, 0, 0.774, True
6, 4, 210, gene, 0, 1, 16, 2, 0.15, 8, 1, 0.496, False
6, 4, 211, engine, 0, 1, 133, 3, 0.15, 8, 0, 0.741, True
6, 4, 212, violin, 0, 1, 186, 3, 0.15, 8, 0, 0.912, True
6, 4, 213, jelly, 0, 1, 76, 2, 0.15, 8, 0, 0.724, True
6, 4, 214, street, 1, 1, 182, 2, 0.15, 8, 1, 0.769, True
6, 4, 215, tank, 0, 1, 46, 1, 0.15, 8, 0, 0.877, True
6, 4, 216, seat, 0, 1, 41, 1, 0.15, 8, 0, 0.899, True
6, 4, 217, tower, 1, 1, 110, 1, 0.15, 8, 1, 0.825, True
6, 4, 218, glass, 0, 1, 72, 1, 0.15, 8, 1, 0.77, False
6, 4, 219, rain, 1, 1, 36, 2, 0.15, 8, 0, 0.668, False
6, 4, 220, truck, 1, 1, 112, 3, 0.15, 8, 1, 0.683, True
6, 4, 221, milk, 0, 1, 30, 3, 0.15, 8, 0, 0.92, True
6, 4, 222, wash, 0, 1, 53, 2, 0.15, 8, 0, 0.493, True
6, 4, 223, muddy, 0, 1, 82, 2, 0.15, 8, 0, 0.434, True
6, 4, 224, chair, 1, 1, 62, 1, 0.15, 8, 0, 1.116, False
6, 4, 225, yellow, 0, 1, 189, 2, 0.15, 8, 1, 0.52, False
6, 4, 226, steps, 0, 1, 102, 3, 0.15, 8, 0, 0.748, True
6, 4, 227, basket, 0, 1, 120, 3, 0.15, 8, 0, 0.775, True
6, 4, 228, frog, 1, 1, 14, 2, 0.15, 8, 0, 0.561, False
6, 4, 229, rough, 1, 1, 95, 3, 0.15, 8, 1, 0.564, True
6, 4, 230, humble, 0, 1, 141, 3, 0.15, 8, 0, 0.47, True
6, 4, 231, vase, 0, 1, 51, 2, 0.15, 8, 1, 0.573, False
6, 4, 232, wagon, 0, 1, 115, 3, 0.15, 8, 0, 0.783, True
6, 4, 233, poetry, 1, 1, 163, 3, 0.15, 8, 1, 1.352, True
6, 4, 234, noisy, 0, 1, 83, 2, 0.15, 8, 0, 1.195, True
6, 4, 235, tool, 0, 1, 49, 2, 0.15, 8, 0, 0.963, True
6, 4, 236, glacier, 1, 1, 204, 1, 0.15, 8, 0, 0.486, False
6, 4, 237, somehow, 0, 1, 225, 2, 0.15, 8, 1, 0.765, False
6, 4, 238, fabric, 1, 1, 136, 3, 0.15, 8, 1, 0.743, True
6, 4, 239, cellar, 1, 1, 125, 3, 0.15, 8, 0, 0.802, False
6, 4, 240, paper, 1, 1, 85, 4, 0.15, 8, 1, 0.698, True
6, 4, 241, hard, 1, 1, 18, 4, 0.15, 8, 1, 0.71, True
6, 4, 242, quiet, 0, 1, 92, 3, 0.15, 8, 0, 0.69, True
6, 4, 243, screen, 1, 1, 170, 3, 0.15, 8, 1, 0.751, True
6, 4, 244, butter, 1, 1, 123, 2, 0.15, 8, 0, 0.73, False
6, 4, 245, mirror, 1, 1, 154, 3, 0.15, 8, 1, 0.598, True
6, 4, 246, bland, 0, 1, 58, 3, 0.15, 8, 0, 0.759, True
6, 4, 247, shadow, 0, 1, 171, 2, 0.15, 8, 0, 0.449, True
6, 4, 248, grouped, 1, 1, 206, 2, 0.15, 8, 1, 0.489, True
6, 4, 249, loyal, 0, 1, 78, 1, 0.15, 8, 0, 0.656, True
6, 5, 250, loser, 1, 2, 306, 4, 0.15, 8, 1, 0.975, True
6, 5, 251, wicked, 0, 2, 397, 4, 0.15, 8, 0, 0.591, True
6, 5, 252, tomb, 0, 2, 268, 3, 0.15, 8, 0, 0.593, True
6, 5, 253, rape, 1, 2, 259, 3, 0.15, 8, 1, 0.482, True
6, 5, 254, garbage, 1, 2, 416, 2, 0.15, 8, 0, 0.44, False
6, 5, 255, damage, 0, 2, 347, 3, 0.15, 8, 0, 0.496, True
6, 5, 256, shame, 0, 2, 312, 3, 0.15, 8, 0, 0.694, True
6, 5, 257, failure, 1, 2, 413, 2, 0.15, 8, 0, 0.643, False
6, 5, 258, trauma, 1, 2, 392, 3, 0.15, 8, 1, 0.61, True
6, 5, 259, bored, 1, 2, 281, 3, 0.15, 8, 1, 0.642, True
6, 5, 260, nerves, 1, 2, 370, 2, 0.15, 8, 0, 0.498, False
6, 5, 261, crime, 1, 2, 285, 3, 0.15, 8, 1, 0.695, True
6, 5, 262, awful, 0, 2, 278, 3, 0.15, 8, 0, 0.564, True
6, 5, 263, envy, 0, 2, 240, 2, 0.15, 8, 0, 0.807, True
6, 5, 264, horror, 1, 2, 356, 2, 0.15, 8, 0, 0.512, False
6, 5, 265, death, 0, 2, 289, 3, 0.15, 8, 1, 0.517, False
6, 5, 266, slave, 0, 2, 314, 4, 0.15, 8, 0, 1.113, True
6, 5, 267, doubt, 0, 2, 292, 4, 0.15, 8, 0, 0.643, True
6, 5, 268, deceit, 0, 2, 349, 3, 0.15, 8, 0, 0.738, True
6, 5, 269, whore, 1, 2, 327, 3, 0.15, 8, 0, 0.51, False
6, 5, 270, measles, 0, 2, 425, 4, 0.15, 8, 0, 0.85, True
6, 5, 271, destroy, 1, 2, 410, 4, 0.15, 8, 1, 0.615, True
6, 5, 272, abused, 0, 2, 331, 3, 0.15, 8, 0, 0.616, True
6, 5, 273, uneasy, 0, 2, 393, 3, 0.15, 8, 0, 0.472, True
6, 5, 274, crash, 1, 2, 283, 2, 0.15, 8, 0, 0.415, False
6, 5, 275, crisis, 1, 2, 346, 3, 0.15, 8, 0, 0.456, False
6, 5, 276, wounds, 0, 2, 398, 4, 0.15, 8, 0, 0.623, True
6, 5, 277, traitor, 1, 2, 448, 4, 0.15, 8, 1, 0.718, True
6, 5, 278, fury, 1, 2, 244, 3, 0.15, 8, 0, 0.474, False
6, 5, 279, feeble, 0, 2, 351, 4, 0.15, 8, 0, 0.672, True
6, 5, 280, robber, 1, 2, 378, 4, 0.15, 8, 1, 0.541, True
6, 5, 281, neglect, 0, 2, 427, 3, 0.15, 8, 0, 0.56, True
6, 5, 282, hang, 0, 2, 246, 3, 0.15, 8, 0, 0.627, True
6, 5, 283, filth, 0, 2, 297, 2, 0.15, 8, 0, 0.451, True
6, 5, 284, morgue, 1, 2, 368, 2, 0.15, 8, 0, 0.475, False
6, 5, 285, bomb, 0, 2, 234, 3, 0.15, 8, 0, 0.753, True
6, 5, 286, hate, 0, 2, 248, 3, 0.15, 8, 0, 0.476, True
6, 5, 287, violent, 0, 2, 453, 2, 0.15, 8, 0, 0.402, True
6, 5, 288, crushed, 1, 2, 407, 2, 0.15, 8, 0, 0.349, False
6, 5, 289, ulcer, 1, 2, 322, 3, 0.15, 8, 0, 0.392, False
6, 5, 290, regret, 1, 2, 377, 4, 0.15, 8, 1, 0.544, True
6, 5, 291, jail, 0, 2, 251, 4, 0.15, 8, 0, 0.611, True
6, 5, 292, avoid, 0, 2, 277, 3, 0.15, 8, 0, 0.387, True
6, 5, 293, inhibit, 0, 2, 422, 3, 0.15, 8, 0, 0.397, True
6, 5, 294, pain, 0, 2, 256, 2, 0.15, 8, 1, 0.471, False
6, 5, 295, lonely, 0, 2, 362, 3, 0.15, 8, 0, 0.621, True
6, 5, 296, inflict, 0, 2, 421, 3, 0.15, 8, 0, 1.038, True
6, 5, 297, cancer, 1, 2, 342, 2, 0.15, 8, 0, 0.541, False
6, 5, 298, incite, 0, 2, 357, 3, 0.15, 8, 0, 0.592, True
6, 5, 299, doom, 0, 2, 239, 3, 0.15, 8, 1, 0.721, False
6, 6, 300, bless, 0, 3, 500, 4, 0.15, 8, 0, 0.652, True
6, 6, 301, spring, 1, 3, 593, 4, 0.15, 8, 1, 0.714, True
6, 6, 302, scholar, 1, 3, 638, 3, 0.15, 8, 1, 0.647, True
6, 6, 303, bride, 1, 3, 503, 3, 0.15, 8, 1, 0.693, True
6, 6, 304, comfort, 1, 3, 611, 2, 0.15, 8, 0, 0.483, False
6, 6, 305, hope, 0, 3, 478, 3, 0.15, 8, 0, 0.633, True
6, 6, 306, cute, 0, 3, 464, 3, 0.15, 8, 0, 0.68, True
6, 6, 307, respect, 1, 3, 637, 2, 0.15, 8, 0, 0.455, False
6, 6, 308, stamina, 0, 3, 642, 3, 0.15, 8, 0, 0.942, True
6, 6, 309, dinner, 1, 3, 560, 3, 0.15, 8, 1, 0.497, True
6, 6, 310, aroused, 1, 3, 604, 2, 0.15, 8, 0, 0.406, False
6, 6, 311, calm, 0, 3, 460, 3, 0.15, 8, 0, 0.671, True
6, 6, 312, color, 1, 3, 508, 3, 0.15, 8, 0, 0.429, False
6, 6, 313, palace, 0, 3, 581, 4, 0.15, 8, 0, 0.565, True
6, 6, 314, reward, 1, 3, 587, 4, 0.15, 8, 1, 0.534, True
6, 6, 315, ecstasy, 0, 3, 616, 3, 0.15, 8, 0, 0.522, True
6, 6, 316, lust, 0, 3, 485, 3, 0.15, 8, 1, 0.559, False
6, 6, 317, home, 0, 3, 477, 4, 0.15, 8, 0, 0.608, True
6, 6, 318, treat, 1, 3, 541, 4, 0.15, 8, 1, 0.528, True
6, 6, 319, mother, 1, 3, 578, 3, 0.15, 8, 1, 0.596, True
6, 6, 320, trophy, 1, 3, 600, 3, 0.15, 8, 1, 0.629, True
6, 6, 321, father, 1, 3, 566, 2, 0.15, 8, 0, 0.421, False
6, 6, 322, couple, 0, 3, 554, 3, 0.15, 8, 0, 0.574, True
6, 6, 323, spouse, 0, 3, 592, 3, 0.15, 8, 0, 0.911, True
6, 6, 324, sparkle, 1, 3, 641, 2, 0.15, 8, 1, 0.468, True
6, 6, 325, love, 0, 3, 484, 2, 0.15, 8, 0, 0.459, True
6, 6, 326, energy, 1, 3, 563, 1, 0.15, 8, 0, 0.723, False
6, 6, 327, leader, 1, 3, 574, 2, 0.15, 8, 0, 0.56, False
6, 6, 328, hero, 1, 3, 476, 3, 0.15, 8, 1, 0.562, True
6, 6, 329, champ, 0, 3, 505, 3, 0.15, 8, 1, 0.645, False
6, 6, 330, travel, 1, 3, 599, 4, 0.15, 8, 1, 0.563, True
6, 6, 331, flirt, 1, 3, 511, 4, 0.15, 8, 1, 0.693, True
6, 6, 332, improve, 1, 3, 628, 3, 0.15, 8, 0, 0.866, False
6, 6, 333, joke, 0, 3, 479, 4, 0.15, 8, 0, 0.599, True
6, 6, 334, gift, 0, 3, 470, 4, 0.15, 8, 0, 0.519, True
6, 6, 335, ocean, 0, 3, 529, 3, 0.15, 8, 0, 0.476, True
6, 6, 336, nature, 1, 3, 579, 3, 0.15, 8, 0, 0.306, False
6, 6, 337, cash, 0, 3, 461, 4, 0.15, 8, 0, 0.494, True
6, 6, 338, good, 0, 3, 473, 4, 0.15, 8, 0, 0.37, True
6, 6, 339, free, 1, 3, 469, 3, 0.15, 8, 1, 0.589, True
6, 6, 340, fame, 0, 3, 466, 3, 0.15, 8, 0, 0.463, True
6, 6, 341, cozy, 0, 3, 463, 2, 0.15, 8, 0, 0.406, True
6, 6, 342, snow, 0, 3, 490, 2, 0.15, 8, 0, 0.416, True
6, 6, 343, quiet, 0, 3, 536, 1, 0.15, 8, 0, 0.426, True
6, 6, 344, skijump, 0, 3, 639, 1, 0.15, 8, 0, 0.42, True
6, 6, 345, freedom, 1, 3, 622, 1, 0.15, 8, 0, 0.43, False
6, 6, 346, thrill, 1, 3, 598, 2, 0.15, 8, 0, 0.679, False
6, 6, 347, survive, 1, 3, 645, 3, 0.15, 8, 1, 0.692, True
6, 6, 348, devoted, 0, 3, 612, 3, 0.15, 8, 0, 0.833, True
6, 6, 349, cuddle, 0, 3, 555, 2, 0.15, 8, 0, 0.554, True
6, 7, 350, trumpet, 1, 1, 229, 4, 0.15, 8, 1, 0.9, True
6, 7, 351, window, 0, 1, 187, 4, 0.15, 8, 0, 0.648, True
6, 7, 352, journal, 1, 1, 212, 3, 0.15, 8, 0, 0.599, False
6, 7, 353, bench, 0, 1, 57, 4, 0.15, 8, 0, 0.663, True
6, 7, 354, boxer, 1, 1, 60, 4, 0.15, 8, 1, 0.789, True
6, 7, 355, juice, 0, 1, 77, 3, 0.15, 8, 0, 0.478, True
6, 7, 356, knot, 0, 1, 24, 3, 0.15, 8, 0, 0.548, True
6, 7, 357, minute, 0, 1, 153, 2, 0.15, 8, 0, 0.44, True
6, 7, 358, horse, 1, 1, 74, 2, 0.15, 8, 0, 0.432, False
6, 7, 359, column, 0, 1, 128, 3, 0.15, 8, 0, 0.664, True
6, 7, 360, coast, 0, 1, 66, 3, 0.15, 8, 0, 0.455, True
6, 7, 361, runner, 1, 1, 168, 2, 0.15, 8, 0, 0.495, False
6, 7, 362, lawn, 0, 1, 27, 3, 0.15, 8, 0, 0.788, True
6, 7, 363, hammer, 1, 1, 140, 3, 0.15, 8, 0, 0.589, False
6, 7, 364, repair, 1, 1, 167, 4, 0.15, 8, 1, 0.573, True
6, 7, 365, pencil, 0, 1, 162, 4, 0.15, 8, 0, 0.783, True
6, 7, 366, furnace, 1, 1, 202, 3, 0.15, 8, 0, 0.664, False
6, 7, 367, dentist, 0, 1, 197, 4, 0.15, 8, 0, 0.726, True
6, 7, 368, icebox, 0, 1, 142, 4, 0.15, 8, 0, 0.897, True
6, 7, 369, golfer, 1, 1, 139, 3, 0.15, 8, 1, 0.597, True
6, 7, 370, market, 1, 1, 151, 3, 0.15, 8, 0, 0.486, False
6, 7, 371, chimney, 0, 1, 195, 4, 0.15, 8, 0, 0.795, True
6, 7, 372, corner, 1, 1, 129, 4, 0.15, 8, 1, 0.707, True
6, 7, 373, carpet, 1, 1, 124, 3, 0.15, 8, 1, 0.624, True
6, 7, 374, gateway, 0, 1, 203, 3, 0.15, 8, 0, 0.48, True
6, 7, 375, dresser, 1, 1, 198, 2, 0.15, 8, 0, 0.438, False
6, 7, 376, dish, 0, 1, 8, 3, 0.15, 8, 0, 0.575, True
6, 7, 377, clock, 0, 1, 64, 3, 0.15, 8, 0, 0.72, True
6, 7, 378, limber, 1, 1, 146, 2, 0.15, 8, 0, 0.717, False
6, 7, 379, errand, 1, 1, 134, 3, 0.15, 8, 0, 0.441, False
6, 7, 380, avenue, 0, 1, 117, 4, 0.15, 8, 0, 0.736, True
6, 7, 381, century, 1, 1, 194, 4, 0.15, 8, 1, 0.474, True
6, 7, 382, utensil, 0, 1, 230, 3, 0.15, 8, 0, 0.944, True
6, 7, 383, mixer, 1, 1, 80, 3, 0.15, 8, 1, 0.755, True
6, 7, 384, theory, 1, 1, 184, 2, 0.15, 8, 0, 0.574, False
6, 7, 385, part, 1, 1, 35, 3, 0.15, 8, 0, 0.561, False
6, 7, 386, barrel, 1, 1, 119, 4, 0.15, 8, 1, 0.642, True
6, 7, 387, trunk, 1, 1, 113, 4, 0.15, 8, 0, 0.56, False
6, 7, 388, detail, 0, 1, 131, 5, 0.15, 8, 0, 0.674, True
6, 7, 389, range, 1, 1, 94, 5, 0.15, 8, 1, 0.623, True
6, 7, 390, sofa, 0, 1, 45, 4, 0.15, 8, 0, 0.558, True
6, 7, 391, iron, 1, 1, 21, 4, 0.15, 8, 1, 0.64, True
6, 7, 392, stomach, 0, 1, 226, 3, 0.15, 8, 0, 0.543, True
6, 7, 393, museum, 0, 1, 157, 3, 0.15, 8, 0, 0.579, True
6, 7, 394, track, 1, 1, 111, 2, 0.15, 8, 0, 0.597, False
6, 7, 395, desk, 0, 1, 7, 3, 0.15, 8, 0, 0.614, True
6, 7, 396, hide, 0, 1, 20, 3, 0.15, 8, 0, 0.566, True
6, 7, 397, basin, 0, 1, 56, 2, 0.15, 8, 0, 0.473, True
6, 7, 398, village, 0, 1, 231, 2, 0.15, 8, 0, 0.496, True
6, 7, 399, broom, 1, 1, 61, 1, 0.15, 8, 0, 0.471, False
6, 8, 400, prison, 1, 2, 373, 4, 0.15, 8, 1, 0.623, True
6, 8, 401, surgery, 1, 2, 443, 4, 0.15, 8, 1, 0.543, True
6, 8, 402, stupid, 0, 2, 386, 3, 0.15, 8, 0, 0.546, True
6, 8, 403, vandal, 0, 2, 395, 3, 0.15, 8, 0, 0.757, True
6, 8, 404, blister, 1, 2, 404, 2, 0.15, 8, 0, 0.527, False
6, 8, 405, solemn, 0, 2, 382, 3, 0.15, 8, 0, 0.691, True
6, 8, 406, unhappy, 0, 2, 450, 3, 0.15, 8, 0, 0.656, True
6, 8, 407, betray, 1, 2, 335, 2, 0.15, 8, 0, 0.479, False
6, 8, 408, despair, 1, 2, 408, 3, 0.15, 8, 1, 0.661, True
6, 8, 409, tension, 0, 2, 444, 3, 0.15, 8, 1, 0.707, False
6, 8, 410, nervous, 1, 2, 428, 4, 0.15, 8, 1, 0.687, True
6, 8, 411, stress, 1, 2, 385, 4, 0.15, 8, 1, 0.603, True
6, 8, 412, tumor, 1, 2, 321, 3, 0.15, 8, 0, 0.508, False
6, 8, 413, terror, 1, 2, 389, 4, 0.15, 8, 1, 0.56, True
6, 8, 414, slime, 0, 2, 315, 4, 0.15, 8, 0, 0.498, True
6, 8, 415, cruel, 1, 2, 287, 3, 0.15, 8, 0, 0.439, False
6, 8, 416, insane, 0, 2, 359, 4, 0.15, 8, 0, 0.558, True
6, 8, 417, venom, 0, 2, 324, 4, 0.15, 8, 0, 0.511, True
6, 8, 418, selfish, 0, 2, 439, 3, 0.15, 8, 0, 0.436, True
6, 8, 419, worse, 1, 2, 329, 3, 0.15, 8, 1, 0.588, True
6, 8, 420, worry, 1, 2, 328, 2, 0.15, 8, 0, 0.478, False
6, 8, 421, murder, 1, 2, 369, 3, 0.15, 8, 0, 0.452, False
6, 8, 422, harm, 1, 2, 247, 4, 0.15, 8, 1, 0.491, True
6, 8, 423, leprosy, 1, 2, 423, 4, 0.15, 8, 0, 0.495, False
6, 8, 424, punish, 0, 2, 374, 5, 0.15, 8, 0, 0.563, True
6, 8, 425, menace, 0, 2, 365, 5, 0.15, 8, 0, 0.516, True
6, 8, 426, tense, 0, 2, 318, 4, 0.15, 8, 0, 0.504, True
6, 8, 427, tragedy, 1, 2, 447, 4, 0.15, 8, 1, 0.653, True
6, 8, 428, enraged, 1, 2, 412, 3, 0.15, 8, 1, 0.604, True
6, 8, 429, enemy, 0, 2, 294, 3, 0.15, 8, 0, 0.621, True
6, 8, 430, scum, 0, 2, 263, 2, 0.15, 8, 0, 0.526, True
6, 8, 431, hatred, 1, 2, 355, 2, 0.15, 8, 0, 0.61, False
6, 8, 432, revenge, 1, 2, 437, 3, 0.15, 8, 0, 0.786, False
6, 8, 433, fright, 1, 2, 353, 4, 0.15, 8, 1, 0.635, True
6, 8, 434, corpse, 1, 2, 344, 4, 0.15, 8, 1, 0.538, True
6, 8, 435, mistake, 0, 2, 426, 3, 0.15, 8, 0, 0.526, True
6, 8, 436, guilty, 0, 2, 354, 3, 0.15, 8, 0, 0.674, True
6, 8, 437, despise, 0, 2, 409, 2, 0.15, 8, 0, 0.464, True
6, 8, 438, coffin, 0, 2, 343, 2, 0.15, 8, 0, 0.392, True
6, 8, 439, detest, 0, 2, 350, 1, 0.15, 8, 0, 0.451, True
6, 8, 440, abuse, 0, 2, 271, 1, 0.15, 8, 1, 0.443, False
6, 8, 441, burial, 1, 2, 341, 2, 0.15, 8, 0, 0.531, False
6, 8, 442, tragic, 1, 2, 391, 3, 0.15, 8, 0, 0.567, False
6, 8, 443, hideous, 0, 2, 418, 4, 0.15, 8, 0, 0.777, True
6, 8, 444, grief, 1, 2, 303, 4, 0.15, 8, 1, 0.849, True
6, 8, 445, funeral, 1, 2, 415, 3, 0.15, 8, 1, 0.696, True
6, 8, 446, brutal, 1, 2, 339, 3, 0.15, 8, 1, 0.565, True
6, 8, 447, accuse, 0, 2, 332, 2, 0.15, 8, 0, 0.408, True
6, 8, 448, curse, 1, 2, 288, 2, 0.15, 8, 0, 0.657, False
6, 8, 449, injury, 1, 2, 358, 3, 0.15, 8, 0, 0.432, False
6, 9, 450, dazzle, 0, 3, 558, 4, 0.15, 8, 0, 0.703, True
6, 9, 451, daring, 1, 3, 557, 4, 0.15, 8, 1, 0.667, True
6, 9, 452, triumph, 1, 3, 647, 3, 0.15, 8, 1, 0.729, True
6, 9, 453, joyful, 0, 3, 572, 3, 0.15, 8, 0, 0.612, True
6, 9, 454, sunrise, 1, 3, 644, 2, 0.15, 8, 0, 0.453, False
6, 9, 455, luxury, 1, 3, 576, 3, 0.15, 8, 1, 0.781, True
6, 9, 456, silly, 0, 3, 537, 3, 0.15, 8, 0, 0.534, True
6, 9, 457, bird, 1, 3, 458, 2, 0.15, 8, 0, 0.57, False
6, 9, 458, great, 1, 3, 514, 3, 0.15, 8, 1, 0.621, True
6, 9, 459, helpful, 0, 3, 624, 3, 0.15, 8, 0, 0.573, True
6, 9, 460, bubbly, 0, 3, 549, 2, 0.15, 8, 0, 0.56, True
6, 9, 461, pleased, 0, 3, 633, 2, 0.15, 8, 1, 0.643, False
6, 9, 462, capable, 0, 3, 610, 3, 0.15, 8, 1, 1.09, False
6, 9, 463, caress, 1, 3, 550, 4, 0.15, 8, 1, 1.006, True
6, 9, 464, promise, 1, 3, 634, 4, 0.15, 8, 1, 0.766, True
6, 9, 465, brother, 1, 3, 609, 3, 0.15, 8, 1, 0.744, True
6, 9, 466, justice, 0, 3, 629, 3, 0.15, 8, 0, 0.77, True
6, 9, 467, learn, 1, 3, 522, 2, 0.15, 8, 0, 0.461, False
6, 9, 468, sunset, 0, 3, 595, 3, 0.15, 8, 0, 1.523, True
6, 9, 469, eager, 1, 3, 509, 3, 0.15, 8, 0, 0.542, False
6, 9, 470, wealthy, 0, 3, 649, 4, 0.15, 8, 0, 0.769, True
6, 9, 471, elegant, 0, 3, 617, 4, 0.15, 8, 0, 0.762, True
6, 9, 472, honor, 1, 3, 517, 3, 0.15, 8, 1, 0.58, True
6, 9, 473, sleep, 0, 3, 538, 3, 0.15, 8, 0, 0.534, True
6, 9, 474, liberty, 1, 3, 630, 2, 0.15, 8, 0, 0.554, False
6, 9, 475, savior, 1, 3, 589, 3, 0.15, 8, 1, 1.453, True
6, 9, 476, humor, 1, 3, 519, 3, 0.15, 8, 1, 0.907, True
6, 9, 477, desire, 1, 3, 559, 2, 0.15, 8, 0, 0.768, False
6, 9, 478, rest, 1, 3, 487, 3, 0.15, 8, 0, 0.73, False
6, 9, 479, success, 0, 3, 643, 4, 0.15, 8, 0, 0.693, True
6, 9, 480, brave, 1, 3, 502, 4, 0.15, 8, 0, 0.449, False
6, 9, 481, family, 0, 3, 565, 5, 0.15, 8, 0, 0.423, True
6, 9, 482, secure, 1, 3, 590, 5, 0.15, 8, 1, 0.957, True
6, 9, 483, fond, 0, 3, 467, 4, 0.15, 8, 0, 0.767, True
6, 9, 484, bouquet, 0, 3, 608, 4, 0.15, 8, 1, 0.696, False
6, 9, 485, star, 1, 3, 493, 5, 0.15, 8, 1, 1.268, True
6, 9, 486, dollar, 1, 3, 561, 5, 0.15, 8, 1, 0.503, True
6, 9, 487, hopeful, 0, 3, 626, 4, 0.15, 8, 0, 0.78, True
6, 9, 488, grin, 1, 3, 474, 4, 0.15, 8, 1, 0.613, True
6, 9, 489, fantasy, 0, 3, 620, 3, 0.15, 8, 0, 0.917, True
6, 9, 490, warm, 1, 3, 494, 3, 0.15, 8, 1, 0.745, True
6, 9, 491, kind, 0, 3, 480, 2, 0.15, 8, 0, 0.548, True
6, 9, 492, excited, 0, 3, 619, 2, 0.15, 8, 0, 0.648, True
6, 9, 493, amused, 0, 3, 546, 1, 0.15, 8, 1, 0.824, False
6, 9, 494, holiday, 0, 3, 625, 2, 0.15, 8, 0, 0.449, True
6, 9, 495, loyal, 0, 3, 523, 2, 0.15, 8, 0, 0.681, True
6, 9, 496, pretty, 1, 3, 584, 1, 0.15, 8, 1, 0.808, True
6, 9, 497, relaxed, 1, 3, 636, 1, 0.15, 8, 0, 0.913, False
6, 9, 498, strong, 1, 3, 594, 2, 0.15, 8, 0, 0.534, False
6, 9, 499, proud, 1, 3, 533, 3, 0.15, 8, 1, 0.617, True
