3, 0, 0, robin, 1, 1, 37, 7, 0.15, 8, 0, 0.418, False
3, 0, 1, olive, 0, 1, 30, 8, 0.15, 8, 0, 1.767, True
3, 0, 2, stocking, 0, 1, 45, 8, 0.15, 8, 0, 2.868, True
3, 0, 3, sparrow, 1, 1, 42, 7, 0.15, 8, 1, 1.827, True
3, 0, 4, armor, 1, 1, 5, 7, 0.15, 8, 0, 0.702, False
3, 0, 5, twilight, 0, 1, 48, 8, 0.15, 8, 0, 1.623, True
3, 0, 6, cherry, 1, 1, 15, 8, 0.15, 8, 1, 0.986, True
3, 0, 7, scatter, 1, 1, 39, 7, 0.15, 8, 1, 0.984, True
3, 0, 8, dragon, 1, 1, 17, 7, 0.15, 8, 1, 1.414, True
3, 0, 9, velvet, 0, 1, 49, 6, 0.15, 8, 1, 3.971, False
3, 0, 10, squirrel, 1, 1, 43, 7, 0.15, 8, 1, 2.132, True
3, 0, 11, eagle, 0, 1, 18, 7, 0.15, 8, 0, 1.154, True
3, 0, 12, lily, 0, 1, 24, 6, 0.15, 8, 0, 1.306, True
3, 0, 13, body, 0, 1, 9, 6, 0.15, 8, 0, 1.228, True
3, 0, 14, canoe, 0, 1, 14, 5, 0.15, 8, 0, 1.009, True
3, 0, 15, acre, 1, 1, 1, 5, 0.15, 8, 0, 1.199, False
3, 0, 16, black, 0, 1, 8, 6, 0.15, 8, 1, 1.589, False
3, 0, 17, feather, 1, 1, 19, 7, 0.15, 8, 1, 1.69, True
3, 0, 18, steamer, 1, 1, 44, 7, 0.15, 8, 1, 0.987, True
3, 0, 19, bushel, 0, 1, 11, 6, 0.15, 8, 1, 1.082, False
3, 0, 20, monster, 1, 1, 29, 7, 0.15, 8, 1, 1.108, True
3, 0, 21, orchard, 1, 1, 31, 7, 0.15, 8, 1, 0.972, True
3, 0, 22, cable, 0, 1, 12, 6, 0.15, 8, 1, 0.988, False
3, 0, 23, bargain, 1, 1, 6, 7, 0.15, 8, 0, 1.849, False
3, 0, 24, receipt, 1, 1, 36, 8, 0.15, 8, 1, 0.691, True
3, 0, 25, wrinkle, 1, 1, 50, 8, 0.15, 8, 1, 0.844, True
3, 0, 26, pigeon, 0, 1, 35, 7, 0.15, 8, 0, 0.864, True
3, 0, 27, monarch, 1, 1, 28, 7, 0.15, 8, 1, 0.963, True
3, 0, 28, shepherd, 1, 1, 40, 6, 0.15, 8, 1, 1.394, True
3, 0, 29, slipper, 1, 1, 41, 6, 0.15, 8, 1, 0.768, True
3, 0, 30, oyster, 1, 1, 33, 5, 0.15, 8, 1, 0.808, True
3, 0, 31, oven, 0, 1, 32, 5, 0.15, 8, 0, 1.247, True
3, 0, 32, linen, 0, 1, 25, 4, 0.15, 8, 0, 1.412, True
3, 0, 33, parcel, 1, 1, 34, 4, 0.15, 8, 0, 1.122, False
3, 0, 34, apple, 0, 1, 4, 5, 0.15, 8, 0, 1.116, True
3, 0, 35, branch, 1, 1, 10, 5, 0.15, 8, 1, 0.63, True
3, 0, 36, beaver, 1, 1, 7, 4, 0.15, 8, 1, 1.045, True
3, 0, 37, canal, 0, 1, 13, 4, 0.15, 8, 0, 2.002, True
3, 0, 38, mistress, 1, 1, 27, 3, 0.15, 8, 0, 0.985, False
3, 0, 39, garment, 1, 1, 20, 4, 0.15, 8, 0, 0.809, False
3, 0, 40, tiger, 1, 1, 47, 5, 0.15, 8, 1, 1.168, True
3, 0, 41, madam, 0, 1, 26, 5, 0.15, 8, 0, 1.08, True
3, 0, 42, kitten, 0, 1, 23, 4, 0.15, 8, 0, 1.06, True
3, 0, 43, alien, 0, 1, 2, 4, 0.15, 8, 1, 1.264, False
3, 0, 44, helmet, 0, 1, 22, 5, 0.15, 8, 0, 2.564, True
3, 0, 45, sulphur, 1, 1, 46, 5, 0.15, 8, 1, 0.689, True
3, 0, 46, device, 0, 1, 16, 4, 0.15, 8, 1, 1.294, False
3, 0, 47, sailor, 1, 1, 38, 5, 0.15, 8, 1, 1.136, True
3, 0, 48, goddess, 0, 1, 21, 5, 0.15, 8, 0, 0.938, True
3, 0, 49, alter, 1, 1, 3, 4, 0.15, 8, 1, 1.116, True
3, 1, 50, museum, 0, 1, 157, 4, 0.15, 8, 0, 1.429, True
3, 1, 51, blase, 0, 1, 59, 4, 0.15, 8, 1, 0.835, False
3, 1, 52, market, 1, 1, 151, 5, 0.15, 8, 1, 1.113, True
3, 1, 53, rake, 1, 1, 37, 5, 0.15, 8, 1, 1.331, True
3, 1, 54, machine, 0, 1, 215, 4, 0.15, 8, 0, 0.996, True
3, 1, 55, swamp, 0, 1, 106, 4, 0.15, 8, 1, 0.756, False
3, 1, 56, village, 0, 1, 231, 5, 0.15, 8, 1, 0.733, False
3, 1, 57, barrel, 1, 1, 119, 6, 0.15, 8, 1, 0.743, True
3, 1, 58, violin, 0, 1, 186, 6, 0.15, 8, 0, 0.863, True
3, 1, 59, stereo, 1, 1, 181, 5, 0.15, 8, 1, 0.9, True
3, 1, 60, sofa, 0, 1, 45, 5, 0.15, 8, 1, 1.063, False
3, 1, 61, steps, 0, 1, 102, 6, 0.15, 8, 0, 1.458, True
3, 1, 62, screen, 1, 1, 170, 6, 0.15, 8, 0, 0.733, False
3, 1, 63, hard, 1, 1, 18, 7, 0.15, 8, 1, 0.885, True
3, 1, 64, hydrant, 1, 1, 210, 7, 0.15, 8, 1, 0.968, True
3, 1, 65, tank, 0, 1, 46, 6, 0.15, 8, 0, 1.0, True
3, 1, 66, ankle, 0, 1, 55, 6, 0.15, 8, 0, 1.206, True
3, 1, 67, window, 0, 1, 187, 5, 0.15, 8, 0, 0.828, True
3, 1, 68, muddy, 0, 1, 82, 5, 0.15, 8, 1, 1.202, False
3, 1, 69, rattle, 1, 1, 166, 6, 0.15, 8, 0, 1.816, False
3, 1, 70, pencil, 0, 1, 162, 7, 0.15, 8, 0, 0.771, True
3, 1, 71, dryer, 1, 1, 68, 7, 0.15, 8, 1, 1.674, True
3, 1, 72, coast, 0, 1, 66, 6, 0.15, 8, 0, 1.085, True
3, 1, 73, history, 1, 1, 209, 6, 0.15, 8, 1, 0.903, True
3, 1, 74, theory, 1, 1, 184, 5, 0.15, 8, 1, 0.842, True
3, 1, 75, truck, 1, 1, 112, 5, 0.15, 8, 1, 0.736, True
3, 1, 76, polish, 0, 1, 164, 4, 0.15, 8, 0, 0.954, True
3, 1, 77, engine, 0, 1, 133, 4, 0.15, 8, 0, 1.884, True
3, 1, 78, yellow, 0, 1, 189, 3, 0.15, 8, 0, 2.007, True
3, 1, 79, journal, 1, 1, 212, 3, 0.15, 8, 1, 1.325, True
3, 1, 80, errand, 1, 1, 134, 2, 0.15, 8, 0, 0.896, False
3, 1, 81, gene, 0, 1, 16, 3, 0.15, 8, 0, 1.012, True
3, 1, 82, nursery, 1, 1, 217, 3, 0.15, 8, 1, 0.756, True
3, 1, 83, column, 0, 1, 128, 2, 0.15, 8, 0, 0.735, True
3, 1, 84, humble, 0, 1, 141, 2, 0.15, 8, 0, 0.636, True
3, 1, 85, doctor, 1, 1, 132, 1, 0.15, 8, 0, 0.572, False
3, 1, 86, basin, 0, 1, 56, 2, 0.15, 8, 1, 0.767, False
3, 1, 87, time, 0, 1, 48, 3, 0.15, 8, 0, 0.441, True
3, 1, 88, avenue, 0, 1, 117, 3, 0.15, 8, 0, 1.312, True
3, 1, 89, dresser, 1, 1, 198, 2, 0.15, 8, 1, 1.156, True
3, 1, 90, carpet, 1, 1, 124, 2, 0.15, 8, 0, 0.91, False
3, 1, 91, rain, 1, 1, 36, 3, 0.15, 8, 1, 0.449, True
3, 1, 92, metal, 0, 1, 79, 3, 0.15, 8, 1, 0.985, False
3, 1, 93, somehow, 0, 1, 225, 4, 0.15, 8, 1, 0.745, False
3, 1, 94, shadow, 0, 1, 171, 5, 0.15, 8, 0, 1.137, True
3, 1, 95, broom, 1, 1, 61, 5, 0.15, 8, 1, 2.346, True
3, 1, 96, horse, 1, 1, 74, 4, 0.15, 8, 1, 0.913, True
3, 1, 97, earring, 1, 1, 199, 4, 0.15, 8, 1, 0.804, True
3, 1, 98, butter, 1, 1, 123, 3, 0.15, 8, 1, 0.765, True
3, 1, 99, circle, 1, 1, 126, 3, 0.15, 8, 1, 0.599, True
3, 2, 100, regret, 1, 2, 377, 4, 0.15, 8, 1, 0.717, True
3, 2, 101, worry, 1, 2, 328, 4, 0.15, 8, 1, 0.68, True
3, 2, 102, upset, 0, 2, 323, 3, 0.15, 8, 0, 0.918, True
3, 2, 103, detest, 0, 2, 350, 3, 0.15, 8, 0, 0.921, True
3, 2, 104, cruel, 1, 2, 287, 2, 0.15, 8, 1, 0.942, True
3, 2, 105, cancer, 1, 2, 342, 2, 0.15, 8, 0, 0.673, False
3, 2, 106, coffin, 0, 2, 343, 3, 0.15, 8, 1, 0.591, False
3, 2, 107, torture, 1, 2, 446, 4, 0.15, 8, 1, 1.007, True
3, 2, 108, rage, 1, 2, 258, 4, 0.15, 8, 1, 0.814, True
3, 2, 109, rabies, 1, 2, 376, 3, 0.15, 8, 0, 0.71, False
3, 2, 110, fright, 1, 2, 353, 4, 0.15, 8, 1, 0.449, True
3, 2, 111, cruelty, 1, 2, 406, 4, 0.15, 8, 1, 0.824, True
3, 2, 112, selfish, 0, 2, 439, 3, 0.15, 8, 0, 0.799, True
3, 2, 113, coward, 1, 2, 345, 3, 0.15, 8, 1, 1.0, True
3, 2, 114, severe, 1, 2, 381, 2, 0.15, 8, 0, 1.273, False
3, 2, 115, mistake, 0, 2, 426, 3, 0.15, 8, 0, 1.502, True
3, 2, 116, panic, 0, 2, 309, 3, 0.15, 8, 0, 1.673, True
3, 2, 117, slime, 0, 2, 315, 2, 0.15, 8, 1, 1.038, False
3, 2, 118, lonely, 0, 2, 362, 3, 0.15, 8, 0, 0.573, True
3, 2, 119, victim, 0, 2, 396, 3, 0.15, 8, 1, 1.519, False
3, 2, 120, unhappy, 0, 2, 450, 4, 0.15, 8, 0, 1.193, True
3, 2, 121, tense, 0, 2, 318, 4, 0.15, 8, 0, 1.024, True
3, 2, 122, afraid, 1, 2, 334, 3, 0.15, 8, 0, 0.623, False
3, 2, 123, fury, 1, 2, 244, 4, 0.15, 8, 1, 2.158, True
3, 2, 124, burden, 1, 2, 340, 4, 0.15, 8, 0, 1.07, False
3, 2, 125, hang, 0, 2, 246, 5, 0.15, 8, 1, 1.994, False
3, 2, 126, slave, 0, 2, 314, 6, 0.15, 8, 1, 1.343, False
3, 2, 127, lice, 0, 2, 252, 7, 0.15, 8, 0, 0.958, True
3, 2, 128, tragic, 1, 2, 391, 7, 0.15, 8, 1, 1.196, True
3, 2, 129, pervert, 1, 2, 433, 6, 0.15, 8, 1, 2.578, True
3, 2, 130, hell, 0, 2, 249, 6, 0.15, 8, 0, 0.959, True
3, 2, 131, nervous, 1, 2, 428, 5, 0.15, 8, 0, 0.703, False
3, 2, 132, crisis, 1, 2, 346, 6, 0.15, 8, 1, 0.954, True
3, 2, 133, vomit, 0, 2, 325, 6, 0.15, 8, 0, 1.002, True
3, 2, 134, fault, 0, 2, 295, 5, 0.15, 8, 1, 0.857, False
3, 2, 135, harm, 1, 2, 247, 6, 0.15, 8, 1, 1.197, True
3, 2, 136, flabby, 0, 2, 352, 6, 0.15, 8, 1, 1.187, False
3, 2, 137, worse, 1, 2, 329, 7, 0.15, 8, 1, 0.936, True
3, 2, 138, stress, 1, 2, 385, 7, 0.15, 8, 1, 0.857, True
3, 2, 139, crushed, 1, 2, 407, 6, 0.15, 8, 1, 0.924, True
3, 2, 140, despair, 1, 2, 408, 6, 0.15, 8, 1, 0.893, True
3, 2, 141, accuse, 0, 2, 332, 5, 0.15, 8, 1, 1.104, False
3, 2, 142, bitchy, 0, 2, 336, 6, 0.15, 8, 1, 0.826, False
3, 2, 143, bomb, 0, 2, 234, 7, 0.15, 8, 0, 0.623, True
3, 2, 144, scum, 0, 2, 263, 7, 0.15, 8, 0, 0.828, True
3, 2, 145, rude, 1, 2, 262, 6, 0.15, 8, 1, 1.297, True
3, 2, 146, menace, 0, 2, 365, 6, 0.15, 8, 0, 1.683, True
3, 2, 147, poverty, 1, 2, 435, 5, 0.15, 8, 1, 1.397, True
3, 2, 148, death, 0, 2, 289, 5, 0.15, 8, 0, 1.379, True
3, 2, 149, enraged, 1, 2, 412, 4, 0.15, 8, 1, 0.915, True
3, 3, 150, learn, 1, 3, 522, 4, 0.15, 8, 0, 1.394, False
3, 3, 151, stamina, 0, 3, 642, 5, 0.15, 8, 0, 0.768, True
3, 3, 152, color, 1, 3, 508, 5, 0.15, 8, 0, 0.68, False
3, 3, 153, cash, 0, 3, 461, 6, 0.15, 8, 1, 0.836, False
3, 3, 154, heart, 1, 3, 516, 7, 0.15, 8, 1, 0.888, True
3, 3, 155, dinner, 1, 3, 560, 7, 0.15, 8, 1, 0.874, True
3, 3, 156, pretty, 1, 3, 584, 6, 0.15, 8, 1, 0.526, True
3, 3, 157, flirt, 1, 3, 511, 6, 0.15, 8, 1, 0.527, True
3, 3, 158, scholar, 1, 3, 638, 5, 0.15, 8, 1, 0.61, True
3, 3, 159, benefit, 0, 3, 606, 5, 0.15, 8, 0, 0.993, True
3, 3, 160, bride, 1, 3, 503, 4, 0.15, 8, 1, 1.072, True
3, 3, 161, leader, 1, 3, 574, 4, 0.15, 8, 0, 1.165, False
3, 3, 162, desire, 1, 3, 559, 5, 0.15, 8, 1, 1.413, True
3, 3, 163, merry, 1, 3, 526, 5, 0.15, 8, 1, 0.754, True
3, 3, 164, fantasy, 0, 3, 620, 4, 0.15, 8, 0, 2.028, True
3, 3, 165, sunrise, 1, 3, 644, 4, 0.15, 8, 1, 1.169, True
3, 3, 166, nice, 0, 3, 486, 3, 0.15, 8, 1, 1.53, False
3, 3, 167, joke, 0, 3, 479, 4, 0.15, 8, 0, 1.283, True
3, 3, 168, bubbly, 0, 3, 549, 4, 0.15, 8, 0, 1.335, True
3, 3, 169, spring, 1, 3, 593, 3, 0.15, 8, 0, 0.665, False
3, 3, 170, joyful, 0, 3, 572, 4, 0.15, 8, 0, 0.967, True
3, 3, 171, cute, 0, 3, 464, 4, 0.15, 8, 0, 1.048, True
3, 3, 172, reward, 1, 3, 587, 3, 0.15, 8, 1, 1.078, True
3, 3, 173, cool, 0, 3, 462, 3, 0.15, 8, 0, 0.611, True
3, 3, 174, trust, 1, 3, 542, 2, 0.15, 8, 0, 0.643, False
3, 3, 175, rescue, 1, 3, 586, 3, 0.15, 8, 0, 0.819, False
3, 3, 176, festive, 0, 3, 621, 4, 0.15, 8, 1, 0.826, False
3, 3, 177, sunny, 0, 3, 540, 5, 0.15, 8, 0, 0.928, True
3, 3, 178, proud, 1, 3, 534, 5, 0.15, 8, 0, 1.201, False
3, 3, 179, excited, 0, 3, 619, 6, 0.15, 8, 0, 1.751, True
3, 3, 180, home, 0, 3, 477, 6, 0.15, 8, 0, 2.214, True
3, 3, 181, thrill, 1, 3, 598, 5, 0.15, 8, 0, 0.802, False
3, 3, 182, bird, 1, 3, 458, 6, 0.15, 8, 0, 0.072, False
3, 3, 183, friend, 1, 3, 567, 7, 0.15, 8, 1, 1.004, True
3, 3, 184, relaxed, 1, 3, 636, 7, 0.15, 8, 1, 0.986, True
3, 3, 185, mother, 1, 3, 578, 6, 0.15, 8, 1, 0.904, True
3, 3, 186, circus, 1, 3, 552, 6, 0.15, 8, 0, 0.939, False
3, 3, 187, victory, 1, 3, 648, 7, 0.15, 8, 1, 1.995, True
3, 3, 188, silly, 0, 3, 537, 7, 0.15, 8, 0, 1.711, True
3, 3, 189, love, 0, 3, 484, 6, 0.15, 8, 0, 1.167, True
3, 3, 190, happy, 0, 3, 515, 6, 0.15, 8, 0, 0.838, True
3, 3, 191, pious, 0, 3, 532, 5, 0.15, 8, 0, 1.34, True
3, 3, 192, rest, 1, 3, 487, 5, 0.15, 8, 1, 1.069, True
3, 3, 193, ocean, 0, 3, 529, 4, 0.15, 8, 0, 0.698, True
3, 3, 194, joyous, 0, 3, 573, 4, 0.15, 8, 0, 1.206, True
3, 3, 195, wealthy, 0, 3, 649, 3, 0.15, 8, 0, 0.686, True
3, 3, 196, hope, 0, 3, 478, 3, 0.15, 8, 0, 0.955, True
3, 3, 197, treat, 1, 3, 541, 2, 0.15, 8, 0, 0.494, False
3, 3, 198, secure, 1, 3, 590, 3, 0.15, 8, 0, 0.484, False
3, 3, 199, orgasm, 1, 3, 580, 4, 0.15, 8, 1, 0.633, True
3, 4, 200, flame, 0, 1, 70, 4, 0.15, 8, 1, 1.504, False
3, 4, 201, hawk, 0, 1, 19, 5, 0.15, 8, 0, 1.034, True
3, 4, 202, milk, 0, 1, 30, 5, 0.15, 8, 0, 1.336, True
3, 4, 203, hammer, 1, 1, 140, 4, 0.15, 8, 1, 1.353, True
3, 4, 204, trumpet, 1, 1, 229, 4, 0.15, 8, 0, 0.634, False
3, 4, 205, frog, 1, 1, 14, 5, 0.15, 8, 0, 0.473, False
3, 4, 206, utensil, 0, 1, 230, 6, 0.15, 8, 0, 0.781, True
3, 4, 207, bland, 0, 1, 58, 6, 0.15, 8, 1, 0.82, False
3, 4, 208, cork, 1, 1, 6, 7, 0.15, 8, 0, 0.649, False
3, 4, 209, gender, 1, 1, 138, 8, 0.15, 8, 1, 1.381, True
3, 4, 210, minute, 0, 1, 153, 8, 0.15, 8, 0, 0.913, True
3, 4, 211, lawn, 0, 1, 27, 7, 0.15, 8, 0, 1.01, True
3, 4, 212, icebox, 0, 1, 142, 7, 0.15, 8, 0, 0.959, True
3, 4, 213, farm, 1, 1, 11, 6, 0.15, 8, 0, 0.671, False
3, 4, 214, mystic, 0, 1, 158, 7, 0.15, 8, 0, 0.826, True
3, 4, 215, glacier, 1, 1, 204, 7, 0.15, 8, 1, 1.295, True
3, 4, 216, hide, 0, 1, 20, 6, 0.15, 8, 0, 1.008, True
3, 4, 217, incline, 0, 1, 211, 6, 0.15, 8, 0, 0.414, True
3, 4, 218, paper, 1, 1, 85, 5, 0.15, 8, 1, 0.949, True
3, 4, 219, gateway, 0, 1, 203, 5, 0.15, 8, 0, 0.95, True
3, 4, 220, cellar, 1, 1, 125, 4, 0.15, 8, 0, 0.776, False
3, 4, 221, seat, 0, 1, 41, 5, 0.15, 8, 0, 1.136, True
3, 4, 222, spray, 1, 1, 100, 5, 0.15, 8, 1, 0.937, True
3, 4, 223, quiet, 0, 1, 92, 4, 0.15, 8, 1, 0.843, False
3, 4, 224, dish, 0, 1, 8, 5, 0.15, 8, 0, 0.417, True
3, 4, 225, boxer, 1, 1, 60, 5, 0.15, 8, 0, 0.552, False
3, 4, 226, lamb, 0, 1, 25, 6, 0.15, 8, 0, 0.633, True
3, 4, 227, hairpin, 1, 1, 207, 6, 0.15, 8, 0, 3.526, False
3, 4, 228, quote, 0, 1, 93, 7, 0.15, 8, 1, 2.506, False
3, 4, 229, vase, 0, 1, 51, 8, 0.15, 8, 1, 0.952, False
3, 4, 230, noisy, 0, 1, 83, 9, 0.15, 8, 0, 0.934, True
3, 4, 231, furnace, 1, 1, 202, 9, 0.15, 8, 0, 0.693, False
3, 4, 232, statue, 0, 1, 180, 10, 0.15, 8, 0, 1.117, True
3, 4, 233, square, 1, 1, 178, 10, 0.15, 8, 1, 0.772, True
3, 4, 234, grouped, 1, 1, 206, 9, 0.15, 8, 1, 0.714, True
3, 4, 235, limber, 1, 1, 146, 9, 0.15, 8, 1, 0.802, True
3, 4, 236, serious, 1, 1, 224, 8, 0.15, 8, 1, 0.855, True
3, 4, 237, runner, 1, 1, 168, 8, 0.15, 8, 1, 0.538, True
3, 4, 238, part, 1, 1, 35, 7, 0.15, 8, 1, 1.019, True
3, 4, 239, mixer, 1, 1, 80, 7, 0.15, 8, 1, 0.424, True
3, 4, 240, phase, 0, 1, 87, 6, 0.15, 8, 1, 0.51, False
3, 4, 241, moth, 0, 1, 31, 7, 0.15, 8, 1, 1.103, False
3, 4, 242, dentist, 0, 1, 197, 8, 0.15, 8, 0, 0.808, True
3, 4, 243, border, 1, 1, 122, 8, 0.15, 8, 0, 0.764, False
3, 4, 244, mantel, 0, 1, 150, 9, 0.15, 8, 0, 1.058, True
3, 4, 245, knot, 0, 1, 24, 9, 0.15, 8, 0, 1.403, True
3, 4, 246, bench, 0, 1, 57, 8, 0.15, 8, 0, 0.791, True
3, 4, 247, trunk, 1, 1, 113, 8, 0.15, 8, 0, 0.749, False
3, 4, 248, loyal, 0, 1, 78, 9, 0.15, 8, 0, 0.739, True
3, 4, 249, rough, 1, 1, 95, 9, 0.15, 8, 1, 0.602, True
3, 5, 250, dead, 0, 2, 236, 4, 0.15, 8, 0, 0.622, True
3, 5, 251, inhibit, 0, 2, 422, 4, 0.15, 8, 0, 0.542, True
3, 5, 252, robber, 1, 2, 378, 3, 0.15, 8, 1, 0.769, True
3, 5, 253, greed, 1, 2, 302, 3, 0.15, 8, 0, 1.211, False
3, 5, 254, blister, 1, 2, 404, 4, 0.15, 8, 1, 0.561, True
3, 5, 255, tumor, 1, 2, 321, 4, 0.15, 8, 1, 0.579, True
3, 5, 256, measles, 0, 2, 425, 3, 0.15, 8, 1, 0.453, False
3, 5, 257, failure, 1, 2, 413, 4, 0.15, 8, 1, 0.779, True
3, 5, 258, grave, 1, 2, 301, 4, 0.15, 8, 0, 1.028, False
3, 5, 259, inflict, 0, 2, 421, 5, 0.15, 8, 0, 1.058, True
3, 5, 260, spider, 1, 2, 383, 5, 0.15, 8, 1, 1.454, True
3, 5, 261, divorce, 1, 2, 411, 4, 0.15, 8, 1, 0.65, True
3, 5, 262, shame, 0, 2, 312, 4, 0.15, 8, 0, 0.745, True
3, 5, 263, wicked, 0, 2, 397, 3, 0.15, 8, 1, 0.867, False
3, 5, 264, trauma, 1, 2, 392, 4, 0.15, 8, 1, 0.473, True
3, 5, 265, envy, 0, 2, 240, 4, 0.15, 8, 0, 0.318, True
3, 5, 266, doom, 0, 2, 239, 3, 0.15, 8, 1, 0.395, False
3, 5, 267, revenge, 1, 2, 437, 4, 0.15, 8, 0, 0.211, False
3, 5, 268, violent, 0, 2, 453, 5, 0.15, 8, 0, 0.307, True
3, 5, 269, outcast, 0, 2, 431, 5, 0.15, 8, 0, 0.334, True
3, 5, 270, tragedy, 1, 2, 447, 4, 0.15, 8, 0, 0.266, False
3, 5, 271, germs, 1, 2, 299, 5, 0.15, 8, 0, 0.296, False
3, 5, 272, seasick, 0, 2, 438, 6, 0.15, 8, 0, 0.803, True
3, 5, 273, corpse, 1, 2, 344, 6, 0.15, 8, 0, 1.61, False
3, 5, 274, bored, 1, 2, 281, 7, 0.15, 8, 1, 0.989, True
3, 5, 275, guilty, 0, 2, 354, 7, 0.15, 8, 0, 0.651, True
3, 5, 276, brutal, 1, 2, 339, 6, 0.15, 8, 0, 0.872, False
3, 5, 277, nerves, 1, 2, 370, 7, 0.15, 8, 0, 1.291, False
3, 5, 278, riot, 1, 2, 260, 8, 0.15, 8, 0, 0.908, False
3, 5, 279, whore, 1, 2, 327, 9, 0.15, 8, 1, 0.844, True
3, 5, 280, uneasy, 0, 2, 393, 9, 0.15, 8, 0, 0.894, True
3, 5, 281, guilt, 0, 2, 305, 8, 0.15, 8, 0, 0.783, True
3, 5, 282, despise, 0, 2, 409, 8, 0.15, 8, 1, 0.853, False
3, 5, 283, hatred, 1, 2, 355, 9, 0.15, 8, 0, 0.759, False
3, 5, 284, hate, 0, 2, 248, 10, 0.15, 8, 0, 0.732, True
3, 5, 285, burial, 1, 2, 341, 10, 0.15, 8, 1, 0.803, True
3, 5, 286, enemy, 0, 2, 294, 9, 0.15, 8, 0, 0.52, True
3, 5, 287, drown, 1, 2, 293, 9, 0.15, 8, 0, 0.904, False
3, 5, 288, prison, 1, 2, 373, 10, 0.15, 8, 0, 0.343, False
3, 5, 289, injury, 1, 2, 358, 11, 0.15, 8, 1, 0.605, True
3, 5, 290, neglect, 0, 2, 427, 11, 0.15, 8, 1, 0.681, False
3, 5, 291, tomb, 0, 2, 268, 12, 0.15, 8, 0, 0.976, True
3, 5, 292, curse, 1, 2, 288, 12, 0.15, 8, 1, 0.747, True
3, 5, 293, terror, 1, 2, 389, 11, 0.15, 8, 1, 0.608, True
3, 5, 294, sore, 1, 2, 267, 11, 0.15, 8, 1, 0.731, True
3, 5, 295, stupid, 0, 2, 386, 10, 0.15, 8, 1, 0.817, False
3, 5, 296, surgery, 1, 2, 443, 11, 0.15, 8, 0, 1.331, False
3, 5, 297, malaria, 1, 2, 424, 12, 0.15, 8, 1, 1.055, True
3, 5, 298, pain, 0, 2, 256, 12, 0.15, 8, 0, 0.615, True
3, 5, 299, grief, 1, 2, 303, 11, 0.15, 8, 1, 0.594, True
3, 6, 300, tender, 1, 3, 597, 4, 0.15, 8, 1, 1.055, True
3, 6, 301, riches, 1, 3, 588, 4, 0.15, 8, 1, 0.748, True
3, 6, 302, blossom, 0, 3, 607, 3, 0.15, 8, 0, 0.759, True
3, 6, 303, trophy, 1, 3, 600, 3, 0.15, 8, 0, 0.881, False
3, 6, 304, warm, 1, 3, 494, 4, 0.15, 8, 1, 0.549, True
3, 6, 305, king, 0, 3, 481, 4, 0.15, 8, 1, 0.152, False
3, 6, 306, warmth, 1, 3, 602, 5, 0.15, 8, 0, 0.538, False
3, 6, 307, party, 1, 3, 530, 6, 0.15, 8, 1, 1.148, True
3, 6, 308, improve, 1, 3, 628, 6, 0.15, 8, 1, 0.82, True
3, 6, 309, hero, 1, 3, 476, 5, 0.15, 8, 1, 0.426, True
3, 6, 310, lust, 0, 3, 485, 5, 0.15, 8, 1, 0.401, False
3, 6, 311, eager, 1, 3, 509, 6, 0.15, 8, 0, 0.92, False
3, 6, 312, freedom, 1, 3, 622, 7, 0.15, 8, 1, 0.281, True
3, 6, 313, loyal, 0, 3, 523, 7, 0.15, 8, 1, 0.949, False
3, 6, 314, devoted, 0, 3, 612, 8, 0.15, 8, 0, 0.228, True
3, 6, 315, fond, 0, 3, 467, 8, 0.15, 8, 1, 0.192, False
3, 6, 316, cozy, 0, 3, 463, 9, 0.15, 8, 1, 1.214, False
3, 6, 317, rainbow, 1, 3, 635, 10, 0.15, 8, 1, 0.464, True
3, 6, 318, liberty, 1, 3, 630, 10, 0.15, 8, 0, 0.898, False
3, 6, 319, puppy, 0, 3, 535, 11, 0.15, 8, 0, 0.673, True
3, 6, 320, sparkle, 1, 3, 641, 11, 0.15, 8, 1, 1.146, True
3, 6, 321, erotic, 1, 3, 564, 10, 0.15, 8, 1, 0.607, True
3, 6, 322, dollar, 1, 3, 561, 10, 0.15, 8, 1, 0.474, True
3, 6, 323, dazzle, 0, 3, 558, 9, 0.15, 8, 0, 1.068, True
3, 6, 324, success, 0, 3, 643, 9, 0.15, 8, 0, 0.821, True
3, 6, 325, honor, 1, 3, 517, 8, 0.15, 8, 0, 0.858, False
3, 6, 326, strong, 1, 3, 594, 9, 0.15, 8, 1, 1.052, True
3, 6, 327, star, 1, 3, 493, 9, 0.15, 8, 0, 0.646, False
3, 6, 328, elegant, 0, 3, 617, 10, 0.15, 8, 1, 0.8, False
3, 6, 329, brother, 1, 3, 609, 11, 0.15, 8, 1, 0.867, True
3, 6, 330, aroused, 1, 3, 604, 11, 0.15, 8, 1, 0.707, True
3, 6, 331, gift, 0, 3, 470, 10, 0.15, 8, 0, 1.723, True
3, 6, 332, free, 1, 3, 469, 10, 0.15, 8, 1, 1.368, True
3, 6, 333, proud, 1, 3, 533, 9, 0.15, 8, 1, 0.837, True
3, 6, 334, good, 0, 3, 473, 9, 0.15, 8, 1, 0.872, False
3, 6, 335, couple, 0, 3, 554, 10, 0.15, 8, 1, 1.849, False
3, 6, 336, wise, 0, 3, 495, 11, 0.15, 8, 0, 0.704, True
3, 6, 337, dancer, 1, 3, 556, 11, 0.15, 8, 1, 1.511, True
3, 6, 338, jolly, 0, 3, 520, 10, 0.15, 8, 0, 2.893, True
3, 6, 339, people, 0, 3, 582, 10, 0.15, 8, 0, 0.761, True
3, 6, 340, music, 0, 3, 528, 9, 0.15, 8, 0, 0.671, True
3, 6, 341, ecstasy, 0, 3, 616, 9, 0.15, 8, 0, 0.873, True
3, 6, 342, palace, 0, 3, 581, 8, 0.15, 8, 0, 0.7, True
3, 6, 343, family, 0, 3, 565, 8, 0.15, 8, 0, 0.997, True
3, 6, 344, money, 0, 3, 527, 7, 0.15, 8, 1, 1.058, False
3, 6, 345, kind, 0, 3, 480, 8, 0.15, 8, 0, 0.652, True
3, 6, 346, earnest, 1, 3, 615, 8, 0.15, 8, 0, 1.352, False
3, 6, 347, admire, 1, 3, 544, 9, 0.15, 8, 1, 1.013, True
3, 6, 348, justice, 0, 3, 629, 9, 0.15, 8, 0, 0.865, True
3, 6, 349, caress, 1, 3, 550, 8, 0.15, 8, 0, 0.659, False
3, 7, 350, corner, 1, 1, 129, 4, 0.15, 8, 0, 1.897, False
3, 7, 351, measure, 1, 1, 216, 5, 0.15, 8, 0, 0.21, False
3, 7, 352, range, 1, 1, 94, 6, 0.15, 8, 1, 1.121, True
3, 7, 353, cord, 1, 1, 5, 6, 0.15, 8, 0, 1.05, False
3, 7, 354, total, 0, 1, 108, 7, 0.15, 8, 0, 0.822, True
3, 7, 355, terrace, 1, 1, 228, 7, 0.15, 8, 0, 1.051, False
3, 7, 356, roof, 1, 1, 39, 8, 0.15, 8, 1, 0.902, True
3, 7, 357, repair, 1, 1, 167, 8, 0.15, 8, 1, 0.807, True
3, 7, 358, patio, 0, 1, 86, 7, 0.15, 8, 0, 0.924, True
3, 7, 359, shower, 1, 1, 173, 7, 0.15, 8, 1, 0.909, True
3, 7, 360, factory, 1, 1, 200, 6, 0.15, 8, 0, 1.022, False
3, 7, 361, track, 1, 1, 111, 7, 0.15, 8, 1, 0.731, True
3, 7, 362, storm, 1, 1, 104, 7, 0.15, 8, 1, 0.676, True
3, 7, 363, clock, 0, 1, 64, 6, 0.15, 8, 0, 1.407, True
3, 7, 364, mirror, 1, 1, 154, 6, 0.15, 8, 0, 1.404, False
3, 7, 365, glass, 0, 1, 72, 7, 0.15, 8, 0, 0.169, True
3, 7, 366, sponge, 0, 1, 177, 7, 0.15, 8, 0, 0.761, True
3, 7, 367, desk, 0, 1, 7, 6, 0.15, 8, 1, 2.161, False
3, 7, 368, closet, 0, 1, 127, 7, 0.15, 8, 0, 0.749, True
3, 7, 369, tool, 0, 1, 49, 7, 0.15, 8, 0, 0.853, True
3, 7, 370, wagon, 0, 1, 115, 6, 0.15, 8, 0, 0.954, True
3, 7, 371, locate, 0, 1, 147, 6, 0.15, 8, 0, 0.842, True
3, 7, 372, basket, 0, 1, 120, 5, 0.15, 8, 0, 1.727, True
3, 7, 373, wash, 0, 1, 53, 5, 0.15, 8, 0, 0.8, True
3, 7, 374, banner, 1, 1, 118, 4, 0.15, 8, 0, 0.856, False
3, 7, 375, detail, 0, 1, 131, 5, 0.15, 8, 0, 0.701, True
3, 7, 376, iron, 1, 1, 21, 5, 0.15, 8, 0, 0.632, False
3, 7, 377, tower, 1, 1, 110, 6, 0.15, 8, 1, 0.118, True
3, 7, 378, manner, 1, 1, 149, 6, 0.15, 8, 0, 0.601, False
3, 7, 379, passage, 0, 1, 218, 7, 0.15, 8, 1, 0.343, False
3, 7, 380, highway, 0, 1, 208, 8, 0.15, 8, 0, 0.271, True
3, 7, 381, stomach, 0, 1, 226, 8, 0.15, 8, 0, 0.667, True
3, 7, 382, fork, 1, 1, 13, 7, 0.15, 8, 0, 0.406, False
3, 7, 383, stairs, 1, 1, 179, 8, 0.15, 8, 1, 0.412, True
3, 7, 384, chair, 1, 1, 62, 8, 0.15, 8, 0, 0.385, False
3, 7, 385, century, 1, 1, 194, 9, 0.15, 8, 0, 0.855, False
3, 7, 386, finger, 1, 1, 137, 10, 0.15, 8, 1, 0.857, True
3, 7, 387, jelly, 0, 1, 76, 10, 0.15, 8, 1, 0.746, False
3, 7, 388, street, 1, 1, 182, 11, 0.15, 8, 0, 0.655, False
3, 7, 389, plaster, 1, 1, 220, 12, 0.15, 8, 0, 1.336, False
3, 7, 390, fabric, 1, 1, 136, 13, 0.15, 8, 1, 1.171, True
3, 7, 391, keen, 0, 1, 23, 13, 0.15, 8, 0, 0.694, True
3, 7, 392, obey, 0, 1, 33, 12, 0.15, 8, 0, 0.796, True
3, 7, 393, teacher, 1, 1, 227, 12, 0.15, 8, 0, 1.807, False
3, 7, 394, poetry, 1, 1, 163, 13, 0.15, 8, 1, 0.886, True
3, 7, 395, photo, 0, 1, 88, 13, 0.15, 8, 0, 0.789, True
3, 7, 396, juice, 0, 1, 77, 12, 0.15, 8, 0, 4.456, True
3, 7, 397, chimney, 0, 1, 195, 12, 0.15, 8, 0, 2.065, True
3, 7, 398, golfer, 1, 1, 139, 11, 0.15, 8, 1, 0.895, True
3, 7, 399, quart, 1, 1, 91, 11, 0.15, 8, 0, 1.038, False
3, 8, 400, danger, 1, 2, 348, 4, 0.15, 8, 0, 0.473, False
3, 8, 401, crucify, 1, 2, 405, 5, 0.15, 8, 1, 0.222, True
3, 8, 402, destroy, 1, 2, 410, 5, 0.15, 8, 0, 0.621, False
3, 8, 403, venom, 0, 2, 324, 6, 0.15, 8, 0, 1.179, True
3, 8, 404, putrid, 1, 2, 375, 6, 0.15, 8, 0, 0.514, False
3, 8, 405, leprosy, 1, 2, 423, 7, 0.15, 8, 0, 0.5, False
3, 8, 406, abused, 0, 2, 331, 8, 0.15, 8, 1, 0.757, False
3, 8, 407, loser, 1, 2, 306, 9, 0.15, 8, 0, 0.62, False
3, 8, 408, thief, 0, 2, 319, 10, 0.15, 8, 0, 0.631, True
3, 8, 409, hostile, 0, 2, 420, 10, 0.15, 8, 0, 0.674, True
3, 8, 410, feeble, 0, 2, 351, 9, 0.15, 8, 0, 0.699, True
3, 8, 411, misery, 1, 2, 366, 9, 0.15, 8, 1, 0.708, True
3, 8, 412, filth, 0, 2, 297, 8, 0.15, 8, 0, 0.877, True
3, 8, 413, pest, 0, 2, 257, 8, 0.15, 8, 0, 0.702, True
3, 8, 414, incite, 0, 2, 357, 7, 0.15, 8, 0, 0.664, True
3, 8, 415, hideous, 0, 2, 418, 7, 0.15, 8, 0, 0.804, True
3, 8, 416, ulcer, 1, 2, 322, 6, 0.15, 8, 0, 3.306, False
3, 8, 417, pollute, 0, 2, 434, 7, 0.15, 8, 0, 0.92, True
3, 8, 418, funeral, 1, 2, 415, 7, 0.15, 8, 0, 0.808, False
3, 8, 419, doubt, 0, 2, 292, 8, 0.15, 8, 1, 0.365, False
3, 8, 420, bleed, 0, 2, 280, 9, 0.15, 8, 0, 0.803, True
3, 8, 421, avoid, 0, 2, 277, 9, 0.15, 8, 0, 0.744, True
3, 8, 422, poison, 0, 2, 372, 8, 0.15, 8, 1, 1.503, False
3, 8, 423, horror, 1, 2, 356, 9, 0.15, 8, 1, 0.15, True
3, 8, 424, suffer, 1, 2, 387, 9, 0.15, 8, 1, 0.902, True
3, 8, 425, assault, 0, 2, 403, 8, 0.15, 8, 1, 0.583, False
3, 8, 426, vandal, 0, 2, 395, 9, 0.15, 8, 0, 0.74, True
3, 8, 427, jail, 0, 2, 251, 9, 0.15, 8, 0, 1.307, True
3, 8, 428, ache, 0, 2, 233, 8, 0.15, 8, 0, 1.035, True
3, 8, 429, awful, 0, 2, 278, 8, 0.15, 8, 0, 0.471, True
3, 8, 430, punish, 0, 2, 374, 7, 0.15, 8, 0, 0.794, True
3, 8, 431, addict, 0, 2, 333, 7, 0.15, 8, 0, 0.384, True
3, 8, 432, damage, 0, 2, 347, 6, 0.15, 8, 0, 0.312, True
3, 8, 433, abuse, 0, 2, 271, 6, 0.15, 8, 0, 0.451, True
3, 8, 434, crash, 1, 2, 283, 5, 0.15, 8, 0, 0.489, False
3, 8, 435, sick, 0, 2, 264, 6, 0.15, 8, 0, 0.013, True
3, 8, 436, rape, 1, 2, 259, 6, 0.15, 8, 0, 0.276, False
3, 8, 437, wounds, 0, 2, 398, 7, 0.15, 8, 0, 0.192, True
3, 8, 438, killed, 0, 2, 361, 7, 0.15, 8, 0, 0.127, True
3, 8, 439, insane, 0, 2, 359, 6, 0.15, 8, 0, 0.081, True
3, 8, 440, solemn, 0, 2, 382, 6, 0.15, 8, 0, 0.358, True
3, 8, 441, betray, 1, 2, 335, 5, 0.15, 8, 0, 0.319, False
3, 8, 442, deceit, 0, 2, 349, 6, 0.15, 8, 0, 1.658, True
3, 8, 443, angry, 1, 2, 275, 6, 0.15, 8, 1, 0.588, True
3, 8, 444, morgue, 1, 2, 368, 5, 0.15, 8, 1, 0.028, True
3, 8, 445, traitor, 1, 2, 448, 5, 0.15, 8, 0, 0.644, False
3, 8, 446, tension, 0, 2, 444, 6, 0.15, 8, 1, 0.449, False
3, 8, 447, garbage, 1, 2, 416, 7, 0.15, 8, 0, 0.277, False
3, 8, 448, murder, 1, 2, 369, 8, 0.15, 8, 1, 0.784, True
3, 8, 449, crime, 1, 2, 285, 8, 0.15, 8, 0, 0.39, False
3, 9, 450, heaven, 0, 3, 570, 4, 0.15, 8, 0, 0.538, True
3, 9, 451, admired, 1, 3, 603, 4, 0.15, 8, 0, 0.509, False
3, 9, 452, heal, 0, 3, 475, 5, 0.15, 8, 1, 0.625, False
3, 9, 453, spouse, 0, 3, 592, 6, 0.15, 8, 0, 1.326, True
3, 9, 454, skijump, 0, 3, 639, 6, 0.15, 8, 0, 2.382, True
3, 9, 455, luxury, 1, 3, 576, 5, 0.15, 8, 0, 1.571, False
3, 9, 456, holiday, 0, 3, 625, 6, 0.15, 8, 0, 1.273, True
3, 9, 457, diamond, 0, 3, 613, 6, 0.15, 8, 1, 1.292, False
3, 9, 458, grin, 1, 3, 474, 7, 0.15, 8, 0, 1.565, False
3, 9, 459, father, 1, 3, 566, 8, 0.15, 8, 1, 1.058, True
3, 9, 460, bless, 0, 3, 500, 8, 0.15, 8, 0, 0.908, True
3, 9, 461, bouquet, 0, 3, 608, 7, 0.15, 8, 0, 1.486, True
3, 9, 462, safe, 0, 3, 488, 7, 0.15, 8, 0, 0.775, True
3, 9, 463, champ, 0, 3, 505, 6, 0.15, 8, 0, 0.67, True
3, 9, 464, calm, 0, 3, 460, 6, 0.15, 8, 0, 0.41, True
3, 9, 465, gentle, 0, 3, 568, 5, 0.15, 8, 0, 0.465, True
3, 9, 466, capable, 0, 3, 610, 5, 0.15, 8, 0, 0.407, True
3, 9, 467, snow, 0, 3, 490, 4, 0.15, 8, 0, 0.543, True
3, 9, 468, cuddle, 0, 3, 555, 4, 0.15, 8, 0, 0.818, True
3, 9, 469, child, 0, 3, 507, 3, 0.15, 8, 0, 0.602, True
3, 9, 470, survive, 1, 3, 645, 3, 0.15, 8, 1, 0.523, True
3, 9, 471, easy, 0, 3, 465, 2, 0.15, 8, 0, 0.32, True
3, 9, 472, amused, 0, 3, 546, 2, 0.15, 8, 0, 0.445, True
3, 9, 473, engaged, 0, 3, 618, 1, 0.15, 8, 0, 0.406, True
3, 9, 474, sunset, 0, 3, 595, 1, 0.15, 8, 0, 0.592, True
3, 9, 475, fame, 0, 3, 466, 1, 0.15, 8, 0, 0.163, True
3, 9, 476, beloved, 0, 3, 605, 1, 0.15, 8, 0, 0.647, True
3, 9, 477, great, 1, 3, 514, 1, 0.15, 8, 1, 0.392, True
3, 9, 478, comfort, 1, 3, 611, 1, 0.15, 8, 0, 0.018, False
3, 9, 479, sleep, 0, 3, 538, 2, 0.15, 8, 1, 0.301, False
3, 9, 480, cake, 0, 3, 459, 3, 0.15, 8, 1, 0.506, False
3, 9, 481, travel, 1, 3, 599, 4, 0.15, 8, 0, 0.255, False
3, 9, 482, ardent, 1, 3, 547, 5, 0.15, 8, 1, 0.94, True
3, 9, 483, tactful, 0, 3, 646, 5, 0.15, 8, 0, 0.574, True
3, 9, 484, promise, 1, 3, 634, 4, 0.15, 8, 0, 0.415, False
3, 9, 485, nature, 1, 3, 579, 5, 0.15, 8, 0, 0.454, False
3, 9, 486, savior, 1, 3, 589, 6, 0.15, 8, 1, 0.331, True
3, 9, 487, humor, 1, 3, 519, 6, 0.15, 8, 1, 0.373, True
3, 9, 488, respect, 1, 3, 637, 5, 0.15, 8, 0, 0.51, False
3, 9, 489, cheer, 1, 3, 506, 6, 0.15, 8, 0, 0.512, False
3, 9, 490, daring, 1, 3, 557, 7, 0.15, 8, 1, 0.498, True
3, 9, 491, hopeful, 0, 3, 626, 7, 0.15, 8, 1, 0.325, False
3, 9, 492, bright, 1, 3, 548, 8, 0.15, 8, 0, 1.901, False
3, 9, 493, helpful, 0, 3, 624, 9, 0.15, 8, 0, 4.324, True
3, 9, 494, energy, 1, 3, 563, 9, 0.15, 8, 0, 1.045, False
3, 9, 495, triumph, 1, 3, 647, 10, 0.15, 8, 0, 0.174, False
3, 9, 496, quiet, 0, 3, 536, 11, 0.15, 8, 1, 0.283, False
3, 9, 497, pleased, 0, 3, 633, 12, 0.15, 8, 1, 0.371, False
3, 9, 498, earth, 1, 3, 510, 13, 0.15, 8, 0, 0.967, False
3, 9, 499, brave, 1, 3, 502, 14, 0.15, 8, 1, 0.641, True
