4, 0, 0, robin, 1, 1, 37, 7, 0.15, 8, 1, 0.575, True
4, 0, 1, olive, 0, 1, 30, 7, 0.15, 8, 0, 0.51, True
4, 0, 2, stocking, 0, 1, 45, 6, 0.15, 8, 1, 0.608, False
4, 0, 3, sparrow, 1, 1, 42, 7, 0.15, 8, 1, 1.054, True
4, 0, 4, armor, 1, 1, 5, 7, 0.15, 8, 1, 1.145, True
4, 0, 5, twilight, 0, 1, 48, 6, 0.15, 8, 0, 0.849, True
4, 0, 6, cherry, 1, 1, 15, 6, 0.15, 8, 1, 0.55, True
4, 0, 7, scatter, 1, 1, 39, 5, 0.15, 8, 1, 0.535, True
4, 0, 8, dragon, 1, 1, 17, 5, 0.15, 8, 1, 0.586, True
4, 0, 9, velvet, 0, 1, 49, 4, 0.15, 8, 1, 0.667, False
4, 0, 10, squirrel, 1, 1, 43, 5, 0.15, 8, 1, 1.384, True
4, 0, 11, eagle, 0, 1, 18, 5, 0.15, 8, 1, 0.615, False
4, 0, 12, lily, 0, 1, 24, 6, 0.15, 8, 0, 0.933, True
4, 0, 13, body, 0, 1, 9, 6, 0.15, 8, 0, 0.902, True
4, 0, 14, canoe, 0, 1, 14, 5, 0.15, 8, 0, 0.969, True
4, 0, 15, acre, 1, 1, 1, 5, 0.15, 8, 1, 0.537, True
4, 0, 16, black, 0, 1, 8, 4, 0.15, 8, 0, 0.764, True
4, 0, 17, feather, 1, 1, 19, 4, 0.15, 8, 1, 1.077, True
4, 0, 18, steamer, 1, 1, 44, 3, 0.15, 8, 0, 0.69, False
4, 0, 19, bushel, 0, 1, 11, 4, 0.15, 8, 1, 0.943, False
4, 0, 20, monster, 1, 1, 29, 5, 0.15, 8, 1, 1.135, True
4, 0, 21, orchard, 1, 1, 31, 5, 0.15, 8, 1, 0.937, True
4, 0, 22, cable, 0, 1, 12, 4, 0.15, 8, 0, 1.227, True
4, 0, 23, bargain, 1, 1, 6, 4, 0.15, 8, 1, 0.737, True
4, 0, 24, receipt, 1, 1, 36, 3, 0.15, 8, 1, 0.972, True
4, 0, 25, wrinkle, 1, 1, 50, 3, 0.15, 8, 1, 1.102, True
4, 0, 26, pigeon, 0, 1, 35, 2, 0.15, 8, 0, 1.211, True
4, 0, 27, monarch, 1, 1, 28, 2, 0.15, 8, 1, 0.851, True
4, 0, 28, shepherd, 1, 1, 40, 1, 0.15, 8, 1, 0.618, True
4, 0, 29, slipper, 1, 1, 41, 1, 0.15, 8, 0, 0.796, False
4, 0, 30, oyster, 1, 1, 33, 2, 0.15, 8, 1, 0.598, True
4, 0, 31, oven, 0, 1, 32, 2, 0.15, 8, 1, 1.239, False
4, 0, 32, linen, 0, 1, 25, 3, 0.15, 8, 0, 0.366, True
4, 0, 33, parcel, 1, 1, 34, 3, 0.15, 8, 1, 0.361, True
4, 0, 34, apple, 0, 1, 4, 2, 0.15, 8, 0, 0.356, True
4, 0, 35, branch, 1, 1, 10, 2, 0.15, 8, 1, 0.303, True
4, 0, 36, beaver, 1, 1, 7, 1, 0.15, 8, 1, 0.319, True
4, 0, 37, canal, 0, 1, 13, 1, 0.15, 8, 1, 0.397, False
4, 0, 38, mistress, 1, 1, 27, 2, 0.15, 8, 0, 0.391, False
4, 0, 39, garment, 1, 1, 20, 3, 0.15, 8, 1, 0.32, True
4, 0, 40, tiger, 1, 1, 47, 3, 0.15, 8, 0, 0.349, False
4, 0, 41, madam, 0, 1, 26, 4, 0.15, 8, 1, 0.344, False
4, 0, 42, kitten, 0, 1, 23, 5, 0.15, 8, 0, 0.45, True
4, 0, 43, alien, 0, 1, 2, 5, 0.15, 8, 0, 1.032, True
4, 0, 44, helmet, 0, 1, 22, 4, 0.15, 8, 1, 1.126, False
4, 0, 45, sulphur, 1, 1, 46, 5, 0.15, 8, 1, 0.735, True
4, 0, 46, device, 0, 1, 16, 5, 0.15, 8, 0, 0.81, True
4, 0, 47, sailor, 1, 1, 38, 4, 0.15, 8, 1, 0.944, True
4, 0, 48, goddess, 0, 1, 21, 4, 0.15, 8, 1, 0.626, False
4, 0, 49, alter, 1, 1, 3, 5, 0.15, 8, 1, 0.657, True
4, 1, 50, storm, 1, 1, 104, 4, 0.15, 8, 1, 0.451, True
4, 1, 51, tool, 0, 1, 49, 4, 0.15, 8, 0, 0.698, True
4, 1, 52, square, 1, 1, 178, 3, 0.15, 8, 1, 0.807, True
4, 1, 53, swamp, 0, 1, 106, 3, 0.15, 8, 1, 0.544, False
4, 1, 54, paper, 1, 1, 85, 4, 0.15, 8, 1, 0.674, True
4, 1, 55, hammer, 1, 1, 140, 4, 0.15, 8, 1, 1.135, True
4, 1, 56, fabric, 1, 1, 136, 3, 0.15, 8, 1, 0.521, True
4, 1, 57, teacher, 1, 1, 227, 3, 0.15, 8, 1, 0.574, True
4, 1, 58, measure, 1, 1, 216, 2, 0.15, 8, 1, 0.848, True
4, 1, 59, glass, 0, 1, 72, 2, 0.15, 8, 1, 0.6, False
4, 1, 60, manner, 1, 1, 149, 3, 0.15, 8, 1, 0.745, True
4, 1, 61, stereo, 1, 1, 181, 3, 0.15, 8, 0, 0.995, False
4, 1, 62, noisy, 0, 1, 83, 4, 0.15, 8, 1, 0.579, False
4, 1, 63, metal, 0, 1, 79, 5, 0.15, 8, 1, 0.675, False
4, 1, 64, quart, 1, 1, 91, 6, 0.15, 8, 1, 0.703, True
4, 1, 65, trunk, 1, 1, 113, 6, 0.15, 8, 1, 0.506, True
4, 1, 66, yellow, 0, 1, 189, 5, 0.15, 8, 0, 0.973, True
4, 1, 67, detail, 0, 1, 131, 5, 0.15, 8, 0, 0.893, True
4, 1, 68, spray, 1, 1, 100, 4, 0.15, 8, 1, 0.753, True
4, 1, 69, engine, 0, 1, 133, 4, 0.15, 8, 0, 1.083, True
4, 1, 70, moth, 0, 1, 31, 3, 0.15, 8, 1, 1.031, False
4, 1, 71, lawn, 0, 1, 27, 4, 0.15, 8, 1, 0.822, False
4, 1, 72, patio, 0, 1, 86, 5, 0.15, 8, 1, 1.868, False
4, 1, 73, mirror, 1, 1, 154, 6, 0.15, 8, 1, 0.71, True
4, 1, 74, pencil, 0, 1, 162, 6, 0.15, 8, 0, 0.784, True
4, 1, 75, machine, 0, 1, 215, 5, 0.15, 8, 0, 2.008, True
4, 1, 76, grouped, 1, 1, 206, 5, 0.15, 8, 0, 1.101, False
4, 1, 77, basket, 0, 1, 120, 6, 0.15, 8, 1, 0.647, False
4, 1, 78, statue, 0, 1, 180, 7, 0.15, 8, 0, 1.139, True
4, 1, 79, gene, 0, 1, 16, 7, 0.15, 8, 1, 0.763, False
4, 1, 80, theory, 1, 1, 184, 8, 0.15, 8, 1, 1.298, True
4, 1, 81, hard, 1, 1, 18, 8, 0.15, 8, 1, 0.834, True
4, 1, 82, humble, 0, 1, 141, 7, 0.15, 8, 0, 1.75, True
4, 1, 83, poetry, 1, 1, 163, 7, 0.15, 8, 1, 1.38, True
4, 1, 84, truck, 1, 1, 112, 6, 0.15, 8, 1, 0.579, True
4, 1, 85, terrace, 1, 1, 228, 6, 0.15, 8, 1, 0.594, True
4, 1, 86, incline, 0, 1, 211, 5, 0.15, 8, 0, 1.906, True
4, 1, 87, highway, 0, 1, 208, 5, 0.15, 8, 0, 0.875, True
4, 1, 88, runner, 1, 1, 168, 4, 0.15, 8, 1, 0.575, True
4, 1, 89, jelly, 0, 1, 76, 4, 0.15, 8, 0, 0.817, True
4, 1, 90, tower, 1, 1, 110, 3, 0.15, 8, 1, 1.048, True
4, 1, 91, cork, 1, 1, 6, 3, 0.15, 8, 1, 0.759, True
4, 1, 92, broom, 1, 1, 61, 2, 0.15, 8, 0, 0.833, False
4, 1, 93, wagon, 0, 1, 115, 3, 0.15, 8, 1, 0.36, False
4, 1, 94, track, 1, 1, 111, 4, 0.15, 8, 1, 0.641, True
4, 1, 95, seat, 0, 1, 41, 4, 0.15, 8, 0, 1.024, True
4, 1, 96, farm, 1, 1, 11, 3, 0.15, 8, 1, 0.559, True
4, 1, 97, circle, 1, 1, 126, 3, 0.15, 8, 1, 0.353, True
4, 1, 98, street, 1, 1, 182, 2, 0.15, 8, 0, 0.702, False
4, 1, 99, avenue, 0, 1, 117, 3, 0.15, 8, 1, 0.41, False
4, 2, 100, putrid, 1, 2, 375, 4, 0.15, 8, 1, 3.761, True
4, 2, 101, hate, 0, 2, 248, 4, 0.15, 8, 1, 0.717, False
4, 2, 102, feeble, 0, 2, 351, 5, 0.15, 8, 1, 0.664, False
4, 2, 103, hideous, 0, 2, 418, 6, 0.15, 8, 0, 1.156, True
4, 2, 104, brutal, 1, 2, 339, 6, 0.15, 8, 1, 0.62, True
4, 2, 105, rude, 1, 2, 262, 5, 0.15, 8, 1, 0.555, True
4, 2, 106, crash, 1, 2, 283, 5, 0.15, 8, 1, 0.429, True
4, 2, 107, nerves, 1, 2, 370, 4, 0.15, 8, 1, 0.548, True
4, 2, 108, death, 0, 2, 289, 4, 0.15, 8, 0, 0.806, True
4, 2, 109, menace, 0, 2, 365, 3, 0.15, 8, 1, 0.798, False
4, 2, 110, enraged, 1, 2, 412, 4, 0.15, 8, 1, 0.806, True
4, 2, 111, failure, 1, 2, 413, 4, 0.15, 8, 1, 1.022, True
4, 2, 112, bitchy, 0, 2, 336, 3, 0.15, 8, 1, 0.638, False
4, 2, 113, horror, 1, 2, 356, 4, 0.15, 8, 1, 0.605, True
4, 2, 114, slave, 0, 2, 314, 4, 0.15, 8, 0, 0.893, True
4, 2, 115, grave, 1, 2, 301, 3, 0.15, 8, 1, 0.625, True
4, 2, 116, incite, 0, 2, 357, 3, 0.15, 8, 1, 1.217, False
4, 2, 117, severe, 1, 2, 381, 4, 0.15, 8, 1, 0.68, True
4, 2, 118, jail, 0, 2, 251, 4, 0.15, 8, 0, 0.772, True
4, 2, 119, destroy, 1, 2, 410, 3, 0.15, 8, 1, 0.574, True
4, 2, 120, damage, 0, 2, 347, 3, 0.15, 8, 1, 0.624, False
4, 2, 121, unhappy, 0, 2, 450, 4, 0.15, 8, 0, 0.943, True
4, 2, 122, doom, 0, 2, 239, 4, 0.15, 8, 1, 0.801, False
4, 2, 123, fright, 1, 2, 353, 5, 0.15, 8, 0, 1.176, False
4, 2, 124, enemy, 0, 2, 294, 6, 0.15, 8, 0, 0.926, True
4, 2, 125, cruelty, 1, 2, 406, 6, 0.15, 8, 1, 0.799, True
4, 2, 126, tragedy, 1, 2, 447, 5, 0.15, 8, 1, 0.583, True
4, 2, 127, burden, 1, 2, 340, 5, 0.15, 8, 1, 0.535, True
4, 2, 128, crucify, 1, 2, 405, 4, 0.15, 8, 1, 0.842, True
4, 2, 129, angry, 1, 2, 275, 4, 0.15, 8, 1, 0.608, True
4, 2, 130, pest, 0, 2, 257, 3, 0.15, 8, 1, 1.184, False
4, 2, 131, bored, 1, 2, 281, 4, 0.15, 8, 1, 1.496, True
4, 2, 132, bomb, 0, 2, 234, 4, 0.15, 8, 0, 0.819, True
4, 2, 133, cruel, 1, 2, 287, 3, 0.15, 8, 1, 0.683, True
4, 2, 134, rape, 1, 2, 259, 3, 0.15, 8, 1, 0.6, True
4, 2, 135, abuse, 0, 2, 271, 2, 0.15, 8, 0, 0.378, True
4, 2, 136, vandal, 0, 2, 395, 2, 0.15, 8, 1, 0.373, False
4, 2, 137, inflict, 0, 2, 421, 3, 0.15, 8, 0, 0.288, True
4, 2, 138, pain, 0, 2, 256, 3, 0.15, 8, 1, 1.39, False
4, 2, 139, dead, 0, 2, 236, 4, 0.15, 8, 1, 0.718, False
4, 2, 140, thief, 0, 2, 319, 5, 0.15, 8, 0, 0.856, True
4, 2, 141, cancer, 1, 2, 342, 5, 0.15, 8, 1, 0.621, True
4, 2, 142, blister, 1, 2, 404, 4, 0.15, 8, 1, 0.812, True
4, 2, 143, danger, 1, 2, 348, 4, 0.15, 8, 1, 0.516, True
4, 2, 144, torture, 1, 2, 446, 3, 0.15, 8, 1, 0.472, True
4, 2, 145, germs, 1, 2, 299, 3, 0.15, 8, 1, 0.415, True
4, 2, 146, violent, 0, 2, 453, 2, 0.15, 8, 0, 0.712, True
4, 2, 147, funeral, 1, 2, 415, 2, 0.15, 8, 1, 0.421, True
4, 2, 148, garbage, 1, 2, 416, 1, 0.15, 8, 1, 0.655, True
4, 2, 149, pervert, 1, 2, 433, 1, 0.15, 8, 0, 0.703, False
4, 3, 150, bride, 1, 3, 503, 4, 0.15, 8, 1, 1.352, True
4, 3, 151, party, 1, 3, 530, 4, 0.15, 8, 1, 0.617, True
4, 3, 152, elegant, 0, 3, 617, 3, 0.15, 8, 1, 0.489, False
4, 3, 153, eager, 1, 3, 509, 4, 0.15, 8, 1, 0.766, True
4, 3, 154, nice, 0, 3, 486, 4, 0.15, 8, 1, 1.144, False
4, 3, 155, child, 0, 3, 507, 5, 0.15, 8, 0, 0.736, True
4, 3, 156, rainbow, 1, 3, 635, 5, 0.15, 8, 0, 1.034, False
4, 3, 157, free, 1, 3, 469, 6, 0.15, 8, 1, 0.551, True
4, 3, 158, engaged, 0, 3, 618, 6, 0.15, 8, 1, 0.52, False
4, 3, 159, honor, 1, 3, 517, 7, 0.15, 8, 1, 0.81, True
4, 3, 160, bubbly, 0, 3, 549, 7, 0.15, 8, 0, 0.751, True
4, 3, 161, joyful, 0, 3, 572, 6, 0.15, 8, 0, 0.664, True
4, 3, 162, dinner, 1, 3, 560, 6, 0.15, 8, 1, 0.708, True
4, 3, 163, bless, 0, 3, 500, 5, 0.15, 8, 0, 0.655, True
4, 3, 164, blossom, 0, 3, 607, 5, 0.15, 8, 0, 0.78, True
4, 3, 165, pretty, 1, 3, 584, 4, 0.15, 8, 1, 0.789, True
4, 3, 166, improve, 1, 3, 628, 4, 0.15, 8, 1, 0.83, True
4, 3, 167, spring, 1, 3, 593, 3, 0.15, 8, 1, 0.693, True
4, 3, 168, heal, 0, 3, 475, 3, 0.15, 8, 0, 0.657, True
4, 3, 169, devoted, 0, 3, 612, 2, 0.15, 8, 1, 0.449, False
4, 3, 170, rescue, 1, 3, 586, 3, 0.15, 8, 0, 0.408, False
4, 3, 171, helpful, 0, 3, 624, 4, 0.15, 8, 0, 0.736, True
4, 3, 172, father, 1, 3, 566, 4, 0.15, 8, 1, 0.458, True
4, 3, 173, learn, 1, 3, 522, 3, 0.15, 8, 1, 0.673, True
4, 3, 174, gift, 0, 3, 470, 3, 0.15, 8, 1, 0.399, False
4, 3, 175, beloved, 0, 3, 605, 4, 0.15, 8, 0, 0.776, True
4, 3, 176, earth, 1, 3, 510, 4, 0.15, 8, 1, 0.481, True
4, 3, 177, benefit, 0, 3, 606, 3, 0.15, 8, 0, 0.551, True
4, 3, 178, brother, 1, 3, 609, 3, 0.15, 8, 1, 0.506, True
4, 3, 179, circus, 1, 3, 552, 2, 0.15, 8, 0, 0.32, False
4, 3, 180, joke, 0, 3, 479, 3, 0.15, 8, 0, 0.445, True
4, 3, 181, skijump, 0, 3, 639, 3, 0.15, 8, 1, 0.644, False
4, 3, 182, grin, 1, 3, 474, 4, 0.15, 8, 0, 1.138, False
4, 3, 183, warmth, 1, 3, 602, 5, 0.15, 8, 1, 0.587, True
4, 3, 184, love, 0, 3, 484, 5, 0.15, 8, 0, 0.588, True
4, 3, 185, bright, 1, 3, 548, 4, 0.15, 8, 1, 0.509, True
4, 3, 186, quiet, 0, 3, 536, 4, 0.15, 8, 0, 1.009, True
4, 3, 187, treat, 1, 3, 541, 3, 0.15, 8, 1, 0.608, True
4, 3, 188, champ, 0, 3, 505, 3, 0.15, 8, 0, 0.4, True
4, 3, 189, orgasm, 1, 3, 580, 2, 0.15, 8, 1, 0.586, True
4, 3, 190, victory, 1, 3, 648, 2, 0.15, 8, 1, 0.717, True
4, 3, 191, loyal, 0, 3, 523, 1, 0.15, 8, 1, 0.33, False
4, 3, 192, admire, 1, 3, 544, 2, 0.15, 8, 0, 0.295, False
4, 3, 193, ardent, 1, 3, 547, 3, 0.15, 8, 1, 0.133, True
4, 3, 194, palace, 0, 3, 581, 3, 0.15, 8, 1, 0.345, False
4, 3, 195, riches, 1, 3, 588, 4, 0.15, 8, 0, 0.212, False
4, 3, 196, hopeful, 0, 3, 626, 5, 0.15, 8, 0, 0.836, True
4, 3, 197, bouquet, 0, 3, 608, 5, 0.15, 8, 1, 0.938, False
4, 3, 198, fond, 0, 3, 467, 6, 0.15, 8, 0, 1.147, True
4, 3, 199, people, 0, 3, 582, 6, 0.15, 8, 0, 0.947, True
4, 4, 200, hairpin, 1, 1, 207, 4, 0.15, 8, 0, 0.723, False
4, 4, 201, bench, 0, 1, 57, 5, 0.15, 8, 1, 0.653, False
4, 4, 202, shadow, 0, 1, 171, 6, 0.15, 8, 0, 1.834, True
4, 4, 203, bland, 0, 1, 58, 6, 0.15, 8, 0, 0.646, True
4, 4, 204, wash, 0, 1, 53, 5, 0.15, 8, 0, 0.627, True
4, 4, 205, flame, 0, 1, 70, 5, 0.15, 8, 0, 0.577, True
4, 4, 206, column, 0, 1, 128, 4, 0.15, 8, 0, 0.546, True
4, 4, 207, rake, 1, 1, 37, 4, 0.15, 8, 1, 0.661, True
4, 4, 208, serious, 1, 1, 224, 3, 0.15, 8, 0, 0.435, False
4, 4, 209, chair, 1, 1, 62, 4, 0.15, 8, 1, 0.938, True
4, 4, 210, keen, 0, 1, 23, 4, 0.15, 8, 0, 0.669, True
4, 4, 211, photo, 0, 1, 88, 3, 0.15, 8, 0, 0.427, True
4, 4, 212, icebox, 0, 1, 142, 3, 0.15, 8, 0, 0.355, True
4, 4, 213, boxer, 1, 1, 60, 2, 0.15, 8, 0, 0.399, False
4, 4, 214, butter, 1, 1, 123, 3, 0.15, 8, 1, 0.52, True
4, 4, 215, sponge, 0, 1, 177, 3, 0.15, 8, 1, 0.477, False
4, 4, 216, mixer, 1, 1, 80, 4, 0.15, 8, 0, 0.37, False
4, 4, 217, utensil, 0, 1, 230, 5, 0.15, 8, 0, 0.843, True
4, 4, 218, obey, 0, 1, 33, 5, 0.15, 8, 0, 0.785, True
4, 4, 219, rattle, 1, 1, 166, 4, 0.15, 8, 1, 0.633, True
4, 4, 220, cellar, 1, 1, 125, 4, 0.15, 8, 0, 0.616, False
4, 4, 221, sofa, 0, 1, 45, 5, 0.15, 8, 0, 0.743, True
4, 4, 222, muddy, 0, 1, 82, 5, 0.15, 8, 0, 0.576, True
4, 4, 223, quote, 0, 1, 93, 4, 0.15, 8, 1, 0.897, False
4, 4, 224, vase, 0, 1, 51, 5, 0.15, 8, 0, 0.613, True
4, 4, 225, hydrant, 1, 1, 210, 5, 0.15, 8, 1, 1.363, True
4, 4, 226, journal, 1, 1, 212, 4, 0.15, 8, 1, 0.772, True
4, 4, 227, mantel, 0, 1, 150, 4, 0.15, 8, 0, 1.277, True
4, 4, 228, blase, 0, 1, 59, 3, 0.15, 8, 0, 1.025, True
4, 4, 229, milk, 0, 1, 30, 3, 0.15, 8, 1, 0.64, False
4, 4, 230, clock, 0, 1, 64, 4, 0.15, 8, 0, 0.687, True
4, 4, 231, knot, 0, 1, 24, 4, 0.15, 8, 0, 0.684, True
4, 4, 232, ankle, 0, 1, 55, 3, 0.15, 8, 0, 0.985, True
4, 4, 233, shower, 1, 1, 173, 3, 0.15, 8, 1, 0.842, True
4, 4, 234, banner, 1, 1, 118, 2, 0.15, 8, 0, 0.626, False
4, 4, 235, time, 0, 1, 48, 3, 0.15, 8, 1, 0.721, False
4, 4, 236, range, 1, 1, 94, 4, 0.15, 8, 1, 0.829, True
4, 4, 237, furnace, 1, 1, 202, 4, 0.15, 8, 1, 0.739, True
4, 4, 238, mystic, 0, 1, 158, 3, 0.15, 8, 1, 0.447, False
4, 4, 239, museum, 0, 1, 157, 4, 0.15, 8, 1, 1.109, False
4, 4, 240, rain, 1, 1, 36, 5, 0.15, 8, 1, 0.608, True
4, 4, 241, trumpet, 1, 1, 229, 5, 0.15, 8, 0, 1.262, False
4, 4, 242, dresser, 1, 1, 198, 6, 0.15, 8, 1, 0.641, True
4, 4, 243, polish, 0, 1, 164, 6, 0.15, 8, 0, 0.606, True
4, 4, 244, carpet, 1, 1, 124, 5, 0.15, 8, 1, 1.293, True
4, 4, 245, nursery, 1, 1, 217, 5, 0.15, 8, 0, 0.943, False
4, 4, 246, part, 1, 1, 35, 6, 0.15, 8, 0, 1.12, False
4, 4, 247, doctor, 1, 1, 132, 7, 0.15, 8, 1, 0.504, True
4, 4, 248, stairs, 1, 1, 179, 7, 0.15, 8, 1, 0.843, True
4, 4, 249, century, 1, 1, 194, 6, 0.15, 8, 1, 0.687, True
4, 5, 250, outcast, 0, 2, 431, 4, 0.15, 8, 1, 0.459, False
4, 5, 251, revenge, 1, 2, 437, 5, 0.15, 8, 1, 0.432, True
4, 5, 252, lice, 0, 2, 252, 5, 0.15, 8, 1, 0.423, False
4, 5, 253, wounds, 0, 2, 398, 6, 0.15, 8, 0, 1.277, True
4, 5, 254, afraid, 1, 2, 334, 6, 0.15, 8, 1, 0.448, True
4, 5, 255, selfish, 0, 2, 439, 5, 0.15, 8, 0, 0.661, True
4, 5, 256, poverty, 1, 2, 435, 5, 0.15, 8, 1, 0.626, True
4, 5, 257, pollute, 0, 2, 434, 4, 0.15, 8, 0, 0.609, True
4, 5, 258, hell, 0, 2, 249, 4, 0.15, 8, 1, 0.401, False
4, 5, 259, bleed, 0, 2, 280, 5, 0.15, 8, 0, 0.697, True
4, 5, 260, seasick, 0, 2, 438, 5, 0.15, 8, 1, 0.548, False
4, 5, 261, robber, 1, 2, 378, 6, 0.15, 8, 1, 0.869, True
4, 5, 262, vomit, 0, 2, 325, 6, 0.15, 8, 0, 0.745, True
4, 5, 263, malaria, 1, 2, 424, 5, 0.15, 8, 1, 0.738, True
4, 5, 264, divorce, 1, 2, 411, 5, 0.15, 8, 1, 0.892, True
4, 5, 265, worry, 1, 2, 328, 4, 0.15, 8, 1, 0.688, True
4, 5, 266, addict, 0, 2, 333, 4, 0.15, 8, 1, 0.541, False
4, 5, 267, inhibit, 0, 2, 422, 5, 0.15, 8, 0, 0.991, True
4, 5, 268, wicked, 0, 2, 397, 5, 0.15, 8, 1, 0.702, False
4, 5, 269, regret, 1, 2, 377, 6, 0.15, 8, 1, 0.569, True
4, 5, 270, betray, 1, 2, 335, 6, 0.15, 8, 1, 0.809, True
4, 5, 271, ache, 0, 2, 233, 5, 0.15, 8, 0, 0.768, True
4, 5, 272, worse, 1, 2, 329, 5, 0.15, 8, 1, 0.633, True
4, 5, 273, measles, 0, 2, 425, 4, 0.15, 8, 1, 0.919, False
4, 5, 274, killed, 0, 2, 361, 5, 0.15, 8, 0, 2.074, True
4, 5, 275, traitor, 1, 2, 448, 5, 0.15, 8, 1, 0.54, True
4, 5, 276, neglect, 0, 2, 427, 4, 0.15, 8, 1, 0.495, False
4, 5, 277, drown, 1, 2, 293, 5, 0.15, 8, 1, 0.531, True
4, 5, 278, solemn, 0, 2, 382, 5, 0.15, 8, 0, 0.949, True
4, 5, 279, grief, 1, 2, 303, 4, 0.15, 8, 1, 0.583, True
4, 5, 280, despise, 0, 2, 409, 4, 0.15, 8, 1, 0.904, False
4, 5, 281, avoid, 0, 2, 277, 5, 0.15, 8, 0, 1.643, True
4, 5, 282, shame, 0, 2, 312, 5, 0.15, 8, 1, 0.607, False
4, 5, 283, mistake, 0, 2, 426, 6, 0.15, 8, 0, 1.181, True
4, 5, 284, insane, 0, 2, 359, 6, 0.15, 8, 0, 0.82, True
4, 5, 285, tumor, 1, 2, 321, 5, 0.15, 8, 1, 0.89, True
4, 5, 286, abused, 0, 2, 331, 5, 0.15, 8, 0, 0.926, True
4, 5, 287, morgue, 1, 2, 368, 4, 0.15, 8, 1, 0.672, True
4, 5, 288, panic, 0, 2, 309, 4, 0.15, 8, 0, 0.702, True
4, 5, 289, accuse, 0, 2, 332, 3, 0.15, 8, 1, 2.011, False
4, 5, 290, whore, 1, 2, 327, 4, 0.15, 8, 0, 1.344, False
4, 5, 291, tension, 0, 2, 444, 5, 0.15, 8, 0, 0.88, True
4, 5, 292, sick, 0, 2, 264, 5, 0.15, 8, 0, 0.899, True
4, 5, 293, curse, 1, 2, 288, 4, 0.15, 8, 1, 0.967, True
4, 5, 294, hostile, 0, 2, 420, 4, 0.15, 8, 1, 0.664, False
4, 5, 295, crisis, 1, 2, 346, 5, 0.15, 8, 0, 0.757, False
4, 5, 296, greed, 1, 2, 302, 6, 0.15, 8, 1, 0.574, True
4, 5, 297, despair, 1, 2, 408, 6, 0.15, 8, 1, 0.461, True
4, 5, 298, flabby, 0, 2, 352, 5, 0.15, 8, 0, 0.915, True
4, 5, 299, punish, 0, 2, 374, 5, 0.15, 8, 1, 0.597, False
4, 6, 300, cute, 0, 3, 464, 4, 0.15, 8, 0, 1.113, True
4, 6, 301, diamond, 0, 3, 613, 4, 0.15, 8, 1, 0.596, False
4, 6, 302, cozy, 0, 3, 463, 5, 0.15, 8, 0, 1.971, True
4, 6, 303, good, 0, 3, 473, 5, 0.15, 8, 1, 0.57, False
4, 6, 304, gentle, 0, 3, 568, 6, 0.15, 8, 0, 1.418, True
4, 6, 305, erotic, 1, 3, 564, 6, 0.15, 8, 1, 1.175, True
4, 6, 306, flirt, 1, 3, 511, 5, 0.15, 8, 0, 1.022, False
4, 6, 307, cash, 0, 3, 461, 6, 0.15, 8, 1, 0.732, False
4, 6, 308, warm, 1, 3, 494, 7, 0.15, 8, 1, 0.676, True
4, 6, 309, secure, 1, 3, 590, 7, 0.15, 8, 1, 1.487, True
4, 6, 310, dancer, 1, 3, 556, 6, 0.15, 8, 1, 2.153, True
4, 6, 311, couple, 0, 3, 554, 6, 0.15, 8, 0, 0.631, True
4, 6, 312, easy, 0, 3, 465, 5, 0.15, 8, 0, 0.709, True
4, 6, 313, sunny, 0, 3, 540, 5, 0.15, 8, 0, 0.688, True
4, 6, 314, fantasy, 0, 3, 620, 4, 0.15, 8, 0, 1.021, True
4, 6, 315, great, 1, 3, 514, 4, 0.15, 8, 1, 0.956, True
4, 6, 316, music, 0, 3, 528, 3, 0.15, 8, 0, 0.75, True
4, 6, 317, cool, 0, 3, 462, 3, 0.15, 8, 1, 1.049, False
4, 6, 318, desire, 1, 3, 559, 4, 0.15, 8, 1, 0.918, True
4, 6, 319, ocean, 0, 3, 529, 4, 0.15, 8, 1, 0.681, False
4, 6, 320, scholar, 1, 3, 638, 5, 0.15, 8, 1, 0.805, True
4, 6, 321, aroused, 1, 3, 604, 5, 0.15, 8, 1, 0.829, True
4, 6, 322, heart, 1, 3, 516, 4, 0.15, 8, 1, 1.027, True
4, 6, 323, silly, 0, 3, 537, 4, 0.15, 8, 0, 1.297, True
4, 6, 324, caress, 1, 3, 550, 3, 0.15, 8, 1, 0.917, True
4, 6, 325, thrill, 1, 3, 598, 3, 0.15, 8, 0, 1.449, False
4, 6, 326, relaxed, 1, 3, 636, 4, 0.15, 8, 1, 0.901, True
4, 6, 327, snow, 0, 3, 490, 4, 0.15, 8, 1, 0.521, False
4, 6, 328, safe, 0, 3, 488, 5, 0.15, 8, 0, 0.796, True
4, 6, 329, strong, 1, 3, 594, 5, 0.15, 8, 1, 0.692, True
4, 6, 330, triumph, 1, 3, 647, 4, 0.15, 8, 0, 0.816, False
4, 6, 331, promise, 1, 3, 634, 5, 0.15, 8, 1, 0.822, True
4, 6, 332, merry, 1, 3, 526, 5, 0.15, 8, 1, 0.573, True
4, 6, 333, rest, 1, 3, 487, 4, 0.15, 8, 1, 0.639, True
4, 6, 334, happy, 0, 3, 515, 4, 0.15, 8, 0, 0.621, True
4, 6, 335, fame, 0, 3, 466, 3, 0.15, 8, 1, 0.702, False
4, 6, 336, joyous, 0, 3, 573, 4, 0.15, 8, 0, 1.082, True
4, 6, 337, capable, 0, 3, 610, 4, 0.15, 8, 0, 1.686, True
4, 6, 338, hero, 1, 3, 476, 3, 0.15, 8, 0, 0.586, False
4, 6, 339, color, 1, 3, 508, 4, 0.15, 8, 1, 0.651, True
4, 6, 340, heaven, 0, 3, 570, 4, 0.15, 8, 0, 0.985, True
4, 6, 341, cheer, 1, 3, 506, 3, 0.15, 8, 1, 0.73, True
4, 6, 342, dollar, 1, 3, 561, 3, 0.15, 8, 1, 0.645, True
4, 6, 343, holiday, 0, 3, 625, 2, 0.15, 8, 1, 0.421, False
4, 6, 344, daring, 1, 3, 557, 3, 0.15, 8, 0, 0.59, False
4, 6, 345, energy, 1, 3, 563, 4, 0.15, 8, 1, 0.639, True
4, 6, 346, jolly, 0, 3, 520, 4, 0.15, 8, 0, 0.622, True
4, 6, 347, leader, 1, 3, 574, 3, 0.15, 8, 1, 0.686, True
4, 6, 348, festive, 0, 3, 621, 3, 0.15, 8, 1, 0.427, False
4, 6, 349, earnest, 1, 3, 615, 4, 0.15, 8, 1, 0.851, True
4, 7, 350, errand, 1, 1, 134, 4, 0.15, 8, 1, 0.834, True
4, 7, 351, chimney, 0, 1, 195, 4, 0.15, 8, 1, 0.649, False
4, 7, 352, finger, 1, 1, 137, 5, 0.15, 8, 1, 0.534, True
4, 7, 353, phase, 0, 1, 87, 5, 0.15, 8, 0, 0.665, True
4, 7, 354, factory, 1, 1, 200, 4, 0.15, 8, 1, 0.662, True
4, 7, 355, frog, 1, 1, 14, 4, 0.15, 8, 1, 0.596, True
4, 7, 356, market, 1, 1, 151, 3, 0.15, 8, 1, 0.501, True
4, 7, 357, violin, 0, 1, 186, 3, 0.15, 8, 0, 0.89, True
4, 7, 358, hide, 0, 1, 20, 2, 0.15, 8, 1, 0.576, False
4, 7, 359, earring, 1, 1, 199, 3, 0.15, 8, 1, 0.354, True
4, 7, 360, loyal, 0, 1, 78, 3, 0.15, 8, 1, 0.461, False
4, 7, 361, desk, 0, 1, 7, 4, 0.15, 8, 0, 1.475, True
4, 7, 362, plaster, 1, 1, 220, 4, 0.15, 8, 1, 0.879, True
4, 7, 363, village, 0, 1, 231, 3, 0.15, 8, 1, 0.644, False
4, 7, 364, barrel, 1, 1, 119, 4, 0.15, 8, 1, 0.674, True
4, 7, 365, dentist, 0, 1, 197, 4, 0.15, 8, 0, 0.752, True
4, 7, 366, basin, 0, 1, 56, 3, 0.15, 8, 1, 0.731, False
4, 7, 367, hawk, 0, 1, 19, 4, 0.15, 8, 0, 0.645, True
4, 7, 368, dish, 0, 1, 8, 4, 0.15, 8, 0, 0.515, True
4, 7, 369, locate, 0, 1, 147, 3, 0.15, 8, 1, 0.376, False
4, 7, 370, minute, 0, 1, 153, 4, 0.15, 8, 0, 0.242, True
4, 7, 371, repair, 1, 1, 167, 4, 0.15, 8, 1, 0.432, True
4, 7, 372, stomach, 0, 1, 226, 3, 0.15, 8, 1, 0.696, False
4, 7, 373, gender, 1, 1, 138, 4, 0.15, 8, 1, 0.677, True
4, 7, 374, passage, 0, 1, 218, 4, 0.15, 8, 1, 0.673, False
4, 7, 375, lamb, 0, 1, 25, 5, 0.15, 8, 0, 0.669, True
4, 7, 376, cord, 1, 1, 5, 5, 0.15, 8, 1, 0.874, True
4, 7, 377, iron, 1, 1, 21, 4, 0.15, 8, 1, 0.543, True
4, 7, 378, roof, 1, 1, 39, 4, 0.15, 8, 1, 0.945, True
4, 7, 379, limber, 1, 1, 146, 3, 0.15, 8, 0, 0.675, False
4, 7, 380, tank, 0, 1, 46, 4, 0.15, 8, 0, 0.593, True
4, 7, 381, coast, 0, 1, 66, 4, 0.15, 8, 1, 0.865, False
4, 7, 382, closet, 0, 1, 127, 5, 0.15, 8, 0, 1.254, True
4, 7, 383, history, 1, 1, 209, 5, 0.15, 8, 1, 0.922, True
4, 7, 384, screen, 1, 1, 170, 4, 0.15, 8, 1, 1.037, True
4, 7, 385, somehow, 0, 1, 225, 4, 0.15, 8, 1, 0.683, False
4, 7, 386, horse, 1, 1, 74, 5, 0.15, 8, 1, 0.664, True
4, 7, 387, corner, 1, 1, 129, 5, 0.15, 8, 1, 0.548, True
4, 7, 388, border, 1, 1, 122, 4, 0.15, 8, 1, 0.647, True
4, 7, 389, fork, 1, 1, 13, 4, 0.15, 8, 1, 0.597, True
4, 7, 390, glacier, 1, 1, 204, 3, 0.15, 8, 1, 0.438, True
4, 7, 391, quiet, 0, 1, 92, 3, 0.15, 8, 1, 0.446, False
4, 7, 392, steps, 0, 1, 102, 4, 0.15, 8, 0, 0.837, True
4, 7, 393, rough, 1, 1, 95, 4, 0.15, 8, 1, 0.363, True
4, 7, 394, window, 0, 1, 187, 3, 0.15, 8, 1, 0.422, False
4, 7, 395, total, 0, 1, 108, 4, 0.15, 8, 0, 0.861, True
4, 7, 396, juice, 0, 1, 77, 4, 0.15, 8, 1, 0.867, False
4, 7, 397, golfer, 1, 1, 139, 5, 0.15, 8, 0, 1.079, False
4, 7, 398, dryer, 1, 1, 68, 6, 0.15, 8, 1, 0.578, True
4, 7, 399, gateway, 0, 1, 203, 6, 0.15, 8, 1, 0.594, False
4, 8, 400, burial, 1, 2, 341, 4, 0.15, 8, 0, 0.785, False
4, 8, 401, detest, 0, 2, 350, 5, 0.15, 8, 1, 0.537, False
4, 8, 402, lonely, 0, 2, 362, 6, 0.15, 8, 0, 1.371, True
4, 8, 403, assault, 0, 2, 403, 6, 0.15, 8, 1, 0.633, False
4, 8, 404, riot, 1, 2, 260, 7, 0.15, 8, 1, 0.95, True
4, 8, 405, deceit, 0, 2, 349, 7, 0.15, 8, 0, 1.11, True
4, 8, 406, murder, 1, 2, 369, 6, 0.15, 8, 1, 0.895, True
4, 8, 407, tragic, 1, 2, 391, 6, 0.15, 8, 1, 0.594, True
4, 8, 408, suffer, 1, 2, 387, 5, 0.15, 8, 1, 0.577, True
4, 8, 409, guilt, 0, 2, 305, 5, 0.15, 8, 0, 0.737, True
4, 8, 410, doubt, 0, 2, 292, 4, 0.15, 8, 0, 0.828, True
4, 8, 411, leprosy, 1, 2, 423, 4, 0.15, 8, 0, 0.755, False
4, 8, 412, victim, 0, 2, 396, 5, 0.15, 8, 0, 0.732, True
4, 8, 413, injury, 1, 2, 358, 5, 0.15, 8, 1, 0.742, True
4, 8, 414, hatred, 1, 2, 355, 4, 0.15, 8, 1, 1.136, True
4, 8, 415, scum, 0, 2, 263, 4, 0.15, 8, 0, 1.13, True
4, 8, 416, slime, 0, 2, 315, 3, 0.15, 8, 1, 0.549, False
4, 8, 417, uneasy, 0, 2, 393, 4, 0.15, 8, 0, 0.807, True
4, 8, 418, crime, 1, 2, 285, 4, 0.15, 8, 1, 0.655, True
4, 8, 419, surgery, 1, 2, 443, 3, 0.15, 8, 1, 0.35, True
4, 8, 420, sore, 1, 2, 267, 3, 0.15, 8, 1, 0.458, True
4, 8, 421, coffin, 0, 2, 343, 2, 0.15, 8, 0, 0.385, True
4, 8, 422, rabies, 1, 2, 376, 2, 0.15, 8, 0, 0.54, False
4, 8, 423, stress, 1, 2, 385, 3, 0.15, 8, 1, 0.512, True
4, 8, 424, corpse, 1, 2, 344, 3, 0.15, 8, 1, 0.628, True
4, 8, 425, crushed, 1, 2, 407, 2, 0.15, 8, 1, 0.324, True
4, 8, 426, harm, 1, 2, 247, 2, 0.15, 8, 0, 0.289, False
4, 8, 427, fury, 1, 2, 244, 3, 0.15, 8, 1, 0.303, True
4, 8, 428, spider, 1, 2, 383, 3, 0.15, 8, 1, 0.333, True
4, 8, 429, guilty, 0, 2, 354, 2, 0.15, 8, 1, 0.298, False
4, 8, 430, awful, 0, 2, 278, 3, 0.15, 8, 0, 0.504, True
4, 8, 431, nervous, 1, 2, 428, 3, 0.15, 8, 0, 0.173, False
4, 8, 432, trauma, 1, 2, 392, 4, 0.15, 8, 1, 0.239, True
4, 8, 433, venom, 0, 2, 324, 4, 0.15, 8, 0, 0.782, True
4, 8, 434, tense, 0, 2, 318, 3, 0.15, 8, 1, 0.28, False
4, 8, 435, prison, 1, 2, 373, 4, 0.15, 8, 0, 0.085, False
4, 8, 436, hang, 0, 2, 246, 5, 0.15, 8, 0, 0.682, True
4, 8, 437, coward, 1, 2, 345, 5, 0.15, 8, 1, 0.647, True
4, 8, 438, poison, 0, 2, 372, 4, 0.15, 8, 0, 1.765, True
4, 8, 439, filth, 0, 2, 297, 4, 0.15, 8, 0, 0.964, True
4, 8, 440, terror, 1, 2, 389, 3, 0.15, 8, 1, 0.55, True
4, 8, 441, misery, 1, 2, 366, 3, 0.15, 8, 0, 0.393, False
4, 8, 442, stupid, 0, 2, 386, 4, 0.15, 8, 1, 0.482, False
4, 8, 443, tomb, 0, 2, 268, 5, 0.15, 8, 0, 0.758, True
4, 8, 444, rage, 1, 2, 258, 5, 0.15, 8, 1, 0.575, True
4, 8, 445, fault, 0, 2, 295, 4, 0.15, 8, 0, 0.832, True
4, 8, 446, ulcer, 1, 2, 322, 4, 0.15, 8, 1, 1.27, True
4, 8, 447, envy, 0, 2, 240, 3, 0.15, 8, 0, 0.652, True
4, 8, 448, loser, 1, 2, 306, 3, 0.15, 8, 1, 0.778, True
4, 8, 449, upset, 0, 2, 323, 2, 0.15, 8, 0, 0.324, True
4, 9, 450, pleased, 0, 3, 633, 4, 0.15, 8, 0, 0.848, True
4, 9, 451, justice, 0, 3, 629, 4, 0.15, 8, 1, 0.406, False
4, 9, 452, sunrise, 1, 3, 644, 5, 0.15, 8, 0, 0.573, False
4, 9, 453, home, 0, 3, 477, 6, 0.15, 8, 0, 0.589, True
4, 9, 454, cake, 0, 3, 459, 6, 0.15, 8, 0, 0.605, True
4, 9, 455, lust, 0, 3, 485, 5, 0.15, 8, 0, 0.572, True
4, 9, 456, puppy, 0, 3, 535, 5, 0.15, 8, 0, 0.845, True
4, 9, 457, trophy, 1, 3, 600, 4, 0.15, 8, 1, 0.579, True
4, 9, 458, bird, 1, 3, 458, 4, 0.15, 8, 0, 0.612, False
4, 9, 459, trust, 1, 3, 542, 5, 0.15, 8, 1, 0.867, True
4, 9, 460, mother, 1, 3, 578, 5, 0.15, 8, 1, 0.584, True
4, 9, 461, success, 0, 3, 643, 4, 0.15, 8, 1, 1.017, False
4, 9, 462, amused, 0, 3, 546, 5, 0.15, 8, 0, 1.207, True
4, 9, 463, sleep, 0, 3, 538, 5, 0.15, 8, 0, 0.541, True
4, 9, 464, proud, 1, 3, 533, 4, 0.15, 8, 1, 0.688, True
4, 9, 465, brave, 1, 3, 502, 4, 0.15, 8, 1, 0.893, True
4, 9, 466, kind, 0, 3, 480, 3, 0.15, 8, 0, 0.417, True
4, 9, 467, tender, 1, 3, 597, 3, 0.15, 8, 1, 0.538, True
4, 9, 468, excited, 0, 3, 619, 2, 0.15, 8, 1, 0.398, False
4, 9, 469, nature, 1, 3, 579, 3, 0.15, 8, 0, 0.328, False
4, 9, 470, respect, 1, 3, 637, 4, 0.15, 8, 1, 0.723, True
4, 9, 471, reward, 1, 3, 587, 4, 0.15, 8, 1, 0.415, True
4, 9, 472, savior, 1, 3, 589, 3, 0.15, 8, 1, 0.743, True
4, 9, 473, hope, 0, 3, 478, 3, 0.15, 8, 0, 0.738, True
4, 9, 474, wise, 0, 3, 495, 2, 0.15, 8, 1, 0.302, False
4, 9, 475, admired, 1, 3, 603, 3, 0.15, 8, 0, 0.188, False
4, 9, 476, luxury, 1, 3, 576, 4, 0.15, 8, 1, 0.462, True
4, 9, 477, travel, 1, 3, 599, 4, 0.15, 8, 1, 0.659, True
4, 9, 478, money, 0, 3, 527, 3, 0.15, 8, 1, 0.722, False
4, 9, 479, humor, 1, 3, 519, 4, 0.15, 8, 0, 0.317, False
4, 9, 480, pious, 0, 3, 532, 5, 0.15, 8, 1, 0.361, False
4, 9, 481, family, 0, 3, 565, 6, 0.15, 8, 0, 0.657, True
4, 9, 482, dazzle, 0, 3, 558, 6, 0.15, 8, 0, 1.31, True
4, 9, 483, king, 0, 3, 481, 5, 0.15, 8, 0, 0.639, True
4, 9, 484, stamina, 0, 3, 642, 5, 0.15, 8, 0, 0.557, True
4, 9, 485, cuddle, 0, 3, 555, 4, 0.15, 8, 0, 1.023, True
4, 9, 486, liberty, 1, 3, 630, 4, 0.15, 8, 1, 0.75, True
4, 9, 487, wealthy, 0, 3, 649, 3, 0.15, 8, 0, 0.841, True
4, 9, 488, sunset, 0, 3, 595, 3, 0.15, 8, 1, 0.543, False
4, 9, 489, friend, 1, 3, 567, 4, 0.15, 8, 0, 0.274, False
4, 9, 490, ecstasy, 0, 3, 616, 5, 0.15, 8, 0, 0.943, True
4, 9, 491, survive, 1, 3, 645, 5, 0.15, 8, 1, 0.624, True
4, 9, 492, comfort, 1, 3, 611, 4, 0.15, 8, 1, 0.766, True
4, 9, 493, freedom, 1, 3, 622, 4, 0.15, 8, 1, 0.536, True
4, 9, 494, calm, 0, 3, 460, 3, 0.15, 8, 1, 0.651, False
4, 9, 495, sparkle, 1, 3, 641, 4, 0.15, 8, 1, 1.434, True
4, 9, 496, proud, 1, 3, 534, 4, 0.15, 8, 0, 0.551, False
4, 9, 497, star, 1, 3, 493, 5, 0.15, 8, 1, 0.345, True
4, 9, 498, tactful, 0, 3, 646, 5, 0.15, 8, 0, 1.123, True
4, 9, 499, spouse, 0, 3, 592, 4, 0.15, 8, 0, 0.814, True
