9, 0, 0, robin, 1, 1, 37, 7, 0.15, 8, 1, 12.406, True
9, 0, 1, olive, 0, 1, 30, 7, 0.15, 8, 0, 18.311, True
9, 0, 2, stocking, 0, 1, 45, 6, 0.15, 8, 0, 40.257, True
9, 0, 3, sparrow, 1, 1, 42, 6, 0.15, 8, 1, 0.839, True
9, 0, 4, armor, 1, 1, 5, 5, 0.15, 8, 1, 0.86, True
9, 0, 5, twilight, 0, 1, 48, 5, 0.15, 8, 0, 1.777, True
9, 0, 6, cherry, 1, 1, 15, 4, 0.15, 8, 1, 0.832, True
9, 0, 7, scatter, 1, 1, 39, 4, 0.15, 8, 1, 1.398, True
9, 0, 8, dragon, 1, 1, 17, 3, 0.15, 8, 1, 1.718, True
9, 0, 9, velvet, 0, 1, 49, 3, 0.15, 8, 0, 5.096, True
9, 0, 10, squirrel, 1, 1, 43, 2, 0.15, 8, 0, 1.789, False
9, 0, 11, eagle, 0, 1, 18, 3, 0.15, 8, 1, 2.909, False
9, 0, 12, lily, 0, 1, 24, 4, 0.15, 8, 0, 1.165, True
9, 0, 13, body, 0, 1, 9, 4, 0.15, 8, 0, 1.125, True
9, 0, 14, canoe, 0, 1, 14, 3, 0.15, 8, 0, 1.52, True
9, 0, 15, acre, 1, 1, 1, 3, 0.15, 8, 0, 1.707, False
9, 0, 16, black, 0, 1, 8, 4, 0.15, 8, 0, 2.829, True
9, 0, 17, feather, 1, 1, 19, 4, 0.15, 8, 1, 0.688, True
9, 0, 18, steamer, 1, 1, 44, 3, 0.15, 8, 1, 0.829, True
9, 0, 19, bushel, 0, 1, 11, 3, 0.15, 8, 0, 1.092, True
9, 0, 20, monster, 1, 1, 29, 2, 0.15, 8, 1, 1.137, True
9, 0, 21, orchard, 1, 1, 31, 2, 0.15, 8, 0, 1.709, False
9, 0, 22, cable, 0, 1, 12, 3, 0.15, 8, 0, 2.944, True
9, 0, 23, bargain, 1, 1, 6, 3, 0.15, 8, 1, 3.406, True
9, 0, 24, receipt, 1, 1, 36, 2, 0.15, 8, 0, 1.899, False
9, 0, 25, wrinkle, 1, 1, 50, 3, 0.15, 8, 1, 1.173, True
9, 0, 26, pigeon, 0, 1, 35, 3, 0.15, 8, 0, 1.294, True
9, 0, 27, monarch, 1, 1, 28, 2, 0.15, 8, 0, 0.931, False
9, 0, 28, shepherd, 1, 1, 40, 3, 0.15, 8, 1, 0.694, True
9, 0, 29, slipper, 1, 1, 41, 3, 0.15, 8, 1, 1.491, True
9, 0, 30, oyster, 1, 1, 33, 2, 0.15, 8, 0, 0.959, False
9, 0, 31, oven, 0, 1, 32, 3, 0.15, 8, 0, 1.089, True
9, 0, 32, linen, 0, 1, 25, 3, 0.15, 8, 1, 4.83, False
9, 0, 33, parcel, 1, 1, 34, 4, 0.15, 8, 0, 1.054, False
9, 0, 34, apple, 0, 1, 4, 5, 0.15, 8, 0, 1.418, True
9, 0, 35, branch, 1, 1, 10, 5, 0.15, 8, 1, 1.112, True
9, 0, 36, beaver, 1, 1, 7, 4, 0.15, 8, 1, 0.819, True
9, 0, 37, canal, 0, 1, 13, 4, 0.15, 8, 1, 0.666, False
9, 0, 38, mistress, 1, 1, 27, 5, 0.15, 8, 1, 0.839, True
9, 0, 39, garment, 1, 1, 20, 5, 0.15, 8, 1, 0.7, True
9, 0, 40, tiger, 1, 1, 47, 4, 0.15, 8, 1, 0.601, True
9, 0, 41, madam, 0, 1, 26, 4, 0.15, 8, 0, 0.793, True
9, 0, 42, kitten, 0, 1, 23, 3, 0.15, 8, 0, 2.018, True
9, 0, 43, alien, 0, 1, 2, 3, 0.15, 8, 0, 0.999, True
9, 0, 44, helmet, 0, 1, 22, 2, 0.15, 8, 0, 0.92, True
9, 0, 45, sulphur, 1, 1, 46, 2, 0.15, 8, 0, 0.781, False
9, 0, 46, device, 0, 1, 16, 3, 0.15, 8, 0, 1.046, True
9, 0, 47, sailor, 1, 1, 38, 3, 0.15, 8, 0, 1.252, False
9, 0, 48, goddess, 0, 1, 21, 4, 0.15, 8, 0, 1.049, True
9, 0, 49, alter, 1, 1, 3, 4, 0.15, 8, 0, 3.431, False
9, 1, 50, noisy, 0, 1, 83, 4, 0.15, 8, 0, 1.691, True
9, 1, 51, dryer, 1, 1, 68, 4, 0.15, 8, 1, 1.678, True
9, 1, 52, desk, 0, 1, 7, 3, 0.15, 8, 0, 0.866, True
9, 1, 53, flame, 0, 1, 70, 3, 0.15, 8, 0, 0.936, True
9, 1, 54, part, 1, 1, 35, 2, 0.15, 8, 0, 2.876, False
9, 1, 55, rake, 1, 1, 37, 3, 0.15, 8, 0, 2.062, False
9, 1, 56, banner, 1, 1, 118, 4, 0.15, 8, 1, 0.961, True
9, 1, 57, golfer, 1, 1, 139, 4, 0.15, 8, 1, 0.866, True
9, 1, 58, hairpin, 1, 1, 207, 3, 0.15, 8, 0, 0.791, False
9, 1, 59, pencil, 0, 1, 162, 4, 0.15, 8, 0, 0.911, True
9, 1, 60, basin, 0, 1, 56, 4, 0.15, 8, 0, 0.914, True
9, 1, 61, terrace, 1, 1, 228, 3, 0.15, 8, 0, 0.854, False
9, 1, 62, rough, 1, 1, 95, 4, 0.15, 8, 0, 0.844, False
9, 1, 63, grouped, 1, 1, 206, 5, 0.15, 8, 1, 5.409, True
9, 1, 64, swamp, 0, 1, 106, 5, 0.15, 8, 0, 2.024, True
9, 1, 65, spray, 1, 1, 100, 4, 0.15, 8, 1, 1.405, True
9, 1, 66, milk, 0, 1, 30, 4, 0.15, 8, 0, 0.78, True
9, 1, 67, measure, 1, 1, 216, 3, 0.15, 8, 0, 0.789, False
9, 1, 68, time, 0, 1, 48, 4, 0.15, 8, 0, 1.39, True
9, 1, 69, trumpet, 1, 1, 229, 4, 0.15, 8, 0, 1.005, False
9, 1, 70, lawn, 0, 1, 27, 5, 0.15, 8, 0, 0.956, True
9, 1, 71, truck, 1, 1, 112, 5, 0.15, 8, 1, 1.341, True
9, 1, 72, shadow, 0, 1, 171, 4, 0.15, 8, 0, 0.847, True
9, 1, 73, obey, 0, 1, 33, 4, 0.15, 8, 0, 0.996, True
9, 1, 74, frog, 1, 1, 14, 3, 0.15, 8, 0, 1.013, False
9, 1, 75, corner, 1, 1, 129, 4, 0.15, 8, 0, 1.14, False
9, 1, 76, century, 1, 1, 194, 5, 0.15, 8, 1, 0.781, True
9, 1, 77, locate, 0, 1, 147, 5, 0.15, 8, 0, 0.677, True
9, 1, 78, sponge, 0, 1, 177, 4, 0.15, 8, 0, 1.058, True
9, 1, 79, farm, 1, 1, 11, 4, 0.15, 8, 1, 0.527, True
9, 1, 80, fork, 1, 1, 13, 3, 0.15, 8, 1, 0.563, True
9, 1, 81, cellar, 1, 1, 125, 3, 0.15, 8, 1, 2.229, True
9, 1, 82, manner, 1, 1, 149, 2, 0.15, 8, 0, 0.851, False
9, 1, 83, icebox, 0, 1, 142, 3, 0.15, 8, 0, 0.857, True
9, 1, 84, hammer, 1, 1, 140, 3, 0.15, 8, 1, 1.088, True
9, 1, 85, nursery, 1, 1, 217, 2, 0.15, 8, 0, 0.861, False
9, 1, 86, stomach, 0, 1, 226, 3, 0.15, 8, 0, 0.835, True
9, 1, 87, machine, 0, 1, 215, 3, 0.15, 8, 0, 0.906, True
9, 1, 88, quote, 0, 1, 93, 2, 0.15, 8, 0, 1.071, True
9, 1, 89, broom, 1, 1, 61, 2, 0.15, 8, 0, 0.702, False
9, 1, 90, metal, 0, 1, 79, 3, 0.15, 8, 0, 0.666, True
9, 1, 91, mantel, 0, 1, 150, 3, 0.15, 8, 0, 0.825, True
9, 1, 92, loyal, 0, 1, 78, 2, 0.15, 8, 0, 0.609, True
9, 1, 93, detail, 0, 1, 131, 2, 0.15, 8, 0, 0.658, True
9, 1, 94, repair, 1, 1, 167, 1, 0.15, 8, 0, 0.544, False
9, 1, 95, sofa, 0, 1, 45, 2, 0.15, 8, 0, 0.596, True
9, 1, 96, basket, 0, 1, 120, 2, 0.15, 8, 0, 0.453, True
9, 1, 97, jelly, 0, 1, 76, 1, 0.15, 8, 0, 0.59, True
9, 1, 98, mirror, 1, 1, 154, 1, 0.15, 8, 0, 0.481, False
9, 1, 99, glacier, 1, 1, 204, 2, 0.15, 8, 0, 0.68, False
9, 2, 100, doom, 0, 2, 239, 4, 0.15, 8, 1, 0.772, False
9, 2, 101, wounds, 0, 2, 398, 5, 0.15, 8, 1, 0.845, False
9, 2, 102, crucify, 1, 2, 405, 6, 0.15, 8, 1, 4.785, True
9, 2, 103, venom, 0, 2, 324, 6, 0.15, 8, 0, 1.553, True
9, 2, 104, prison, 1, 2, 373, 5, 0.15, 8, 1, 0.617, True
9, 2, 105, slime, 0, 2, 315, 5, 0.15, 8, 0, 2.808, True
9, 2, 106, ache, 0, 2, 233, 4, 0.15, 8, 0, 4.764, True
9, 2, 107, afraid, 1, 2, 334, 4, 0.15, 8, 1, 0.75, True
9, 2, 108, greed, 1, 2, 302, 3, 0.15, 8, 0, 0.936, False
9, 2, 109, pervert, 1, 2, 433, 4, 0.15, 8, 1, 0.859, True
9, 2, 110, lonely, 0, 2, 362, 4, 0.15, 8, 0, 0.768, True
9, 2, 111, bitchy, 0, 2, 336, 3, 0.15, 8, 0, 0.746, True
9, 2, 112, neglect, 0, 2, 427, 3, 0.15, 8, 0, 0.773, True
9, 2, 113, victim, 0, 2, 396, 2, 0.15, 8, 0, 0.655, True
9, 2, 114, guilty, 0, 2, 354, 2, 0.15, 8, 0, 0.623, True
9, 2, 115, pest, 0, 2, 257, 1, 0.15, 8, 0, 0.497, True
9, 2, 116, harm, 1, 2, 247, 1, 0.15, 8, 0, 0.503, False
9, 2, 117, tense, 0, 2, 318, 2, 0.15, 8, 0, 0.429, True
9, 2, 118, accuse, 0, 2, 332, 2, 0.15, 8, 0, 0.582, True
9, 2, 119, trauma, 1, 2, 392, 1, 0.15, 8, 0, 0.457, False
9, 2, 120, morgue, 1, 2, 368, 2, 0.15, 8, 0, 0.529, False
9, 2, 121, putrid, 1, 2, 375, 3, 0.15, 8, 1, 0.868, True
9, 2, 122, germs, 1, 2, 299, 3, 0.15, 8, 1, 0.874, True
9, 2, 123, assault, 0, 2, 403, 2, 0.15, 8, 0, 0.736, True
9, 2, 124, hatred, 1, 2, 355, 2, 0.15, 8, 0, 2.236, False
9, 2, 125, menace, 0, 2, 365, 3, 0.15, 8, 0, 0.889, True
9, 2, 126, feeble, 0, 2, 351, 3, 0.15, 8, 0, 1.086, True
9, 2, 127, despair, 1, 2, 408, 2, 0.15, 8, 0, 0.715, False
9, 2, 128, killed, 0, 2, 361, 3, 0.15, 8, 0, 1.048, True
9, 2, 129, robber, 1, 2, 378, 3, 0.15, 8, 1, 1.318, True
9, 2, 130, destroy, 1, 2, 410, 2, 0.15, 8, 0, 0.601, False
9, 2, 131, murder, 1, 2, 369, 3, 0.15, 8, 1, 1.738, True
9, 2, 132, tomb, 0, 2, 268, 3, 0.15, 8, 0, 1.052, True
9, 2, 133, bleed, 0, 2, 280, 2, 0.15, 8, 0, 0.955, True
9, 2, 134, spider, 1, 2, 383, 2, 0.15, 8, 0, 0.67, False
9, 2, 135, outcast, 0, 2, 431, 3, 0.15, 8, 1, 0.748, False
9, 2, 136, scum, 0, 2, 263, 4, 0.15, 8, 0, 1.046, True
9, 2, 137, flabby, 0, 2, 352, 4, 0.15, 8, 0, 1.188, True
9, 2, 138, shame, 0, 2, 312, 3, 0.15, 8, 0, 1.196, True
9, 2, 139, nervous, 1, 2, 428, 3, 0.15, 8, 1, 1.092, True
9, 2, 140, slave, 0, 2, 314, 2, 0.15, 8, 0, 0.721, True
9, 2, 141, funeral, 1, 2, 415, 2, 0.15, 8, 0, 0.718, False
9, 2, 142, incite, 0, 2, 357, 3, 0.15, 8, 0, 1.019, True
9, 2, 143, hell, 0, 2, 249, 3, 0.15, 8, 0, 0.938, True
9, 2, 144, rape, 1, 2, 259, 2, 0.15, 8, 0, 0.558, False
9, 2, 145, dead, 0, 2, 236, 3, 0.15, 8, 0, 1.536, True
9, 2, 146, hang, 0, 2, 246, 3, 0.15, 8, 1, 0.762, False
9, 2, 147, hideous, 0, 2, 418, 4, 0.15, 8, 0, 0.74, True
9, 2, 148, crash, 1, 2, 283, 4, 0.15, 8, 1, 0.686, True
9, 2, 149, detest, 0, 2, 350, 3, 0.15, 8, 1, 1.643, False
9, 3, 150, happy, 0, 3, 515, 4, 0.15, 8, 0, 0.656, True
9, 3, 151, ocean, 0, 3, 529, 4, 0.15, 8, 0, 0.766, True
9, 3, 152, quiet, 0, 3, 536, 3, 0.15, 8, 0, 1.736, True
9, 3, 153, sunset, 0, 3, 595, 3, 0.15, 8, 1, 0.681, False
9, 3, 154, mother, 1, 3, 578, 4, 0.15, 8, 1, 0.678, True
9, 3, 155, free, 1, 3, 469, 4, 0.15, 8, 1, 0.579, True
9, 3, 156, gentle, 0, 3, 568, 3, 0.15, 8, 0, 0.869, True
9, 3, 157, child, 0, 3, 507, 3, 0.15, 8, 1, 0.763, False
9, 3, 158, grin, 1, 3, 474, 4, 0.15, 8, 1, 0.564, True
9, 3, 159, ecstasy, 0, 3, 616, 4, 0.15, 8, 0, 0.726, True
9, 3, 160, triumph, 1, 3, 647, 3, 0.15, 8, 1, 1.121, True
9, 3, 161, admire, 1, 3, 544, 3, 0.15, 8, 1, 0.749, True
9, 3, 162, spouse, 0, 3, 592, 2, 0.15, 8, 0, 0.952, True
9, 3, 163, blossom, 0, 3, 607, 2, 0.15, 8, 0, 1.003, True
9, 3, 164, earth, 1, 3, 510, 1, 0.15, 8, 0, 0.717, False
9, 3, 165, rest, 1, 3, 487, 2, 0.15, 8, 0, 0.602, False
9, 3, 166, devoted, 0, 3, 612, 3, 0.15, 8, 0, 1.099, True
9, 3, 167, diamond, 0, 3, 613, 3, 0.15, 8, 1, 0.695, False
9, 3, 168, thrill, 1, 3, 598, 4, 0.15, 8, 1, 0.659, True
9, 3, 169, cool, 0, 3, 462, 4, 0.15, 8, 0, 0.673, True
9, 3, 170, proud, 1, 3, 533, 3, 0.15, 8, 1, 0.623, True
9, 3, 171, fantasy, 0, 3, 620, 3, 0.15, 8, 0, 0.719, True
9, 3, 172, dancer, 1, 3, 556, 2, 0.15, 8, 0, 1.116, False
9, 3, 173, warm, 1, 3, 494, 3, 0.15, 8, 1, 1.271, True
9, 3, 174, caress, 1, 3, 550, 3, 0.15, 8, 1, 0.652, True
9, 3, 175, party, 1, 3, 530, 2, 0.15, 8, 0, 0.524, False
9, 3, 176, brave, 1, 3, 502, 3, 0.15, 8, 1, 0.688, True
9, 3, 177, energy, 1, 3, 563, 3, 0.15, 8, 0, 0.605, False
9, 3, 178, champ, 0, 3, 505, 4, 0.15, 8, 0, 1.373, True
9, 3, 179, dollar, 1, 3, 561, 4, 0.15, 8, 1, 0.958, True
9, 3, 180, secure, 1, 3, 590, 3, 0.15, 8, 0, 1.359, False
9, 3, 181, bird, 1, 3, 458, 4, 0.15, 8, 0, 0.832, False
9, 3, 182, freedom, 1, 3, 622, 5, 0.15, 8, 1, 0.533, True
9, 3, 183, learn, 1, 3, 522, 5, 0.15, 8, 1, 0.536, True
9, 3, 184, promise, 1, 3, 634, 4, 0.15, 8, 1, 0.555, True
9, 3, 185, cake, 0, 3, 459, 4, 0.15, 8, 0, 0.733, True
9, 3, 186, excited, 0, 3, 619, 3, 0.15, 8, 1, 0.873, False
9, 3, 187, bless, 0, 3, 500, 4, 0.15, 8, 0, 0.622, True
9, 3, 188, travel, 1, 3, 599, 4, 0.15, 8, 1, 0.702, True
9, 3, 189, benefit, 0, 3, 606, 3, 0.15, 8, 0, 0.938, True
9, 3, 190, leader, 1, 3, 574, 3, 0.15, 8, 1, 0.59, True
9, 3, 191, rainbow, 1, 3, 635, 2, 0.15, 8, 0, 0.592, False
9, 3, 192, cozy, 0, 3, 463, 3, 0.15, 8, 0, 0.705, True
9, 3, 193, cheer, 1, 3, 506, 3, 0.15, 8, 0, 0.702, False
9, 3, 194, savior, 1, 3, 589, 4, 0.15, 8, 1, 0.618, True
9, 3, 195, nice, 0, 3, 486, 4, 0.15, 8, 0, 0.602, True
9, 3, 196, bouquet, 0, 3, 608, 3, 0.15, 8, 0, 0.619, True
9, 3, 197, success, 0, 3, 643, 3, 0.15, 8, 0, 0.635, True
9, 3, 198, music, 0, 3, 528, 2, 0.15, 8, 0, 0.667, True
9, 3, 199, cuddle, 0, 3, 555, 2, 0.15, 8, 0, 0.538, True
9, 4, 200, patio, 0, 1, 86, 4, 0.15, 8, 0, 0.569, True
9, 4, 201, bench, 0, 1, 57, 4, 0.15, 8, 0, 0.666, True
9, 4, 202, theory, 1, 1, 184, 3, 0.15, 8, 0, 0.569, False
9, 4, 203, butter, 1, 1, 123, 4, 0.15, 8, 1, 0.586, True
9, 4, 204, fabric, 1, 1, 136, 4, 0.15, 8, 0, 0.507, False
9, 4, 205, dresser, 1, 1, 198, 5, 0.15, 8, 0, 0.383, False
9, 4, 206, lamb, 0, 1, 25, 6, 0.15, 8, 0, 0.439, True
9, 4, 207, furnace, 1, 1, 202, 6, 0.15, 8, 0, 1.276, False
9, 4, 208, cord, 1, 1, 5, 7, 0.15, 8, 0, 0.478, False
9, 4, 209, square, 1, 1, 178, 8, 0.15, 8, 1, 0.576, True
9, 4, 210, polish, 0, 1, 164, 8, 0.15, 8, 0, 0.591, True
9, 4, 211, gender, 1, 1, 138, 7, 0.15, 8, 1, 0.574, True
9, 4, 212, passage, 0, 1, 218, 7, 0.15, 8, 0, 0.493, True
9, 4, 213, track, 1, 1, 111, 6, 0.15, 8, 1, 1.36, True
9, 4, 214, coast, 0, 1, 66, 6, 0.15, 8, 0, 0.767, True
9, 4, 215, chimney, 0, 1, 195, 5, 0.15, 8, 1, 0.92, False
9, 4, 216, journal, 1, 1, 212, 6, 0.15, 8, 1, 0.698, True
9, 4, 217, tool, 0, 1, 49, 6, 0.15, 8, 0, 0.58, True
9, 4, 218, knot, 0, 1, 24, 5, 0.15, 8, 0, 0.837, True
9, 4, 219, chair, 1, 1, 62, 5, 0.15, 8, 1, 0.698, True
9, 4, 220, glass, 0, 1, 72, 4, 0.15, 8, 0, 0.871, True
9, 4, 221, serious, 1, 1, 224, 4, 0.15, 8, 1, 2.236, True
9, 4, 222, shower, 1, 1, 173, 3, 0.15, 8, 1, 0.984, True
9, 4, 223, hawk, 0, 1, 19, 3, 0.15, 8, 0, 0.761, True
9, 4, 224, poetry, 1, 1, 163, 2, 0.15, 8, 0, 0.82, False
9, 4, 225, stairs, 1, 1, 179, 3, 0.15, 8, 1, 0.924, True
9, 4, 226, stereo, 1, 1, 181, 3, 0.15, 8, 0, 0.655, False
9, 4, 227, quart, 1, 1, 91, 4, 0.15, 8, 1, 0.685, True
9, 4, 228, total, 0, 1, 108, 4, 0.15, 8, 1, 2.186, False
9, 4, 229, border, 1, 1, 122, 5, 0.15, 8, 1, 0.599, True
9, 4, 230, runner, 1, 1, 168, 5, 0.15, 8, 1, 0.535, True
9, 4, 231, violin, 0, 1, 186, 4, 0.15, 8, 0, 0.618, True
9, 4, 232, steps, 0, 1, 102, 4, 0.15, 8, 0, 0.922, True
9, 4, 233, barrel, 1, 1, 119, 3, 0.15, 8, 0, 0.845, False
9, 4, 234, mixer, 1, 1, 80, 4, 0.15, 8, 1, 0.803, True
9, 4, 235, earring, 1, 1, 199, 4, 0.15, 8, 1, 0.891, True
9, 4, 236, gateway, 0, 1, 203, 3, 0.15, 8, 1, 0.96, False
9, 4, 237, ankle, 0, 1, 55, 4, 0.15, 8, 0, 0.961, True
9, 4, 238, mystic, 0, 1, 158, 4, 0.15, 8, 0, 0.738, True
9, 4, 239, window, 0, 1, 187, 3, 0.15, 8, 0, 0.925, True
9, 4, 240, range, 1, 1, 94, 3, 0.15, 8, 0, 0.624, False
9, 4, 241, hide, 0, 1, 20, 4, 0.15, 8, 0, 0.703, True
9, 4, 242, carpet, 1, 1, 124, 4, 0.15, 8, 1, 1.243, True
9, 4, 243, doctor, 1, 1, 132, 3, 0.15, 8, 0, 0.625, False
9, 4, 244, factory, 1, 1, 200, 4, 0.15, 8, 0, 0.832, False
9, 4, 245, somehow, 0, 1, 225, 5, 0.15, 8, 0, 0.966, True
9, 4, 246, keen, 0, 1, 23, 5, 0.15, 8, 0, 0.662, True
9, 4, 247, circle, 1, 1, 126, 4, 0.15, 8, 0, 0.628, False
9, 4, 248, phase, 0, 1, 87, 5, 0.15, 8, 0, 1.186, True
9, 4, 249, village, 0, 1, 231, 5, 0.15, 8, 0, 0.537, True
9, 5, 250, fury, 1, 2, 244, 4, 0.15, 8, 1, 0.699, True
9, 5, 251, terror, 1, 2, 389, 4, 0.15, 8, 1, 0.552, True
9, 5, 252, severe, 1, 2, 381, 3, 0.15, 8, 1, 0.667, True
9, 5, 253, angry, 1, 2, 275, 3, 0.15, 8, 1, 0.937, True
9, 5, 254, wicked, 0, 2, 397, 2, 0.15, 8, 0, 0.573, True
9, 5, 255, regret, 1, 2, 377, 2, 0.15, 8, 0, 0.624, False
9, 5, 256, selfish, 0, 2, 439, 3, 0.15, 8, 1, 0.751, False
9, 5, 257, tragic, 1, 2, 391, 4, 0.15, 8, 1, 0.585, True
9, 5, 258, sick, 0, 2, 264, 4, 0.15, 8, 0, 0.81, True
9, 5, 259, unhappy, 0, 2, 450, 3, 0.15, 8, 0, 0.642, True
9, 5, 260, vomit, 0, 2, 325, 3, 0.15, 8, 0, 0.641, True
9, 5, 261, nerves, 1, 2, 370, 2, 0.15, 8, 0, 0.737, False
9, 5, 262, grief, 1, 2, 303, 3, 0.15, 8, 0, 0.588, False
9, 5, 263, fright, 1, 2, 353, 4, 0.15, 8, 0, 0.861, False
9, 5, 264, panic, 0, 2, 309, 5, 0.15, 8, 0, 0.722, True
9, 5, 265, enraged, 1, 2, 412, 5, 0.15, 8, 0, 0.749, False
9, 5, 266, fault, 0, 2, 295, 6, 0.15, 8, 0, 0.565, True
9, 5, 267, thief, 0, 2, 319, 6, 0.15, 8, 0, 0.773, True
9, 5, 268, malaria, 1, 2, 424, 5, 0.15, 8, 1, 0.686, True
9, 5, 269, worse, 1, 2, 329, 5, 0.15, 8, 1, 0.586, True
9, 5, 270, pain, 0, 2, 256, 4, 0.15, 8, 0, 0.587, True
9, 5, 271, abuse, 0, 2, 271, 4, 0.15, 8, 0, 0.716, True
9, 5, 272, crime, 1, 2, 285, 3, 0.15, 8, 0, 0.568, False
9, 5, 273, cruel, 1, 2, 287, 4, 0.15, 8, 1, 0.618, True
9, 5, 274, divorce, 1, 2, 411, 4, 0.15, 8, 1, 0.778, True
9, 5, 275, seasick, 0, 2, 438, 3, 0.15, 8, 0, 0.579, True
9, 5, 276, vandal, 0, 2, 395, 3, 0.15, 8, 0, 0.805, True
9, 5, 277, stupid, 0, 2, 386, 2, 0.15, 8, 0, 0.558, True
9, 5, 278, pollute, 0, 2, 434, 2, 0.15, 8, 0, 0.401, True
9, 5, 279, suffer, 1, 2, 387, 1, 0.15, 8, 0, 0.556, False
9, 5, 280, grave, 1, 2, 301, 2, 0.15, 8, 0, 0.495, False
9, 5, 281, crushed, 1, 2, 407, 3, 0.15, 8, 0, 0.436, False
9, 5, 282, curse, 1, 2, 288, 4, 0.15, 8, 1, 0.7, True
9, 5, 283, poverty, 1, 2, 435, 4, 0.15, 8, 0, 0.968, False
9, 5, 284, enemy, 0, 2, 294, 5, 0.15, 8, 0, 0.776, True
9, 5, 285, blister, 1, 2, 404, 5, 0.15, 8, 1, 0.608, True
9, 5, 286, inflict, 0, 2, 421, 4, 0.15, 8, 0, 0.896, True
9, 5, 287, solemn, 0, 2, 382, 4, 0.15, 8, 0, 0.595, True
9, 5, 288, drown, 1, 2, 293, 3, 0.15, 8, 0, 0.549, False
9, 5, 289, awful, 0, 2, 278, 4, 0.15, 8, 0, 0.679, True
9, 5, 290, revenge, 1, 2, 437, 4, 0.15, 8, 1, 0.9, True
9, 5, 291, deceit, 0, 2, 349, 3, 0.15, 8, 0, 0.488, True
9, 5, 292, torture, 1, 2, 446, 3, 0.15, 8, 1, 0.958, True
9, 5, 293, failure, 1, 2, 413, 2, 0.15, 8, 0, 0.609, False
9, 5, 294, guilt, 0, 2, 305, 3, 0.15, 8, 0, 0.641, True
9, 5, 295, filth, 0, 2, 297, 3, 0.15, 8, 0, 0.528, True
9, 5, 296, violent, 0, 2, 453, 2, 0.15, 8, 0, 0.548, True
9, 5, 297, cancer, 1, 2, 342, 2, 0.15, 8, 0, 0.424, False
9, 5, 298, bored, 1, 2, 281, 3, 0.15, 8, 0, 0.512, False
9, 5, 299, misery, 1, 2, 366, 4, 0.15, 8, 0, 0.868, False
9, 6, 300, king, 0, 3, 481, 4, 0.15, 8, 0, 0.573, True
9, 6, 301, fame, 0, 3, 466, 4, 0.15, 8, 0, 0.526, True
9, 6, 302, joyful, 0, 3, 572, 3, 0.15, 8, 0, 0.498, True
9, 6, 303, erotic, 1, 3, 564, 3, 0.15, 8, 0, 0.423, False
9, 6, 304, fond, 0, 3, 467, 4, 0.15, 8, 0, 0.463, True
9, 6, 305, daring, 1, 3, 557, 4, 0.15, 8, 0, 1.061, False
9, 6, 306, star, 1, 3, 493, 5, 0.15, 8, 1, 0.641, True
9, 6, 307, lust, 0, 3, 485, 5, 0.15, 8, 0, 0.591, True
9, 6, 308, amused, 0, 3, 546, 4, 0.15, 8, 0, 1.231, True
9, 6, 309, hero, 1, 3, 476, 4, 0.15, 8, 0, 0.565, False
9, 6, 310, safe, 0, 3, 488, 5, 0.15, 8, 0, 0.598, True
9, 6, 311, bright, 1, 3, 548, 5, 0.15, 8, 0, 0.582, False
9, 6, 312, hope, 0, 3, 478, 6, 0.15, 8, 0, 0.485, True
9, 6, 313, trust, 1, 3, 542, 6, 0.15, 8, 1, 0.601, True
9, 6, 314, dinner, 1, 3, 560, 5, 0.15, 8, 1, 0.713, True
9, 6, 315, respect, 1, 3, 637, 5, 0.15, 8, 1, 1.78, True
9, 6, 316, luxury, 1, 3, 576, 4, 0.15, 8, 1, 1.634, True
9, 6, 317, relaxed, 1, 3, 636, 4, 0.15, 8, 0, 0.919, False
9, 6, 318, father, 1, 3, 566, 5, 0.15, 8, 1, 0.618, True
9, 6, 319, circus, 1, 3, 552, 5, 0.15, 8, 1, 0.793, True
9, 6, 320, jolly, 0, 3, 520, 4, 0.15, 8, 0, 0.913, True
9, 6, 321, earnest, 1, 3, 615, 4, 0.15, 8, 1, 0.852, True
9, 6, 322, admired, 1, 3, 603, 3, 0.15, 8, 0, 0.826, False
9, 6, 323, heart, 1, 3, 516, 4, 0.15, 8, 1, 0.561, True
9, 6, 324, strong, 1, 3, 594, 4, 0.15, 8, 1, 1.57, True
9, 6, 325, improve, 1, 3, 628, 3, 0.15, 8, 0, 0.779, False
9, 6, 326, money, 0, 3, 527, 4, 0.15, 8, 0, 0.74, True
9, 6, 327, snow, 0, 3, 490, 4, 0.15, 8, 0, 0.702, True
9, 6, 328, people, 0, 3, 582, 3, 0.15, 8, 0, 0.539, True
9, 6, 329, joyous, 0, 3, 573, 3, 0.15, 8, 0, 0.543, True
9, 6, 330, honor, 1, 3, 517, 2, 0.15, 8, 0, 0.467, False
9, 6, 331, warmth, 1, 3, 602, 3, 0.15, 8, 0, 0.554, False
9, 6, 332, treat, 1, 3, 541, 4, 0.15, 8, 0, 0.508, False
9, 6, 333, loyal, 0, 3, 523, 5, 0.15, 8, 1, 1.663, False
9, 6, 334, nature, 1, 3, 579, 6, 0.15, 8, 1, 0.961, True
9, 6, 335, justice, 0, 3, 629, 6, 0.15, 8, 0, 0.705, True
9, 6, 336, tender, 1, 3, 597, 5, 0.15, 8, 1, 0.636, True
9, 6, 337, joke, 0, 3, 479, 5, 0.15, 8, 0, 0.618, True
9, 6, 338, hopeful, 0, 3, 626, 4, 0.15, 8, 0, 0.89, True
9, 6, 339, humor, 1, 3, 519, 4, 0.15, 8, 1, 0.75, True
9, 6, 340, desire, 1, 3, 559, 3, 0.15, 8, 0, 0.697, False
9, 6, 341, victory, 1, 3, 648, 4, 0.15, 8, 0, 0.677, False
9, 6, 342, ardent, 1, 3, 547, 5, 0.15, 8, 0, 0.865, False
9, 6, 343, cute, 0, 3, 464, 6, 0.15, 8, 0, 1.397, True
9, 6, 344, silly, 0, 3, 537, 6, 0.15, 8, 0, 2.45, True
9, 6, 345, helpful, 0, 3, 624, 5, 0.15, 8, 0, 0.916, True
9, 6, 346, festive, 0, 3, 621, 5, 0.15, 8, 0, 0.999, True
9, 6, 347, merry, 1, 3, 526, 4, 0.15, 8, 1, 0.678, True
9, 6, 348, friend, 1, 3, 567, 4, 0.15, 8, 0, 1.203, False
9, 6, 349, brother, 1, 3, 609, 5, 0.15, 8, 1, 0.714, True
9, 7, 350, paper, 1, 1, 85, 4, 0.15, 8, 1, 1.501, True
9, 7, 351, moth, 0, 1, 31, 4, 0.15, 8, 0, 0.952, True
9, 7, 352, highway, 0, 1, 208, 3, 0.15, 8, 0, 1.098, True
9, 7, 353, rain, 1, 1, 36, 3, 0.15, 8, 0, 0.614, False
9, 7, 354, cork, 1, 1, 6, 4, 0.15, 8, 1, 0.71, True
9, 7, 355, boxer, 1, 1, 60, 4, 0.15, 8, 1, 0.561, True
9, 7, 356, seat, 0, 1, 41, 3, 0.15, 8, 0, 0.547, True
9, 7, 357, incline, 0, 1, 211, 3, 0.15, 8, 0, 0.551, True
9, 7, 358, blase, 0, 1, 59, 2, 0.15, 8, 0, 0.65, True
9, 7, 359, yellow, 0, 1, 189, 2, 0.15, 8, 0, 0.554, True
9, 7, 360, vase, 0, 1, 51, 1, 0.15, 8, 0, 0.495, True
9, 7, 361, wagon, 0, 1, 115, 1, 0.15, 8, 0, 1.285, True
9, 7, 362, storm, 1, 1, 104, 1, 0.15, 8, 0, 0.507, False
9, 7, 363, wash, 0, 1, 53, 2, 0.15, 8, 0, 0.625, True
9, 7, 364, hard, 1, 1, 18, 2, 0.15, 8, 0, 0.497, False
9, 7, 365, photo, 0, 1, 88, 3, 0.15, 8, 0, 0.454, True
9, 7, 366, screen, 1, 1, 170, 3, 0.15, 8, 0, 0.926, False
9, 7, 367, rattle, 1, 1, 166, 4, 0.15, 8, 0, 0.928, False
9, 7, 368, statue, 0, 1, 180, 5, 0.15, 8, 0, 0.658, True
9, 7, 369, clock, 0, 1, 64, 5, 0.15, 8, 0, 4.415, True
9, 7, 370, juice, 0, 1, 77, 4, 0.15, 8, 0, 0.879, True
9, 7, 371, tower, 1, 1, 110, 4, 0.15, 8, 1, 0.612, True
9, 7, 372, roof, 1, 1, 39, 3, 0.15, 8, 0, 0.756, False
9, 7, 373, dish, 0, 1, 8, 4, 0.15, 8, 0, 2.366, True
9, 7, 374, teacher, 1, 1, 227, 4, 0.15, 8, 1, 1.124, True
9, 7, 375, limber, 1, 1, 146, 3, 0.15, 8, 1, 0.608, True
9, 7, 376, errand, 1, 1, 134, 3, 0.15, 8, 0, 0.897, False
9, 7, 377, humble, 0, 1, 141, 4, 0.15, 8, 0, 1.028, True
9, 7, 378, hydrant, 1, 1, 210, 4, 0.15, 8, 0, 1.075, False
9, 7, 379, utensil, 0, 1, 230, 5, 0.15, 8, 0, 0.958, True
9, 7, 380, column, 0, 1, 128, 5, 0.15, 8, 0, 0.638, True
9, 7, 381, avenue, 0, 1, 117, 4, 0.15, 8, 0, 0.717, True
9, 7, 382, bland, 0, 1, 58, 4, 0.15, 8, 0, 0.649, True
9, 7, 383, finger, 1, 1, 137, 3, 0.15, 8, 0, 0.568, False
9, 7, 384, quiet, 0, 1, 92, 4, 0.15, 8, 0, 0.537, True
9, 7, 385, tank, 0, 1, 46, 4, 0.15, 8, 0, 0.652, True
9, 7, 386, dentist, 0, 1, 197, 3, 0.15, 8, 0, 0.635, True
9, 7, 387, museum, 0, 1, 157, 3, 0.15, 8, 0, 0.459, True
9, 7, 388, minute, 0, 1, 153, 2, 0.15, 8, 0, 0.514, True
9, 7, 389, history, 1, 1, 209, 2, 0.15, 8, 0, 0.455, False
9, 7, 390, street, 1, 1, 182, 3, 0.15, 8, 0, 0.463, False
9, 7, 391, engine, 0, 1, 133, 4, 0.15, 8, 1, 0.981, False
9, 7, 392, market, 1, 1, 151, 5, 0.15, 8, 1, 0.676, True
9, 7, 393, iron, 1, 1, 21, 5, 0.15, 8, 1, 1.6, True
9, 7, 394, plaster, 1, 1, 220, 4, 0.15, 8, 1, 0.583, True
9, 7, 395, trunk, 1, 1, 113, 4, 0.15, 8, 1, 1.752, True
9, 7, 396, horse, 1, 1, 74, 3, 0.15, 8, 0, 1.529, False
9, 7, 397, closet, 0, 1, 127, 4, 0.15, 8, 1, 1.618, False
9, 7, 398, gene, 0, 1, 16, 5, 0.15, 8, 1, 0.887, False
9, 7, 399, muddy, 0, 1, 82, 6, 0.15, 8, 1, 0.73, False
9, 8, 400, abused, 0, 2, 331, 4, 0.15, 8, 0, 0.849, True
9, 8, 401, stress, 1, 2, 385, 4, 0.15, 8, 1, 0.871, True
9, 8, 402, leprosy, 1, 2, 423, 3, 0.15, 8, 1, 0.796, True
9, 8, 403, cruelty, 1, 2, 406, 3, 0.15, 8, 0, 0.677, False
9, 8, 404, jail, 0, 2, 251, 4, 0.15, 8, 0, 0.722, True
9, 8, 405, whore, 1, 2, 327, 4, 0.15, 8, 1, 0.797, True
9, 8, 406, despise, 0, 2, 409, 3, 0.15, 8, 0, 0.71, True
9, 8, 407, uneasy, 0, 2, 393, 3, 0.15, 8, 0, 0.818, True
9, 8, 408, coffin, 0, 2, 343, 2, 0.15, 8, 0, 0.523, True
9, 8, 409, inhibit, 0, 2, 422, 2, 0.15, 8, 0, 0.543, True
9, 8, 410, brutal, 1, 2, 339, 1, 0.15, 8, 0, 0.484, False
9, 8, 411, doubt, 0, 2, 292, 2, 0.15, 8, 0, 0.426, True
9, 8, 412, betray, 1, 2, 335, 2, 0.15, 8, 0, 0.515, False
9, 8, 413, poison, 0, 2, 372, 3, 0.15, 8, 0, 0.439, True
9, 8, 414, corpse, 1, 2, 344, 3, 0.15, 8, 0, 0.464, False
9, 8, 415, coward, 1, 2, 345, 4, 0.15, 8, 1, 0.822, True
9, 8, 416, worry, 1, 2, 328, 4, 0.15, 8, 1, 0.557, True
9, 8, 417, garbage, 1, 2, 416, 3, 0.15, 8, 0, 1.408, False
9, 8, 418, avoid, 0, 2, 277, 4, 0.15, 8, 0, 0.623, True
9, 8, 419, loser, 1, 2, 306, 4, 0.15, 8, 1, 0.59, True
9, 8, 420, crisis, 1, 2, 346, 3, 0.15, 8, 0, 0.511, False
9, 8, 421, lice, 0, 2, 252, 4, 0.15, 8, 1, 0.819, False
9, 8, 422, sore, 1, 2, 267, 5, 0.15, 8, 1, 0.522, True
9, 8, 423, bomb, 0, 2, 234, 5, 0.15, 8, 1, 0.797, False
9, 8, 424, injury, 1, 2, 358, 6, 0.15, 8, 1, 0.579, True
9, 8, 425, ulcer, 1, 2, 322, 6, 0.15, 8, 1, 0.467, True
9, 8, 426, measles, 0, 2, 425, 5, 0.15, 8, 1, 1.096, False
9, 8, 427, mistake, 0, 2, 426, 6, 0.15, 8, 0, 1.634, True
9, 8, 428, horror, 1, 2, 356, 6, 0.15, 8, 1, 0.486, True
9, 8, 429, riot, 1, 2, 260, 5, 0.15, 8, 0, 0.81, False
9, 8, 430, envy, 0, 2, 240, 6, 0.15, 8, 1, 0.624, False
9, 8, 431, rude, 1, 2, 262, 7, 0.15, 8, 1, 0.526, True
9, 8, 432, upset, 0, 2, 323, 7, 0.15, 8, 0, 0.655, True
9, 8, 433, tragedy, 1, 2, 447, 6, 0.15, 8, 1, 0.572, True
9, 8, 434, traitor, 1, 2, 448, 6, 0.15, 8, 1, 0.444, True
9, 8, 435, surgery, 1, 2, 443, 5, 0.15, 8, 1, 0.514, True
9, 8, 436, addict, 0, 2, 333, 5, 0.15, 8, 0, 0.661, True
9, 8, 437, burden, 1, 2, 340, 4, 0.15, 8, 1, 0.69, True
9, 8, 438, insane, 0, 2, 359, 4, 0.15, 8, 1, 0.863, False
9, 8, 439, rabies, 1, 2, 376, 5, 0.15, 8, 1, 0.995, True
9, 8, 440, danger, 1, 2, 348, 5, 0.15, 8, 1, 0.482, True
9, 8, 441, hate, 0, 2, 248, 4, 0.15, 8, 0, 0.775, True
9, 8, 442, damage, 0, 2, 347, 4, 0.15, 8, 1, 0.624, False
9, 8, 443, death, 0, 2, 289, 5, 0.15, 8, 1, 0.687, False
9, 8, 444, tension, 0, 2, 444, 6, 0.15, 8, 0, 0.714, True
9, 8, 445, burial, 1, 2, 341, 6, 0.15, 8, 1, 0.58, True
9, 8, 446, tumor, 1, 2, 321, 5, 0.15, 8, 0, 0.581, False
9, 8, 447, hostile, 0, 2, 420, 6, 0.15, 8, 0, 0.788, True
9, 8, 448, punish, 0, 2, 374, 6, 0.15, 8, 0, 0.715, True
9, 8, 449, rage, 1, 2, 258, 5, 0.15, 8, 1, 0.534, True
9, 9, 450, scholar, 1, 3, 638, 4, 0.15, 8, 1, 0.702, True
9, 9, 451, engaged, 0, 3, 618, 4, 0.15, 8, 0, 0.65, True
9, 9, 452, capable, 0, 3, 610, 3, 0.15, 8, 0, 1.001, True
9, 9, 453, holiday, 0, 3, 625, 3, 0.15, 8, 0, 0.65, True
9, 9, 454, easy, 0, 3, 465, 2, 0.15, 8, 0, 0.457, True
9, 9, 455, color, 1, 3, 508, 2, 0.15, 8, 0, 0.625, False
9, 9, 456, gift, 0, 3, 470, 3, 0.15, 8, 0, 0.432, True
9, 9, 457, home, 0, 3, 477, 3, 0.15, 8, 0, 0.424, True
9, 9, 458, riches, 1, 3, 588, 2, 0.15, 8, 0, 0.53, False
9, 9, 459, elegant, 0, 3, 617, 3, 0.15, 8, 0, 0.742, True
9, 9, 460, orgasm, 1, 3, 580, 3, 0.15, 8, 0, 0.416, False
9, 9, 461, great, 1, 3, 514, 4, 0.15, 8, 0, 0.376, False
9, 9, 462, comfort, 1, 3, 611, 5, 0.15, 8, 1, 0.625, True
9, 9, 463, sparkle, 1, 3, 641, 5, 0.15, 8, 1, 0.575, True
9, 9, 464, liberty, 1, 3, 630, 4, 0.15, 8, 1, 0.544, True
9, 9, 465, skijump, 0, 3, 639, 4, 0.15, 8, 1, 0.866, False
9, 9, 466, stamina, 0, 3, 642, 5, 0.15, 8, 0, 0.759, True
9, 9, 467, couple, 0, 3, 554, 5, 0.15, 8, 0, 0.784, True
9, 9, 468, love, 0, 3, 484, 4, 0.15, 8, 0, 0.632, True
9, 9, 469, cash, 0, 3, 461, 4, 0.15, 8, 1, 0.759, False
9, 9, 470, heaven, 0, 3, 570, 5, 0.15, 8, 0, 0.816, True
9, 9, 471, family, 0, 3, 565, 5, 0.15, 8, 0, 0.598, True
9, 9, 472, palace, 0, 3, 581, 4, 0.15, 8, 0, 0.535, True
9, 9, 473, sunrise, 1, 3, 644, 4, 0.15, 8, 1, 0.65, True
9, 9, 474, heal, 0, 3, 475, 3, 0.15, 8, 0, 0.633, True
9, 9, 475, pleased, 0, 3, 633, 3, 0.15, 8, 0, 0.6, True
9, 9, 476, aroused, 1, 3, 604, 2, 0.15, 8, 0, 0.538, False
9, 9, 477, reward, 1, 3, 587, 3, 0.15, 8, 0, 0.878, False
9, 9, 478, flirt, 1, 3, 511, 4, 0.15, 8, 0, 0.802, False
9, 9, 479, beloved, 0, 3, 605, 5, 0.15, 8, 0, 0.858, True
9, 9, 480, pretty, 1, 3, 584, 5, 0.15, 8, 1, 0.558, True
9, 9, 481, dazzle, 0, 3, 558, 4, 0.15, 8, 0, 1.072, True
9, 9, 482, pious, 0, 3, 532, 4, 0.15, 8, 0, 0.605, True
9, 9, 483, rescue, 1, 3, 586, 3, 0.15, 8, 0, 0.606, False
9, 9, 484, trophy, 1, 3, 600, 4, 0.15, 8, 0, 0.622, False
9, 9, 485, sleep, 0, 3, 538, 5, 0.15, 8, 0, 0.669, True
9, 9, 486, bubbly, 0, 3, 549, 5, 0.15, 8, 0, 0.65, True
9, 9, 487, bride, 1, 3, 503, 4, 0.15, 8, 0, 0.616, False
9, 9, 488, calm, 0, 3, 460, 5, 0.15, 8, 0, 0.439, True
9, 9, 489, survive, 1, 3, 645, 5, 0.15, 8, 0, 0.509, False
9, 9, 490, eager, 1, 3, 509, 6, 0.15, 8, 1, 0.656, True
9, 9, 491, proud, 1, 3, 534, 6, 0.15, 8, 1, 0.669, True
9, 9, 492, tactful, 0, 3, 646, 5, 0.15, 8, 1, 0.681, False
9, 9, 493, spring, 1, 3, 593, 6, 0.15, 8, 0, 1.077, False
9, 9, 494, wise, 0, 3, 495, 7, 0.15, 8, 0, 0.719, True
9, 9, 495, kind, 0, 3, 480, 7, 0.15, 8, 0, 0.84, True
9, 9, 496, wealthy, 0, 3, 649, 6, 0.15, 8, 0, 0.509, True
9, 9, 497, good, 0, 3, 473, 6, 0.15, 8, 0, 0.672, True
9, 9, 498, puppy, 0, 3, 535, 5, 0.15, 8, 0, 0.476, True
9, 9, 499, sunny, 0, 3, 540, 5, 0.15, 8, 0, 0.448, True
