1, 0, 0, 0, 30, 1, 3.24, 3.24, 1, 2.214, True
1, 0, 0, 1, 30, 0, 0.28, 0.28, 0, 1.447, True
1, 0, 0, 2, 28, 0, 4.51, 4.51, 0, 1.336, True
1, 0, 0, 3, 28, 1, 2.4, 2.4, 1, 1.155, True
1, 0, 0, 4, 26, 1, 4.58, 4.58, 1, 1.136, True
1, 0, 0, 5, 26, 0, 2.02, 2.02, 0, 1.13, True
1, 0, 0, 6, 24, 0, 4.41, 4.41, 0, 1.095, True
1, 0, 0, 7, 24, 1, 2.73, 2.73, 1, 0.904, True
1, 0, 0, 8, 22, 0, 4.9, 4.9, 0, 1.008, True
1, 0, 0, 9, 22, 1, 1.5, 1.5, 1, 0.844, True
1, 1, 1, 0, 40, 1, 4.36, 1.22, 1, 1.017, True
1, 1, 1, 1, 40, 0, 0.61, 3.75, 0, 0.84, True
1, 1, 1, 2, 38, 1, 5.17, 2.03, 1, 0.941, True
1, 1, 1, 3, 38, 1, 5.03, 1.89, 1, 0.926, True
1, 1, 1, 4, 36, 1, 6.16, 3.02, 1, 0.94, True
1, 1, 1, 5, 36, 0, 3.01, 6.15, 0, 0.887, True
1, 1, 1, 6, 34, 0, 1.33, 4.47, 0, 0.868, True
1, 1, 1, 7, 34, 1, 1.17, 4.31, 1, 0.798, True
1, 1, 1, 8, 32, 0, 3.49, 0.35, 0, 0.81, True
1, 1, 1, 9, 32, 0, 0.88, 4.02, 0, 1.151, True
1, 2, 1, 0, 13, 0, 4.45, 1.31, 0, 2.227, True
1, 2, 1, 1, 13, 0, 0.73, 3.87, 0, 1.399, True
1, 2, 1, 2, 11, 0, 2.52, 5.66, 1, 1.283, False
1, 2, 1, 3, 13, 0, 3.85, 0.71, 0, 1.056, True
1, 2, 1, 4, 13, 1, 4.56, 1.42, 1, 0.686, True
1, 2, 1, 5, 11, 0, 5.79, 2.65, 0, 1.723, True
1, 2, 1, 6, 11, 1, 2.67, 5.81, 1, 0.752, True
1, 2, 1, 7, 9, 1, 3.66, 0.52, 1, 0.749, True
1, 2, 1, 8, 9, 1, 0.65, 3.79, 1, 0.835, True
1, 2, 1, 9, 7, 1, 3.11, 6.25, 1, 1.111, True
1, 2, 1, 10, 7, 0, 4.44, 1.3, 1, 1.519, False
1, 2, 1, 11, 9, 1, 0.23, 3.37, 1, 0.822, True
1, 2, 1, 12, 9, 0, 5.08, 1.94, 1, 0.777, False
1, 2, 1, 13, 11, 0, 6.15, 3.01, 1, 0.758, False
1, 2, 1, 14, 13, 1, 0.6, 3.74, 1, 0.756, True
1, 2, 1, 15, 13, 0, 0.39, 3.54, 0, 1.334, True
1, 2, 1, 16, 11, 1, 0.24, 3.38, 1, 0.628, True
1, 2, 1, 17, 11, 0, 0.26, 3.4, 0, 0.673, True
1, 2, 1, 18, 9, 0, 0.87, 4.01, 1, 0.692, False
1, 2, 1, 19, 11, 1, 2.96, 6.1, 1, 0.695, True
1, 2, 1, 20, 11, 1, 0.33, 3.47, 1, 0.818, True
1, 2, 1, 21, 9, 1, 2.34, 5.48, 1, 0.695, True
1, 2, 1, 22, 9, 0, 4.5, 1.36, 1, 1.392, False
1, 2, 1, 23, 11, 1, 1.74, 4.88, 1, 0.701, True
1, 2, 1, 24, 11, 1, 2.41, 5.55, 1, 0.733, True
1, 2, 1, 25, 9, 0, 0.7, 3.84, 0, 0.644, True
1, 2, 1, 26, 9, 1, 3.25, 0.11, 1, 2.271, True
1, 2, 1, 27, 7, 0, 2.97, 6.11, 0, 1.265, True
1, 2, 1, 28, 7, 1, 0.01, 3.15, 1, 1.708, True
1, 2, 1, 29, 5, 0, 5.08, 1.94, 0, 1.063, True
1, 2, 1, 30, 5, 0, 0.9, 4.04, 1, 2.723, False
1, 2, 1, 31, 6, 1, 0.81, 3.95, 1, 0.908, True
1, 2, 1, 32, 6, 0, 0.65, 3.79, 0, 1.062, True
1, 2, 1, 33, 4, 0, 1.03, 4.17, 1, 1.306, False
1, 2, 1, 34, 5, 0, 1.25, 4.39, 0, 1.17, True
1, 2, 1, 35, 5, 0, 5.64, 2.5, 1, 1.816, False
1, 2, 1, 36, 6, 0, 6.19, 3.05, 0, 1.484, True
1, 2, 1, 37, 6, 1, 1.85, 4.99, 1, 1.613, True
1, 2, 1, 38, 4, 0, 0.78, 3.93, 0, 1.385, True
1, 2, 1, 39, 4, 0, 2.46, 5.61, 0, 1.277, True
1, 2, 1, 40, 3, 1, 2.02, 5.16, 1, 0.985, True
1, 2, 1, 41, 3, 0, 4.36, 1.22, 0, 2.608, True
1, 2, 1, 42, 2, 1, 3.69, 0.55, 1, 0.884, True
1, 2, 1, 43, 2, 1, 1.57, 4.71, 1, 1.712, True
1, 2, 1, 44, 1, 0, 5.32, 2.18, 0, 1.906, True
1, 2, 1, 45, 1, 1, 3.48, 0.34, 1, 1.291, True
1, 2, 1, 46, 1, 0, 4.29, 1.14, 0, 1.964, True
1, 2, 1, 47, 1, 0, 0.51, 3.65, 1, 0.906, False
1, 2, 1, 48, 2, 0, 0.57, 3.71, 1, 0.746, False
1, 2, 1, 49, 3, 0, 2.74, 5.88, 0, 1.368, True
1, 3, 0, 0, 7, 0, 4.48, 4.48, 1, 1.301, False
1, 3, 0, 1, 9, 0, 5.54, 5.54, 0, 3.43, True
1, 3, 0, 2, 9, 0, 4.25, 4.25, 1, 1.348, False
1, 3, 0, 3, 11, 0, 0.78, 0.78, 0, 0.669, True
1, 3, 0, 4, 11, 1, 3.06, 3.06, 1, 0.528, True
1, 3, 0, 5, 9, 1, 1.54, 1.54, 1, 0.578, True
1, 3, 0, 6, 9, 1, 1.99, 1.99, 1, 0.61, True
1, 3, 0, 7, 7, 0, 3.64, 3.64, 0, 0.64, True
1, 3, 0, 8, 7, 1, 3.73, 3.73, 1, 0.867, True
1, 3, 0, 9, 5, 0, 3.78, 3.78, 1, 0.861, False
1, 3, 0, 10, 6, 1, 0.5, 0.5, 1, 1.055, True
1, 3, 0, 11, 6, 0, 0.76, 0.76, 0, 0.601, True
1, 3, 0, 12, 4, 0, 1.09, 1.09, 1, 1.045, False
1, 3, 0, 13, 5, 1, 1.96, 1.96, 1, 0.642, True
1, 3, 0, 14, 5, 0, 0.33, 0.33, 0, 0.536, True
1, 3, 0, 15, 4, 1, 0.21, 0.21, 1, 0.561, True
1, 3, 0, 16, 4, 0, 4.45, 4.45, 0, 0.673, True
1, 3, 0, 17, 3, 0, 2.77, 2.77, 1, 0.709, False
1, 3, 0, 18, 4, 1, 3.63, 3.63, 1, 1.103, True
1, 3, 0, 19, 4, 0, 3.6, 3.6, 1, 1.09, False
1, 3, 0, 20, 5, 0, 1.18, 1.18, 0, 0.821, True
1, 3, 0, 21, 5, 1, 6.24, 6.24, 1, 0.507, True
1, 3, 0, 22, 4, 0, 3.09, 3.09, 0, 1.19, True
1, 3, 0, 23, 4, 1, 6.12, 6.12, 1, 0.46, True
1, 3, 0, 24, 3, 0, 3.72, 3.72, 1, 0.703, False
1, 3, 0, 25, 4, 1, 3.96, 3.96, 1, 0.538, True
1, 3, 0, 26, 4, 1, 0.44, 0.44, 1, 0.635, True
1, 3, 0, 27, 3, 0, 2.16, 2.16, 0, 0.88, True
1, 3, 0, 28, 3, 1, 6.11, 6.11, 1, 0.852, True
1, 3, 0, 29, 2, 1, 2.81, 2.81, 1, 0.656, True
1, 3, 0, 30, 2, 0, 4.26, 4.26, 1, 1.045, False
1, 3, 0, 31, 3, 1, 1.49, 1.49, 1, 0.625, True
1, 3, 0, 32, 3, 1, 4.36, 4.36, 1, 1.944, True
1, 3, 0, 33, 2, 0, 0.61, 0.61, 1, 0.896, False
1, 3, 0, 34, 3, 0, 4.32, 4.32, 0, 0.771, True
1, 3, 0, 35, 3, 0, 0.52, 0.52, 0, 0.731, True
1, 3, 0, 36, 2, 1, 4.48, 4.48, 1, 0.572, True
1, 3, 0, 37, 2, 0, 6.16, 6.16, 1, 1.117, False
1, 3, 0, 38, 3, 0, 4.83, 4.83, 1, 1.087, False
1, 3, 0, 39, 4, 1, 5.26, 5.26, 1, 1.09, True
1, 3, 0, 40, 4, 1, 3.04, 3.04, 1, 0.597, True
1, 3, 0, 41, 3, 0, 0.8, 0.8, 0, 0.644, True
1, 3, 0, 42, 3, 0, 5.06, 5.06, 0, 1.591, True
1, 3, 0, 43, 2, 0, 1.23, 1.23, 1, 1.174, False
1, 3, 0, 44, 3, 1, 5.73, 5.73, 1, 0.957, True
1, 3, 0, 45, 3, 1, 4.49, 4.49, 1, 0.651, True
1, 3, 0, 46, 2, 1, 3.41, 3.41, 1, 1.398, True
1, 3, 0, 47, 2, 0, 3.53, 3.53, 1, 1.186, False
1, 3, 0, 48, 3, 1, 5.1, 5.1, 1, 0.936, True
1, 3, 0, 49, 3, 1, 4.88, 4.88, 1, 0.811, True
1, 4, 0, 0, 2, 0, 5.79, 5.79, 1, 1.077, False
1, 4, 0, 1, 3, 0, 1.06, 1.06, 1, 1.369, False
1, 4, 0, 2, 4, 0, 4.19, 4.19, 0, 1.376, True
1, 4, 0, 3, 4, 0, 2.19, 2.19, 1, 1.72, False
1, 4, 0, 4, 5, 1, 1.97, 1.97, 1, 0.642, True
1, 4, 0, 5, 5, 0, 1.16, 1.16, 1, 0.599, False
1, 4, 0, 6, 6, 1, 5.81, 5.81, 1, 0.878, True
1, 4, 0, 7, 6, 1, 1.46, 1.46, 1, 0.672, True
1, 4, 0, 8, 4, 1, 5.93, 5.93, 1, 0.698, True
1, 4, 0, 9, 4, 1, 3.45, 3.45, 1, 0.65, True
1, 4, 0, 10, 3, 0, 2.03, 2.03, 0, 0.965, True
1, 4, 0, 11, 3, 0, 4.92, 4.92, 0, 1.663, True
1, 4, 0, 12, 2, 1, 4.59, 4.59, 1, 1.363, True
1, 4, 0, 13, 2, 1, 1.13, 1.13, 1, 0.819, True
1, 4, 0, 14, 1, 1, 1.88, 1.88, 0, 1.297, False
1, 4, 0, 15, 2, 0, 0.31, 0.31, 1, 0.66, False
1, 4, 0, 16, 3, 0, 0.4, 0.4, 1, 0.752, False
1, 4, 0, 17, 4, 1, 2.92, 2.92, 1, 0.593, True
1, 4, 0, 18, 4, 0, 6.05, 6.05, 0, 2.056, True
1, 4, 0, 19, 3, 1, 0.11, 0.11, 1, 0.57, True
1, 4, 0, 20, 3, 1, 3.1, 3.1, 1, 0.791, True
1, 4, 0, 21, 2, 1, 4.5, 4.5, 1, 1.094, True
1, 4, 0, 22, 2, 0, 2.47, 2.47, 1, 0.824, False
1, 4, 0, 23, 3, 0, 4.74, 4.74, 1, 1.327, False
1, 4, 0, 24, 4, 0, 4.02, 4.02, 0, 0.784, True
1, 4, 0, 25, 4, 1, 3.31, 3.31, 1, 0.543, True
1, 4, 0, 26, 3, 0, 4.08, 4.08, 1, 1.792, False
1, 4, 0, 27, 4, 1, 3.12, 3.12, 1, 0.815, True
1, 4, 0, 28, 4, 1, 4.23, 4.23, 0, 0.557, False
1, 4, 0, 29, 5, 0, 1.81, 1.81, 1, 0.573, False
1, 4, 0, 30, 6, 0, 5.18, 5.18, 0, 0.893, True
1, 4, 0, 31, 6, 1, 2.66, 2.66, 1, 0.44, True
1, 4, 0, 32, 4, 1, 5.56, 5.56, 0, 1.341, False
1, 4, 0, 33, 5, 1, 3.53, 3.53, 1, 0.525, True
1, 4, 0, 34, 5, 1, 0.39, 0.39, 1, 0.551, True
1, 4, 0, 35, 4, 1, 4.01, 4.01, 0, 1.037, False
1, 4, 0, 36, 5, 1, 0.51, 0.51, 1, 0.506, True
1, 4, 0, 37, 5, 1, 4.33, 4.33, 1, 0.604, True
1, 4, 0, 38, 4, 0, 5.32, 5.32, 1, 0.875, False
1, 4, 0, 39, 5, 0, 5.1, 5.1, 1, 0.798, False
1, 4, 0, 40, 6, 1, 1.53, 1.53, 1, 0.525, True
1, 4, 0, 41, 6, 0, 1.78, 1.78, 1, 1.695, False
1, 4, 0, 42, 8, 0, 0.18, 0.18, 1, 0.513, False
1, 4, 0, 43, 10, 0, 2.38, 2.38, 0, 0.706, True
1, 4, 0, 44, 10, 0, 0.95, 0.95, 0, 0.53, True
1, 4, 0, 45, 8, 0, 3.6, 3.6, 0, 0.594, True
1, 4, 0, 46, 8, 1, 3.73, 3.73, 1, 0.56, True
1, 4, 0, 47, 6, 1, 1.21, 1.21, 0, 0.649, False
1, 4, 0, 48, 8, 0, 5.06, 5.06, 0, 0.557, True
1, 4, 0, 49, 8, 1, 1.87, 1.87, 1, 0.582, True
1, 5, 1, 0, 3, 1, 1.59, 4.73, 1, 1.21, True
1, 5, 1, 1, 3, 0, 0.6, 3.74, 1, 0.697, False
1, 5, 1, 2, 4, 1, 4.14, 1.0, 1, 1.163, True
1, 5, 1, 3, 4, 0, 0.64, 3.78, 0, 0.787, True
1, 5, 1, 4, 3, 1, 1.14, 4.29, 1, 0.611, True
1, 5, 1, 5, 3, 0, 0.06, 3.2, 1, 0.881, False
1, 5, 1, 6, 4, 0, 1.41, 4.55, 1, 1.371, False
1, 5, 1, 7, 5, 0, 5.1, 1.96, 0, 0.737, True
1, 5, 1, 8, 5, 0, 3.0, 6.14, 0, 0.808, True
1, 5, 1, 9, 4, 0, 3.49, 0.35, 0, 1.206, True
1, 5, 1, 10, 4, 1, 2.61, 5.75, 1, 0.645, True
1, 5, 1, 11, 3, 0, 5.02, 1.88, 1, 0.674, False
1, 5, 1, 12, 4, 1, 5.83, 2.69, 1, 1.166, True
1, 5, 1, 13, 4, 1, 4.71, 1.56, 0, 1.293, False
1, 5, 1, 14, 5, 1, 3.75, 0.61, 1, 0.864, True
1, 5, 1, 15, 5, 1, 1.63, 4.77, 1, 0.884, True
1, 5, 1, 16, 4, 1, 5.35, 2.21, 0, 1.007, False
1, 5, 1, 17, 5, 1, 3.68, 0.54, 1, 0.661, True
1, 5, 1, 18, 5, 0, 1.43, 4.57, 1, 0.854, False
1, 5, 1, 19, 6, 1, 0.18, 3.32, 1, 0.907, True
1, 5, 1, 20, 6, 0, 2.38, 5.52, 0, 0.796, True
1, 5, 1, 21, 4, 0, 2.45, 5.59, 1, 0.571, False
1, 5, 1, 22, 5, 0, 1.74, 4.88, 1, 0.578, False
1, 5, 1, 23, 6, 0, 0.71, 3.85, 1, 1.008, False
1, 5, 1, 24, 8, 0, 2.64, 5.78, 0, 0.318, True
1, 5, 1, 25, 8, 0, 4.77, 1.63, 1, 0.464, False
1, 5, 1, 26, 10, 0, 6.05, 2.9, 0, 0.756, True
1, 5, 1, 27, 10, 1, 5.99, 2.85, 1, 0.565, True
1, 5, 1, 28, 8, 1, 1.69, 4.83, 1, 0.525, True
1, 5, 1, 29, 8, 1, 5.69, 2.55, 1, 0.526, True
1, 5, 1, 30, 6, 1, 5.54, 2.39, 1, 0.543, True
1, 5, 1, 31, 6, 0, 3.45, 0.31, 0, 0.549, True
1, 5, 1, 32, 4, 0, 0.68, 3.82, 1, 0.589, False
1, 5, 1, 33, 5, 0, 1.73, 4.87, 0, 1.402, True
1, 5, 1, 34, 5, 1, 3.2, 0.06, 1, 0.641, True
1, 5, 1, 35, 4, 0, 1.88, 5.02, 0, 1.55, True
1, 5, 1, 36, 4, 0, 1.76, 4.9, 1, 1.454, False
1, 5, 1, 37, 5, 0, 1.92, 5.06, 1, 0.794, False
1, 5, 1, 38, 6, 0, 2.19, 5.33, 1, 0.561, False
1, 5, 1, 39, 8, 1, 3.29, 0.15, 1, 0.626, True
1, 5, 1, 40, 8, 1, 2.52, 5.66, 1, 0.575, True
1, 5, 1, 41, 6, 0, 0.68, 3.82, 1, 0.527, False
1, 5, 1, 42, 8, 1, 4.57, 1.42, 1, 0.639, True
1, 5, 1, 43, 8, 1, 0.01, 3.15, 1, 0.494, True
1, 5, 1, 44, 6, 0, 1.51, 4.65, 1, 0.545, False
1, 5, 1, 45, 8, 0, 1.03, 4.18, 1, 0.592, False
1, 5, 1, 46, 10, 0, 5.34, 2.2, 0, 0.622, True
1, 5, 1, 47, 10, 0, 4.69, 1.55, 1, 0.908, False
1, 5, 1, 48, 12, 0, 3.29, 0.15, 1, 0.686, False
1, 5, 1, 49, 14, 1, 2.53, 5.67, 1, 0.593, True
1, 6, 1, 0, 14, 0, 1.78, 4.92, 0, 1.7, True
1, 6, 1, 1, 14, 1, 2.79, 5.93, 1, 0.662, True
1, 6, 1, 2, 12, 1, 0.64, 3.78, 1, 0.531, True
1, 6, 1, 3, 12, 1, 6.16, 3.02, 1, 0.58, True
1, 6, 1, 4, 10, 1, 2.63, 5.77, 1, 0.524, True
1, 6, 1, 5, 10, 0, 4.28, 1.14, 1, 0.596, False
1, 6, 1, 6, 12, 1, 1.15, 4.29, 1, 0.529, True
1, 6, 1, 7, 12, 1, 1.88, 5.02, 1, 0.483, True
1, 6, 1, 8, 10, 0, 0.12, 3.26, 0, 0.63, True
1, 6, 1, 9, 10, 0, 2.86, 6.0, 1, 0.635, False
1, 6, 1, 10, 12, 1, 0.03, 3.18, 1, 0.551, True
1, 6, 1, 11, 12, 0, 4.07, 0.93, 1, 0.608, False
1, 6, 1, 12, 14, 0, 3.88, 0.74, 0, 0.574, True
1, 6, 1, 13, 14, 0, 3.07, 6.21, 1, 0.366, False
1, 6, 1, 14, 16, 0, 0.45, 3.59, 0, 0.517, True
1, 6, 1, 15, 16, 1, 4.49, 1.35, 1, 0.511, True
1, 6, 1, 16, 14, 0, 5.28, 2.14, 0, 0.568, True
1, 6, 1, 17, 14, 1, 3.25, 0.11, 1, 0.503, True
1, 6, 1, 18, 12, 0, 2.75, 5.89, 0, 0.625, True
1, 6, 1, 19, 12, 1, 5.34, 2.2, 1, 0.702, True
1, 6, 1, 20, 10, 1, 1.34, 4.48, 1, 0.752, True
1, 6, 1, 21, 10, 0, 5.49, 2.34, 0, 0.577, True
1, 6, 1, 22, 8, 1, 2.28, 5.42, 1, 0.545, True
1, 6, 1, 23, 8, 0, 2.92, 6.06, 1, 0.673, False
1, 6, 1, 24, 10, 0, 4.28, 1.14, 0, 0.565, True
1, 6, 1, 25, 10, 1, 3.56, 0.42, 1, 0.662, True
1, 6, 1, 26, 8, 0, 5.76, 2.62, 0, 0.53, True
1, 6, 1, 27, 8, 1, 0.33, 3.47, 1, 0.627, True
1, 6, 1, 28, 6, 0, 4.31, 1.17, 0, 0.681, True
1, 6, 1, 29, 6, 0, 0.24, 3.39, 1, 0.932, False
1, 6, 1, 30, 8, 0, 4.95, 1.81, 0, 0.74, True
1, 6, 1, 31, 8, 1, 3.58, 0.44, 1, 0.714, True
1, 6, 1, 32, 6, 1, 2.1, 5.24, 1, 0.613, True
1, 6, 1, 33, 6, 1, 0.3, 3.44, 1, 0.619, True
1, 6, 1, 34, 4, 1, 5.05, 1.91, 1, 0.688, True
1, 6, 1, 35, 4, 1, 5.97, 2.83, 1, 0.612, True
1, 6, 1, 36, 3, 0, 5.85, 2.7, 1, 0.898, False
1, 6, 1, 37, 4, 1, 2.43, 5.58, 0, 0.861, False
1, 6, 1, 38, 5, 0, 0.71, 3.85, 1, 0.913, False
1, 6, 1, 39, 6, 0, 4.6, 1.46, 1, 0.691, False
1, 6, 1, 40, 8, 0, 2.37, 5.51, 0, 0.82, True
1, 6, 1, 41, 8, 0, 0.17, 3.31, 0, 0.673, True
1, 6, 1, 42, 6, 1, 0.87, 4.01, 1, 0.731, True
1, 6, 1, 43, 6, 1, 1.63, 4.77, 1, 0.624, True
1, 6, 1, 44, 4, 0, 1.83, 4.97, 0, 0.885, True
1, 6, 1, 45, 4, 1, 0.09, 3.23, 1, 0.688, True
1, 6, 1, 46, 3, 0, 5.07, 1.93, 1, 0.851, False
1, 6, 1, 47, 4, 1, 0.51, 3.65, 1, 0.64, True
1, 6, 1, 48, 4, 0, 1.71, 4.86, 0, 0.613, True
1, 6, 1, 49, 3, 0, 6.17, 3.03, 0, 0.979, True
1, 7, 0, 0, 6, 1, 5.36, 5.36, 1, 0.809, True
1, 7, 0, 1, 6, 1, 1.41, 1.41, 0, 0.607, False
1, 7, 0, 2, 8, 1, 1.2, 1.2, 1, 0.566, True
1, 7, 0, 3, 8, 1, 0.73, 0.73, 1, 0.574, True
1, 7, 0, 4, 6, 1, 1.26, 1.26, 1, 0.561, True
1, 7, 0, 5, 6, 0, 5.14, 5.14, 0, 0.545, True
1, 7, 0, 6, 4, 0, 0.89, 0.89, 0, 0.978, True
1, 7, 0, 7, 4, 1, 0.33, 0.33, 0, 1.01, False
1, 7, 0, 8, 5, 0, 0.62, 0.62, 1, 0.688, False
1, 7, 0, 9, 6, 0, 5.29, 5.29, 0, 0.683, True
1, 7, 0, 10, 6, 1, 0.22, 0.22, 1, 0.558, True
1, 7, 0, 11, 4, 1, 0.48, 0.48, 1, 0.638, True
1, 7, 0, 12, 4, 1, 1.12, 1.12, 0, 0.691, False
1, 7, 0, 13, 5, 1, 3.14, 3.14, 1, 1.054, True
1, 7, 0, 14, 5, 0, 6.12, 6.12, 0, 0.689, True
1, 7, 0, 15, 4, 0, 3.57, 3.57, 0, 0.683, True
1, 7, 0, 16, 4, 0, 2.83, 2.83, 0, 0.668, True
1, 7, 0, 17, 3, 1, 3.21, 3.21, 1, 1.096, True
1, 7, 0, 18, 3, 1, 4.18, 4.18, 0, 0.618, False
1, 7, 0, 19, 4, 1, 4.26, 4.26, 1, 0.592, True
1, 7, 0, 20, 4, 0, 5.71, 5.71, 0, 1.055, True
1, 7, 0, 21, 3, 1, 5.59, 5.59, 0, 0.795, False
1, 7, 0, 22, 4, 0, 4.25, 4.25, 0, 0.578, True
1, 7, 0, 23, 4, 1, 4.68, 4.68, 1, 0.578, True
1, 7, 0, 24, 3, 0, 4.11, 4.11, 0, 0.529, True
1, 7, 0, 25, 3, 1, 2.23, 2.23, 1, 0.58, True
1, 7, 0, 26, 2, 1, 2.75, 2.75, 0, 0.529, False
1, 7, 0, 27, 3, 0, 5.29, 5.29, 0, 0.706, True
1, 7, 0, 28, 3, 0, 2.56, 2.56, 0, 0.522, True
1, 7, 0, 29, 2, 0, 5.95, 5.95, 0, 0.699, True
1, 7, 0, 30, 2, 0, 4.48, 4.48, 0, 0.974, True
1, 7, 0, 31, 1, 0, 4.35, 4.35, 0, 0.582, True
1, 7, 0, 32, 1, 1, 4.2, 4.2, 0, 0.557, False
1, 7, 0, 33, 2, 0, 0.5, 0.5, 1, 0.893, False
1, 7, 0, 34, 3, 1, 1.92, 1.92, 0, 0.672, False
1, 7, 0, 35, 4, 0, 5.56, 5.56, 0, 0.675, True
1, 7, 0, 36, 4, 0, 1.74, 1.74, 0, 0.559, True
1, 7, 0, 37, 3, 1, 6.15, 6.15, 0, 0.879, False
1, 7, 0, 38, 4, 0, 5.35, 5.35, 0, 0.768, True
1, 7, 0, 39, 4, 1, 3.08, 3.08, 0, 0.831, False
1, 7, 0, 40, 5, 1, 6.26, 6.26, 1, 0.586, True
1, 7, 0, 41, 5, 1, 1.09, 1.09, 1, 0.625, True
1, 7, 0, 42, 4, 1, 5.36, 5.36, 0, 0.943, False
1, 7, 0, 43, 5, 1, 3.17, 3.17, 1, 0.464, True
1, 7, 0, 44, 5, 1, 1.99, 1.99, 0, 0.763, False
1, 7, 0, 45, 6, 0, 0.1, 0.1, 0, 0.923, True
1, 7, 0, 46, 6, 1, 4.15, 4.15, 1, 0.437, True
1, 7, 0, 47, 4, 1, 5.65, 5.65, 1, 0.538, True
1, 7, 0, 48, 4, 1, 2.51, 2.51, 1, 0.515, True
1, 7, 0, 49, 3, 1, 6.22, 6.22, 1, 0.661, True
