1, 0, 1, 0, 40, 1, 0.19, 3.34, 1, 1.015, True
1, 0, 1, 1, 40, 0, 5.0, 1.86, 0, 1.462, True
1, 0, 1, 2, 38, 0, 2.72, 5.86, 1, 2.284, False
1, 0, 1, 3, 40, 0, 2.94, 6.08, 0, 1.127, True
1, 0, 1, 4, 40, 1, 3.96, 0.82, 1, 0.915, True
1, 0, 1, 5, 38, 0, 5.23, 2.09, 0, 1.417, True
1, 0, 1, 6, 38, 0, 1.36, 4.5, 0, 1.301, True
1, 0, 1, 7, 36, 1, 5.67, 2.52, 0, 1.519, False
1, 0, 1, 8, 38, 0, 0.38, 3.52, 0, 0.913, True
1, 0, 1, 9, 38, 0, 0.55, 3.69, 1, 1.275, False
1, 1, 0, 0, 30, 1, 6.21, 6.21, 1, 0.775, True
1, 1, 0, 1, 30, 1, 2.37, 2.37, 1, 0.656, True
1, 1, 0, 2, 28, 0, 4.51, 4.51, 0, 0.642, True
1, 1, 0, 3, 28, 1, 0.76, 0.76, 1, 0.68, True
1, 1, 0, 4, 26, 1, 6.15, 6.15, 1, 0.668, True
1, 1, 0, 5, 26, 1, 5.64, 5.64, 1, 0.708, True
1, 1, 0, 6, 24, 1, 2.95, 2.95, 0, 1.226, False
1, 1, 0, 7, 26, 1, 6.2, 6.2, 1, 0.672, True
1, 1, 0, 8, 26, 0, 4.57, 4.57, 0, 0.804, True
1, 1, 0, 9, 24, 1, 2.92, 2.92, 1, 0.642, True
1, 2, 0, 0, 7, 0, 6.16, 6.16, 1, 0.859, False
1, 2, 0, 1, 9, 0, 4.96, 4.96, 0, 1.599, True
1, 2, 0, 2, 9, 1, 5.73, 5.73, 1, 0.582, True
1, 2, 0, 3, 7, 1, 2.38, 2.38, 1, 0.669, True
1, 2, 0, 4, 7, 0, 0.47, 0.47, 1, 0.68, False
1, 2, 0, 5, 9, 0, 0.58, 0.58, 1, 0.916, False
1, 2, 0, 6, 11, 1, 0.23, 0.23, 1, 0.639, True
1, 2, 0, 7, 11, 0, 1.43, 1.43, 0, 0.99, True
1, 2, 0, 8, 9, 0, 4.25, 4.25, 1, 1.233, False
1, 2, 0, 9, 11, 1, 0.08, 0.08, 1, 0.628, True
1, 2, 0, 10, 11, 1, 5.58, 5.58, 0, 1.657, False
1, 2, 0, 11, 13, 1, 5.98, 5.98, 1, 0.869, True
1, 2, 0, 12, 13, 0, 0.3, 0.3, 1, 0.945, False
1, 2, 0, 13, 15, 1, 5.96, 5.96, 1, 0.722, True
1, 2, 0, 14, 15, 1, 1.62, 1.62, 1, 0.98, True
1, 2, 0, 15, 13, 0, 4.67, 4.67, 0, 0.947, True
1, 2, 0, 16, 13, 0, 4.17, 4.17, 1, 1.098, False
1, 2, 0, 17, 15, 0, 3.21, 3.21, 1, 1.04, False
1, 2, 0, 18, 17, 1, 4.2, 4.2, 1, 0.867, True
1, 2, 0, 19, 17, 1, 5.49, 5.49, 1, 0.646, True
1, 2, 0, 20, 15, 0, 0.92, 0.92, 0, 1.171, True
1, 2, 0, 21, 15, 1, 0.5, 0.5, 1, 0.947, True
1, 2, 0, 22, 13, 1, 2.27, 2.27, 0, 0.924, False
1, 2, 0, 23, 15, 1, 1.38, 1.38, 1, 0.838, True
1, 2, 0, 24, 15, 0, 5.67, 5.67, 0, 0.803, True
1, 2, 0, 25, 13, 1, 3.13, 3.13, 1, 0.817, True
1, 2, 0, 26, 13, 0, 4.21, 4.21, 0, 0.655, True
1, 2, 0, 27, 11, 0, 4.96, 4.96, 0, 1.156, True
1, 2, 0, 28, 11, 0, 5.48, 5.48, 1, 0.899, False
1, 2, 0, 29, 13, 1, 3.89, 3.89, 1, 0.636, True
1, 2, 0, 30, 13, 1, 4.96, 4.96, 1, 0.816, True
1, 2, 0, 31, 11, 1, 0.72, 0.72, 1, 0.766, True
1, 2, 0, 32, 11, 1, 3.09, 3.09, 1, 0.694, True
1, 2, 0, 33, 9, 1, 0.26, 0.26, 1, 0.849, True
1, 2, 0, 34, 9, 1, 4.09, 4.09, 1, 0.774, True
1, 2, 0, 35, 7, 0, 5.71, 5.71, 0, 0.902, True
1, 2, 0, 36, 7, 1, 5.92, 5.92, 1, 0.736, True
1, 2, 0, 37, 5, 1, 0.55, 0.55, 1, 1.041, True
1, 2, 0, 38, 5, 1, 5.23, 5.23, 1, 0.822, True
1, 2, 0, 39, 4, 1, 3.42, 3.42, 0, 0.908, False
1, 2, 0, 40, 5, 0, 0.81, 0.81, 1, 0.817, False
1, 2, 0, 41, 6, 1, 6.15, 6.15, 1, 0.68, True
1, 2, 0, 42, 6, 0, 1.6, 1.6, 1, 0.979, False
1, 2, 0, 43, 8, 0, 3.26, 3.26, 0, 0.915, True
1, 2, 0, 44, 8, 1, 3.02, 3.02, 1, 0.813, True
1, 2, 0, 45, 6, 0, 2.61, 2.61, 0, 0.819, True
1, 2, 0, 46, 6, 1, 0.81, 0.81, 1, 0.705, True
1, 2, 0, 47, 4, 1, 5.64, 5.64, 1, 0.875, True
1, 2, 0, 48, 4, 0, 3.73, 3.73, 0, 0.711, True
1, 2, 0, 49, 3, 1, 4.53, 4.53, 1, 0.865, True
1, 3, 1, 0, 13, 0, 5.21, 2.07, 0, 1.621, True
1, 3, 1, 1, 13, 1, 5.63, 2.49, 1, 1.083, True
1, 3, 1, 2, 11, 1, 1.41, 4.55, 0, 1.342, False
1, 3, 1, 3, 13, 0, 0.79, 3.93, 1, 1.047, False
1, 3, 1, 4, 15, 1, 0.92, 4.07, 1, 0.98, True
1, 3, 1, 5, 15, 1, 5.35, 2.21, 0, 1.347, False
1, 3, 1, 6, 17, 1, 4.38, 1.24, 1, 1.108, True
1, 3, 1, 7, 17, 1, 3.31, 0.17, 0, 1.799, False
1, 3, 1, 8, 19, 0, 4.52, 1.38, 1, 1.181, False
1, 3, 1, 9, 21, 1, 3.6, 0.46, 0, 1.077, False
1, 3, 1, 10, 23, 0, 5.25, 2.11, 1, 0.96, False
1, 3, 1, 11, 25, 0, 0.16, 3.3, 0, 1.056, True
1, 3, 1, 12, 25, 1, 2.06, 5.2, 1, 1.029, True
1, 3, 1, 13, 23, 1, 3.77, 0.62, 0, 1.106, False
1, 3, 1, 14, 25, 0, 1.31, 4.46, 1, 1.509, False
1, 3, 1, 15, 27, 0, 3.88, 0.73, 0, 1.023, True
1, 3, 1, 16, 27, 1, 3.71, 0.56, 1, 0.901, True
1, 3, 1, 17, 25, 0, 0.88, 4.02, 0, 1.343, True
1, 3, 1, 18, 25, 1, 5.93, 2.79, 0, 1.016, False
1, 3, 1, 19, 27, 0, 6.25, 3.11, 1, 1.558, False
1, 3, 1, 20, 29, 0, 6.04, 2.9, 0, 1.199, True
1, 3, 1, 21, 29, 1, 5.95, 2.81, 0, 1.125, False
1, 3, 1, 22, 31, 1, 1.27, 4.41, 1, 1.551, True
1, 3, 1, 23, 31, 1, 1.84, 4.98, 0, 1.903, False
1, 3, 1, 24, 33, 0, 3.86, 0.72, 0, 0.962, True
1, 3, 1, 25, 33, 1, 3.39, 0.25, 1, 0.658, True
1, 3, 1, 26, 31, 0, 0.32, 3.47, 0, 1.225, True
1, 3, 1, 27, 31, 1, 4.45, 1.31, 0, 1.351, False
1, 3, 1, 28, 33, 0, 2.61, 5.75, 0, 1.343, True
1, 3, 1, 29, 33, 1, 5.38, 2.24, 1, 0.816, True
1, 3, 1, 30, 31, 0, 1.11, 4.25, 1, 0.942, False
1, 3, 1, 31, 33, 1, 2.71, 5.85, 1, 0.767, True
1, 3, 1, 32, 33, 1, 5.42, 2.28, 1, 0.703, True
1, 3, 1, 33, 31, 0, 6.24, 3.09, 0, 0.881, True
1, 3, 1, 34, 31, 0, 5.44, 2.3, 0, 1.1, True
1, 3, 1, 35, 29, 1, 5.87, 2.72, 1, 0.767, True
1, 3, 1, 36, 29, 1, 2.87, 6.01, 1, 1.375, True
1, 3, 1, 37, 27, 1, 3.92, 0.77, 0, 0.814, False
1, 3, 1, 38, 29, 0, 1.4, 4.54, 1, 1.26, False
1, 3, 1, 39, 31, 1, 2.72, 5.86, 1, 0.896, True
1, 3, 1, 40, 31, 0, 5.95, 2.81, 1, 0.931, False
1, 3, 1, 41, 33, 1, 3.43, 0.29, 1, 0.741, True
1, 3, 1, 42, 33, 0, 4.87, 1.73, 0, 0.958, True
1, 3, 1, 43, 31, 1, 0.48, 3.62, 1, 0.742, True
1, 3, 1, 44, 31, 0, 3.72, 0.58, 1, 0.767, False
1, 3, 1, 45, 33, 1, 5.6, 2.46, 1, 0.711, True
1, 3, 1, 46, 33, 1, 4.46, 1.32, 1, 0.69, True
1, 3, 1, 47, 31, 0, 5.4, 2.26, 0, 0.925, True
1, 3, 1, 48, 31, 1, 1.85, 4.99, 1, 0.75, True
1, 3, 1, 49, 29, 0, 4.52, 1.38, 0, 0.815, True
1, 4, 1, 0, 29, 0, 0.77, 3.91, 0, 1.15, True
1, 4, 1, 1, 29, 1, 3.99, 0.85, 1, 0.991, True
1, 4, 1, 2, 27, 0, 1.78, 4.92, 0, 0.974, True
1, 4, 1, 3, 27, 0, 0.94, 4.08, 0, 0.79, True
1, 4, 1, 4, 25, 1, 5.43, 2.29, 1, 0.652, True
1, 4, 1, 5, 25, 1, 0.66, 3.8, 0, 0.945, False
1, 4, 1, 6, 27, 0, 0.27, 3.42, 0, 0.77, True
1, 4, 1, 7, 27, 0, 3.0, 6.14, 1, 1.602, False
1, 4, 1, 8, 29, 1, 2.45, 5.59, 1, 0.713, True
1, 4, 1, 9, 29, 0, 4.48, 1.34, 1, 1.155, False
1, 4, 1, 10, 31, 0, 5.59, 2.45, 0, 0.747, True
1, 4, 1, 11, 31, 1, 1.65, 4.79, 1, 0.955, True
1, 4, 1, 12, 29, 1, 3.74, 0.59, 0, 0.854, False
1, 4, 1, 13, 31, 0, 0.0, 3.15, 1, 1.474, False
1, 4, 1, 14, 33, 1, 5.28, 2.13, 1, 0.662, True
1, 4, 1, 15, 33, 0, 4.87, 1.73, 1, 1.33, False
1, 4, 1, 16, 35, 1, 0.88, 4.02, 1, 0.722, True
1, 4, 1, 17, 35, 1, 5.56, 2.42, 1, 0.692, True
1, 4, 1, 18, 33, 0, 0.8, 3.94, 1, 0.735, False
1, 4, 1, 19, 35, 0, 5.03, 1.89, 0, 0.864, True
1, 4, 1, 20, 35, 1, 5.62, 2.48, 1, 0.709, True
1, 4, 1, 21, 33, 0, 6.18, 3.03, 0, 0.815, True
1, 4, 1, 22, 33, 1, 5.39, 2.25, 1, 0.725, True
1, 4, 1, 23, 31, 0, 2.33, 5.47, 0, 0.879, True
1, 4, 1, 24, 31, 1, 1.07, 4.21, 1, 0.648, True
1, 4, 1, 25, 29, 0, 6.21, 3.07, 1, 0.989, False
1, 4, 1, 26, 31, 0, 2.99, 6.13, 0, 0.804, True
1, 4, 1, 27, 31, 0, 5.11, 1.96, 1, 0.85, False
1, 4, 1, 28, 33, 0, 0.84, 3.98, 1, 0.863, False
1, 4, 1, 29, 35, 1, 3.76, 0.62, 1, 1.491, True
1, 4, 1, 30, 35, 1, 0.86, 4.0, 1, 0.702, True
1, 4, 1, 31, 33, 1, 0.3, 3.44, 1, 0.608, True
1, 4, 1, 32, 33, 1, 2.69, 5.83, 1, 0.639, True
1, 4, 1, 33, 31, 0, 3.86, 0.72, 0, 0.908, True
1, 4, 1, 34, 31, 0, 4.82, 1.68, 0, 0.926, True
1, 4, 1, 35, 29, 0, 5.93, 2.79, 1, 0.895, False
1, 4, 1, 36, 31, 0, 5.07, 1.93, 1, 0.738, False
1, 4, 1, 37, 33, 0, 5.52, 2.38, 0, 0.683, True
1, 4, 1, 38, 33, 0, 5.79, 2.65, 0, 0.59, True
1, 4, 1, 39, 31, 0, 3.0, 6.14, 0, 1.229, True
1, 4, 1, 40, 31, 0, 0.16, 3.3, 0, 0.786, True
1, 4, 1, 41, 29, 0, 5.36, 2.22, 0, 0.674, True
1, 4, 1, 42, 29, 1, 6.16, 3.02, 1, 0.629, True
1, 4, 1, 43, 27, 1, 5.6, 2.46, 1, 0.787, True
1, 4, 1, 44, 27, 1, 0.57, 3.71, 1, 0.834, True
1, 4, 1, 45, 25, 0, 6.21, 3.07, 0, 0.824, True
1, 4, 1, 46, 25, 0, 2.2, 5.34, 0, 0.909, True
1, 4, 1, 47, 23, 0, 5.37, 2.22, 0, 0.831, True
1, 4, 1, 48, 23, 1, 1.66, 4.8, 1, 0.788, True
1, 4, 1, 49, 21, 0, 1.56, 4.7, 1, 0.82, False
1, 5, 0, 0, 3, 1, 0.37, 0.37, 0, 1.597, False
1, 5, 0, 1, 4, 1, 0.37, 0.37, 1, 1.156, True
1, 5, 0, 2, 4, 1, 5.31, 5.31, 1, 0.852, True
1, 5, 0, 3, 3, 0, 2.38, 2.38, 0, 1.297, True
1, 5, 0, 4, 3, 1, 5.14, 5.14, 1, 0.995, True
1, 5, 0, 5, 2, 1, 0.18, 0.18, 0, 0.81, False
1, 5, 0, 6, 3, 0, 3.67, 3.67, 1, 0.816, False
1, 5, 0, 7, 4, 0, 1.93, 1.93, 0, 0.87, True
1, 5, 0, 8, 4, 0, 2.63, 2.63, 0, 0.858, True
1, 5, 0, 9, 3, 1, 6.17, 6.17, 0, 0.878, False
1, 5, 0, 10, 4, 1, 1.16, 1.16, 1, 0.785, True
1, 5, 0, 11, 4, 1, 4.24, 4.24, 0, 0.896, False
1, 5, 0, 12, 5, 0, 3.21, 3.21, 0, 0.755, True
1, 5, 0, 13, 5, 1, 2.98, 2.98, 1, 0.731, True
1, 5, 0, 14, 4, 1, 0.27, 0.27, 0, 0.901, False
1, 5, 0, 15, 5, 1, 5.02, 5.02, 0, 1.247, False
1, 5, 0, 16, 6, 0, 6.13, 6.13, 0, 0.924, True
1, 5, 0, 17, 6, 1, 1.96, 1.96, 1, 0.732, True
1, 5, 0, 18, 4, 0, 5.99, 5.99, 0, 0.637, True
1, 5, 0, 19, 4, 1, 3.88, 3.88, 1, 0.594, True
1, 5, 0, 20, 3, 1, 5.87, 5.87, 0, 0.617, False
1, 5, 0, 21, 4, 1, 2.4, 2.4, 1, 0.652, True
1, 5, 0, 22, 4, 0, 3.47, 3.47, 0, 0.944, True
1, 5, 0, 23, 3, 0, 1.94, 1.94, 1, 0.737, False
1, 5, 0, 24, 4, 1, 1.94, 1.94, 1, 0.85, True
1, 5, 0, 25, 4, 1, 2.38, 2.38, 0, 0.935, False
1, 5, 0, 26, 5, 1, 0.25, 0.25, 1, 0.688, True
1, 5, 0, 27, 5, 0, 0.91, 0.91, 0, 0.635, True
1, 5, 0, 28, 4, 0, 1.32, 1.32, 0, 0.672, True
1, 5, 0, 29, 4, 1, 0.06, 0.06, 1, 0.82, True
1, 5, 0, 30, 3, 0, 5.46, 5.46, 0, 0.834, True
1, 5, 0, 31, 3, 0, 4.59, 4.59, 0, 0.767, True
1, 5, 0, 32, 2, 1, 1.96, 1.96, 0, 0.67, False
1, 5, 0, 33, 3, 0, 2.62, 2.62, 0, 0.671, True
1, 5, 0, 34, 3, 1, 5.41, 5.41, 0, 0.712, False
1, 5, 0, 35, 4, 1, 4.99, 4.99, 0, 0.866, False
1, 5, 0, 36, 5, 1, 2.96, 2.96, 1, 0.75, True
1, 5, 0, 37, 5, 0, 0.49, 0.49, 0, 0.831, True
1, 5, 0, 38, 4, 1, 3.34, 3.34, 0, 0.796, False
1, 5, 0, 39, 5, 1, 2.16, 2.16, 1, 0.627, True
1, 5, 0, 40, 5, 1, 1.18, 1.18, 1, 0.537, True
1, 5, 0, 41, 4, 0, 0.56, 0.56, 0, 0.786, True
1, 5, 0, 42, 4, 0, 4.79, 4.79, 0, 0.705, True
1, 5, 0, 43, 3, 1, 4.47, 4.47, 1, 0.571, True
1, 5, 0, 44, 3, 1, 2.57, 2.57, 0, 0.81, False
1, 5, 0, 45, 4, 0, 0.34, 0.34, 0, 1.013, True
1, 5, 0, 46, 4, 1, 2.18, 2.18, 0, 0.872, False
1, 5, 0, 47, 5, 0, 2.66, 2.66, 0, 0.651, True
1, 5, 0, 48, 5, 1, 0.21, 0.21, 1, 0.624, True
1, 5, 0, 49, 4, 0, 1.72, 1.72, 0, 0.734, True
1, 6, 0, 0, 4, 1, 3.03, 3.03, 0, 1.05, False
1, 6, 0, 1, 5, 0, 3.47, 3.47, 0, 0.926, True
1, 6, 0, 2, 5, 1, 0.03, 0.03, 1, 0.608, True
1, 6, 0, 3, 4, 0, 1.79, 1.79, 0, 0.638, True
1, 6, 0, 4, 4, 0, 5.98, 5.98, 0, 0.658, True
1, 6, 0, 5, 3, 1, 4.19, 4.19, 1, 0.803, True
1, 6, 0, 6, 3, 1, 3.75, 3.75, 0, 0.928, False
1, 6, 0, 7, 4, 0, 0.14, 0.14, 0, 0.935, True
1, 6, 0, 8, 4, 1, 5.43, 5.43, 0, 0.733, False
1, 6, 0, 9, 5, 0, 5.65, 5.65, 0, 0.878, True
1, 6, 0, 10, 5, 0, 4.23, 4.23, 0, 0.865, True
1, 6, 0, 11, 4, 1, 0.33, 0.33, 1, 0.573, True
1, 6, 0, 12, 4, 0, 0.29, 0.29, 0, 0.541, True
1, 6, 0, 13, 3, 0, 1.42, 1.42, 1, 0.638, False
1, 6, 0, 14, 4, 0, 3.06, 3.06, 0, 0.955, True
1, 6, 0, 15, 4, 0, 4.71, 4.71, 1, 0.707, False
1, 6, 0, 16, 5, 0, 0.06, 0.06, 1, 1.035, False
1, 6, 0, 17, 6, 0, 3.01, 3.01, 0, 0.59, True
1, 6, 0, 18, 6, 0, 4.35, 4.35, 1, 0.715, False
1, 6, 0, 19, 8, 0, 0.1, 0.1, 0, 0.763, True
1, 6, 0, 20, 8, 1, 2.56, 2.56, 1, 0.636, True
1, 6, 0, 21, 6, 1, 4.48, 4.48, 0, 0.76, False
1, 6, 0, 22, 8, 1, 3.34, 3.34, 1, 0.648, True
1, 6, 0, 23, 8, 1, 2.42, 2.42, 1, 0.653, True
1, 6, 0, 24, 6, 1, 0.37, 0.37, 1, 0.689, True
1, 6, 0, 25, 6, 0, 1.28, 1.28, 0, 0.618, True
1, 6, 0, 26, 4, 1, 5.62, 5.62, 1, 0.599, True
1, 6, 0, 27, 4, 1, 5.99, 5.99, 0, 0.462, False
1, 6, 0, 28, 5, 0, 3.54, 3.54, 0, 0.608, True
1, 6, 0, 29, 5, 1, 1.54, 1.54, 1, 0.588, True
1, 6, 0, 30, 4, 1, 2.29, 2.29, 1, 0.841, True
1, 6, 0, 31, 4, 0, 2.98, 2.98, 0, 0.621, True
1, 6, 0, 32, 3, 0, 1.48, 1.48, 0, 0.662, True
1, 6, 0, 33, 3, 0, 0.95, 0.95, 0, 0.794, True
1, 6, 0, 34, 2, 1, 4.19, 4.19, 1, 0.713, True
1, 6, 0, 35, 2, 1, 3.92, 3.92, 1, 0.731, True
1, 6, 0, 36, 1, 1, 1.89, 1.89, 0, 0.74, False
1, 6, 0, 37, 2, 0, 5.22, 5.22, 0, 1.037, True
1, 6, 0, 38, 2, 1, 5.96, 5.96, 0, 1.442, False
1, 6, 0, 39, 3, 1, 2.2, 2.2, 1, 0.823, True
1, 6, 0, 40, 3, 1, 3.42, 3.42, 1, 1.027, True
1, 6, 0, 41, 2, 0, 0.13, 0.13, 0, 0.926, True
1, 6, 0, 42, 2, 1, 4.82, 4.82, 0, 0.782, False
1, 6, 0, 43, 3, 0, 2.12, 2.12, 0, 0.587, True
1, 6, 0, 44, 3, 0, 4.99, 4.99, 1, 0.776, False
1, 6, 0, 45, 4, 0, 0.97, 0.97, 1, 0.805, False
1, 6, 0, 46, 5, 0, 4.72, 4.72, 1, 0.971, False
1, 6, 0, 47, 6, 0, 3.04, 3.04, 1, 0.627, False
1, 6, 0, 48, 8, 1, 1.32, 1.32, 1, 0.705, True
1, 6, 0, 49, 8, 0, 0.98, 0.98, 0, 0.602, True
1, 7, 1, 0, 23, 1, 1.47, 4.61, 1, 1.088, True
1, 7, 1, 1, 23, 0, 1.27, 4.41, 1, 0.874, False
1, 7, 1, 2, 25, 0, 3.99, 0.85, 0, 0.966, True
1, 7, 1, 3, 25, 0, 4.23, 1.09, 0, 0.779, True
1, 7, 1, 4, 23, 0, 3.28, 0.14, 0, 0.745, True
1, 7, 1, 5, 23, 0, 1.48, 4.62, 1, 1.0, False
1, 7, 1, 6, 25, 1, 1.64, 4.79, 1, 0.807, True
1, 7, 1, 7, 25, 0, 3.24, 0.1, 0, 0.893, True
1, 7, 1, 8, 23, 1, 2.01, 5.15, 1, 0.832, True
1, 7, 1, 9, 23, 0, 4.74, 1.6, 0, 0.813, True
1, 7, 1, 10, 21, 1, 0.55, 3.69, 1, 0.795, True
1, 7, 1, 11, 21, 0, 4.18, 1.04, 0, 0.793, True
1, 7, 1, 12, 19, 0, 5.59, 2.45, 0, 0.784, True
1, 7, 1, 13, 19, 0, 3.11, 6.26, 0, 0.599, True
1, 7, 1, 14, 17, 1, 2.33, 5.47, 1, 0.875, True
1, 7, 1, 15, 17, 0, 6.08, 2.94, 0, 0.669, True
1, 7, 1, 16, 15, 1, 5.75, 2.61, 1, 0.512, True
1, 7, 1, 17, 15, 1, 1.42, 4.57, 1, 0.658, True
1, 7, 1, 18, 13, 1, 2.59, 5.73, 0, 0.646, False
1, 7, 1, 19, 15, 0, 1.09, 4.23, 1, 0.595, False
1, 7, 1, 20, 17, 0, 3.47, 0.33, 0, 0.658, True
1, 7, 1, 21, 17, 0, 0.01, 3.15, 1, 0.414, False
1, 7, 1, 22, 19, 1, 2.94, 6.08, 0, 0.716, False
1, 7, 1, 23, 21, 1, 0.71, 3.85, 1, 0.726, True
1, 7, 1, 24, 21, 0, 2.61, 5.75, 0, 0.624, True
1, 7, 1, 25, 19, 0, 3.24, 0.1, 0, 0.621, True
1, 7, 1, 26, 19, 0, 6.08, 2.94, 0, 0.659, True
1, 7, 1, 27, 17, 1, 0.7, 3.84, 1, 0.671, True
1, 7, 1, 28, 17, 0, 5.94, 2.8, 0, 0.706, True
1, 7, 1, 29, 15, 1, 4.6, 1.46, 1, 0.661, True
1, 7, 1, 30, 15, 1, 5.3, 2.16, 1, 0.849, True
1, 7, 1, 31, 13, 0, 1.67, 4.81, 1, 0.78, False
1, 7, 1, 32, 15, 0, 2.98, 6.12, 0, 1.028, True
1, 7, 1, 33, 15, 1, 6.07, 2.93, 1, 0.705, True
1, 7, 1, 34, 13, 1, 3.1, 6.24, 0, 0.436, False
1, 7, 1, 35, 15, 1, 3.45, 0.31, 0, 1.089, False
1, 7, 1, 36, 17, 0, 0.85, 3.99, 1, 0.588, False
1, 7, 1, 37, 19, 0, 2.8, 5.95, 0, 0.651, True
1, 7, 1, 38, 19, 1, 5.8, 2.65, 1, 0.64, True
1, 7, 1, 39, 17, 1, 3.7, 0.56, 0, 0.772, False
1, 7, 1, 40, 19, 1, 6.21, 3.06, 1, 0.499, True
1, 7, 1, 41, 19, 0, 4.59, 1.45, 0, 0.605, True
1, 7, 1, 42, 17, 0, 4.14, 1.0, 1, 0.699, False
1, 7, 1, 43, 19, 1, 1.82, 4.96, 1, 0.59, True
1, 7, 1, 44, 19, 1, 3.54, 0.39, 1, 0.541, True
1, 7, 1, 45, 17, 0, 3.6, 0.46, 0, 0.654, True
1, 7, 1, 46, 17, 1, 6.16, 3.02, 1, 0.602, True
1, 7, 1, 47, 15, 0, 1.57, 4.71, 0, 0.76, True
1, 7, 1, 48, 15, 1, 2.04, 5.18, 1, 0.704, True
1, 7, 1, 49, 13, 1, 5.44, 2.29, 1, 0.586, True
