2, 0, 0, 0, 30, 0, 4.83, 4.83, 0, -0.4, True
2, 0, 0, 1, 30, 0, 0.59, 0.59, 0, -0.691, True
2, 0, 0, 2, 28, 0, 6.11, 6.11, 0, 0.505, True
2, 0, 0, 3, 28, 1, 5.45, 5.45, 1, 0.62, True
2, 0, 0, 4, 26, 1, 6.21, 6.21, 1, 0.716, True
2, 0, 0, 5, 26, 1, 3.09, 3.09, 1, 0.562, True
2, 0, 0, 6, 24, 0, 0.26, 0.26, 1, 0.896, False
2, 0, 0, 7, 26, 1, 4.32, 4.32, 1, 0.468, True
2, 0, 0, 8, 26, 0, 5.82, 5.82, 0, 0.543, True
2, 0, 0, 9, 24, 0, 4.38, 4.38, 1, 0.358, False
2, 1, 1, 0, 40, 1, 4.49, 1.34, 1, 0.753, True
2, 1, 1, 1, 40, 1, 2.09, 5.23, 1, 0.556, True
2, 1, 1, 2, 38, 0, 0.08, 3.22, 0, 0.572, True
2, 1, 1, 3, 38, 0, 4.63, 1.49, 0, 0.653, True
2, 1, 1, 4, 36, 0, 0.8, 3.94, 1, 0.634, False
2, 1, 1, 5, 38, 1, 0.04, 3.18, 1, 0.603, True
2, 1, 1, 6, 38, 0, 6.17, 3.03, 0, 0.549, True
2, 1, 1, 7, 36, 0, 2.62, 5.77, 1, 1.262, False
2, 1, 1, 8, 38, 0, 4.79, 1.65, 0, 0.658, True
2, 1, 1, 9, 38, 1, 1.49, 4.63, 1, 0.494, True
2, 2, 1, 0, 13, 0, 4.75, 1.61, 0, 0.619, True
2, 2, 1, 1, 13, 1, 5.14, 2.0, 1, 0.529, True
2, 2, 1, 2, 11, 0, 1.57, 4.71, 0, 0.739, True
2, 2, 1, 3, 11, 1, 2.74, 5.88, 1, 0.846, True
2, 2, 1, 4, 9, 0, 2.95, 6.1, 0, 0.62, True
2, 2, 1, 5, 9, 1, 5.86, 2.72, 1, 0.55, True
2, 2, 1, 6, 7, 0, 3.25, 0.11, 0, 0.557, True
2, 2, 1, 7, 7, 0, 0.45, 3.6, 1, 0.598, False
2, 2, 1, 8, 9, 0, 3.4, 0.26, 0, 0.613, True
2, 2, 1, 9, 9, 0, 6.2, 3.06, 0, 0.643, True
2, 2, 1, 10, 7, 0, 2.28, 5.42, 1, 0.976, False
2, 2, 1, 11, 9, 0, 1.66, 4.8, 0, 0.783, True
2, 2, 1, 12, 9, 0, 1.98, 5.13, 0, 0.431, True
2, 2, 1, 13, 7, 1, 5.76, 2.62, 1, 0.996, True
2, 2, 1, 14, 7, 0, 0.18, 3.33, 0, 0.627, True
2, 2, 1, 15, 5, 0, 4.93, 1.79, 1, 0.787, False
2, 2, 1, 16, 6, 1, 5.43, 2.29, 1, 0.71, True
2, 2, 1, 17, 6, 0, 3.51, 0.37, 0, 0.582, True
2, 2, 1, 18, 4, 1, 4.28, 1.13, 0, 0.893, False
2, 2, 1, 19, 5, 0, 5.19, 2.05, 1, 0.416, False
2, 2, 1, 20, 6, 0, 1.11, 4.25, 0, 0.782, True
2, 2, 1, 21, 6, 1, 0.71, 3.85, 0, 0.797, False
2, 2, 1, 22, 8, 0, 5.8, 2.66, 0, 0.668, True
2, 2, 1, 23, 8, 1, 4.84, 1.7, 1, 0.704, True
2, 2, 1, 24, 6, 1, 2.21, 5.35, 0, 0.994, False
2, 2, 1, 25, 8, 0, 0.51, 3.65, 0, 0.737, True
2, 2, 1, 26, 8, 1, 0.43, 3.57, 1, 0.682, True
2, 2, 1, 27, 6, 1, 1.77, 4.92, 1, 1.116, True
2, 2, 1, 28, 6, 0, 6.18, 3.04, 0, 0.765, True
2, 2, 1, 29, 4, 0, 4.39, 1.25, 0, 0.877, True
2, 2, 1, 30, 4, 0, 2.51, 5.65, 1, 0.992, False
2, 2, 1, 31, 5, 0, 5.57, 2.43, 0, 0.639, True
2, 2, 1, 32, 5, 0, 2.05, 5.19, 0, 0.716, True
2, 2, 1, 33, 4, 1, 1.98, 5.12, 0, 1.318, False
2, 2, 1, 34, 5, 1, 6.17, 3.02, 0, 0.8, False
2, 2, 1, 35, 6, 1, 3.32, 0.17, 0, 0.591, False
2, 2, 1, 36, 8, 1, 2.76, 5.9, 1, 0.622, True
2, 2, 1, 37, 8, 1, 0.35, 3.5, 1, 0.547, True
2, 2, 1, 38, 6, 0, 3.54, 0.4, 1, 1.1, False
2, 2, 1, 39, 8, 0, 4.36, 1.22, 1, 0.725, False
2, 2, 1, 40, 10, 1, 2.19, 5.33, 1, 0.662, True
2, 2, 1, 41, 10, 0, 5.05, 1.91, 1, 0.803, False
2, 2, 1, 42, 12, 0, 2.53, 5.67, 0, 0.561, True
2, 2, 1, 43, 12, 1, 2.12, 5.26, 1, 0.497, True
2, 2, 1, 44, 10, 0, 5.09, 1.94, 1, 0.772, False
2, 2, 1, 45, 12, 1, 1.64, 4.78, 1, 0.564, True
2, 2, 1, 46, 12, 0, 0.02, 3.16, 0, 0.948, True
2, 2, 1, 47, 10, 1, 0.56, 3.7, 1, 0.956, True
2, 2, 1, 48, 10, 0, 2.07, 5.21, 0, 0.565, True
2, 2, 1, 49, 8, 1, 3.0, 6.14, 1, 0.973, True
2, 3, 0, 0, 7, 1, 2.41, 2.41, 1, 0.629, True
2, 3, 0, 1, 7, 1, 2.94, 2.94, 1, 0.729, True
2, 3, 0, 2, 5, 1, 0.98, 0.98, 1, 0.819, True
2, 3, 0, 3, 5, 1, 4.67, 4.67, 1, 0.713, True
2, 3, 0, 4, 4, 0, 3.19, 3.19, 0, 1.491, True
2, 3, 0, 5, 4, 1, 0.01, 0.01, 1, 0.926, True
2, 3, 0, 6, 3, 1, 0.89, 0.89, 1, 0.671, True
2, 3, 0, 7, 3, 1, 0.51, 0.51, 1, 1.011, True
2, 3, 0, 8, 2, 1, 0.6, 0.6, 1, 0.913, True
2, 3, 0, 9, 2, 1, 0.73, 0.73, 1, 0.708, True
2, 3, 0, 10, 1, 1, 5.4, 5.4, 0, 0.782, False
2, 3, 0, 11, 2, 1, 2.98, 2.98, 1, 0.845, True
2, 3, 0, 12, 2, 0, 0.79, 0.79, 1, 1.17, False
2, 3, 0, 13, 3, 0, 4.71, 4.71, 0, 0.939, True
2, 3, 0, 14, 3, 0, 1.36, 1.36, 0, 0.948, True
2, 3, 0, 15, 2, 1, 3.85, 3.85, 0, 0.973, False
2, 3, 0, 16, 3, 0, 1.37, 1.37, 0, 0.948, True
2, 3, 0, 17, 3, 1, 1.58, 1.58, 1, 1.197, True
2, 3, 0, 18, 2, 0, 5.58, 5.58, 1, 1.156, False
2, 3, 0, 19, 3, 1, 2.68, 2.68, 1, 0.98, True
2, 3, 0, 20, 3, 0, 2.87, 2.87, 1, 0.859, False
2, 3, 0, 21, 4, 0, 1.5, 1.5, 1, 0.736, False
2, 3, 0, 22, 5, 1, 1.54, 1.54, 1, 0.881, True
2, 3, 0, 23, 5, 0, 0.2, 0.2, 1, 0.988, False
2, 3, 0, 24, 6, 1, 4.11, 4.11, 0, 1.075, False
2, 3, 0, 25, 8, 1, 0.37, 0.37, 1, 0.797, True
2, 3, 0, 26, 8, 1, 3.9, 3.9, 1, 0.612, True
2, 3, 0, 27, 6, 0, 2.36, 2.36, 0, 0.898, True
2, 3, 0, 28, 6, 0, 1.53, 1.53, 0, 0.726, True
2, 3, 0, 29, 4, 0, 3.55, 3.55, 0, 1.087, True
2, 3, 0, 30, 4, 0, 3.28, 3.28, 0, 0.802, True
2, 3, 0, 31, 3, 1, 1.19, 1.19, 1, 1.536, True
2, 3, 0, 32, 3, 0, 2.38, 2.38, 0, 1.857, True
2, 3, 0, 33, 2, 0, 1.73, 1.73, 0, 1.358, True
2, 3, 0, 34, 2, 0, 4.37, 4.37, 1, 0.814, False
2, 3, 0, 35, 3, 0, 0.46, 0.46, 0, 1.204, True
2, 3, 0, 36, 3, 1, 6.02, 6.02, 0, 0.778, False
2, 3, 0, 37, 4, 0, 5.03, 5.03, 0, 1.939, True
2, 3, 0, 38, 4, 0, 2.0, 2.0, 0, 0.724, True
2, 3, 0, 39, 3, 1, 5.37, 5.37, 0, 1.918, False
2, 3, 0, 40, 4, 0, 3.41, 3.41, 0, 1.008, True
2, 3, 0, 41, 4, 0, 3.44, 3.44, 0, 1.35, True
2, 3, 0, 42, 3, 0, 5.03, 5.03, 0, 1.47, True
2, 3, 0, 43, 3, 0, 0.27, 0.27, 1, 1.634, False
2, 3, 0, 44, 4, 0, 2.99, 2.99, 0, 0.799, True
2, 3, 0, 45, 4, 0, 5.28, 5.28, 0, 1.278, True
2, 3, 0, 46, 3, 0, 3.83, 3.83, 1, 4.545, False
2, 3, 0, 47, 4, 0, 0.03, 0.03, 0, 0.809, True
2, 3, 0, 48, 4, 1, 2.86, 2.86, 0, 0.896, False
2, 3, 0, 49, 5, 1, 3.02, 3.02, 1, 0.773, True
2, 4, 0, 0, 5, 1, 5.26, 5.26, 0, 0.588, False
2, 4, 0, 1, 6, 0, 6.28, 6.28, 0, 0.692, True
2, 4, 0, 2, 6, 0, 1.66, 1.66, 0, 1.119, True
2, 4, 0, 3, 4, 0, 6.23, 6.23, 1, 0.912, False
2, 4, 0, 4, 5, 0, 2.4, 2.4, 0, 0.707, True
2, 4, 0, 5, 5, 1, 4.65, 4.65, 1, 0.589, True
2, 4, 0, 6, 4, 1, 4.63, 4.63, 1, 0.724, True
2, 4, 0, 7, 4, 1, 3.29, 3.29, 0, 0.67, False
2, 4, 0, 8, 5, 0, 4.21, 4.21, 0, 1.017, True
2, 4, 0, 9, 5, 0, 0.7, 0.7, 0, 1.807, True
2, 4, 0, 10, 4, 1, 0.47, 0.47, 0, 0.813, False
2, 4, 0, 11, 5, 1, 1.03, 1.03, 0, 0.94, False
2, 4, 0, 12, 6, 1, 3.53, 3.53, 0, 0.845, False
2, 4, 0, 13, 8, 1, 1.41, 1.41, 1, 2.402, True
2, 4, 0, 14, 8, 1, 0.79, 0.79, 0, 1.48, False
2, 4, 0, 15, 10, 0, 1.89, 1.89, 0, 0.627, True
2, 4, 0, 16, 10, 0, 4.04, 4.04, 0, 0.529, True
2, 4, 0, 17, 8, 0, 0.65, 0.65, 0, 0.554, True
2, 4, 0, 18, 8, 1, 4.92, 4.92, 1, 0.563, True
2, 4, 0, 19, 6, 1, 2.27, 2.27, 1, 0.627, True
2, 4, 0, 20, 6, 1, 1.05, 1.05, 1, 0.704, True
2, 4, 0, 21, 4, 1, 5.93, 5.93, 0, 0.923, False
2, 4, 0, 22, 5, 1, 3.46, 3.46, 0, 1.229, False
2, 4, 0, 23, 6, 1, 1.46, 1.46, 1, 0.585, True
2, 4, 0, 24, 6, 1, 5.32, 5.32, 1, 0.944, True
2, 4, 0, 25, 4, 0, 0.93, 0.93, 0, 1.041, True
2, 4, 0, 26, 4, 1, 2.12, 2.12, 1, 0.766, True
2, 4, 0, 27, 3, 0, 1.31, 1.31, 1, 0.718, False
2, 4, 0, 28, 4, 0, 2.75, 2.75, 1, 0.912, False
2, 4, 0, 29, 5, 0, 5.28, 5.28, 0, 0.706, True
2, 4, 0, 30, 5, 1, 4.54, 4.54, 1, 0.549, True
2, 4, 0, 31, 4, 0, 4.63, 4.63, 1, 0.541, False
2, 4, 0, 32, 5, 1, 2.1, 2.1, 1, 0.574, True
2, 4, 0, 33, 5, 0, 0.72, 0.72, 0, 0.606, True
2, 4, 0, 34, 4, 0, 1.58, 1.58, 0, 0.62, True
2, 4, 0, 35, 4, 0, 3.38, 3.38, 0, 0.824, True
2, 4, 0, 36, 3, 1, 4.94, 4.94, 1, 0.797, True
2, 4, 0, 37, 3, 1, 1.22, 1.22, 1, 1.308, True
2, 4, 0, 38, 2, 1, 4.58, 4.58, 0, 0.686, False
2, 4, 0, 39, 3, 0, 6.05, 6.05, 0, 0.825, True
2, 4, 0, 40, 3, 0, 0.76, 0.76, 0, 0.574, True
2, 4, 0, 41, 2, 1, 1.63, 1.63, 0, 0.911, False
2, 4, 0, 42, 3, 0, 4.32, 4.32, 1, 0.808, False
2, 4, 0, 43, 4, 1, 2.52, 2.52, 0, 0.974, False
2, 4, 0, 44, 5, 0, 0.71, 0.71, 0, 0.814, True
2, 4, 0, 45, 5, 0, 0.81, 0.81, 0, 0.588, True
2, 4, 0, 46, 4, 0, 4.32, 4.32, 0, 0.699, True
2, 4, 0, 47, 4, 1, 2.12, 2.12, 0, 0.644, False
2, 4, 0, 48, 5, 1, 5.95, 5.95, 1, 0.561, True
2, 4, 0, 49, 5, 1, 3.14, 3.14, 0, 0.673, False
2, 5, 1, 0, 8, 0, 2.06, 5.2, 1, 0.608, False
2, 5, 1, 1, 10, 0, 4.58, 1.44, 1, 0.87, False
2, 5, 1, 2, 12, 0, 0.57, 3.71, 0, 0.898, True
2, 5, 1, 3, 12, 0, 1.68, 4.82, 1, 1.405, False
2, 5, 1, 4, 14, 0, 2.05, 5.19, 0, 0.611, True
2, 5, 1, 5, 14, 1, 1.9, 5.04, 1, 0.53, True
2, 5, 1, 6, 12, 0, 1.47, 4.61, 0, 0.539, True
2, 5, 1, 7, 12, 1, 4.27, 1.13, 1, 0.684, True
2, 5, 1, 8, 10, 1, 4.42, 1.28, 1, 0.495, True
2, 5, 1, 9, 10, 1, 5.12, 1.98, 1, 0.89, True
2, 5, 1, 10, 8, 0, 5.26, 2.12, 0, 0.477, True
2, 5, 1, 11, 8, 0, 4.82, 1.68, 0, 0.609, True
2, 5, 1, 12, 6, 0, 0.71, 3.85, 0, 0.543, True
2, 5, 1, 13, 6, 0, 3.12, 6.26, 0, 0.656, True
2, 5, 1, 14, 4, 0, 1.12, 4.26, 1, 1.132, False
2, 5, 1, 15, 5, 0, 0.68, 3.82, 0, 0.861, True
2, 5, 1, 16, 5, 0, 6.17, 3.03, 1, 0.737, False
2, 5, 1, 17, 6, 0, 1.7, 4.84, 0, 0.529, True
2, 5, 1, 18, 6, 1, 2.69, 5.83, 1, 0.563, True
2, 5, 1, 19, 4, 0, 0.64, 3.78, 0, 0.651, True
2, 5, 1, 20, 4, 0, 2.46, 5.6, 0, 0.581, True
2, 5, 1, 21, 3, 0, 5.44, 2.3, 0, 0.573, True
2, 5, 1, 22, 3, 0, 3.71, 0.57, 0, 0.644, True
2, 5, 1, 23, 2, 0, 0.03, 3.17, 0, 1.033, True
2, 5, 1, 24, 2, 0, 1.29, 4.43, 0, 0.558, True
2, 5, 1, 25, 1, 1, 3.53, 0.39, 0, 0.447, False
2, 5, 1, 26, 2, 0, 4.95, 1.81, 0, 1.251, True
2, 5, 1, 27, 2, 1, 2.26, 5.4, 1, 0.768, True
2, 5, 1, 28, 1, 0, 3.82, 0.67, 1, 2.208, False
2, 5, 1, 29, 2, 1, 3.26, 0.12, 0, 0.622, False
2, 5, 1, 30, 3, 0, 1.28, 4.42, 0, 0.868, True
2, 5, 1, 31, 3, 0, 4.67, 1.53, 0, 0.767, True
2, 5, 1, 32, 2, 0, 1.15, 4.3, 1, 8.261, False
2, 5, 1, 33, 3, 1, 3.61, 0.47, 0, 0.437, False
2, 5, 1, 34, 4, 0, 3.94, 0.8, 0, 0.874, True
2, 5, 1, 35, 4, 0, 3.19, 0.05, 0, 0.477, True
2, 5, 1, 36, 3, 0, 5.21, 2.07, 1, 0.913, False
2, 5, 1, 37, 4, 1, 4.51, 1.37, 1, 0.763, True
2, 5, 1, 38, 4, 0, 4.26, 1.12, 1, 1.163, False
2, 5, 1, 39, 5, 1, 0.75, 3.9, 0, 0.81, False
2, 5, 1, 40, 6, 0, 3.48, 0.34, 0, 0.545, True
2, 5, 1, 41, 6, 1, 0.76, 3.9, 1, 0.754, True
2, 5, 1, 42, 4, 1, 4.34, 1.2, 1, 0.858, True
2, 5, 1, 43, 4, 1, 3.75, 0.61, 1, 0.525, True
2, 5, 1, 44, 3, 1, 3.45, 0.31, 0, 1.059, False
2, 5, 1, 45, 4, 0, 2.25, 5.39, 1, 0.748, False
2, 5, 1, 46, 5, 1, 5.13, 1.99, 1, 0.508, True
2, 5, 1, 47, 5, 1, 5.77, 2.63, 0, 1.764, False
2, 5, 1, 48, 6, 1, 4.83, 1.68, 1, 0.578, True
2, 5, 1, 49, 6, 1, 5.71, 2.57, 1, 0.583, True
2, 6, 1, 0, 4, 1, 4.44, 1.3, 1, 0.47, True
2, 6, 1, 1, 4, 0, 0.06, 3.2, 0, 0.68, True
2, 6, 1, 2, 3, 1, 1.62, 4.76, 1, 0.665, True
2, 6, 1, 3, 3, 1, 4.12, 0.98, 1, 0.715, True
2, 6, 1, 4, 2, 1, 1.35, 4.49, 0, 0.619, False
2, 6, 1, 5, 3, 0, 4.63, 1.49, 1, 0.663, False
2, 6, 1, 6, 4, 1, 0.57, 3.71, 0, 1.561, False
2, 6, 1, 7, 5, 1, 2.71, 5.85, 1, 0.721, True
2, 6, 1, 8, 5, 1, 0.68, 3.82, 1, 0.587, True
2, 6, 1, 9, 4, 1, 4.25, 1.11, 0, 0.464, False
2, 6, 1, 10, 5, 0, 2.76, 5.9, 0, 0.659, True
2, 6, 1, 11, 5, 0, 1.5, 4.64, 1, 1.34, False
2, 6, 1, 12, 6, 0, 0.63, 3.77, 0, 0.587, True
2, 6, 1, 13, 6, 0, 0.0, 3.14, 0, 0.472, True
2, 6, 1, 14, 4, 0, 5.31, 2.17, 1, 1.274, False
2, 6, 1, 15, 5, 1, 1.53, 4.67, 0, 0.619, False
2, 6, 1, 16, 6, 0, 4.42, 1.28, 0, 0.663, True
2, 6, 1, 17, 6, 0, 5.56, 2.42, 0, 0.809, True
2, 6, 1, 18, 4, 1, 6.24, 3.1, 1, 0.661, True
2, 6, 1, 19, 4, 1, 2.17, 5.31, 1, 1.736, True
2, 6, 1, 20, 3, 0, 0.44, 3.59, 0, 1.617, True
2, 6, 1, 21, 3, 1, 5.11, 1.97, 0, 0.55, False
2, 6, 1, 22, 4, 1, 4.49, 1.35, 0, 0.469, False
2, 6, 1, 23, 5, 1, 1.51, 4.65, 1, 0.983, True
2, 6, 1, 24, 5, 1, 2.86, 6.0, 0, 1.532, False
2, 6, 1, 25, 6, 0, 1.5, 4.64, 0, 0.627, True
2, 6, 1, 26, 6, 1, 5.3, 2.16, 0, 1.542, False
2, 6, 1, 27, 8, 1, 4.51, 1.37, 0, 1.796, False
2, 6, 1, 28, 10, 1, 0.85, 3.99, 1, 0.936, True
2, 6, 1, 29, 10, 1, 1.09, 4.23, 1, 0.519, True
2, 6, 1, 30, 8, 0, 5.51, 2.37, 0, 0.615, True
2, 6, 1, 31, 8, 1, 3.49, 0.35, 1, 0.474, True
2, 6, 1, 32, 6, 1, 1.65, 4.79, 1, 0.421, True
2, 6, 1, 33, 6, 1, 1.44, 4.58, 1, 0.427, True
2, 6, 1, 34, 4, 1, 1.96, 5.1, 1, 0.463, True
2, 6, 1, 35, 4, 1, 1.11, 4.25, 1, 0.425, True
2, 6, 1, 36, 3, 1, 2.01, 5.15, 1, 0.404, True
2, 6, 1, 37, 3, 1, 0.65, 3.79, 0, 0.664, False
2, 6, 1, 38, 4, 1, 2.05, 5.19, 1, 0.474, True
2, 6, 1, 39, 4, 1, 5.95, 2.81, 1, 0.748, True
2, 6, 1, 40, 3, 1, 4.38, 1.24, 0, 1.274, False
2, 6, 1, 41, 4, 1, 5.15, 2.01, 1, 0.963, True
2, 6, 1, 42, 4, 1, 4.56, 1.42, 1, 0.536, True
2, 6, 1, 43, 3, 1, 0.03, 3.17, 1, 0.957, True
2, 6, 1, 44, 3, 0, 4.7, 1.56, 0, 0.91, True
2, 6, 1, 45, 2, 1, 1.36, 4.5, 0, 1.135, False
2, 6, 1, 46, 3, 0, 0.56, 3.7, 0, 0.992, True
2, 6, 1, 47, 3, 1, 2.89, 6.03, 1, 0.485, True
2, 6, 1, 48, 2, 0, 3.27, 0.13, 1, 0.894, False
2, 6, 1, 49, 3, 0, 1.78, 4.92, 1, 0.839, False
2, 7, 0, 0, 6, 1, 6.21, 6.21, 1, 0.571, True
2, 7, 0, 1, 6, 1, 3.95, 3.95, 1, 0.585, True
2, 7, 0, 2, 4, 1, 0.9, 0.9, 1, 0.47, True
2, 7, 0, 3, 4, 0, 5.0, 5.0, 0, 0.664, True
2, 7, 0, 4, 3, 1, 4.84, 4.84, 1, 0.712, True
2, 7, 0, 5, 3, 1, 2.46, 2.46, 1, 1.33, True
2, 7, 0, 6, 2, 0, 6.2, 6.2, 1, 0.666, False
2, 7, 0, 7, 3, 0, 5.06, 5.06, 0, 2.142, True
2, 7, 0, 8, 3, 0, 4.89, 4.89, 1, 0.629, False
2, 7, 0, 9, 4, 0, 1.72, 1.72, 1, 0.392, False
2, 7, 0, 10, 5, 1, 1.92, 1.92, 1, 0.444, True
2, 7, 0, 11, 5, 1, 2.77, 2.77, 1, 0.406, True
2, 7, 0, 12, 4, 0, 3.85, 3.85, 1, 0.514, False
2, 7, 0, 13, 5, 1, 1.35, 1.35, 0, 0.458, False
2, 7, 0, 14, 6, 1, 2.83, 2.83, 0, 1.01, False
2, 7, 0, 15, 8, 0, 0.88, 0.88, 1, 0.413, False
2, 7, 0, 16, 10, 0, 4.72, 4.72, 0, 0.4, True
2, 7, 0, 17, 10, 0, 0.83, 0.83, 0, 0.647, True
2, 7, 0, 18, 8, 1, 1.07, 1.07, 0, 0.819, False
2, 7, 0, 19, 10, 1, 2.1, 2.1, 0, 1.193, False
2, 7, 0, 20, 12, 1, 5.81, 5.81, 1, 0.496, True
2, 7, 0, 21, 12, 0, 1.94, 1.94, 0, 0.683, True
2, 7, 0, 22, 10, 1, 1.77, 1.77, 1, 0.494, True
2, 7, 0, 23, 10, 1, 4.19, 4.19, 0, 1.215, False
2, 7, 0, 24, 12, 1, 5.75, 5.75, 1, 0.571, True
2, 7, 0, 25, 12, 0, 5.18, 5.18, 0, 0.537, True
2, 7, 0, 26, 10, 1, 4.51, 4.51, 1, 0.536, True
2, 7, 0, 27, 10, 1, 2.82, 2.82, 1, 0.423, True
2, 7, 0, 28, 8, 1, 6.01, 6.01, 1, 0.331, True
2, 7, 0, 29, 8, 1, 4.72, 4.72, 0, 0.612, False
2, 7, 0, 30, 10, 0, 3.26, 3.26, 0, 0.522, True
2, 7, 0, 31, 10, 0, 2.87, 2.87, 0, 0.564, True
2, 7, 0, 32, 8, 1, 0.31, 0.31, 1, 0.491, True
2, 7, 0, 33, 8, 1, 2.02, 2.02, 1, 0.798, True
2, 7, 0, 34, 6, 0, 1.76, 1.76, 0, 0.733, True
2, 7, 0, 35, 6, 1, 5.13, 5.13, 0, 0.613, False
2, 7, 0, 36, 8, 1, 4.03, 4.03, 0, 0.529, False
2, 7, 0, 37, 10, 0, 3.15, 3.15, 0, 0.44, True
2, 7, 0, 38, 10, 1, 0.75, 0.75, 1, 0.483, True
2, 7, 0, 39, 8, 1, 5.25, 5.25, 1, 0.49, True
2, 7, 0, 40, 8, 0, 3.45, 3.45, 0, 0.514, True
2, 7, 0, 41, 6, 0, 5.35, 5.35, 1, 0.548, False
2, 7, 0, 42, 8, 0, 0.53, 0.53, 1, 0.429, False
2, 7, 0, 43, 10, 1, 6.04, 6.04, 1, 0.706, True
2, 7, 0, 44, 10, 1, 3.7, 3.7, 0, 0.541, False
2, 7, 0, 45, 12, 1, 0.87, 0.87, 1, 0.566, True
2, 7, 0, 46, 12, 1, 3.23, 3.23, 1, 0.503, True
2, 7, 0, 47, 10, 0, 1.04, 1.04, 0, 0.601, True
2, 7, 0, 48, 10, 1, 1.1, 1.1, 1, 0.527, True
2, 7, 0, 49, 8, 0, 6.04, 6.04, 0, 0.56, True
