5, 0, 0, 0, 30, 0, 4.62, 4.62, 0, 0.66, True
5, 0, 0, 1, 30, 0, 3.33, 3.33, 1, 0.656, False
5, 0, 0, 2, 32, 0, 0.37, 0.37, 1, 0.814, False
5, 0, 0, 3, 34, 1, 2.57, 2.57, 0, 0.845, False
5, 0, 0, 4, 36, 1, 5.28, 5.28, 1, 0.892, True
5, 0, 0, 5, 36, 1, 1.99, 1.99, 1, 15.899, True
5, 0, 0, 6, 34, 0, 0.66, 0.66, 0, 0.697, True
5, 0, 0, 7, 34, 1, 3.27, 3.27, 0, 0.972, False
5, 0, 0, 8, 36, 1, 5.72, 5.72, 1, 0.851, True
5, 0, 0, 9, 36, 1, 2.41, 2.41, 0, 0.928, False
5, 1, 1, 0, 40, 1, 0.63, 3.77, 1, 0.506, True
5, 1, 1, 1, 40, 1, 3.64, 0.5, 1, 0.987, True
5, 1, 1, 2, 38, 1, 4.98, 1.84, 0, 1.127, False
5, 1, 1, 3, 40, 0, 3.28, 0.14, 1, 1.13, False
5, 1, 1, 4, 42, 0, 0.36, 3.5, 0, 0.717, True
5, 1, 1, 5, 42, 1, 2.87, 6.01, 1, 0.667, True
5, 1, 1, 6, 40, 0, 4.48, 1.34, 1, 1.051, False
5, 1, 1, 7, 42, 0, 0.31, 3.45, 0, 0.736, True
5, 1, 1, 8, 42, 0, 1.03, 4.17, 0, 0.662, True
5, 1, 1, 9, 40, 0, 6.06, 2.92, 1, 0.947, False
5, 2, 1, 0, 13, 0, 4.48, 1.34, 0, 0.667, True
5, 2, 1, 1, 13, 0, 5.3, 2.16, 1, 0.655, False
5, 2, 1, 2, 15, 0, 1.8, 4.94, 1, 0.787, False
5, 2, 1, 3, 17, 0, 5.66, 2.52, 1, 0.893, False
5, 2, 1, 4, 19, 0, 5.8, 2.65, 0, 0.825, True
5, 2, 1, 5, 19, 1, 5.85, 2.71, 1, 0.555, True
5, 2, 1, 6, 17, 0, 5.76, 2.61, 0, 0.61, True
5, 2, 1, 7, 17, 0, 2.32, 5.46, 1, 0.656, False
5, 2, 1, 8, 19, 0, 2.03, 5.17, 1, 1.077, False
5, 2, 1, 9, 21, 0, 4.05, 0.91, 0, 1.12, True
5, 2, 1, 10, 21, 1, 2.52, 5.66, 1, 1.442, True
5, 2, 1, 11, 19, 0, 3.58, 0.44, 0, 0.943, True
5, 2, 1, 12, 19, 0, 4.15, 1.01, 0, 0.616, True
5, 2, 1, 13, 17, 1, 1.85, 4.99, 1, 0.742, True
5, 2, 1, 14, 17, 0, 6.28, 3.14, 0, 0.735, True
5, 2, 1, 15, 15, 1, 4.85, 1.71, 1, 0.801, True
5, 2, 1, 16, 15, 1, 1.54, 4.68, 1, 0.704, True
5, 2, 1, 17, 13, 0, 5.25, 2.1, 0, 0.652, True
5, 2, 1, 18, 13, 1, 6.14, 3.0, 0, 0.829, False
5, 2, 1, 19, 15, 0, 1.21, 4.35, 0, 0.59, True
5, 2, 1, 20, 15, 1, 0.64, 3.78, 1, 0.763, True
5, 2, 1, 21, 13, 1, 1.97, 5.12, 0, 0.763, False
5, 2, 1, 22, 15, 0, 3.11, 6.25, 1, 0.899, False
5, 2, 1, 23, 17, 1, 1.94, 5.08, 1, 0.574, True
5, 2, 1, 24, 17, 1, 3.91, 0.77, 0, 0.701, False
5, 2, 1, 25, 19, 1, 4.7, 1.56, 1, 0.704, True
5, 2, 1, 26, 19, 1, 4.33, 1.19, 1, 0.627, True
5, 2, 1, 27, 17, 1, 4.89, 1.75, 0, 0.624, False
5, 2, 1, 28, 19, 0, 2.53, 5.67, 1, 0.662, False
5, 2, 1, 29, 21, 0, 1.07, 4.21, 0, 0.621, True
5, 2, 1, 30, 21, 0, 1.47, 4.61, 0, 0.666, True
5, 2, 1, 31, 19, 1, 5.84, 2.7, 1, 0.663, True
5, 2, 1, 32, 19, 0, 5.23, 2.09, 0, 0.611, True
5, 2, 1, 33, 17, 0, 3.48, 0.34, 1, 0.513, False
5, 2, 1, 34, 19, 1, 4.83, 1.69, 0, 0.611, False
5, 2, 1, 35, 21, 1, 4.08, 0.94, 1, 0.466, True
5, 2, 1, 36, 21, 0, 0.58, 3.72, 0, 0.678, True
5, 2, 1, 37, 19, 0, 2.7, 5.84, 1, 0.562, False
5, 2, 1, 38, 21, 0, 3.98, 0.84, 1, 0.754, False
5, 2, 1, 39, 23, 0, 4.13, 0.99, 0, 0.434, True
5, 2, 1, 40, 23, 1, 2.41, 5.55, 1, 0.716, True
5, 2, 1, 41, 21, 1, 0.71, 3.85, 1, 0.654, True
5, 2, 1, 42, 21, 1, 2.2, 5.34, 0, 0.851, False
5, 2, 1, 43, 23, 0, 6.19, 3.05, 0, 0.688, True
5, 2, 1, 44, 23, 1, 2.28, 5.42, 1, 0.675, True
5, 2, 1, 45, 21, 1, 0.13, 3.27, 0, 0.855, False
5, 2, 1, 46, 23, 0, 3.89, 0.75, 0, 0.707, True
5, 2, 1, 47, 23, 1, 1.09, 4.23, 0, 1.197, False
5, 2, 1, 48, 25, 0, 1.88, 5.02, 0, 0.604, True
5, 2, 1, 49, 25, 0, 1.97, 5.11, 0, 0.595, True
5, 3, 0, 0, 7, 1, 1.55, 1.55, 1, 0.706, True
5, 3, 0, 1, 7, 0, 0.13, 0.13, 0, 0.89, True
5, 3, 0, 2, 5, 0, 2.1, 2.1, 1, 0.685, False
5, 3, 0, 3, 6, 0, 5.39, 5.39, 1, 0.713, False
5, 3, 0, 4, 8, 0, 4.85, 4.85, 0, 0.691, True
5, 3, 0, 5, 8, 0, 2.98, 2.98, 1, 0.678, False
5, 3, 0, 6, 10, 0, 4.25, 4.25, 0, 0.786, True
5, 3, 0, 7, 10, 0, 3.03, 3.03, 1, 0.785, False
5, 3, 0, 8, 12, 0, 2.41, 2.41, 0, 0.672, True
5, 3, 0, 9, 12, 0, 3.31, 3.31, 1, 0.788, False
5, 3, 0, 10, 14, 1, 4.38, 4.38, 1, 0.563, True
5, 3, 0, 11, 14, 0, 1.56, 1.56, 0, 0.612, True
5, 3, 0, 12, 12, 0, 5.32, 5.32, 0, 0.626, True
5, 3, 0, 13, 12, 0, 1.47, 1.47, 1, 0.624, False
5, 3, 0, 14, 14, 1, 4.56, 4.56, 1, 0.727, True
5, 3, 0, 15, 14, 0, 5.65, 5.65, 0, 0.544, True
5, 3, 0, 16, 12, 0, 5.22, 5.22, 0, 0.513, True
5, 3, 0, 17, 12, 0, 0.48, 0.48, 1, 0.708, False
5, 3, 0, 18, 14, 1, 5.0, 5.0, 1, 0.606, True
5, 3, 0, 19, 14, 0, 5.46, 5.46, 0, 0.66, True
5, 3, 0, 20, 12, 0, 1.24, 1.24, 1, 0.672, False
5, 3, 0, 21, 14, 1, 1.53, 1.53, 0, 0.62, False
5, 3, 0, 22, 16, 0, 3.33, 3.33, 0, 0.674, True
5, 3, 0, 23, 16, 0, 1.55, 1.55, 0, 0.622, True
5, 3, 0, 24, 14, 0, 3.03, 3.03, 1, 0.683, False
5, 3, 0, 25, 16, 0, 0.41, 0.41, 0, 0.583, True
5, 3, 0, 26, 16, 1, 4.8, 4.8, 1, 0.572, True
5, 3, 0, 27, 14, 0, 0.9, 0.9, 1, 0.788, False
5, 3, 0, 28, 16, 0, 5.55, 5.55, 0, 0.579, True
5, 3, 0, 29, 16, 1, 2.15, 2.15, 1, 0.467, True
5, 3, 0, 30, 14, 0, 2.42, 2.42, 0, 0.447, True
5, 3, 0, 31, 14, 0, 1.18, 1.18, 0, 0.548, True
5, 3, 0, 32, 12, 1, 1.52, 1.52, 1, 0.748, True
5, 3, 0, 33, 12, 1, 3.79, 3.79, 1, 0.717, True
5, 3, 0, 34, 10, 0, 3.87, 3.87, 0, 0.551, True
5, 3, 0, 35, 10, 1, 3.83, 3.83, 1, 0.704, True
5, 3, 0, 36, 8, 1, 5.41, 5.41, 0, 0.866, False
5, 3, 0, 37, 10, 1, 2.7, 2.7, 1, 0.59, True
5, 3, 0, 38, 10, 0, 6.28, 6.28, 0, 0.646, True
5, 3, 0, 39, 8, 0, 0.19, 0.19, 1, 0.643, False
5, 3, 0, 40, 10, 0, 2.43, 2.43, 0, 0.624, True
5, 3, 0, 41, 10, 1, 4.61, 4.61, 1, 0.662, True
5, 3, 0, 42, 8, 0, 1.06, 1.06, 0, 0.578, True
5, 3, 0, 43, 8, 1, 4.21, 4.21, 1, 0.625, True
5, 3, 0, 44, 6, 1, 3.68, 3.68, 1, 0.831, True
5, 3, 0, 45, 6, 0, 0.08, 0.08, 1, 0.78, False
5, 3, 0, 46, 8, 1, 4.39, 4.39, 1, 0.763, True
5, 3, 0, 47, 8, 1, 5.7, 5.7, 1, 0.706, True
5, 3, 0, 48, 6, 1, 4.76, 4.76, 1, 0.588, True
5, 3, 0, 49, 6, 1, 1.01, 1.01, 1, 0.491, True
5, 4, 0, 0, 4, 0, 0.35, 0.35, 1, 0.531, False
5, 4, 0, 1, 5, 1, 0.25, 0.25, 1, 0.636, True
5, 4, 0, 2, 5, 0, 1.96, 1.96, 0, 0.721, True
5, 4, 0, 3, 4, 0, 4.26, 4.26, 1, 0.547, False
5, 4, 0, 4, 5, 1, 3.2, 3.2, 1, 0.548, True
5, 4, 0, 5, 5, 1, 0.07, 0.07, 1, 0.661, True
5, 4, 0, 6, 4, 0, 5.62, 5.62, 1, 0.625, False
5, 4, 0, 7, 5, 1, 4.12, 4.12, 1, 0.687, True
5, 4, 0, 8, 5, 1, 0.08, 0.08, 1, 0.674, True
5, 4, 0, 9, 4, 0, 5.63, 5.63, 0, 0.91, True
5, 4, 0, 10, 4, 1, 3.69, 3.69, 1, 0.608, True
5, 4, 0, 11, 3, 0, 6.03, 6.03, 1, 0.646, False
5, 4, 0, 12, 4, 1, 2.55, 2.55, 0, 0.818, False
5, 4, 0, 13, 5, 0, 3.83, 3.83, 1, 0.527, False
5, 4, 0, 14, 6, 0, 3.66, 3.66, 1, 0.593, False
5, 4, 0, 15, 8, 0, 3.45, 3.45, 0, 0.528, True
5, 4, 0, 16, 8, 1, 2.1, 2.1, 1, 0.562, True
5, 4, 0, 17, 6, 1, 0.97, 0.97, 1, 0.642, True
5, 4, 0, 18, 6, 1, 0.08, 0.08, 0, 0.495, False
5, 4, 0, 19, 8, 0, 2.41, 2.41, 0, 0.562, True
5, 4, 0, 20, 8, 1, 4.13, 4.13, 1, 0.546, True
5, 4, 0, 21, 6, 0, 4.61, 4.61, 1, 0.595, False
5, 4, 0, 22, 8, 0, 2.58, 2.58, 0, 0.53, True
5, 4, 0, 23, 8, 1, 3.36, 3.36, 1, 0.435, True
5, 4, 0, 24, 6, 0, 4.33, 4.33, 1, 0.615, False
5, 4, 0, 25, 8, 1, 2.27, 2.27, 1, 0.565, True
5, 4, 0, 26, 8, 1, 0.36, 0.36, 0, 0.925, False
5, 4, 0, 27, 10, 1, 3.02, 3.02, 1, 0.478, True
5, 4, 0, 28, 10, 1, 1.24, 1.24, 1, 0.602, True
5, 4, 0, 29, 8, 1, 4.42, 4.42, 0, 0.48, False
5, 4, 0, 30, 10, 0, 3.97, 3.97, 1, 0.548, False
5, 4, 0, 31, 12, 0, 5.34, 5.34, 1, 0.828, False
5, 4, 0, 32, 14, 0, 2.91, 2.91, 0, 0.507, True
5, 4, 0, 33, 14, 1, 0.4, 0.4, 1, 0.549, True
5, 4, 0, 34, 12, 0, 3.09, 3.09, 0, 0.605, True
5, 4, 0, 35, 12, 1, 5.89, 5.89, 1, 0.564, True
5, 4, 0, 36, 10, 1, 3.27, 3.27, 1, 0.556, True
5, 4, 0, 37, 10, 1, 3.87, 3.87, 1, 0.511, True
5, 4, 0, 38, 8, 1, 6.22, 6.22, 0, 0.85, False
5, 4, 0, 39, 10, 0, 2.57, 2.57, 0, 0.558, True
5, 4, 0, 40, 10, 1, 6.17, 6.17, 1, 0.59, True
5, 4, 0, 41, 8, 1, 0.75, 0.75, 0, 0.829, False
5, 4, 0, 42, 10, 0, 3.66, 3.66, 0, 0.563, True
5, 4, 0, 43, 10, 0, 0.32, 0.32, 1, 0.595, False
5, 4, 0, 44, 12, 0, 0.97, 0.97, 0, 0.53, True
5, 4, 0, 45, 12, 0, 3.81, 3.81, 0, 0.531, True
5, 4, 0, 46, 10, 0, 3.16, 3.16, 1, 0.686, False
5, 4, 0, 47, 12, 0, 5.41, 5.41, 0, 0.544, True
5, 4, 0, 48, 12, 0, 5.81, 5.81, 0, 0.665, True
5, 4, 0, 49, 10, 0, 0.6, 0.6, 0, 0.424, True
5, 5, 1, 0, 23, 1, 4.12, 0.98, 0, 0.682, False
5, 5, 1, 1, 25, 1, 2.94, 6.08, 1, 0.51, True
5, 5, 1, 2, 25, 0, 6.11, 2.97, 1, 0.808, False
5, 5, 1, 3, 27, 1, 3.24, 0.1, 1, 0.535, True
5, 5, 1, 4, 27, 0, 3.96, 0.81, 0, 0.496, True
5, 5, 1, 5, 25, 1, 0.09, 3.23, 1, 0.755, True
5, 5, 1, 6, 25, 0, 3.4, 0.26, 0, 0.484, True
5, 5, 1, 7, 23, 1, 0.77, 3.91, 1, 0.503, True
5, 5, 1, 8, 23, 1, 1.7, 4.84, 1, 0.562, True
5, 5, 1, 9, 21, 0, 1.78, 4.92, 0, 0.498, True
5, 5, 1, 10, 21, 0, 3.86, 0.72, 1, 0.637, False
5, 5, 1, 11, 23, 1, 3.95, 0.8, 1, 0.473, True
5, 5, 1, 12, 23, 1, 3.62, 0.48, 1, 0.509, True
5, 5, 1, 13, 21, 0, 1.5, 4.64, 0, 0.591, True
5, 5, 1, 14, 21, 0, 1.44, 4.58, 0, 0.55, True
5, 5, 1, 15, 19, 0, 2.45, 5.59, 1, 0.702, False
5, 5, 1, 16, 21, 1, 1.76, 4.9, 1, 0.545, True
5, 5, 1, 17, 21, 1, 1.38, 4.52, 1, 0.514, True
5, 5, 1, 18, 19, 0, 5.8, 2.66, 0, 0.676, True
5, 5, 1, 19, 19, 1, 5.48, 2.34, 1, 0.576, True
5, 5, 1, 20, 17, 0, 1.89, 5.03, 0, 0.703, True
5, 5, 1, 21, 17, 1, 4.67, 1.53, 1, 0.753, True
5, 5, 1, 22, 15, 0, 5.43, 2.29, 0, 0.567, True
5, 5, 1, 23, 15, 0, 2.19, 5.33, 1, 0.576, False
5, 5, 1, 24, 17, 0, 3.77, 0.63, 1, 0.575, False
5, 5, 1, 25, 19, 1, 5.36, 2.22, 0, 0.799, False
5, 5, 1, 26, 21, 0, 5.01, 1.87, 1, 0.589, False
5, 5, 1, 27, 23, 1, 4.16, 1.02, 0, 0.684, False
5, 5, 1, 28, 25, 0, 1.39, 4.53, 0, 0.863, True
5, 5, 1, 29, 25, 0, 5.74, 2.6, 0, 0.683, True
5, 5, 1, 30, 23, 1, 0.86, 4.0, 1, 0.654, True
5, 5, 1, 31, 23, 1, 1.22, 4.37, 1, 0.499, True
5, 5, 1, 32, 21, 0, 0.23, 3.37, 0, 0.59, True
5, 5, 1, 33, 21, 1, 5.5, 2.36, 0, 0.852, False
5, 5, 1, 34, 23, 1, 3.32, 0.18, 1, 0.647, True
5, 5, 1, 35, 23, 0, 1.7, 4.84, 0, 0.595, True
5, 5, 1, 36, 21, 1, 4.23, 1.09, 1, 0.57, True
5, 5, 1, 37, 21, 0, 2.24, 5.38, 0, 0.569, True
5, 5, 1, 38, 19, 1, 3.76, 0.61, 1, 0.513, True
5, 5, 1, 39, 19, 1, 0.16, 3.3, 0, 0.572, False
5, 5, 1, 40, 21, 1, 1.88, 5.02, 1, 0.531, True
5, 5, 1, 41, 21, 1, 1.51, 4.66, 0, 0.693, False
5, 5, 1, 42, 23, 0, 0.98, 4.12, 1, 0.704, False
5, 5, 1, 43, 25, 0, 1.55, 4.69, 0, 0.626, True
5, 5, 1, 44, 25, 0, 2.75, 5.89, 1, 0.592, False
5, 5, 1, 45, 27, 1, 0.77, 3.91, 1, 0.446, True
5, 5, 1, 46, 27, 1, 5.41, 2.27, 0, 0.649, False
5, 5, 1, 47, 29, 1, 1.64, 4.78, 1, 0.476, True
5, 5, 1, 48, 29, 0, 1.59, 4.73, 0, 0.503, True
5, 5, 1, 49, 27, 0, 0.75, 3.89, 0, 0.642, True
5, 6, 1, 0, 27, 1, 2.09, 5.23, 1, 0.617, True
5, 6, 1, 1, 27, 1, 1.19, 4.33, 1, 0.535, True
5, 6, 1, 2, 25, 0, 2.37, 5.51, 0, 0.529, True
5, 6, 1, 3, 25, 1, 1.69, 4.83, 1, 0.514, True
5, 6, 1, 4, 23, 1, 6.27, 3.13, 1, 1.036, True
5, 6, 1, 5, 23, 1, 5.73, 2.59, 0, 0.897, False
5, 6, 1, 6, 25, 1, 4.24, 1.1, 1, 0.612, True
5, 6, 1, 7, 25, 0, 4.11, 0.97, 0, 0.802, True
5, 6, 1, 8, 23, 0, 0.57, 3.72, 0, 0.535, True
5, 6, 1, 9, 23, 1, 0.26, 3.41, 1, 0.528, True
5, 6, 1, 10, 21, 0, 3.72, 0.58, 0, 0.706, True
5, 6, 1, 11, 21, 0, 4.11, 0.97, 1, 0.549, False
5, 6, 1, 12, 23, 1, 4.83, 1.69, 0, 0.582, False
5, 6, 1, 13, 25, 0, 4.42, 1.28, 1, 0.621, False
5, 6, 1, 14, 27, 0, 0.69, 3.83, 0, 0.698, True
5, 6, 1, 15, 27, 0, 1.35, 4.49, 0, 0.621, True
5, 6, 1, 16, 25, 1, 4.86, 1.72, 0, 0.827, False
5, 6, 1, 17, 27, 0, 4.45, 1.3, 1, 0.527, False
5, 6, 1, 18, 29, 1, 0.34, 3.49, 0, 0.624, False
5, 6, 1, 19, 31, 1, 1.3, 4.44, 1, 0.524, True
5, 6, 1, 20, 31, 1, 0.82, 3.96, 1, 0.683, True
5, 6, 1, 21, 29, 1, 0.21, 3.36, 1, 0.718, True
5, 6, 1, 22, 29, 0, 2.29, 5.43, 0, 0.72, True
5, 6, 1, 23, 27, 1, 0.8, 3.94, 1, 0.498, True
5, 6, 1, 24, 27, 0, 3.1, 6.24, 0, 0.636, True
5, 6, 1, 25, 25, 1, 5.93, 2.79, 1, 0.77, True
5, 6, 1, 26, 25, 0, 3.4, 0.26, 0, 0.881, True
5, 6, 1, 27, 23, 1, 4.96, 1.82, 1, 0.716, True
5, 6, 1, 28, 23, 0, 5.25, 2.11, 0, 0.542, True
5, 6, 1, 29, 21, 0, 0.8, 3.95, 1, 0.431, False
5, 6, 1, 30, 23, 1, 2.66, 5.8, 1, 0.588, True
5, 6, 1, 31, 23, 0, 2.31, 5.45, 0, 0.593, True
5, 6, 1, 32, 21, 0, 3.79, 0.65, 1, 0.719, False
5, 6, 1, 33, 23, 0, 5.98, 2.84, 0, 0.632, True
5, 6, 1, 34, 23, 1, 2.24, 5.38, 1, 0.566, True
5, 6, 1, 35, 21, 1, 1.09, 4.23, 1, 0.557, True
5, 6, 1, 36, 21, 1, 4.9, 1.76, 0, 0.75, False
5, 6, 1, 37, 23, 1, 2.36, 5.5, 1, 0.542, True
5, 6, 1, 38, 23, 0, 2.92, 6.06, 1, 0.767, False
5, 6, 1, 39, 25, 1, 4.87, 1.73, 1, 0.591, True
5, 6, 1, 40, 25, 0, 1.56, 4.7, 0, 0.638, True
5, 6, 1, 41, 23, 1, 0.58, 3.73, 1, 0.635, True
5, 6, 1, 42, 23, 0, 1.67, 4.82, 0, 0.68, True
5, 6, 1, 43, 21, 1, 4.83, 1.68, 1, 0.697, True
5, 6, 1, 44, 21, 1, 1.09, 4.23, 0, 0.85, False
5, 6, 1, 45, 23, 0, 4.21, 1.07, 0, -0.616, True
5, 6, 1, 46, 23, 1, 4.01, 0.87, 1, 0.477, True
5, 6, 1, 47, 21, 0, 1.23, 4.37, 0, 0.609, True
5, 6, 1, 48, 21, 1, 2.0, 5.14, 1, 0.431, True
5, 6, 1, 49, 19, 0, 1.17, 4.31, 0, 0.58, True
5, 7, 0, 0, 10, 1, 2.54, 2.54, 1, 1.006, True
5, 7, 0, 1, 10, 1, 4.17, 4.17, 1, 0.757, True
5, 7, 0, 2, 8, 1, 3.9, 3.9, 1, 0.493, True
5, 7, 0, 3, 8, 1, 2.4, 2.4, 1, 0.424, True
5, 7, 0, 4, 6, 1, 5.86, 5.86, 1, 0.71, True
5, 7, 0, 5, 6, 1, 1.29, 1.29, 0, 0.601, False
5, 7, 0, 6, 8, 0, 2.0, 2.0, 1, 0.517, False
5, 7, 0, 7, 10, 1, 2.78, 2.78, 1, 0.495, True
5, 7, 0, 8, 10, 0, 1.91, 1.91, 0, 0.809, True
5, 7, 0, 9, 8, 1, 2.53, 2.53, 1, 0.471, True
5, 7, 0, 10, 8, 0, 4.95, 4.95, 1, 0.515, False
5, 7, 0, 11, 10, 1, 2.02, 2.02, 1, 0.749, True
5, 7, 0, 12, 10, 0, 1.64, 1.64, 0, 0.398, True
5, 7, 0, 13, 8, 0, 2.33, 2.33, 1, 0.548, False
5, 7, 0, 14, 10, 1, 3.9, 3.9, 0, 1.036, False
5, 7, 0, 15, 12, 1, 5.72, 5.72, 1, 0.473, True
5, 7, 0, 16, 12, 1, 5.61, 5.61, 1, 0.477, True
5, 7, 0, 17, 10, 0, 2.87, 2.87, 0, 0.566, True
5, 7, 0, 18, 10, 0, 0.98, 0.98, 1, 0.63, False
5, 7, 0, 19, 12, 0, 5.73, 5.73, 0, 0.52, True
5, 7, 0, 20, 12, 0, 0.86, 0.86, 0, 0.6, True
5, 7, 0, 21, 10, 0, 3.11, 3.11, 0, 0.879, True
5, 7, 0, 22, 10, 0, 0.03, 0.03, 0, 0.522, True
5, 7, 0, 23, 8, 0, 4.69, 4.69, 1, 0.795, False
5, 7, 0, 24, 10, 1, 0.36, 0.36, 1, 0.578, True
5, 7, 0, 25, 10, 1, 5.7, 5.7, 1, 0.818, True
5, 7, 0, 26, 8, 1, 6.14, 6.14, 1, 0.56, True
5, 7, 0, 27, 8, 1, 3.84, 3.84, 1, 0.558, True
5, 7, 0, 28, 6, 0, 2.17, 2.17, 1, 0.91, False
5, 7, 0, 29, 8, 0, 1.08, 1.08, 1, 1.089, False
5, 7, 0, 30, 10, 1, 4.41, 4.41, 1, 0.562, True
5, 7, 0, 31, 10, 1, 3.21, 3.21, 1, 0.488, True
5, 7, 0, 32, 8, 1, 5.07, 5.07, 1, 0.634, True
5, 7, 0, 33, 8, 1, 5.08, 5.08, 1, 0.472, True
5, 7, 0, 34, 6, 1, 6.21, 6.21, 0, 0.827, False
5, 7, 0, 35, 8, 0, 3.29, 3.29, 0, 0.673, True
5, 7, 0, 36, 8, 0, 1.69, 1.69, 0, 0.517, True
5, 7, 0, 37, 6, 1, 1.66, 1.66, 1, 0.638, True
5, 7, 0, 38, 6, 1, 0.28, 0.28, 1, 0.676, True
5, 7, 0, 39, 4, 1, 1.51, 1.51, 1, 0.607, True
5, 7, 0, 40, 4, 1, 2.96, 2.96, 0, 0.622, False
5, 7, 0, 41, 5, 1, 2.68, 2.68, 0, 0.916, False
5, 7, 0, 42, 6, 0, 0.33, 0.33, 0, 0.676, True
5, 7, 0, 43, 6, 0, 0.47, 0.47, 0, 0.525, True
5, 7, 0, 44, 4, 1, 0.26, 0.26, 1, 0.581, True
5, 7, 0, 45, 4, 1, 1.62, 1.62, 0, 0.677, False
5, 7, 0, 46, 5, 0, 5.6, 5.6, 1, 0.568, False
5, 7, 0, 47, 6, 1, 5.92, 5.92, 0, 0.624, False
5, 7, 0, 48, 8, 0, 4.63, 4.63, 1, 0.604, False
5, 7, 0, 49, 10, 1, 3.51, 3.51, 1, 0.707, True
