4, 0, 0, 0, 30, 0, 6.06, 6.06, 0, 1.445, True
4, 0, 0, 1, 30, 1, 5.03, 5.03, 1, 1.233, True
4, 0, 0, 2, 28, 1, 4.37, 4.37, 1, 0.696, True
4, 0, 0, 3, 28, 0, 4.34, 4.34, 0, 0.906, True
4, 0, 0, 4, 26, 1, 0.87, 0.87, 1, 0.735, True
4, 0, 0, 5, 26, 1, 5.32, 5.32, 1, 0.748, True
4, 0, 0, 6, 24, 1, 5.7, 5.7, 1, 0.931, True
4, 0, 0, 7, 24, 1, 1.41, 1.41, 1, 0.997, True
4, 0, 0, 8, 22, 0, 0.26, 0.26, 0, 1.827, True
4, 0, 0, 9, 22, 0, 1.24, 1.24, 1, 1.153, False
4, 1, 1, 0, 40, 1, 5.9, 2.76, 1, 0.705, True
4, 1, 1, 1, 40, 0, 3.23, 0.09, 0, 0.74, True
4, 1, 1, 2, 38, 1, 2.72, 5.86, 1, 0.547, True
4, 1, 1, 3, 38, 0, 3.14, 6.28, 0, 0.747, True
4, 1, 1, 4, 36, 0, 1.75, 4.89, 1, 0.933, False
4, 1, 1, 5, 38, 1, 1.93, 5.07, 1, 0.627, True
4, 1, 1, 6, 38, 1, 4.34, 1.19, 1, 1.14, True
4, 1, 1, 7, 36, 1, 2.25, 5.39, 1, 0.598, True
4, 1, 1, 8, 36, 0, 4.44, 1.3, 0, 0.692, True
4, 1, 1, 9, 34, 1, 1.36, 4.5, 1, 0.527, True
4, 2, 1, 0, 13, 0, 0.45, 3.59, 1, 0.76, False
4, 2, 1, 1, 15, 0, 5.94, 2.8, 1, 0.929, False
4, 2, 1, 2, 17, 0, 0.24, 3.38, 1, 0.93, False
4, 2, 1, 3, 19, 1, 5.89, 2.75, 1, 0.565, True
4, 2, 1, 4, 19, 0, 3.14, 6.28, 0, 0.598, True
4, 2, 1, 5, 17, 0, 1.24, 4.38, 1, 0.713, False
4, 2, 1, 6, 19, 1, 3.57, 0.43, 1, 0.577, True
4, 2, 1, 7, 19, 0, 3.35, 0.21, 0, 0.529, True
4, 2, 1, 8, 17, 1, 2.08, 5.22, 1, 0.466, True
4, 2, 1, 9, 17, 0, 0.73, 3.87, 0, 0.606, True
4, 2, 1, 10, 15, 0, 2.29, 5.43, 0, 0.645, True
4, 2, 1, 11, 15, 0, 1.61, 4.75, 0, 0.674, True
4, 2, 1, 12, 13, 0, 5.77, 2.63, 1, 0.678, False
4, 2, 1, 13, 15, 0, 1.8, 4.94, 0, 0.609, True
4, 2, 1, 14, 15, 1, 5.52, 2.38, 1, 0.671, True
4, 2, 1, 15, 13, 0, 5.17, 2.02, 1, 0.826, False
4, 2, 1, 16, 15, 1, 4.74, 1.59, 0, 0.77, False
4, 2, 1, 17, 17, 1, 1.13, 4.27, 1, 0.528, True
4, 2, 1, 18, 17, 1, 2.65, 5.8, 1, 0.546, True
4, 2, 1, 19, 15, 1, 0.75, 3.89, 1, 0.643, True
4, 2, 1, 20, 15, 0, 0.11, 3.25, 1, 0.624, False
4, 2, 1, 21, 17, 1, 4.55, 1.41, 1, 1.142, True
4, 2, 1, 22, 17, 1, 5.82, 2.68, 1, 0.655, True
4, 2, 1, 23, 15, 1, 1.85, 4.99, 1, 0.579, True
4, 2, 1, 24, 15, 1, 2.34, 5.48, 1, 0.547, True
4, 2, 1, 25, 13, 0, 4.37, 1.22, 0, 1.316, True
4, 2, 1, 26, 13, 1, 3.56, 0.42, 1, 0.774, True
4, 2, 1, 27, 11, 0, 2.01, 5.15, 0, 0.636, True
4, 2, 1, 28, 11, 1, 6.12, 2.97, 1, 0.552, True
4, 2, 1, 29, 9, 0, 4.92, 1.78, 0, 0.928, True
4, 2, 1, 30, 9, 0, 2.2, 5.34, 1, 0.562, False
4, 2, 1, 31, 11, 0, 5.6, 2.46, 1, 0.706, False
4, 2, 1, 32, 13, 1, 2.8, 5.94, 0, 0.789, False
4, 2, 1, 33, 15, 0, 4.64, 1.5, 0, 0.596, True
4, 2, 1, 34, 15, 0, 5.4, 2.26, 1, 0.785, False
4, 2, 1, 35, 17, 0, 3.25, 0.1, 0, 0.352, True
4, 2, 1, 36, 17, 1, 4.58, 1.44, 1, 0.497, True
4, 2, 1, 37, 15, 0, 1.94, 5.08, 0, 0.836, True
4, 2, 1, 38, 15, 1, 0.46, 3.6, 1, 0.593, True
4, 2, 1, 39, 13, 0, 1.44, 4.59, 0, 0.66, True
4, 2, 1, 40, 13, 1, 0.66, 3.8, 1, 0.544, True
4, 2, 1, 41, 11, 0, 3.26, 0.12, 0, 0.481, True
4, 2, 1, 42, 11, 0, 0.58, 3.73, 1, 0.548, False
4, 2, 1, 43, 13, 1, 3.8, 0.66, 0, 0.773, False
4, 2, 1, 44, 15, 1, 0.4, 3.54, 1, 0.477, True
4, 2, 1, 45, 15, 0, 5.27, 2.13, 0, 0.929, True
4, 2, 1, 46, 13, 1, 0.66, 3.81, 1, 0.514, True
4, 2, 1, 47, 13, 1, 2.02, 5.17, 0, 1.052, False
4, 2, 1, 48, 15, 0, 2.03, 5.17, 1, 0.545, False
4, 2, 1, 49, 17, 1, 5.39, 2.24, 1, 0.833, True
4, 3, 0, 0, 7, 0, 1.97, 1.97, 1, 1.892, False
4, 3, 0, 1, 9, 0, 2.73, 2.73, 0, 0.74, True
4, 3, 0, 2, 9, 0, 2.01, 2.01, 1, 1.269, False
4, 3, 0, 3, 11, 1, 0.82, 0.82, 1, 0.679, True
4, 3, 0, 4, 11, 0, 0.46, 0.46, 1, 1.018, False
4, 3, 0, 5, 13, 1, 3.17, 3.17, 1, 0.639, True
4, 3, 0, 6, 13, 0, 3.77, 3.77, 0, 2.748, True
4, 3, 0, 7, 11, 1, 6.02, 6.02, 1, 0.701, True
4, 3, 0, 8, 11, 0, 3.76, 3.76, 0, 0.679, True
4, 3, 0, 9, 9, 0, 5.92, 5.92, 0, 0.738, True
4, 3, 0, 10, 9, 1, 2.27, 2.27, 1, 0.803, True
4, 3, 0, 11, 7, 0, 1.6, 1.6, 1, 1.201, False
4, 3, 0, 12, 9, 0, 3.23, 3.23, 0, 1.44, True
4, 3, 0, 13, 9, 0, 5.37, 5.37, 1, 0.765, False
4, 3, 0, 14, 11, 0, 1.69, 1.69, 0, 0.688, True
4, 3, 0, 15, 11, 0, 5.49, 5.49, 1, 0.755, False
4, 3, 0, 16, 13, 0, 5.83, 5.83, 1, 1.499, False
4, 3, 0, 17, 15, 1, 5.8, 5.8, 1, 0.718, True
4, 3, 0, 18, 15, 0, 0.68, 0.68, 0, 0.72, True
4, 3, 0, 19, 13, 0, 4.29, 4.29, 0, 0.642, True
4, 3, 0, 20, 13, 0, 5.05, 5.05, 0, 0.623, True
4, 3, 0, 21, 11, 0, 0.54, 0.54, 0, 1.172, True
4, 3, 0, 22, 11, 0, 1.43, 1.43, 0, 0.564, True
4, 3, 0, 23, 9, 0, 1.45, 1.45, 0, 1.148, True
4, 3, 0, 24, 9, 1, 1.87, 1.87, 1, 0.621, True
4, 3, 0, 25, 7, 1, 0.75, 0.75, 0, 1.121, False
4, 3, 0, 26, 9, 1, 2.71, 2.71, 1, 0.773, True
4, 3, 0, 27, 9, 0, 2.38, 2.38, 0, 1.324, True
4, 3, 0, 28, 7, 1, 3.04, 3.04, 1, 0.846, True
4, 3, 0, 29, 7, 0, 4.26, 4.26, 0, 0.931, True
4, 3, 0, 30, 5, 1, 3.92, 3.92, 1, 0.82, True
4, 3, 0, 31, 5, 1, 3.31, 3.31, 0, 1.042, False
4, 3, 0, 32, 6, 0, 2.92, 2.92, 1, 1.663, False
4, 3, 0, 33, 8, 0, 4.39, 4.39, 0, 0.787, True
4, 3, 0, 34, 8, 1, 5.1, 5.1, 0, 1.106, False
4, 3, 0, 35, 10, 0, 4.82, 4.82, 1, 0.853, False
4, 3, 0, 36, 12, 0, 3.05, 3.05, 0, 0.673, True
4, 3, 0, 37, 12, 1, 1.53, 1.53, 1, 0.762, True
4, 3, 0, 38, 10, 0, 4.66, 4.66, 0, 0.819, True
4, 3, 0, 39, 10, 0, 2.6, 2.6, 0, 0.881, True
4, 3, 0, 40, 8, 1, 3.05, 3.05, 1, 0.804, True
4, 3, 0, 41, 8, 0, 6.01, 6.01, 0, 1.235, True
4, 3, 0, 42, 6, 0, 5.83, 5.83, 1, 1.088, False
4, 3, 0, 43, 8, 1, 0.73, 0.73, 1, 0.835, True
4, 3, 0, 44, 8, 0, 0.42, 0.42, 0, 0.672, True
4, 3, 0, 45, 6, 1, 2.55, 2.55, 1, 0.58, True
4, 3, 0, 46, 6, 1, 1.11, 1.11, 1, 0.692, True
4, 3, 0, 47, 4, 0, 0.69, 0.69, 1, 0.959, False
4, 3, 0, 48, 5, 1, 5.18, 5.18, 1, 0.91, True
4, 3, 0, 49, 5, 1, 0.38, 0.38, 0, 1.214, False
4, 4, 0, 0, 6, 1, 5.99, 5.99, 1, 0.81, True
4, 4, 0, 1, 6, 1, 5.22, 5.22, 1, 0.496, True
4, 4, 0, 2, 4, 1, 3.64, 3.64, 1, 0.475, True
4, 4, 0, 3, 4, 0, 4.91, 4.91, 0, 0.791, True
4, 4, 0, 4, 3, 1, 1.8, 1.8, 1, 0.526, True
4, 4, 0, 5, 3, 1, 6.08, 6.08, 1, 0.687, True
4, 4, 0, 6, 2, 0, 2.05, 2.05, 1, 1.506, False
4, 4, 0, 7, 3, 1, 0.62, 0.62, 1, 1.02, True
4, 4, 0, 8, 3, 0, 3.99, 3.99, 0, 0.802, True
4, 4, 0, 9, 2, 1, 5.8, 5.8, 1, 0.721, True
4, 4, 0, 10, 2, 1, 4.71, 4.71, 0, 0.955, False
4, 4, 0, 11, 3, 1, 5.7, 5.7, 1, 0.93, True
4, 4, 0, 12, 3, 1, 4.98, 4.98, 1, 0.703, True
4, 4, 0, 13, 2, 0, 0.45, 0.45, 0, 0.834, True
4, 4, 0, 14, 2, 0, 4.03, 4.03, 0, 0.655, True
4, 4, 0, 15, 1, 1, 0.95, 0.95, 1, 0.852, True
4, 4, 0, 16, 1, 1, 3.46, 3.46, 0, 0.769, False
4, 4, 0, 17, 2, 0, 0.05, 0.05, 1, 1.056, False
4, 4, 0, 18, 3, 0, 6.12, 6.12, 1, 1.141, False
4, 4, 0, 19, 4, 1, 0.37, 0.37, 1, 0.71, True
4, 4, 0, 20, 4, 1, 1.45, 1.45, 1, 0.912, True
4, 4, 0, 21, 3, 0, 5.11, 5.11, 1, 0.848, False
4, 4, 0, 22, 4, 1, 5.02, 5.02, 1, 0.732, True
4, 4, 0, 23, 4, 1, 6.01, 6.01, 1, 0.611, True
4, 4, 0, 24, 3, 0, 0.58, 0.58, 1, 0.882, False
4, 4, 0, 25, 4, 0, 2.34, 2.34, 0, 1.374, True
4, 4, 0, 26, 4, 1, 5.33, 5.33, 1, 0.757, True
4, 4, 0, 27, 3, 1, 5.47, 5.47, 0, 1.662, False
4, 4, 0, 28, 4, 0, 2.0, 2.0, 1, 0.658, False
4, 4, 0, 29, 5, 1, 1.22, 1.22, 1, 0.526, True
4, 4, 0, 30, 5, 1, 1.09, 1.09, 1, 0.495, True
4, 4, 0, 31, 4, 0, 4.06, 4.06, 0, 0.69, True
4, 4, 0, 32, 4, 1, 5.04, 5.04, 1, 0.614, True
4, 4, 0, 33, 3, 0, 3.14, 3.14, 1, 0.748, False
4, 4, 0, 34, 4, 0, 3.85, 3.85, 1, 1.003, False
4, 4, 0, 35, 5, 0, 6.04, 6.04, 0, 0.975, True
4, 4, 0, 36, 5, 0, 4.93, 4.93, 0, 0.875, True
4, 4, 0, 37, 4, 0, 5.7, 5.7, 0, 0.83, True
4, 4, 0, 38, 4, 1, 2.02, 2.02, 1, 0.82, True
4, 4, 0, 39, 3, 1, 3.18, 3.18, 1, 0.818, True
4, 4, 0, 40, 3, 1, 5.53, 5.53, 1, 1.008, True
4, 4, 0, 41, 2, 0, 5.31, 5.31, 0, 1.23, True
4, 4, 0, 42, 2, 1, 1.96, 1.96, 1, 0.731, True
4, 4, 0, 43, 1, 1, 2.51, 2.51, 0, 1.109, False
4, 4, 0, 44, 2, 1, 4.51, 4.51, 0, 0.975, False
4, 4, 0, 45, 3, 0, 1.38, 1.38, 0, 1.038, True
4, 4, 0, 46, 3, 0, 4.48, 4.48, 0, 1.338, True
4, 4, 0, 47, 2, 1, 3.67, 3.67, 1, 0.703, True
4, 4, 0, 48, 2, 1, 6.14, 6.14, 1, 0.75, True
4, 4, 0, 49, 1, 0, 5.29, 5.29, 1, 0.959, False
4, 5, 1, 0, 17, 1, 2.07, 5.21, 1, 1.085, True
4, 5, 1, 1, 17, 1, 2.25, 5.39, 1, 0.489, True
4, 5, 1, 2, 15, 0, 2.43, 5.57, 0, 1.06, True
4, 5, 1, 3, 15, 0, 1.46, 4.6, 1, 1.153, False
4, 5, 1, 4, 17, 1, 2.5, 5.64, 1, 0.561, True
4, 5, 1, 5, 17, 0, 5.79, 2.65, 0, 0.625, True
4, 5, 1, 6, 15, 0, 1.7, 4.84, 0, 0.607, True
4, 5, 1, 7, 15, 1, 5.11, 1.97, 1, 0.877, True
4, 5, 1, 8, 13, 0, 0.58, 3.72, 0, 0.536, True
4, 5, 1, 9, 13, 1, 5.81, 2.67, 1, 0.671, True
4, 5, 1, 10, 11, 1, 4.14, 1.0, 1, 0.649, True
4, 5, 1, 11, 11, 0, 0.05, 3.2, 0, 0.542, True
4, 5, 1, 12, 9, 0, 5.38, 2.24, 0, 0.558, True
4, 5, 1, 13, 9, 0, 1.4, 4.54, 1, 0.671, False
4, 5, 1, 14, 11, 0, 0.63, 3.77, 0, 0.771, True
4, 5, 1, 15, 11, 1, 1.1, 4.24, 1, 0.531, True
4, 5, 1, 16, 9, 1, 5.35, 2.21, 1, 0.668, True
4, 5, 1, 17, 9, 1, 4.23, 1.09, 1, 0.512, True
4, 5, 1, 18, 7, 0, 0.15, 3.29, 0, 0.642, True
4, 5, 1, 19, 7, 1, 2.85, 5.99, 1, 0.991, True
4, 5, 1, 20, 5, 1, 3.69, 0.55, 1, 1.124, True
4, 5, 1, 21, 5, 1, 3.08, 6.23, 0, 1.324, False
4, 5, 1, 22, 6, 1, 3.58, 0.44, 1, 0.525, True
4, 5, 1, 23, 6, 1, 5.31, 2.16, 1, 0.934, True
4, 5, 1, 24, 4, 0, 1.47, 4.61, 1, 1.247, False
4, 5, 1, 25, 5, 1, 5.53, 2.39, 1, 0.9, True
4, 5, 1, 26, 5, 0, 4.77, 1.63, 1, 0.895, False
4, 5, 1, 27, 6, 1, 2.76, 5.9, 1, 0.882, True
4, 5, 1, 28, 6, 1, 4.66, 1.52, 1, 0.637, True
4, 5, 1, 29, 4, 0, 0.91, 4.06, 1, 0.842, False
4, 5, 1, 30, 5, 1, 4.45, 1.31, 1, 1.006, True
4, 5, 1, 31, 5, 1, 3.91, 0.77, 1, 0.901, True
4, 5, 1, 32, 4, 0, 5.8, 2.66, 1, 2.005, False
4, 5, 1, 33, 5, 0, 1.05, 4.2, 1, 0.585, False
4, 5, 1, 34, 6, 1, 3.45, 0.3, 0, 0.712, False
4, 5, 1, 35, 8, 1, 5.09, 1.94, 1, 0.522, True
4, 5, 1, 36, 8, 1, 4.73, 1.59, 1, 0.604, True
4, 5, 1, 37, 6, 1, 2.76, 5.9, 1, 0.578, True
4, 5, 1, 38, 6, 0, 3.59, 0.45, 1, 0.786, False
4, 5, 1, 39, 8, 1, 0.72, 3.86, 1, 0.674, True
4, 5, 1, 40, 8, 1, 1.57, 4.71, 1, 2.269, True
4, 5, 1, 41, 6, 0, 5.04, 1.89, 1, 0.496, False
4, 5, 1, 42, 8, 1, 2.94, 6.08, 1, 1.091, True
4, 5, 1, 43, 8, 0, 1.43, 4.57, 0, 0.67, True
4, 5, 1, 44, 6, 0, 0.19, 3.33, 1, 0.704, False
4, 5, 1, 45, 8, 0, 4.8, 1.66, 1, 0.897, False
4, 5, 1, 46, 10, 1, 5.86, 2.71, 1, 0.819, True
4, 5, 1, 47, 10, 1, 5.42, 2.28, 0, 0.681, False
4, 5, 1, 48, 12, 0, 5.86, 2.72, 0, 0.613, True
4, 5, 1, 49, 12, 1, 4.12, 0.98, 0, 1.307, False
4, 6, 1, 0, 14, 1, 3.3, 0.16, 1, 1.657, True
4, 6, 1, 1, 14, 1, 2.43, 5.58, 1, 0.678, True
4, 6, 1, 2, 12, 0, 3.68, 0.54, 0, 1.065, True
4, 6, 1, 3, 12, 0, 5.27, 2.13, 0, 0.533, True
4, 6, 1, 4, 10, 1, 0.71, 3.85, 1, 0.582, True
4, 6, 1, 5, 10, 1, 0.33, 3.48, 1, 0.558, True
4, 6, 1, 6, 8, 0, 1.34, 4.48, 1, 0.541, False
4, 6, 1, 7, 10, 1, 4.39, 1.24, 1, 0.573, True
4, 6, 1, 8, 10, 1, 2.29, 5.43, 1, 0.508, True
4, 6, 1, 9, 8, 0, 5.24, 2.1, 0, 0.911, True
4, 6, 1, 10, 8, 0, 1.48, 4.62, 1, 0.585, False
4, 6, 1, 11, 10, 1, 2.69, 5.83, 1, 0.504, True
4, 6, 1, 12, 10, 0, 4.89, 1.75, 1, 0.834, False
4, 6, 1, 13, 12, 0, 3.75, 0.61, 0, 0.895, True
4, 6, 1, 14, 12, 0, 2.97, 6.12, 0, 0.618, True
4, 6, 1, 15, 10, 0, 5.34, 2.19, 0, 0.736, True
4, 6, 1, 16, 10, 0, 4.06, 0.92, 0, 0.769, True
4, 6, 1, 17, 8, 0, 0.86, 4.01, 1, 0.617, False
4, 6, 1, 18, 10, 0, 6.09, 2.95, 1, 0.973, False
4, 6, 1, 19, 12, 1, 1.94, 5.09, 0, 0.778, False
4, 6, 1, 20, 14, 0, 3.96, 0.82, 0, 1.321, True
4, 6, 1, 21, 14, 1, 3.32, 0.18, 1, 0.563, True
4, 6, 1, 22, 12, 0, 3.77, 0.63, 0, 0.723, True
4, 6, 1, 23, 12, 0, 1.41, 4.56, 0, 2.525, True
4, 6, 1, 24, 10, 0, 3.43, 0.29, 0, 0.654, True
4, 6, 1, 25, 10, 1, 0.53, 3.67, 1, 0.458, True
4, 6, 1, 26, 8, 0, 4.14, 0.99, 0, 0.799, True
4, 6, 1, 27, 8, 1, 0.03, 3.17, 1, 0.589, True
4, 6, 1, 28, 6, 1, 2.83, 5.97, 1, 0.54, True
4, 6, 1, 29, 6, 0, 6.12, 2.97, 0, 0.861, True
4, 6, 1, 30, 4, 1, 3.82, 0.68, 1, 0.808, True
4, 6, 1, 31, 4, 1, 3.18, 0.03, 1, 0.557, True
4, 6, 1, 32, 3, 1, 5.96, 2.82, 0, 0.829, False
4, 6, 1, 33, 4, 0, 0.63, 3.77, 1, 0.579, False
4, 6, 1, 34, 5, 1, 3.77, 0.63, 0, 0.81, False
4, 6, 1, 35, 6, 0, 1.89, 5.03, 0, 1.904, True
4, 6, 1, 36, 6, 1, 4.26, 1.12, 1, 0.579, True
4, 6, 1, 37, 4, 0, 5.01, 1.87, 0, 1.25, True
4, 6, 1, 38, 4, 0, 3.76, 0.62, 1, 0.799, False
4, 6, 1, 39, 5, 0, 0.1, 3.24, 0, 1.053, True
4, 6, 1, 40, 5, 1, 5.48, 2.34, 0, 0.93, False
4, 6, 1, 41, 6, 1, 5.86, 2.72, 1, 0.467, True
4, 6, 1, 42, 6, 1, 5.38, 2.24, 1, 0.879, True
4, 6, 1, 43, 4, 0, 0.65, 3.79, 1, 0.657, False
4, 6, 1, 44, 5, 0, 2.94, 6.08, 0, 1.037, True
4, 6, 1, 45, 5, 0, 4.7, 1.56, 1, 0.666, False
4, 6, 1, 46, 6, 1, 2.78, 5.92, 1, 0.798, True
4, 6, 1, 47, 6, 0, 0.27, 3.42, 0, 0.693, True
4, 6, 1, 48, 4, 1, 5.58, 2.44, 1, 0.592, True
4, 6, 1, 49, 4, 0, 5.41, 2.27, 0, 0.575, True
4, 7, 0, 0, 2, 1, 2.41, 2.41, 0, 3.47, False
4, 7, 0, 1, 3, 0, 3.31, 3.31, 0, 1.449, True
4, 7, 0, 2, 3, 1, 2.57, 2.57, 1, 0.646, True
4, 7, 0, 3, 2, 0, 3.86, 3.86, 1, 0.73, False
4, 7, 0, 4, 3, 0, 3.99, 3.99, 1, 0.994, False
4, 7, 0, 5, 4, 0, 0.25, 0.25, 0, 0.726, True
4, 7, 0, 6, 4, 0, 1.91, 1.91, 1, 0.704, False
4, 7, 0, 7, 5, 0, 3.0, 3.0, 0, 0.681, True
4, 7, 0, 8, 5, 0, 4.87, 4.87, 0, 0.597, True
4, 7, 0, 9, 4, 0, 1.21, 1.21, 0, 0.667, True
4, 7, 0, 10, 4, 0, 1.37, 1.37, 1, 0.719, False
4, 7, 0, 11, 5, 1, 4.29, 4.29, 1, 0.577, True
4, 7, 0, 12, 5, 1, 0.75, 0.75, 0, 0.608, False
4, 7, 0, 13, 6, 1, 3.32, 3.32, 0, 0.735, False
4, 7, 0, 14, 8, 1, 0.4, 0.4, 1, 0.671, True
4, 7, 0, 15, 8, 0, 3.94, 3.94, 0, 0.546, True
4, 7, 0, 16, 6, 0, 0.55, 0.55, 0, 0.626, True
4, 7, 0, 17, 6, 0, 1.57, 1.57, 0, 1.11, True
4, 7, 0, 18, 4, 1, 6.13, 6.13, 1, 0.648, True
4, 7, 0, 19, 4, 1, 3.76, 3.76, 0, 0.701, False
4, 7, 0, 20, 5, 0, 0.82, 0.82, 0, 0.672, True
4, 7, 0, 21, 5, 1, 5.88, 5.88, 1, 0.964, True
4, 7, 0, 22, 4, 0, 3.78, 3.78, 0, 0.731, True
4, 7, 0, 23, 4, 0, 0.98, 0.98, 0, 0.621, True
4, 7, 0, 24, 3, 0, 4.73, 4.73, 0, 0.547, True
4, 7, 0, 25, 3, 1, 0.35, 0.35, 1, 0.611, True
4, 7, 0, 26, 2, 1, 2.48, 2.48, 0, 0.658, False
4, 7, 0, 27, 3, 1, 0.16, 0.16, 1, 0.813, True
4, 7, 0, 28, 3, 0, 3.02, 3.02, 0, 1.178, True
4, 7, 0, 29, 2, 0, 1.47, 1.47, 0, 1.089, True
4, 7, 0, 30, 2, 1, 1.13, 1.13, 0, 0.708, False
4, 7, 0, 31, 3, 1, 0.67, 0.67, 1, 0.814, True
4, 7, 0, 32, 3, 1, 0.7, 0.7, 1, 0.916, True
4, 7, 0, 33, 2, 0, 1.03, 1.03, 0, 0.574, True
4, 7, 0, 34, 2, 1, 5.66, 5.66, 0, 0.638, False
4, 7, 0, 35, 3, 0, 4.75, 4.75, 0, 0.547, True
4, 7, 0, 36, 3, 0, 1.39, 1.39, 0, 0.748, True
4, 7, 0, 37, 2, 1, 4.9, 4.9, 0, 0.556, False
4, 7, 0, 38, 3, 1, 5.72, 5.72, 0, 0.685, False
4, 7, 0, 39, 4, 1, 5.82, 5.82, 0, 0.614, False
4, 7, 0, 40, 5, 0, 3.21, 3.21, 0, 0.858, True
4, 7, 0, 41, 5, 0, 3.52, 3.52, 0, 0.597, True
4, 7, 0, 42, 4, 1, 4.66, 4.66, 1, 0.492, True
4, 7, 0, 43, 4, 1, 4.93, 4.93, 0, 0.639, False
4, 7, 0, 44, 5, 1, 4.92, 4.92, 1, 0.588, True
4, 7, 0, 45, 5, 1, 6.13, 6.13, 1, 0.611, True
4, 7, 0, 46, 4, 0, 0.24, 0.24, 0, 0.625, True
4, 7, 0, 47, 4, 1, 4.7, 4.7, 1, 0.511, True
4, 7, 0, 48, 3, 0, 5.9, 5.9, 0, 0.801, True
4, 7, 0, 49, 3, 1, 4.44, 4.44, 1, 0.599, True
