5, 0, 1, 0, 40, 1, 3.88, 0.74, 0, -0.841, False
5, 0, 1, 1, 42, 1, 3.59, 0.45, 1, 8.096, True
5, 0, 1, 2, 42, 1, 3.89, 0.75, 0, 0.593, False
5, 0, 1, 3, 44, 0, 5.79, 2.64, 0, 0.72, True
5, 0, 1, 4, 44, 1, 3.85, 0.71, 1, 0.525, True
5, 0, 1, 5, 42, 0, 2.67, 5.81, 1, 1.688, False
5, 0, 1, 6, 44, 1, 6.11, 2.96, 1, 0.97, True
5, 0, 1, 7, 44, 1, 3.06, 6.2, 1, 0.945, True
5, 0, 1, 8, 42, 1, 0.58, 3.72, 1, 1.154, True
5, 0, 1, 9, 42, 1, 1.82, 4.96, 1, 1.171, True
5, 1, 0, 0, 30, 0, 1.47, 1.47, 0, 0.567, True
5, 1, 0, 1, 30, 1, 2.23, 2.23, 1, 0.592, True
5, 1, 0, 2, 28, 1, 1.35, 1.35, 1, 0.519, True
5, 1, 0, 3, 28, 0, 5.56, 5.56, 0, 0.506, True
5, 1, 0, 4, 26, 1, 2.57, 2.57, 1, 0.575, True
5, 1, 0, 5, 26, 0, 0.27, 0.27, 0, 0.507, True
5, 1, 0, 6, 24, 1, 1.48, 1.48, 1, 0.444, True
5, 1, 0, 7, 24, 0, 5.06, 5.06, 0, 0.866, True
5, 1, 0, 8, 22, 1, 3.33, 3.33, 1, 0.517, True
5, 1, 0, 9, 22, 0, 5.78, 5.78, 0, 0.647, True
5, 2, 0, 0, 7, 1, 1.9, 1.9, 1, 0.893, True
5, 2, 0, 1, 7, 1, 0.11, 0.11, 1, 0.528, True
5, 2, 0, 2, 5, 1, 5.53, 5.53, 1, 0.553, True
5, 2, 0, 3, 5, 1, 2.06, 2.06, 1, 0.481, True
5, 2, 0, 4, 4, 0, 4.69, 4.69, 1, 1.07, False
5, 2, 0, 5, 5, 1, 0.56, 0.56, 1, 0.907, True
5, 2, 0, 6, 5, 1, 2.65, 2.65, 1, 0.696, True
5, 2, 0, 7, 4, 1, 4.06, 4.06, 1, 0.678, True
5, 2, 0, 8, 4, 0, 1.74, 1.74, 0, 0.653, True
5, 2, 0, 9, 3, 0, 0.82, 0.82, 0, 0.656, True
5, 2, 0, 10, 3, 1, 3.23, 3.23, 1, 0.74, True
5, 2, 0, 11, 2, 0, 6.21, 6.21, 1, 0.669, False
5, 2, 0, 12, 3, 0, 0.53, 0.53, 1, 0.562, False
5, 2, 0, 13, 4, 0, 1.24, 1.24, 0, 0.705, True
5, 2, 0, 14, 4, 1, 4.1, 4.1, 1, 0.564, True
5, 2, 0, 15, 3, 1, 3.59, 3.59, 1, 0.548, True
5, 2, 0, 16, 3, 1, 0.73, 0.73, 1, 1.006, True
5, 2, 0, 17, 2, 0, 2.89, 2.89, 0, 0.52, True
5, 2, 0, 18, 2, 1, 0.75, 0.75, 1, 0.448, True
5, 2, 0, 19, 1, 1, 0.23, 0.23, 1, 0.597, True
5, 2, 0, 20, 1, 1, 2.75, 2.75, 0, 0.692, False
5, 2, 0, 21, 2, 1, 5.8, 5.8, 1, 0.471, True
5, 2, 0, 22, 2, 0, 5.11, 5.11, 0, 0.835, True
5, 2, 0, 23, 1, 1, 0.67, 0.67, 1, 0.592, True
5, 2, 0, 24, 1, 0, 4.3, 4.3, 1, 0.767, False
5, 2, 0, 25, 2, 0, 6.25, 6.25, 1, 0.712, False
5, 2, 0, 26, 3, 0, 1.86, 1.86, 0, 0.578, True
5, 2, 0, 27, 3, 0, 0.24, 0.24, 0, 0.746, True
5, 2, 0, 28, 2, 1, 4.2, 4.2, 0, 1.18, False
5, 2, 0, 29, 3, 0, 4.01, 4.01, 0, 0.642, True
5, 2, 0, 30, 3, 1, 2.9, 2.9, 1, 0.559, True
5, 2, 0, 31, 2, 1, 2.86, 2.86, 1, 0.423, True
5, 2, 0, 32, 2, 0, 6.24, 6.24, 1, 0.885, False
5, 2, 0, 33, 3, 0, 1.19, 1.19, 1, 0.76, False
5, 2, 0, 34, 4, 0, 4.79, 4.79, 0, 0.441, True
5, 2, 0, 35, 4, 1, 0.67, 0.67, 1, 0.966, True
5, 2, 0, 36, 3, 0, 5.15, 5.15, 1, 1.198, False
5, 2, 0, 37, 4, 0, 5.16, 5.16, 0, 0.581, True
5, 2, 0, 38, 4, 1, 4.53, 4.53, 1, 0.636, True
5, 2, 0, 39, 3, 0, 2.37, 2.37, 0, 0.641, True
5, 2, 0, 40, 3, 0, 5.21, 5.21, 1, 0.976, False
5, 2, 0, 41, 4, 0, 1.54, 1.54, 0, 0.744, True
5, 2, 0, 42, 4, 1, 3.05, 3.05, 1, 0.593, True
5, 2, 0, 43, 3, 1, 3.73, 3.73, 1, 0.792, True
5, 2, 0, 44, 3, 1, 2.16, 2.16, 1, 0.886, True
5, 2, 0, 45, 2, 0, 4.79, 4.79, 0, 1.185, True
5, 2, 0, 46, 2, 0, 0.27, 0.27, 1, 0.648, False
5, 2, 0, 47, 3, 0, 2.36, 2.36, 1, 0.733, False
5, 2, 0, 48, 4, 0, 0.05, 0.05, 0, 0.735, True
5, 2, 0, 49, 4, 0, 1.62, 1.62, 0, 0.608, True
5, 3, 1, 0, 13, 1, 6.15, 3.01, 0, 2.725, False
5, 3, 1, 1, 15, 1, 4.19, 1.05, 1, 0.899, True
5, 3, 1, 2, 15, 1, 2.12, 5.26, 0, 0.814, False
5, 3, 1, 3, 17, 0, 2.81, 5.95, 0, 0.748, True
5, 3, 1, 4, 17, 0, 5.1, 1.95, 0, 1.013, True
5, 3, 1, 5, 15, 0, 3.47, 0.33, 0, 0.723, True
5, 3, 1, 6, 15, 1, 0.14, 3.28, 1, 0.677, True
5, 3, 1, 7, 13, 1, 1.32, 4.46, 1, 0.545, True
5, 3, 1, 8, 13, 0, 0.28, 3.42, 0, 0.722, True
5, 3, 1, 9, 11, 1, 4.77, 1.63, 1, 0.596, True
5, 3, 1, 10, 11, 1, 4.05, 0.91, 1, 0.627, True
5, 3, 1, 11, 9, 1, 1.57, 4.71, 1, 0.672, True
5, 3, 1, 12, 9, 1, 3.92, 0.78, 1, 0.708, True
5, 3, 1, 13, 7, 0, 4.02, 0.88, 1, 1.486, False
5, 3, 1, 14, 9, 0, 3.48, 0.34, 0, 0.659, True
5, 3, 1, 15, 9, 1, 3.23, 0.09, 0, 0.647, False
5, 3, 1, 16, 11, 1, 5.76, 2.62, 0, 0.836, False
5, 3, 1, 17, 13, 0, 0.11, 3.26, 1, 0.721, False
5, 3, 1, 18, 15, 1, 2.63, 5.77, 1, 0.683, True
5, 3, 1, 19, 15, 0, 1.37, 4.51, 1, 0.702, False
5, 3, 1, 20, 17, 0, 5.91, 2.77, 0, 0.641, True
5, 3, 1, 21, 17, 0, 3.71, 0.57, 1, 1.022, False
5, 3, 1, 22, 19, 0, 2.73, 5.87, 1, 0.644, False
5, 3, 1, 23, 21, 1, 4.31, 1.17, 0, 0.96, False
5, 3, 1, 24, 23, 0, 1.94, 5.08, 1, 0.97, False
5, 3, 1, 25, 25, 1, 1.79, 4.93, 1, 0.537, True
5, 3, 1, 26, 25, 0, 3.38, 0.24, 0, 0.742, True
5, 3, 1, 27, 23, 0, 5.9, 2.76, 0, 0.558, True
5, 3, 1, 28, 23, 1, 1.06, 4.21, 1, 0.478, True
5, 3, 1, 29, 21, 1, 1.54, 4.68, 1, 0.586, True
5, 3, 1, 30, 21, 1, 2.76, 5.9, 1, 0.497, True
5, 3, 1, 31, 19, 1, 1.7, 4.84, 1, 0.372, True
5, 3, 1, 32, 19, 0, 4.98, 1.84, 0, 0.788, True
5, 3, 1, 33, 17, 0, 0.86, 4.0, 1, 0.579, False
5, 3, 1, 34, 19, 1, 2.63, 5.77, 1, 0.419, True
5, 3, 1, 35, 19, 0, 1.09, 4.23, 0, 0.593, True
5, 3, 1, 36, 17, 0, 1.0, 4.14, 0, 0.624, True
5, 3, 1, 37, 17, 0, 1.59, 4.73, 0, 0.677, True
5, 3, 1, 38, 15, 0, 1.69, 4.83, 0, 0.545, True
5, 3, 1, 39, 15, 1, 4.33, 1.19, 1, 0.805, True
5, 3, 1, 40, 13, 0, 5.68, 2.54, 0, 0.851, True
5, 3, 1, 41, 13, 1, 3.1, 6.24, 0, 0.736, False
5, 3, 1, 42, 15, 0, 4.31, 1.17, 0, 0.753, True
5, 3, 1, 43, 15, 1, 5.37, 2.23, 1, 0.77, True
5, 3, 1, 44, 13, 1, 4.19, 1.05, 1, 0.529, True
5, 3, 1, 45, 13, 1, 3.16, 0.02, 1, 0.547, True
5, 3, 1, 46, 11, 1, 1.59, 4.73, 0, 0.772, False
5, 3, 1, 47, 13, 1, 2.17, 5.31, 0, 0.891, False
5, 3, 1, 48, 15, 1, 2.93, 6.08, 1, 0.455, True
5, 3, 1, 49, 15, 1, 4.27, 1.13, 1, 0.611, True
5, 4, 1, 0, 13, 0, 1.15, 4.3, 0, 0.551, True
5, 4, 1, 1, 13, 1, 2.61, 5.75, 1, 0.408, True
5, 4, 1, 2, 11, 0, 5.81, 2.67, 0, 0.478, True
5, 4, 1, 3, 11, 0, 3.65, 0.51, 1, 0.442, False
5, 4, 1, 4, 13, 0, 2.57, 5.71, 0, 0.719, True
5, 4, 1, 5, 13, 0, 2.72, 5.86, 0, 0.529, True
5, 4, 1, 6, 11, 1, 2.7, 5.84, 1, 0.45, True
5, 4, 1, 7, 11, 0, 5.69, 2.55, 1, 0.735, False
5, 4, 1, 8, 13, 0, 4.93, 1.79, 1, 0.848, False
5, 4, 1, 9, 15, 0, 2.7, 5.84, 0, 0.589, True
5, 4, 1, 10, 15, 1, 0.15, 3.29, 1, 0.548, True
5, 4, 1, 11, 13, 1, 4.23, 1.09, 1, 0.652, True
5, 4, 1, 12, 13, 0, 5.57, 2.43, 1, 1.505, False
5, 4, 1, 13, 15, 1, 1.45, 4.6, 0, 0.718, False
5, 4, 1, 14, 17, 1, 0.86, 4.0, 1, 0.609, True
5, 4, 1, 15, 17, 1, 2.35, 5.5, 1, 0.527, True
5, 4, 1, 16, 15, 0, 0.2, 3.34, 0, 0.624, True
5, 4, 1, 17, 15, 0, 1.1, 4.24, 1, 0.686, False
5, 4, 1, 18, 17, 0, 1.05, 4.19, 1, 0.641, False
5, 4, 1, 19, 19, 1, 5.83, 2.69, 1, 0.622, True
5, 4, 1, 20, 19, 1, 2.21, 5.36, 1, 0.548, True
5, 4, 1, 21, 17, 0, 4.89, 1.75, 1, 0.853, False
5, 4, 1, 22, 19, 0, 5.32, 2.18, 1, 0.992, False
5, 4, 1, 23, 21, 1, 4.61, 1.46, 1, 0.623, True
5, 4, 1, 24, 21, 0, 5.78, 2.64, 0, 0.444, True
5, 4, 1, 25, 19, 1, 2.7, 5.85, 1, 0.509, True
5, 4, 1, 26, 19, 1, 5.6, 2.46, 1, 0.511, True
5, 4, 1, 27, 17, 1, 1.51, 4.65, 1, 0.513, True
5, 4, 1, 28, 17, 0, 3.3, 0.16, 1, 0.467, False
5, 4, 1, 29, 19, 0, 2.82, 5.96, 1, 0.703, False
5, 4, 1, 30, 21, 1, 0.21, 3.35, 1, 0.522, True
5, 4, 1, 31, 21, 1, 4.04, 0.9, 1, 0.595, True
5, 4, 1, 32, 19, 0, 4.88, 1.73, 0, 0.514, True
5, 4, 1, 33, 19, 1, 6.27, 3.13, 1, 0.469, True
5, 4, 1, 34, 17, 1, 5.75, 2.6, 1, 0.433, True
5, 4, 1, 35, 17, 1, 4.14, 1.0, 1, 0.526, True
5, 4, 1, 36, 15, 0, 2.56, 5.7, 0, 1.263, True
5, 4, 1, 37, 15, 0, 5.1, 1.96, 1, 0.62, False
5, 4, 1, 38, 17, 0, 1.28, 4.42, 0, 0.586, True
5, 4, 1, 39, 17, 1, 4.3, 1.16, 1, 0.417, True
5, 4, 1, 40, 15, 0, 4.33, 1.19, 1, 0.495, False
5, 4, 1, 41, 17, 1, 4.64, 1.5, 1, 0.706, True
5, 4, 1, 42, 17, 0, 1.91, 5.06, 0, 0.453, True
5, 4, 1, 43, 15, 0, 0.06, 3.2, 0, 0.994, True
5, 4, 1, 44, 15, 1, 0.35, 3.5, 1, 0.616, True
5, 4, 1, 45, 13, 0, 3.19, 0.05, 0, 0.494, True
5, 4, 1, 46, 13, 1, 0.65, 3.8, 1, 0.481, True
5, 4, 1, 47, 11, 0, 0.66, 3.8, 0, 0.853, True
5, 4, 1, 48, 11, 1, 2.09, 5.23, 1, 0.457, True
5, 4, 1, 49, 9, 1, 5.42, 2.28, 1, 0.639, True
5, 5, 0, 0, 3, 0, 4.29, 4.29, 0, 1.34, True
5, 5, 0, 1, 3, 0, 3.02, 3.02, 1, 0.597, False
5, 5, 0, 2, 4, 1, 0.57, 0.57, 1, 0.484, True
5, 5, 0, 3, 4, 1, 2.65, 2.65, 1, 0.504, True
5, 5, 0, 4, 3, 1, 2.99, 2.99, 0, 0.675, False
5, 5, 0, 5, 4, 0, 5.17, 5.17, 0, 1.07, True
5, 5, 0, 6, 4, 0, 3.51, 3.51, 0, 0.586, True
5, 5, 0, 7, 3, 0, 4.42, 4.42, 1, 0.689, False
5, 5, 0, 8, 4, 0, 0.2, 0.2, 1, 0.498, False
5, 5, 0, 9, 5, 0, 3.61, 3.61, 0, 0.645, True
5, 5, 0, 10, 5, 0, 2.59, 2.59, 1, 0.562, False
5, 5, 0, 11, 6, 1, 0.18, 0.18, 1, 0.449, True
5, 5, 0, 12, 6, 0, 1.01, 1.01, 0, 0.421, True
5, 5, 0, 13, 4, 1, 4.15, 4.15, 1, 0.411, True
5, 5, 0, 14, 4, 0, 0.82, 0.82, 1, 0.608, False
5, 5, 0, 15, 5, 1, 5.15, 5.15, 1, 0.487, True
5, 5, 0, 16, 5, 1, 1.8, 1.8, 1, 0.482, True
5, 5, 0, 17, 4, 0, 1.6, 1.6, 0, 0.518, True
5, 5, 0, 18, 4, 1, 2.4, 2.4, 1, 0.432, True
5, 5, 0, 19, 3, 1, 4.06, 4.06, 0, 0.941, False
5, 5, 0, 20, 4, 1, 2.94, 2.94, 0, 0.846, False
5, 5, 0, 21, 5, 1, 4.34, 4.34, 1, 0.499, True
5, 5, 0, 22, 5, 0, 5.29, 5.29, 0, 0.59, True
5, 5, 0, 23, 4, 0, 1.22, 1.22, 0, 0.552, True
5, 5, 0, 24, 4, 0, 0.65, 0.65, 0, 0.521, True
5, 5, 0, 25, 3, 1, 1.72, 1.72, 1, 0.643, True
5, 5, 0, 26, 3, 0, 4.35, 4.35, 0, 0.543, True
5, 5, 0, 27, 2, 0, 1.56, 1.56, 0, 0.672, True
5, 5, 0, 28, 2, 0, 2.08, 2.08, 1, 0.66, False
5, 5, 0, 29, 3, 1, 2.4, 2.4, 0, 0.497, False
5, 5, 0, 30, 4, 0, 2.25, 2.25, 0, 0.435, True
5, 5, 0, 31, 4, 1, 5.52, 5.52, 1, 0.464, True
5, 5, 0, 32, 3, 0, 5.95, 5.95, 0, 0.404, True
5, 5, 0, 33, 3, 0, 0.59, 0.59, 1, 0.907, False
5, 5, 0, 34, 4, 0, 5.81, 5.81, 0, 0.469, True
5, 5, 0, 35, 4, 1, 3.12, 3.12, 1, 0.455, True
5, 5, 0, 36, 3, 0, 0.6, 0.6, 0, 0.851, True
5, 5, 0, 37, 3, 1, 5.88, 5.88, 1, 0.583, True
5, 5, 0, 38, 2, 1, 3.95, 3.95, 0, 0.783, False
5, 5, 0, 39, 3, 1, 0.14, 0.14, 1, 0.806, True
5, 5, 0, 40, 3, 1, 3.47, 3.47, 1, 0.501, True
5, 5, 0, 41, 2, 0, 0.48, 0.48, 0, 0.624, True
5, 5, 0, 42, 2, 1, 2.06, 2.06, 0, 0.701, False
5, 5, 0, 43, 3, 1, 0.55, 0.55, 0, 0.864, False
5, 5, 0, 44, 4, 0, 6.02, 6.02, 0, 0.683, True
5, 5, 0, 45, 4, 0, 4.3, 4.3, 1, 0.526, False
5, 5, 0, 46, 5, 0, 5.06, 5.06, 0, 0.542, True
5, 5, 0, 47, 5, 1, 1.06, 1.06, 1, 0.477, True
5, 5, 0, 48, 4, 0, 3.65, 3.65, 0, 0.744, True
5, 5, 0, 49, 4, 1, 0.71, 0.71, 0, 0.801, False
5, 6, 0, 0, 5, 0, 2.53, 2.53, 0, 0.765, True
5, 6, 0, 1, 5, 1, 2.29, 2.29, 1, 0.405, True
5, 6, 0, 2, 4, 1, 6.21, 6.21, 1, 0.596, True
5, 6, 0, 3, 4, 0, 5.46, 5.46, 0, 0.491, True
5, 6, 0, 4, 3, 0, 1.06, 1.06, 0, 0.51, True
5, 6, 0, 5, 3, 0, 1.58, 1.58, 0, 0.576, True
5, 6, 0, 6, 2, 1, 3.87, 3.87, 0, 0.4, False
5, 6, 0, 7, 3, 0, 0.24, 0.24, 0, 0.35, True
5, 6, 0, 8, 3, 1, 1.49, 1.49, 1, 0.574, True
5, 6, 0, 9, 2, 0, 3.66, 3.66, 1, 0.557, False
5, 6, 0, 10, 3, 1, 5.53, 5.53, 0, 0.469, False
5, 6, 0, 11, 4, 0, 0.8, 0.8, 0, 0.545, True
5, 6, 0, 12, 4, 0, 6.21, 6.21, 0, 0.722, True
5, 6, 0, 13, 3, 1, 0.4, 0.4, 1, 0.508, True
5, 6, 0, 14, 3, 1, 0.4, 0.4, 1, 0.549, True
5, 6, 0, 15, 2, 0, 5.47, 5.47, 0, 0.646, True
5, 6, 0, 16, 2, 0, 3.9, 3.9, 1, 0.651, False
5, 6, 0, 17, 3, 1, 2.82, 2.82, 1, 0.48, True
5, 6, 0, 18, 3, 1, 1.21, 1.21, 1, 0.571, True
5, 6, 0, 19, 2, 1, 2.14, 2.14, 0, 0.465, False
5, 6, 0, 20, 3, 0, 6.26, 6.26, 1, 0.507, False
5, 6, 0, 21, 4, 0, 2.94, 2.94, 0, 0.582, True
5, 6, 0, 22, 4, 1, 1.36, 1.36, 1, 0.837, True
5, 6, 0, 23, 3, 0, 0.02, 0.02, 1, 0.906, False
5, 6, 0, 24, 4, 0, 4.56, 4.56, 0, 0.581, True
5, 6, 0, 25, 4, 1, 4.21, 4.21, 1, 0.508, True
5, 6, 0, 26, 3, 0, 4.24, 4.24, 0, 0.582, True
5, 6, 0, 27, 3, 1, 5.18, 5.18, 1, 0.59, True
5, 6, 0, 28, 2, 1, 3.06, 3.06, 0, 0.725, False
5, 6, 0, 29, 3, 1, 4.09, 4.09, 1, 0.623, True
5, 6, 0, 30, 3, 0, 0.97, 0.97, 0, 0.444, True
5, 6, 0, 31, 2, 0, 3.9, 3.9, 1, 1.007, False
5, 6, 0, 32, 3, 0, 4.7, 4.7, 0, 0.515, True
5, 6, 0, 33, 3, 1, 3.57, 3.57, 1, 0.74, True
5, 6, 0, 34, 2, 0, 1.56, 1.56, 0, 0.494, True
5, 6, 0, 35, 2, 0, 1.99, 1.99, 1, 0.912, False
5, 6, 0, 36, 3, 0, 6.14, 6.14, 0, 0.706, True
5, 6, 0, 37, 3, 1, 5.83, 5.83, 0, 0.717, False
5, 6, 0, 38, 4, 1, 5.63, 5.63, 1, 0.431, True
5, 6, 0, 39, 4, 0, 6.03, 6.03, 1, 0.788, False
5, 6, 0, 40, 5, 1, 5.1, 5.1, 1, 0.611, True
5, 6, 0, 41, 5, 1, 1.51, 1.51, 1, 0.578, True
5, 6, 0, 42, 4, 0, 0.18, 0.18, 0, 0.497, True
5, 6, 0, 43, 4, 1, 1.09, 1.09, 1, 0.402, True
5, 6, 0, 44, 3, 0, 2.14, 2.14, 0, 0.503, True
5, 6, 0, 45, 3, 0, 3.32, 3.32, 0, 0.489, True
5, 6, 0, 46, 2, 1, 3.98, 3.98, 1, 0.628, True
5, 6, 0, 47, 2, 1, 4.18, 4.18, 1, 0.513, True
5, 6, 0, 48, 1, 1, 0.69, 0.69, 0, 0.564, False
5, 6, 0, 49, 2, 1, 1.2, 1.2, 1, 0.676, True
5, 7, 1, 0, 9, 1, 4.23, 1.08, 0, 1.347, False
5, 7, 1, 1, 11, 1, 4.43, 1.29, 1, 0.587, True
5, 7, 1, 2, 11, 0, 0.98, 4.12, 0, 0.45, True
5, 7, 1, 3, 9, 0, 3.82, 0.68, 1, 0.583, False
5, 7, 1, 4, 11, 0, 3.43, 0.28, 0, 0.447, True
5, 7, 1, 5, 11, 0, 4.55, 1.41, 0, 0.449, True
5, 7, 1, 6, 9, 1, 3.42, 0.28, 1, 0.413, True
5, 7, 1, 7, 9, 0, 5.68, 2.53, 0, 0.435, True
5, 7, 1, 8, 7, 0, 4.75, 1.61, 0, 0.624, True
5, 7, 1, 9, 7, 0, 0.46, 3.6, 0, 0.718, True
5, 7, 1, 10, 5, 0, 6.03, 2.89, 1, 0.72, False
5, 7, 1, 11, 6, 0, 4.21, 1.07, 0, 0.713, True
5, 7, 1, 12, 6, 1, 0.15, 3.3, 1, 0.459, True
5, 7, 1, 13, 4, 0, 1.05, 4.19, 1, 0.815, False
5, 7, 1, 14, 5, 1, 5.25, 2.11, 1, 0.573, True
5, 7, 1, 15, 5, 1, 0.79, 3.93, 1, 0.764, True
5, 7, 1, 16, 4, 0, 5.78, 2.64, 1, 0.522, False
5, 7, 1, 17, 5, 0, 2.93, 6.07, 1, 0.697, False
5, 7, 1, 18, 6, 0, 4.49, 1.34, 1, 0.756, False
5, 7, 1, 19, 8, 0, 0.15, 3.3, 0, 0.549, True
5, 7, 1, 20, 8, 1, 5.98, 2.83, 0, 0.861, False
5, 7, 1, 21, 10, 1, 1.79, 4.93, 1, 0.513, True
5, 7, 1, 22, 10, 1, 3.56, 0.41, 1, 0.436, True
5, 7, 1, 23, 8, 1, 1.17, 4.32, 1, 0.481, True
5, 7, 1, 24, 8, 0, 5.03, 1.89, 0, 0.524, True
5, 7, 1, 25, 6, 0, 1.39, 4.53, 1, 0.462, False
5, 7, 1, 26, 8, 0, 0.9, 4.04, 1, 0.458, False
5, 7, 1, 27, 10, 1, 1.35, 4.5, 1, 0.445, True
5, 7, 1, 28, 10, 1, 4.1, 0.96, 0, 0.808, False
5, 7, 1, 29, 12, 0, 0.71, 3.85, 1, 0.42, False
5, 7, 1, 30, 14, 1, 2.31, 5.45, 1, 0.545, True
5, 7, 1, 31, 14, 1, 6.08, 2.94, 1, 0.506, True
5, 7, 1, 32, 12, 0, 6.0, 2.86, 0, 0.588, True
5, 7, 1, 33, 12, 0, 3.22, 0.07, 0, 0.507, True
5, 7, 1, 34, 10, 0, 3.1, 6.24, 0, 0.541, True
5, 7, 1, 35, 10, 0, 5.3, 2.16, 0, 0.478, True
5, 7, 1, 36, 8, 1, 6.21, 3.07, 1, 0.561, True
5, 7, 1, 37, 8, 0, 2.41, 5.55, 0, 0.674, True
5, 7, 1, 38, 6, 1, 2.29, 5.43, 1, 0.494, True
5, 7, 1, 39, 6, 0, 1.82, 4.96, 1, 0.663, False
5, 7, 1, 40, 8, 0, 0.86, 4.0, 1, 0.513, False
5, 7, 1, 41, 10, 0, 5.32, 2.18, 0, 0.769, True
5, 7, 1, 42, 10, 1, 2.98, 6.13, 1, 0.528, True
5, 7, 1, 43, 8, 0, 4.67, 1.53, 1, 0.626, False
5, 7, 1, 44, 10, 0, 0.03, 3.18, 1, 0.544, False
5, 7, 1, 45, 12, 1, 6.27, 3.13, 1, 0.448, True
5, 7, 1, 46, 12, 1, 5.0, 1.86, 1, 0.461, True
5, 7, 1, 47, 10, 0, 5.56, 2.42, 0, 0.545, True
5, 7, 1, 48, 10, 0, 0.52, 3.66, 0, 0.466, True
5, 7, 1, 49, 8, 0, 4.96, 1.82, 1, 0.67, False
