3, 0, 1, 0, 40, 0, 2.13, 5.27, 0, 2.58, True
3, 0, 1, 1, 40, 1, 6.06, 2.92, 1, 0.803, True
3, 0, 1, 2, 38, 1, 5.3, 2.15, 1, 0.65, True
3, 0, 1, 3, 38, 0, 0.38, 3.53, 0, 0.807, True
3, 0, 1, 4, 36, 1, 5.7, 2.55, 1, 0.458, True
3, 0, 1, 5, 36, 1, 3.63, 0.49, 0, 0.518, False
3, 0, 1, 6, 38, 1, 3.39, 0.24, 1, 0.806, True
3, 0, 1, 7, 38, 0, 4.51, 1.37, 0, 0.836, True
3, 0, 1, 8, 36, 1, 3.85, 0.71, 1, 0.53, True
3, 0, 1, 9, 36, 1, 6.27, 3.13, 0, 0.723, False
3, 1, 0, 0, 30, 1, 1.07, 1.07, 1, 0.64, True
3, 1, 0, 1, 30, 1, 5.72, 5.72, 1, 0.526, True
3, 1, 0, 2, 28, 0, 0.11, 0.11, 0, 0.557, True
3, 1, 0, 3, 28, 1, 1.55, 1.55, 1, 0.524, True
3, 1, 0, 4, 26, 0, 3.19, 3.19, 0, 0.543, True
3, 1, 0, 5, 26, 1, 3.33, 3.33, 1, 0.45, True
3, 1, 0, 6, 24, 1, 2.14, 2.14, 1, 0.523, True
3, 1, 0, 7, 24, 1, 1.37, 1.37, 1, 0.444, True
3, 1, 0, 8, 22, 0, 0.81, 0.81, 0, 0.585, True
3, 1, 0, 9, 22, 1, 5.95, 5.95, 1, 0.392, True
3, 2, 0, 0, 7, 0, 2.6, 2.6, 1, 0.937, False
3, 2, 0, 1, 9, 0, 3.74, 3.74, 1, 0.585, False
3, 2, 0, 2, 11, 1, 2.41, 2.41, 1, 0.511, True
3, 2, 0, 3, 11, 0, 0.63, 0.63, 1, 0.545, False
3, 2, 0, 4, 13, 1, 4.99, 4.99, 1, 0.492, True
3, 2, 0, 5, 13, 1, 2.91, 2.91, 1, 0.519, True
3, 2, 0, 6, 11, 0, 0.99, 0.99, 1, 0.457, False
3, 2, 0, 7, 13, 1, 4.0, 4.0, 1, 0.52, True
3, 2, 0, 8, 13, 0, 5.28, 5.28, 1, 0.526, False
3, 2, 0, 9, 15, 0, 2.51, 2.51, 0, 1.116, True
3, 2, 0, 10, 15, 1, 2.75, 2.75, 1, 0.582, True
3, 2, 0, 11, 13, 1, 3.27, 3.27, 1, 0.574, True
3, 2, 0, 12, 13, 0, 5.04, 5.04, 0, 0.853, True
3, 2, 0, 13, 11, 0, 3.82, 3.82, 1, 0.626, False
3, 2, 0, 14, 13, 0, 1.22, 1.22, 0, 0.695, True
3, 2, 0, 15, 13, 0, 5.25, 5.25, 0, 0.768, True
3, 2, 0, 16, 11, 0, 0.1, 0.1, 1, 0.556, False
3, 2, 0, 17, 13, 1, 2.89, 2.89, 1, 0.657, True
3, 2, 0, 18, 13, 1, 4.33, 4.33, 0, 0.737, False
3, 2, 0, 19, 15, 1, 1.5, 1.5, 1, 0.664, True
3, 2, 0, 20, 15, 1, 3.07, 3.07, 1, 0.653, True
3, 2, 0, 21, 13, 1, 3.03, 3.03, 1, 0.673, True
3, 2, 0, 22, 13, 0, 3.04, 3.04, 0, 0.604, True
3, 2, 0, 23, 11, 0, 1.43, 1.43, 1, 0.763, False
3, 2, 0, 24, 13, 0, 6.06, 6.06, 0, 0.818, True
3, 2, 0, 25, 13, 0, 0.93, 0.93, 0, 0.645, True
3, 2, 0, 26, 11, 0, 4.28, 4.28, 0, 1.039, True
3, 2, 0, 27, 11, 0, 1.7, 1.7, 0, 0.658, True
3, 2, 0, 28, 9, 0, 3.39, 3.39, 0, 1.21, True
3, 2, 0, 29, 9, 1, 4.09, 4.09, 1, 0.638, True
3, 2, 0, 30, 7, 1, 0.83, 0.83, 1, 2.763, True
3, 2, 0, 31, 7, 1, 1.98, 1.98, 1, 1.29, True
3, 2, 0, 32, 5, 0, 6.2, 6.2, 1, 1.31, False
3, 2, 0, 33, 6, 0, 1.17, 1.17, 0, 0.847, True
3, 2, 0, 34, 6, 1, 4.46, 4.46, 1, 0.58, True
3, 2, 0, 35, 4, 1, 2.64, 2.64, 0, 1.131, False
3, 2, 0, 36, 5, 0, 6.07, 6.07, 0, 0.653, True
3, 2, 0, 37, 5, 0, 4.22, 4.22, 1, 0.831, False
3, 2, 0, 38, 6, 0, 2.19, 2.19, 0, 0.522, True
3, 2, 0, 39, 6, 0, 0.95, 0.95, 1, 0.61, False
3, 2, 0, 40, 8, 0, 4.71, 4.71, 0, 0.722, True
3, 2, 0, 41, 8, 0, 2.63, 2.63, 0, 0.748, True
3, 2, 0, 42, 6, 1, 1.16, 1.16, 1, 1.037, True
3, 2, 0, 43, 6, 1, 0.47, 0.47, 1, 0.738, True
3, 2, 0, 44, 4, 0, 1.48, 1.48, 1, 0.723, False
3, 2, 0, 45, 5, 0, 4.6, 4.6, 0, 0.845, True
3, 2, 0, 46, 5, 0, 6.21, 6.21, 0, 0.913, True
3, 2, 0, 47, 4, 1, 3.1, 3.1, 1, 1.211, True
3, 2, 0, 48, 4, 1, 3.53, 3.53, 1, 0.673, True
3, 2, 0, 49, 3, 1, 4.38, 4.38, 0, 0.484, False
3, 3, 1, 0, 13, 0, 1.35, 4.49, 0, 1.851, True
3, 3, 1, 1, 13, 1, 1.55, 4.69, 1, 0.82, True
3, 3, 1, 2, 11, 0, 0.13, 3.27, 0, 1.01, True
3, 3, 1, 3, 11, 1, 1.75, 4.89, 1, 0.76, True
3, 3, 1, 4, 9, 0, 3.09, 6.23, 1, 0.912, False
3, 3, 1, 5, 11, 1, 1.53, 4.67, 1, 1.09, True
3, 3, 1, 6, 11, 0, 3.03, 6.17, 1, 0.63, False
3, 3, 1, 7, 13, 1, 3.18, 0.03, 1, 0.755, True
3, 3, 1, 8, 13, 0, 2.56, 5.7, 0, 0.676, True
3, 3, 1, 9, 11, 0, 4.24, 1.1, 1, 0.928, False
3, 3, 1, 10, 13, 0, 3.64, 0.5, 0, 0.769, True
3, 3, 1, 11, 13, 1, 0.31, 3.45, 1, 0.944, True
3, 3, 1, 12, 11, 0, 1.3, 4.45, 1, 0.823, False
3, 3, 1, 13, 13, 1, 6.12, 2.98, 0, 0.883, False
3, 3, 1, 14, 15, 1, 1.83, 4.97, 1, 0.775, True
3, 3, 1, 15, 15, 0, 2.7, 5.85, 1, 1.015, False
3, 3, 1, 16, 17, 0, 1.57, 4.71, 0, 0.74, True
3, 3, 1, 17, 17, 1, 1.89, 5.04, 1, 0.613, True
3, 3, 1, 18, 15, 0, 3.92, 0.78, 1, 2.34, False
3, 3, 1, 19, 17, 0, 2.1, 5.24, 0, 0.692, True
3, 3, 1, 20, 17, 0, 0.02, 3.16, 0, 0.758, True
3, 3, 1, 21, 15, 0, 0.5, 3.65, 1, 0.47, False
3, 3, 1, 22, 17, 1, 3.9, 0.76, 1, 1.106, True
3, 3, 1, 23, 17, 0, 4.68, 1.54, 0, 0.708, True
3, 3, 1, 24, 15, 1, 1.46, 4.6, 1, 0.82, True
3, 3, 1, 25, 15, 1, 5.67, 2.53, 0, 1.2, False
3, 3, 1, 26, 17, 0, 5.29, 2.14, 1, 0.904, False
3, 3, 1, 27, 19, 0, 4.2, 1.06, 0, 0.835, True
3, 3, 1, 28, 19, 0, 4.37, 1.23, 1, 0.864, False
3, 3, 1, 29, 21, 0, 0.12, 3.26, 0, 0.612, True
3, 3, 1, 30, 21, 0, 3.0, 6.14, 0, 0.739, True
3, 3, 1, 31, 19, 1, 4.63, 1.49, 1, 0.58, True
3, 3, 1, 32, 19, 0, 5.7, 2.56, 0, 0.563, True
3, 3, 1, 33, 17, 1, 2.06, 5.2, 1, 0.491, True
3, 3, 1, 34, 17, 0, 0.62, 3.76, 1, 0.782, False
3, 3, 1, 35, 19, 0, 0.58, 3.72, 0, 0.581, True
3, 3, 1, 36, 19, 0, 3.67, 0.53, 1, 0.682, False
3, 3, 1, 37, 21, 1, 3.1, 6.24, 0, 0.523, False
3, 3, 1, 38, 23, 0, 0.3, 3.44, 0, 0.709, True
3, 3, 1, 39, 23, 1, 2.78, 5.93, 1, 0.543, True
3, 3, 1, 40, 21, 0, 2.65, 5.79, 0, 0.576, True
3, 3, 1, 41, 21, 0, 2.24, 5.38, 0, 0.672, True
3, 3, 1, 42, 19, 0, 0.04, 3.18, 0, 0.516, True
3, 3, 1, 43, 19, 1, 5.35, 2.2, 0, 0.55, False
3, 3, 1, 44, 21, 0, 2.57, 5.71, 0, 0.815, True
3, 3, 1, 45, 21, 1, 3.41, 0.27, 1, 0.533, True
3, 3, 1, 46, 19, 0, 2.38, 5.53, 0, 0.43, True
3, 3, 1, 47, 19, 0, 0.23, 3.37, 0, 0.619, True
3, 3, 1, 48, 17, 1, 6.07, 2.93, 1, 0.511, True
3, 3, 1, 49, 17, 1, 0.32, 3.46, 1, 0.847, True
3, 4, 1, 0, 15, 0, 0.26, 3.4, 0, 1.824, True
3, 4, 1, 1, 15, 1, 5.13, 1.99, 0, 0.877, False
3, 4, 1, 2, 17, 1, 1.68, 4.82, 1, 0.625, True
3, 4, 1, 3, 17, 1, 3.3, 0.16, 1, 0.622, True
3, 4, 1, 4, 15, 1, 0.55, 3.69, 1, 0.58, True
3, 4, 1, 5, 15, 0, 3.56, 0.42, 0, 0.691, True
3, 4, 1, 6, 13, 0, 4.87, 1.73, 1, 0.726, False
3, 4, 1, 7, 15, 1, 0.09, 3.23, 0, 0.479, False
3, 4, 1, 8, 17, 1, 4.05, 0.91, 1, 0.491, True
3, 4, 1, 9, 17, 1, 4.92, 1.78, 1, 0.542, True
3, 4, 1, 10, 15, 0, 3.38, 0.24, 0, 0.591, True
3, 4, 1, 11, 15, 1, 0.62, 3.76, 1, 0.651, True
3, 4, 1, 12, 13, 0, 3.62, 0.48, 1, 0.65, False
3, 4, 1, 13, 15, 0, 2.19, 5.33, 0, 0.719, True
3, 4, 1, 14, 15, 1, 4.97, 1.83, 1, 0.673, True
3, 4, 1, 15, 13, 0, 2.23, 5.37, 0, 0.9, True
3, 4, 1, 16, 13, 1, 6.06, 2.91, 1, 0.839, True
3, 4, 1, 17, 11, 0, 4.97, 1.83, 1, 0.613, False
3, 4, 1, 18, 13, 0, 4.82, 1.68, 1, 0.643, False
3, 4, 1, 19, 15, 0, 5.79, 2.65, 0, 0.784, True
3, 4, 1, 20, 15, 0, 2.69, 5.83, 1, 1.007, False
3, 4, 1, 21, 17, 0, 0.04, 3.18, 0, 0.645, True
3, 4, 1, 22, 17, 0, 2.06, 5.2, 0, 0.752, True
3, 4, 1, 23, 15, 0, 2.89, 6.03, 1, 1.358, False
3, 4, 1, 24, 17, 1, 4.59, 1.45, 1, -0.266, True
3, 4, 1, 25, 17, 0, 0.29, 3.43, 0, 0.609, True
3, 4, 1, 26, 15, 1, 1.53, 4.68, 1, 0.575, True
3, 4, 1, 27, 15, 1, 5.67, 2.53, 1, 0.503, True
3, 4, 1, 28, 13, 1, 5.12, 1.98, 0, 0.433, False
3, 4, 1, 29, 15, 1, 0.5, 3.64, 1, 0.447, True
3, 4, 1, 30, 15, 0, 5.74, 2.59, 1, 0.555, False
3, 4, 1, 31, 17, 0, 2.16, 5.3, 0, 0.628, True
3, 4, 1, 32, 17, 0, 3.1, 6.25, 0, 0.865, True
3, 4, 1, 33, 15, 1, 1.62, 4.76, 1, 0.469, True
3, 4, 1, 34, 15, 0, 4.8, 1.66, 0, 0.935, True
3, 4, 1, 35, 13, 0, 5.54, 2.4, 0, 1.422, True
3, 4, 1, 36, 13, 1, 2.14, 5.29, 1, 0.506, True
3, 4, 1, 37, 11, 1, 3.64, 0.5, 0, 0.933, False
3, 4, 1, 38, 13, 1, 4.06, 0.92, 1, 0.606, True
3, 4, 1, 39, 13, 1, 3.55, 0.41, 1, 0.628, True
3, 4, 1, 40, 11, 0, 3.55, 0.4, 0, 0.689, True
3, 4, 1, 41, 11, 0, 2.48, 5.63, 0, 1.772, True
3, 4, 1, 42, 9, 0, 1.42, 4.56, 1, 0.652, False
3, 4, 1, 43, 11, 0, 1.91, 5.05, 0, 0.864, True
3, 4, 1, 44, 11, 1, 1.19, 4.33, 1, 0.844, True
3, 4, 1, 45, 9, 0, 1.79, 4.93, 1, 0.831, False
3, 4, 1, 46, 11, 1, 1.08, 4.22, 1, 0.898, True
3, 4, 1, 47, 11, 1, 5.7, 2.55, 0, 1.205, False
3, 4, 1, 48, 13, 0, 5.08, 1.94, 0, 0.747, True
3, 4, 1, 49, 13, 1, 1.82, 4.96, 1, 0.629, True
3, 5, 0, 0, 4, 0, 0.54, 0.54, 1, 0.603, False
3, 5, 0, 1, 5, 0, 4.08, 4.08, 1, 0.618, False
3, 5, 0, 2, 6, 0, 1.11, 1.11, 0, 0.352, True
3, 5, 0, 3, 6, 0, 0.21, 0.21, 1, 0.577, False
3, 5, 0, 4, 8, 0, 1.22, 1.22, 1, 1.6, False
3, 5, 0, 5, 10, 1, 2.07, 2.07, 0, 1.487, False
3, 5, 0, 6, 12, 1, 5.45, 5.45, 1, 2.842, True
3, 5, 0, 7, 12, 1, 5.24, 5.24, 0, 1.855, False
3, 5, 0, 8, 14, 0, 5.01, 5.01, 0, 1.41, True
3, 5, 0, 9, 14, 0, 0.42, 0.42, 0, 0.718, True
3, 5, 0, 10, 12, 0, 6.03, 6.03, 0, 0.6, True
3, 5, 0, 11, 12, 0, 4.63, 4.63, 0, 0.799, True
3, 5, 0, 12, 10, 1, 0.26, 0.26, 1, 0.589, True
3, 5, 0, 13, 10, 1, 3.85, 3.85, 1, 0.596, True
3, 5, 0, 14, 8, 0, 4.05, 4.05, 1, 0.627, False
3, 5, 0, 15, 10, 1, 6.24, 6.24, 1, 0.593, True
3, 5, 0, 16, 10, 1, 1.43, 1.43, 1, 0.736, True
3, 5, 0, 17, 8, 0, 3.79, 3.79, 1, 0.769, False
3, 5, 0, 18, 10, 1, 4.98, 4.98, 1, 0.577, True
3, 5, 0, 19, 10, 0, 1.92, 1.92, 1, 0.744, False
3, 5, 0, 20, 12, 0, 2.99, 2.99, 0, 0.607, True
3, 5, 0, 21, 12, 1, 0.58, 0.58, 1, 0.539, True
3, 5, 0, 22, 10, 1, 0.8, 0.8, 1, 0.78, True
3, 5, 0, 23, 10, 0, 3.92, 3.92, 0, 0.683, True
3, 5, 0, 24, 8, 0, 5.96, 5.96, 0, 0.574, True
3, 5, 0, 25, 8, 1, 1.8, 1.8, 1, 0.598, True
3, 5, 0, 26, 6, 0, 0.41, 0.41, 1, 0.669, False
3, 5, 0, 27, 8, 0, 2.93, 2.93, 1, 0.593, False
3, 5, 0, 28, 10, 1, 4.04, 4.04, 1, 0.614, True
3, 5, 0, 29, 10, 1, 5.57, 5.57, 1, 0.748, True
3, 5, 0, 30, 8, 1, 0.71, 0.71, 1, 0.588, True
3, 5, 0, 31, 8, 1, 5.86, 5.86, 1, 0.634, True
3, 5, 0, 32, 6, 0, 4.69, 4.69, 1, 3.382, False
3, 5, 0, 33, 8, 1, 5.15, 5.15, 1, 0.525, True
3, 5, 0, 34, 8, 0, 5.58, 5.58, 1, 0.684, False
3, 5, 0, 35, 10, 0, 5.56, 5.56, 0, 0.927, True
3, 5, 0, 36, 10, 1, 0.36, 0.36, 1, 0.721, True
3, 5, 0, 37, 8, 1, 2.26, 2.26, 1, 1.498, True
3, 5, 0, 38, 8, 0, 3.07, 3.07, 0, 0.965, True
3, 5, 0, 39, 6, 0, 2.52, 2.52, 1, 0.653, False
3, 5, 0, 40, 8, 1, 3.59, 3.59, 1, 0.584, True
3, 5, 0, 41, 8, 0, 6.26, 6.26, 0, 0.878, True
3, 5, 0, 42, 6, 0, 1.04, 1.04, 1, 2.402, False
3, 5, 0, 43, 8, 1, 0.08, 0.08, 1, 0.576, True
3, 5, 0, 44, 8, 0, 4.62, 4.62, 0, 1.28, True
3, 5, 0, 45, 6, 0, 4.08, 4.08, 1, 0.482, False
3, 5, 0, 46, 8, 1, 2.72, 2.72, 1, 0.69, True
3, 5, 0, 47, 8, 1, 2.65, 2.65, 1, 0.637, True
3, 5, 0, 48, 6, 1, 2.35, 2.35, 1, 1.098, True
3, 5, 0, 49, 6, 0, 4.06, 4.06, 1, 0.828, False
3, 6, 0, 0, 8, 1, 3.85, 3.85, 1, 0.641, True
3, 6, 0, 1, 8, 0, 5.33, 5.33, 0, 0.71, True
3, 6, 0, 2, 6, 0, 4.61, 4.61, 0, 0.56, True
3, 6, 0, 3, 6, 1, 2.75, 2.75, 1, 0.561, True
3, 6, 0, 4, 4, 1, 4.76, 4.76, 1, 0.569, True
3, 6, 0, 5, 4, 0, 2.62, 2.62, 0, 0.385, True
3, 6, 0, 6, 3, 0, 2.43, 2.43, 1, 0.773, False
3, 6, 0, 7, 4, 1, 1.75, 1.75, 1, 0.587, True
3, 6, 0, 8, 4, 0, 5.42, 5.42, 1, 2.414, False
3, 6, 0, 9, 5, 1, 1.56, 1.56, 1, 0.556, True
3, 6, 0, 10, 5, 1, 3.8, 3.8, 1, 0.46, True
3, 6, 0, 11, 4, 1, 1.41, 1.41, 1, 0.337, True
3, 6, 0, 12, 4, 1, 5.35, 5.35, 1, 0.338, True
3, 6, 0, 13, 3, 1, 5.91, 5.91, 1, 0.651, True
3, 6, 0, 14, 3, 1, 5.94, 5.94, 1, 0.511, True
3, 6, 0, 15, 2, 0, 5.53, 5.53, 0, 1.154, True
3, 6, 0, 16, 2, 0, 4.08, 4.08, 1, 0.978, False
3, 6, 0, 17, 3, 0, 1.17, 1.17, 0, 0.512, True
3, 6, 0, 18, 3, 0, 0.38, 0.38, 0, 1.434, True
3, 6, 0, 19, 2, 1, 4.18, 4.18, 0, 1.623, False
3, 6, 0, 20, 3, 1, 0.91, 0.91, 1, 0.774, True
3, 6, 0, 21, 3, 0, 2.01, 2.01, 1, 0.989, False
3, 6, 0, 22, 4, 0, 3.88, 3.88, 0, 0.564, True
3, 6, 0, 23, 4, 0, 5.02, 5.02, 1, 0.7, False
3, 6, 0, 24, 5, 0, 0.21, 0.21, 1, 0.719, False
3, 6, 0, 25, 6, 1, 2.32, 2.32, 1, 0.833, True
3, 6, 0, 26, 6, 1, 2.92, 2.92, 1, 0.67, True
3, 6, 0, 27, 4, 1, 4.29, 4.29, 0, 0.578, False
3, 6, 0, 28, 5, 1, 1.56, 1.56, 1, 0.681, True
3, 6, 0, 29, 5, 1, 3.34, 3.34, 1, 3.205, True
3, 6, 0, 30, 4, 0, 2.36, 2.36, 0, 0.85, True
3, 6, 0, 31, 4, 1, 4.0, 4.0, 1, 0.49, True
3, 6, 0, 32, 3, 0, 6.05, 6.05, 0, 0.825, True
3, 6, 0, 33, 3, 0, 0.69, 0.69, 0, 1.455, True
3, 6, 0, 34, 2, 0, 1.48, 1.48, 1, 0.819, False
3, 6, 0, 35, 3, 0, 3.29, 3.29, 0, 0.833, True
3, 6, 0, 36, 3, 0, 0.58, 0.58, 1, 0.67, False
3, 6, 0, 37, 4, 1, 2.18, 2.18, 0, 0.946, False
3, 6, 0, 38, 5, 0, 1.07, 1.07, 1, 0.483, False
3, 6, 0, 39, 6, 1, 2.84, 2.84, 1, 0.734, True
3, 6, 0, 40, 6, 0, 0.06, 0.06, 1, 0.751, False
3, 6, 0, 41, 8, 1, 5.39, 5.39, 1, 0.816, True
3, 6, 0, 42, 8, 1, 5.92, 5.92, 1, 0.443, True
3, 6, 0, 43, 6, 1, 4.92, 4.92, 1, 0.952, True
3, 6, 0, 44, 6, 1, 0.93, 0.93, 0, 1.006, False
3, 6, 0, 45, 8, 1, 1.84, 1.84, 1, 0.676, True
3, 6, 0, 46, 8, 0, 1.57, 1.57, 0, 0.848, True
3, 6, 0, 47, 6, 1, 1.6, 1.6, 1, 0.748, True
3, 6, 0, 48, 6, 1, 4.18, 4.18, 1, 0.541, True
3, 6, 0, 49, 4, 1, 3.43, 3.43, 1, 0.613, True
3, 7, 1, 0, 11, 1, 3.31, 0.17, 1, 0.999, True
3, 7, 1, 1, 11, 1, 2.29, 5.43, 0, 0.83, False
3, 7, 1, 2, 13, 1, 3.02, 6.16, 0, 0.995, False
3, 7, 1, 3, 15, 0, 3.77, 0.63, 0, 0.882, True
3, 7, 1, 4, 15, 1, 1.72, 4.86, 1, 0.565, True
3, 7, 1, 5, 13, 1, 1.76, 4.9, 1, 0.538, True
3, 7, 1, 6, 13, 0, 1.79, 4.93, 0, 0.635, True
3, 7, 1, 7, 11, 0, 0.44, 3.58, 0, 0.728, True
3, 7, 1, 8, 11, 0, 0.74, 3.89, 1, 0.754, False
3, 7, 1, 9, 13, 1, 3.64, 0.5, 0, 0.578, False
3, 7, 1, 10, 15, 0, 5.58, 2.44, 1, 0.546, False
3, 7, 1, 11, 17, 0, 0.37, 3.51, 0, 0.531, True
3, 7, 1, 12, 17, 0, 3.08, 6.22, 0, 0.772, True
3, 7, 1, 13, 15, 0, 5.37, 2.23, 0, 0.596, True
3, 7, 1, 14, 15, 1, 6.21, 3.07, 1, 0.6, True
3, 7, 1, 15, 13, 0, 5.15, 2.01, 0, 0.806, True
3, 7, 1, 16, 13, 1, 1.5, 4.64, 1, 0.74, True
3, 7, 1, 17, 11, 0, 1.04, 4.18, 0, 0.668, True
3, 7, 1, 18, 11, 0, 0.04, 3.19, 0, 0.855, True
3, 7, 1, 19, 9, 1, 0.13, 3.27, 0, 1.1, False
3, 7, 1, 20, 11, 1, 5.93, 2.79, 1, 1.326, True
3, 7, 1, 21, 11, 1, 3.28, 0.14, 1, 1.536, True
3, 7, 1, 22, 9, 0, 1.27, 4.41, 0, 0.769, True
3, 7, 1, 23, 9, 0, 0.46, 3.6, 0, 0.593, True
3, 7, 1, 24, 7, 1, 5.96, 2.82, 1, 0.615, True
3, 7, 1, 25, 7, 1, 1.84, 4.98, 1, 0.829, True
3, 7, 1, 26, 5, 1, 2.6, 5.74, 0, 0.482, False
3, 7, 1, 27, 6, 0, 4.98, 1.84, 1, 0.555, False
3, 7, 1, 28, 8, 1, 3.22, 0.08, 0, 1.131, False
3, 7, 1, 29, 10, 0, 5.69, 2.55, 0, 0.54, True
3, 7, 1, 30, 10, 1, 2.93, 6.07, 1, 0.677, True
3, 7, 1, 31, 8, 1, 3.95, 0.81, 0, 0.776, False
3, 7, 1, 32, 10, 0, 2.5, 5.64, 1, 0.72, False
3, 7, 1, 33, 12, 0, 3.81, 0.66, 1, 0.673, False
3, 7, 1, 34, 14, 0, 1.61, 4.76, 1, 0.765, False
3, 7, 1, 35, 16, 1, 3.04, 6.18, 1, 0.573, True
3, 7, 1, 36, 16, 1, 2.21, 5.35, 1, 0.652, True
3, 7, 1, 37, 14, 0, 1.42, 4.57, 0, 0.609, True
3, 7, 1, 38, 14, 1, 0.46, 3.6, 1, 0.543, True
3, 7, 1, 39, 12, 0, 2.05, 5.19, 0, 0.652, True
3, 7, 1, 40, 12, 0, 5.5, 2.36, 1, 0.52, False
3, 7, 1, 41, 14, 1, 3.48, 0.34, 1, 0.985, True
3, 7, 1, 42, 14, 0, 1.58, 4.72, 0, 0.512, True
3, 7, 1, 43, 12, 0, 0.24, 3.38, 0, 3.002, True
3, 7, 1, 44, 12, 0, 5.96, 2.82, 0, 3.208, True
3, 7, 1, 45, 10, 0, 0.94, 4.08, 1, 1.006, False
3, 7, 1, 46, 12, 0, 5.56, 2.42, 0, 0.949, True
3, 7, 1, 47, 12, 0, 0.02, 3.17, 0, 0.701, True
3, 7, 1, 48, 10, 1, 3.29, 0.15, 1, 0.752, True
3, 7, 1, 49, 10, 0, 5.17, 2.03, 0, 0.48, True
