2, 0, 1, 0, 40, 1, 4.3, 1.16, 1, 0.915, True
2, 0, 1, 1, 40, 0, 4.88, 1.74, 1, 0.574, False
2, 0, 1, 2, 42, 0, 4.37, 1.23, 0, 0.67, True
2, 0, 1, 3, 42, 1, 5.82, 2.68, 1, 0.547, True
2, 0, 1, 4, 40, 0, 2.93, 6.07, 1, 0.494, False
2, 0, 1, 5, 42, 1, 6.2, 3.06, 0, 0.533, False
2, 0, 1, 6, 44, 1, 2.77, 5.91, 1, 0.628, True
2, 0, 1, 7, 44, 1, 3.09, 6.23, 0, 0.56, False
2, 0, 1, 8, 46, 1, 5.03, 1.88, 1, 0.492, True
2, 0, 1, 9, 46, 0, 2.2, 5.34, 0, 0.59, True
2, 1, 0, 0, 30, 0, 1.28, 1.28, 0, 0.574, True
2, 1, 0, 1, 30, 0, 4.89, 4.89, 0, 0.505, True
2, 1, 0, 2, 28, 0, 4.24, 4.24, 0, 0.325, True
2, 1, 0, 3, 28, 1, 0.64, 0.64, 1, 0.442, True
2, 1, 0, 4, 26, 1, 5.8, 5.8, 1, 0.449, True
2, 1, 0, 5, 26, 1, 3.47, 3.47, 0, 0.407, False
2, 1, 0, 6, 28, 0, 3.55, 3.55, 0, 0.473, True
2, 1, 0, 7, 28, 1, 6.02, 6.02, 1, 0.393, True
2, 1, 0, 8, 26, 1, 5.21, 5.21, 1, 0.424, True
2, 1, 0, 9, 26, 1, 5.0, 5.0, 1, 0.461, True
2, 2, 0, 0, 7, 0, 4.65, 4.65, 0, 0.954, True
2, 2, 0, 1, 7, 1, 1.14, 1.14, 1, 0.435, True
2, 2, 0, 2, 5, 0, 4.15, 4.15, 1, 0.305, False
2, 2, 0, 3, 6, 1, 3.24, 3.24, 1, 0.338, True
2, 2, 0, 4, 6, 0, 4.24, 4.24, 0, 0.313, True
2, 2, 0, 5, 4, 1, 3.28, 3.28, 1, 0.375, True
2, 2, 0, 6, 4, 0, 4.51, 4.51, 1, 0.306, False
2, 2, 0, 7, 5, 1, 4.86, 4.86, 0, 0.636, False
2, 2, 0, 8, 6, 1, 1.15, 1.15, 0, 0.385, False
2, 2, 0, 9, 8, 1, 1.71, 1.71, 1, 0.377, True
2, 2, 0, 10, 8, 1, 5.92, 5.92, 1, 0.497, True
2, 2, 0, 11, 6, 0, 4.48, 4.48, 0, 0.356, True
2, 2, 0, 12, 6, 0, 1.82, 1.82, 0, 0.66, True
2, 2, 0, 13, 4, 1, 0.98, 0.98, 0, 0.48, False
2, 2, 0, 14, 5, 1, 3.02, 3.02, 1, 0.364, True
2, 2, 0, 15, 5, 0, 3.12, 3.12, 0, 0.596, True
2, 2, 0, 16, 4, 1, 2.34, 2.34, 0, 0.6, False
2, 2, 0, 17, 5, 0, 2.86, 2.86, 0, 0.627, True
2, 2, 0, 18, 5, 0, 0.87, 0.87, 1, 0.488, False
2, 2, 0, 19, 6, 0, 2.3, 2.3, 0, 0.459, True
2, 2, 0, 20, 6, 1, 3.1, 3.1, 1, 0.632, True
2, 2, 0, 21, 4, 1, 5.24, 5.24, 0, 0.661, False
2, 2, 0, 22, 5, 0, 5.65, 5.65, 1, 0.546, False
2, 2, 0, 23, 6, 1, 0.46, 0.46, 0, 0.563, False
2, 2, 0, 24, 8, 1, 5.99, 5.99, 0, 0.603, False
2, 2, 0, 25, 10, 1, 3.87, 3.87, 1, 0.449, True
2, 2, 0, 26, 10, 1, 0.24, 0.24, 0, 0.542, False
2, 2, 0, 27, 12, 0, 2.03, 2.03, 0, 0.487, True
2, 2, 0, 28, 12, 0, 1.08, 1.08, 0, 0.385, True
2, 2, 0, 29, 10, 0, 4.73, 4.73, 0, 0.432, True
2, 2, 0, 30, 10, 0, 4.54, 4.54, 1, 0.15, False
2, 2, 0, 31, 12, 0, 5.09, 5.09, 0, 0.251, True
2, 2, 0, 32, 12, 0, 3.0, 3.0, 1, 0.335, False
2, 2, 0, 33, 14, 1, 3.28, 3.28, 0, 0.448, False
2, 2, 0, 34, 16, 0, 5.76, 5.76, 0, 0.605, True
2, 2, 0, 35, 16, 0, 4.09, 4.09, 0, 0.419, True
2, 2, 0, 36, 14, 1, 1.95, 1.95, 0, 0.393, False
2, 2, 0, 37, 16, 1, 2.97, 2.97, 1, 0.496, True
2, 2, 0, 38, 16, 1, 3.62, 3.62, 1, 0.403, True
2, 2, 0, 39, 14, 0, 2.68, 2.68, 0, 0.481, True
2, 2, 0, 40, 14, 0, 5.74, 5.74, 1, 0.33, False
2, 2, 0, 41, 16, 1, 6.16, 6.16, 1, 0.516, True
2, 2, 0, 42, 16, 0, 0.45, 0.45, 0, 0.446, True
2, 2, 0, 43, 14, 0, 2.43, 2.43, 0, 0.403, True
2, 2, 0, 44, 14, 0, 1.1, 1.1, 0, 0.433, True
2, 2, 0, 45, 12, 1, 5.49, 5.49, 1, 0.431, True
2, 2, 0, 46, 12, 0, 5.72, 5.72, 1, 0.316, False
2, 2, 0, 47, 14, 0, 2.65, 2.65, 0, 0.358, True
2, 2, 0, 48, 14, 1, 0.29, 0.29, 1, 0.334, True
2, 2, 0, 49, 12, 0, 1.16, 1.16, 0, 0.512, True
2, 3, 1, 0, 13, 0, 4.63, 1.49, 0, 0.919, True
2, 3, 1, 1, 13, 0, 2.47, 5.61, 0, 0.451, True
2, 3, 1, 2, 11, 0, 3.18, 0.04, 0, 0.632, True
2, 3, 1, 3, 11, 1, 2.31, 5.45, 1, 0.574, True
2, 3, 1, 4, 9, 1, 1.8, 4.94, 0, 0.453, False
2, 3, 1, 5, 11, 0, 3.4, 0.26, 1, 0.377, False
2, 3, 1, 6, 13, 0, 2.27, 5.41, 0, 0.752, True
2, 3, 1, 7, 13, 1, 5.79, 2.64, 1, 1.497, True
2, 3, 1, 8, 11, 1, 3.64, 0.5, 0, 0.724, False
2, 3, 1, 9, 13, 1, 3.61, 0.47, 1, 0.462, True
2, 3, 1, 10, 13, 1, 6.03, 2.88, 1, 0.45, True
2, 3, 1, 11, 11, 0, 5.5, 2.36, 0, 0.503, True
2, 3, 1, 12, 11, 1, 0.56, 3.7, 0, 0.386, False
2, 3, 1, 13, 13, 0, 2.02, 5.17, 1, 1.297, False
2, 3, 1, 14, 15, 1, 2.23, 5.37, 1, 0.468, True
2, 3, 1, 15, 15, 1, 0.02, 3.16, 1, 0.546, True
2, 3, 1, 16, 13, 0, 3.26, 0.12, 1, 0.491, False
2, 3, 1, 17, 15, 0, 1.93, 5.07, 0, 0.446, True
2, 3, 1, 18, 15, 1, 3.58, 0.43, 1, 0.483, True
2, 3, 1, 19, 13, 0, 3.68, 0.54, 1, 0.391, False
2, 3, 1, 20, 15, 1, 3.21, 0.07, 1, 0.542, True
2, 3, 1, 21, 15, 1, 1.1, 4.24, 1, 0.574, True
2, 3, 1, 22, 13, 0, 3.13, 6.27, 0, 0.462, True
2, 3, 1, 23, 13, 0, 4.27, 1.13, 0, 0.562, True
2, 3, 1, 24, 11, 0, 4.13, 0.99, 0, 0.602, True
2, 3, 1, 25, 11, 0, 4.78, 1.64, 0, 0.48, True
2, 3, 1, 26, 9, 1, 1.97, 5.11, 0, 0.906, False
2, 3, 1, 27, 11, 0, 1.33, 4.47, 0, 0.556, True
2, 3, 1, 28, 11, 1, 3.74, 0.6, 1, 0.516, True
2, 3, 1, 29, 9, 1, 3.77, 0.62, 1, 0.622, True
2, 3, 1, 30, 9, 0, 0.46, 3.6, 0, 0.868, True
2, 3, 1, 31, 7, 0, 4.78, 1.64, 0, 0.96, True
2, 3, 1, 32, 7, 0, 3.3, 0.16, 0, 0.928, True
2, 3, 1, 33, 5, 1, 5.57, 2.43, 0, 0.833, False
2, 3, 1, 34, 6, 1, 6.08, 2.94, 1, 0.91, True
2, 3, 1, 35, 6, 1, 0.46, 3.61, 1, 0.513, True
2, 3, 1, 36, 4, 1, 0.04, 3.18, 0, 0.595, False
2, 3, 1, 37, 5, 0, 1.25, 4.39, 1, 0.633, False
2, 3, 1, 38, 6, 1, 0.52, 3.66, 0, 0.7, False
2, 3, 1, 39, 8, 1, 1.6, 4.74, 0, 1.258, False
2, 3, 1, 40, 10, 0, 4.65, 1.51, 1, 0.783, False
2, 3, 1, 41, 12, 1, 0.01, 3.15, 1, 0.583, True
2, 3, 1, 42, 12, 0, 4.13, 0.99, 0, 0.678, True
2, 3, 1, 43, 10, 1, 2.38, 5.52, 1, 0.657, True
2, 3, 1, 44, 10, 1, 6.12, 2.98, 1, 0.502, True
2, 3, 1, 45, 8, 0, 0.44, 3.58, 0, 0.497, True
2, 3, 1, 46, 8, 1, 5.93, 2.79, 1, 0.564, True
2, 3, 1, 47, 6, 0, 5.71, 2.56, 1, 0.484, False
2, 3, 1, 48, 8, 1, 2.44, 5.58, 0, 0.591, False
2, 3, 1, 49, 10, 0, 1.2, 4.35, 1, 1.045, False
2, 4, 1, 0, 12, 1, 2.0, 5.14, 1, 0.478, True
2, 4, 1, 1, 12, 0, 0.56, 3.7, 0, 0.618, True
2, 4, 1, 2, 10, 0, 2.9, 6.04, 0, 0.592, True
2, 4, 1, 3, 10, 0, 1.31, 4.45, 0, 0.495, True
2, 4, 1, 4, 8, 0, 1.95, 5.1, 0, 0.386, True
2, 4, 1, 5, 8, 0, 2.33, 5.47, 0, 0.465, True
2, 4, 1, 6, 6, 0, 5.21, 2.06, 1, 0.622, False
2, 4, 1, 7, 8, 0, 6.28, 3.14, 0, 0.499, True
2, 4, 1, 8, 8, 1, 3.53, 0.39, 0, 0.478, False
2, 4, 1, 9, 10, 0, 3.6, 0.46, 0, 0.529, True
2, 4, 1, 10, 10, 0, 5.96, 2.82, 0, 0.403, True
2, 4, 1, 11, 8, 0, 4.68, 1.53, 0, 0.409, True
2, 4, 1, 12, 8, 0, 2.04, 5.19, 1, 0.55, False
2, 4, 1, 13, 10, 1, 4.22, 1.08, 0, 0.543, False
2, 4, 1, 14, 12, 0, 1.03, 4.17, 0, 0.544, True
2, 4, 1, 15, 12, 1, 1.79, 4.93, 0, 0.633, False
2, 4, 1, 16, 14, 0, 1.39, 4.54, 0, 0.67, True
2, 4, 1, 17, 14, 1, 0.01, 3.15, 1, 0.866, True
2, 4, 1, 18, 12, 0, 4.15, 1.01, 0, 0.702, True
2, 4, 1, 19, 12, 1, 3.72, 0.58, 1, 0.928, True
2, 4, 1, 20, 10, 0, 5.92, 2.78, 0, 0.546, True
2, 4, 1, 21, 10, 1, 0.61, 3.75, 0, 0.394, False
2, 4, 1, 22, 12, 1, 2.09, 5.23, 1, 0.529, True
2, 4, 1, 23, 12, 1, 1.06, 4.2, 1, 0.45, True
2, 4, 1, 24, 10, 0, 5.82, 2.68, 0, 0.437, True
2, 4, 1, 25, 10, 1, 0.77, 3.91, 1, 0.474, True
2, 4, 1, 26, 8, 0, 0.03, 3.17, 0, 0.485, True
2, 4, 1, 27, 8, 1, 4.01, 0.87, 1, 0.784, True
2, 4, 1, 28, 6, 1, 2.86, 6.0, 1, 0.48, True
2, 4, 1, 29, 6, 0, 0.18, 3.32, 0, 0.539, True
2, 4, 1, 30, 4, 0, 0.26, 3.4, 1, 0.62, False
2, 4, 1, 31, 5, 1, 1.61, 4.75, 1, 0.946, True
2, 4, 1, 32, 5, 0, 1.9, 5.04, 0, 0.73, True
2, 4, 1, 33, 4, 0, 5.95, 2.8, 1, 1.076, False
2, 4, 1, 34, 5, 0, 3.04, 6.18, 0, 0.767, True
2, 4, 1, 35, 5, 0, 0.72, 3.86, 1, 0.686, False
2, 4, 1, 36, 6, 0, 5.11, 1.97, 1, 1.103, False
2, 4, 1, 37, 8, 0, 1.95, 5.1, 0, 0.505, True
2, 4, 1, 38, 8, 0, 0.06, 3.2, 1, 0.444, False
2, 4, 1, 39, 10, 1, 1.61, 4.75, 1, 0.753, True
2, 4, 1, 40, 10, 0, 2.5, 5.64, 0, 0.793, True
2, 4, 1, 41, 8, 1, 0.57, 3.71, 1, 0.72, True
2, 4, 1, 42, 8, 0, 5.47, 2.32, 0, 0.498, True
2, 4, 1, 43, 6, 1, 4.37, 1.23, 0, 0.725, False
2, 4, 1, 44, 8, 0, 1.97, 5.11, 0, 0.695, True
2, 4, 1, 45, 8, 0, 1.49, 4.63, 1, 0.674, False
2, 4, 1, 46, 10, 0, 1.13, 4.27, 0, 0.638, True
2, 4, 1, 47, 10, 0, 5.72, 2.58, 0, 0.707, True
2, 4, 1, 48, 8, 1, 5.66, 2.52, 1, 0.485, True
2, 4, 1, 49, 8, 0, 1.54, 4.69, 0, 0.577, True
2, 5, 0, 0, 12, 0, 5.87, 5.87, 0, 0.955, True
2, 5, 0, 1, 12, 0, 0.42, 0.42, 0, 0.899, True
2, 5, 0, 2, 10, 0, 6.03, 6.03, 0, 0.63, True
2, 5, 0, 3, 10, 0, 2.66, 2.66, 0, 0.811, True
2, 5, 0, 4, 8, 0, 5.93, 5.93, 0, 0.569, True
2, 5, 0, 5, 8, 0, 5.03, 5.03, 0, 0.577, True
2, 5, 0, 6, 6, 0, 1.93, 1.93, 0, 0.529, True
2, 5, 0, 7, 6, 0, 2.4, 2.4, 1, 0.546, False
2, 5, 0, 8, 8, 1, 3.0, 3.0, 1, 0.644, True
2, 5, 0, 9, 8, 1, 5.16, 5.16, 1, 0.544, True
2, 5, 0, 10, 6, 0, 1.11, 1.11, 0, 0.551, True
2, 5, 0, 11, 6, 1, 4.72, 4.72, 0, 0.701, False
2, 5, 0, 12, 8, 1, 4.65, 4.65, 1, 0.607, True
2, 5, 0, 13, 8, 1, 2.63, 2.63, 1, 0.502, True
2, 5, 0, 14, 6, 0, 5.05, 5.05, 0, 0.608, True
2, 5, 0, 15, 6, 1, 5.42, 5.42, 1, 0.671, True
2, 5, 0, 16, 4, 1, 1.05, 1.05, 0, 0.499, False
2, 5, 0, 17, 5, 0, 1.94, 1.94, 1, 0.509, False
2, 5, 0, 18, 6, 1, 0.88, 0.88, 0, 0.72, False
2, 5, 0, 19, 8, 1, 6.26, 6.26, 1, 0.77, True
2, 5, 0, 20, 8, 0, 2.55, 2.55, 0, 0.545, True
2, 5, 0, 21, 6, 0, 5.65, 5.65, 0, 1.129, True
2, 5, 0, 22, 6, 1, 0.76, 0.76, 1, 0.464, True
2, 5, 0, 23, 4, 1, 5.09, 5.09, 0, 0.586, False
2, 5, 0, 24, 5, 0, 0.41, 0.41, 1, 0.513, False
2, 5, 0, 25, 6, 0, 4.25, 4.25, 1, 0.842, False
2, 5, 0, 26, 8, 1, 4.44, 4.44, 1, 0.687, True
2, 5, 0, 27, 8, 0, 2.26, 2.26, 0, 0.547, True
2, 5, 0, 28, 6, 1, 3.11, 3.11, 1, 0.5, True
2, 5, 0, 29, 6, 0, 0.45, 0.45, 0, 0.686, True
2, 5, 0, 30, 4, 1, 0.53, 0.53, 1, 0.705, True
2, 5, 0, 31, 4, 1, 1.74, 1.74, 1, 0.516, True
2, 5, 0, 32, 3, 1, 4.22, 4.22, 0, 0.686, False
2, 5, 0, 33, 4, 0, 4.62, 4.62, 1, 1.079, False
2, 5, 0, 34, 5, 1, 0.39, 0.39, 1, 1.001, True
2, 5, 0, 35, 5, 1, 0.99, 0.99, 1, 0.676, True
2, 5, 0, 36, 4, 0, 0.92, 0.92, 0, 0.752, True
2, 5, 0, 37, 4, 1, 0.31, 0.31, 1, 0.848, True
2, 5, 0, 38, 3, 0, 0.08, 0.08, 1, 0.781, False
2, 5, 0, 39, 4, 1, 1.5, 1.5, 0, 0.732, False
2, 5, 0, 40, 5, 0, 1.11, 1.11, 1, 0.573, False
2, 5, 0, 41, 6, 0, 3.29, 3.29, 0, 0.813, True
2, 5, 0, 42, 6, 1, 2.54, 2.54, 1, 0.802, True
2, 5, 0, 43, 4, 1, 1.68, 1.68, 0, 0.784, False
2, 5, 0, 44, 5, 0, 2.32, 2.32, 1, 0.704, False
2, 5, 0, 45, 6, 1, 3.19, 3.19, 1, 0.913, True
2, 5, 0, 46, 6, 1, 6.22, 6.22, 0, 0.745, False
2, 5, 0, 47, 8, 0, 1.15, 1.15, 1, 0.462, False
2, 5, 0, 48, 10, 1, 4.06, 4.06, 1, 0.498, True
2, 5, 0, 49, 10, 1, 2.86, 2.86, 1, 0.437, True
2, 6, 0, 0, 8, 1, 1.07, 1.07, 0, 0.823, False
2, 6, 0, 1, 10, 0, 2.84, 2.84, 0, 0.556, True
2, 6, 0, 2, 10, 1, 0.26, 0.26, 1, 0.397, True
2, 6, 0, 3, 8, 1, 5.31, 5.31, 0, 0.756, False
2, 6, 0, 4, 10, 1, 2.43, 2.43, 1, 0.46, True
2, 6, 0, 5, 10, 1, 5.38, 5.38, 1, 0.448, True
2, 6, 0, 6, 8, 0, 5.32, 5.32, 0, 0.797, True
2, 6, 0, 7, 8, 0, 6.23, 6.23, 0, 0.748, True
2, 6, 0, 8, 6, 0, 3.98, 3.98, 0, 0.667, True
2, 6, 0, 9, 6, 1, 2.34, 2.34, 1, 0.484, True
2, 6, 0, 10, 4, 0, 2.86, 2.86, 0, 0.663, True
2, 6, 0, 11, 4, 1, 4.25, 4.25, 0, 0.707, False
2, 6, 0, 12, 5, 0, 5.29, 5.29, 0, 0.638, True
2, 6, 0, 13, 5, 1, 2.05, 2.05, 1, 0.167, True
2, 6, 0, 14, 4, 1, 4.55, 4.55, 0, 0.449, False
2, 6, 0, 15, 5, 0, 6.1, 6.1, 1, 0.017, False
2, 6, 0, 16, 6, 1, 3.48, 3.48, 0, 0.092, False
2, 6, 0, 17, 8, 0, 0.9, 0.9, 1, 0.522, False
2, 6, 0, 18, 10, 1, 0.9, 0.9, 1, -0.808, True
2, 6, 0, 19, 10, 1, 0.13, 0.13, 1, 0.504, True
2, 6, 0, 20, 8, 0, 3.04, 3.04, 0, 0.522, True
2, 6, 0, 21, 8, 0, 0.03, 0.03, 0, 0.427, True
2, 6, 0, 22, 6, 1, 0.05, 0.05, 1, 0.547, True
2, 6, 0, 23, 6, 1, 5.92, 5.92, 0, 0.251, False
2, 6, 0, 24, 8, 1, 2.82, 2.82, 0, 0.632, False
2, 6, 0, 25, 10, 0, 3.73, 3.73, 0, 0.422, True
2, 6, 0, 26, 10, 1, 1.74, 1.74, 1, 0.475, True
2, 6, 0, 27, 8, 0, 3.19, 3.19, 0, 0.415, True
2, 6, 0, 28, 8, 0, 5.64, 5.64, 0, 0.605, True
2, 6, 0, 29, 6, 0, 0.66, 0.66, 0, 0.467, True
2, 6, 0, 30, 6, 0, 0.62, 0.62, 0, 0.336, True
2, 6, 0, 31, 4, 1, 0.02, 0.02, 1, 0.401, True
2, 6, 0, 32, 4, 0, 0.73, 0.73, 0, 0.199, True
2, 6, 0, 33, 3, 1, 5.6, 5.6, 0, 0.468, False
2, 6, 0, 34, 4, 0, 2.59, 2.59, 0, 0.391, True
2, 6, 0, 35, 4, 1, 4.69, 4.69, 1, 0.501, True
2, 6, 0, 36, 3, 0, 4.74, 4.74, 0, 0.495, True
2, 6, 0, 37, 3, 0, 2.11, 2.11, 0, 0.092, True
2, 6, 0, 38, 2, 1, 5.57, 5.57, 0, 0.217, False
2, 6, 0, 39, 3, 0, 1.52, 1.52, 0, 0.671, True
2, 6, 0, 40, 3, 1, 2.58, 2.58, 0, 0.723, False
2, 6, 0, 41, 4, 0, 1.5, 1.5, 0, 0.184, True
2, 6, 0, 42, 4, 1, 2.46, 2.46, 0, 0.86, False
2, 6, 0, 43, 5, 1, 2.53, 2.53, 1, 0.608, True
2, 6, 0, 44, 5, 0, 2.24, 2.24, 0, 0.238, True
2, 6, 0, 45, 4, 0, 0.6, 0.6, 1, 0.89, False
2, 6, 0, 46, 5, 1, 1.56, 1.56, 0, 0.445, False
2, 6, 0, 47, 6, 1, 5.86, 5.86, 0, 0.792, False
2, 6, 0, 48, 8, 0, 1.56, 1.56, 1, 0.375, False
2, 6, 0, 49, 10, 1, 4.95, 4.95, 1, 0.518, True
2, 7, 1, 0, 6, 1, 0.59, 3.73, 0, 0.573, False
2, 7, 1, 1, 8, 1, 0.89, 4.04, 1, 0.492, True
2, 7, 1, 2, 8, 1, 2.12, 5.26, 0, 0.664, False
2, 7, 1, 3, 10, 0, 0.59, 3.73, 0, 0.427, True
2, 7, 1, 4, 10, 1, 0.65, 3.79, 0, 0.369, False
2, 7, 1, 5, 12, 1, 3.98, 0.84, 0, 1.257, False
2, 7, 1, 6, 14, 1, 0.93, 4.07, 1, 0.533, True
2, 7, 1, 7, 14, 1, 2.6, 5.74, 1, 0.483, True
2, 7, 1, 8, 12, 1, 3.98, 0.83, 0, 0.821, False
2, 7, 1, 9, 14, 1, 3.98, 0.83, 1, 0.483, True
2, 7, 1, 10, 14, 0, 4.84, 1.7, 1, 1.358, False
2, 7, 1, 11, 16, 1, 1.51, 4.66, 1, 0.606, True
2, 7, 1, 12, 16, 0, 0.54, 3.68, 0, 0.381, True
2, 7, 1, 13, 14, 1, 2.33, 5.47, 1, 0.508, True
2, 7, 1, 14, 14, 1, 3.2, 0.05, 1, 0.558, True
2, 7, 1, 15, 12, 1, 1.06, 4.2, 1, 0.302, True
2, 7, 1, 16, 12, 1, 4.6, 1.46, 1, 0.665, True
2, 7, 1, 17, 10, 1, 1.15, 4.29, 1, 0.474, True
2, 7, 1, 18, 10, 1, 3.8, 0.65, 1, 0.405, True
2, 7, 1, 19, 8, 0, 1.33, 4.47, 0, 0.523, True
2, 7, 1, 20, 8, 1, 0.09, 3.23, 1, 0.412, True
2, 7, 1, 21, 6, 1, 2.01, 5.15, 1, 0.458, True
2, 7, 1, 22, 6, 1, 4.24, 1.1, 1, 0.494, True
2, 7, 1, 23, 4, 1, 0.6, 3.74, 0, 0.561, False
2, 7, 1, 24, 5, 1, 1.1, 4.24, 1, 0.497, True
2, 7, 1, 25, 5, 0, 0.27, 3.41, 1, 0.442, False
2, 7, 1, 26, 6, 1, 6.13, 2.98, 1, 0.687, True
2, 7, 1, 27, 6, 0, 4.19, 1.05, 0, 0.578, True
2, 7, 1, 28, 4, 0, 2.22, 5.36, 0, 0.562, True
2, 7, 1, 29, 4, 1, 2.83, 5.98, 1, 0.562, True
2, 7, 1, 30, 3, 0, 1.82, 4.96, 0, 0.561, True
2, 7, 1, 31, 3, 0, 5.79, 2.65, 0, 0.873, True
2, 7, 1, 32, 2, 1, 1.56, 4.71, 1, 0.475, True
2, 7, 1, 33, 2, 0, 4.54, 1.4, 1, 0.511, False
2, 7, 1, 34, 3, 1, 4.68, 1.54, 0, 0.649, False
2, 7, 1, 35, 4, 0, 1.11, 4.25, 0, 0.734, True
2, 7, 1, 36, 4, 1, 4.97, 1.82, 0, 0.415, False
2, 7, 1, 37, 5, 1, 3.95, 0.8, 0, 0.461, False
2, 7, 1, 38, 6, 0, 4.1, 0.96, 1, 1.105, False
2, 7, 1, 39, 8, 0, 5.94, 2.8, 0, 0.379, True
2, 7, 1, 40, 8, 0, 5.99, 2.84, 0, 0.372, True
2, 7, 1, 41, 6, 0, 2.33, 5.47, 0, 0.458, True
2, 7, 1, 42, 6, 0, 5.31, 2.17, 1, 0.476, False
2, 7, 1, 43, 8, 1, 0.54, 3.68, 0, 0.383, False
2, 7, 1, 44, 10, 1, 4.71, 1.57, 1, 0.484, True
2, 7, 1, 45, 10, 0, 4.04, 0.9, 0, 0.504, True
2, 7, 1, 46, 8, 1, 3.26, 0.12, 0, 0.419, False
2, 7, 1, 47, 10, 0, 2.43, 5.58, 0, 0.433, True
2, 7, 1, 48, 10, 0, 2.38, 5.52, 0, 0.462, True
2, 7, 1, 49, 8, 0, 4.37, 1.23, 1, 0.578, False
