0, 0, 1, 0, 40, 0, 4.82, 1.68, 0, 5.785, True
0, 0, 1, 1, 40, 0, 1.61, 4.75, 0, 0.831, True
0, 0, 1, 2, 38, 0, 0.06, 3.2, 0, 0.765, True
0, 0, 1, 3, 38, 1, 0.96, 4.1, 1, 0.949, True
0, 0, 1, 4, 36, 1, 2.71, 5.86, 1, 1.144, True
0, 0, 1, 5, 36, 1, 3.69, 0.55, 1, 0.965, True
0, 0, 1, 6, 34, 1, 0.16, 3.3, 1, 0.827, True
0, 0, 1, 7, 34, 0, 5.88, 2.74, 0, 1.025, True
0, 0, 1, 8, 32, 1, 0.7, 3.84, 1, 1.07, True
0, 0, 1, 9, 32, 1, 0.45, 3.59, 1, 0.994, True
0, 1, 0, 0, 30, 1, 0.6, 0.6, 1, 0.795, True
0, 1, 0, 1, 30, 0, 0.89, 0.89, 0, 0.675, True
0, 1, 0, 2, 28, 0, 2.05, 2.05, 0, 0.614, True
0, 1, 0, 3, 28, 0, 5.99, 5.99, 0, 0.637, True
0, 1, 0, 4, 26, 0, 2.63, 2.63, 0, 0.732, True
0, 1, 0, 5, 26, 0, 2.48, 2.48, 0, 0.929, True
0, 1, 0, 6, 24, 1, 5.62, 5.62, 1, 0.775, True
0, 1, 0, 7, 24, 1, 0.2, 0.2, 1, 0.719, True
0, 1, 0, 8, 22, 1, 5.05, 5.05, 1, 0.608, True
0, 1, 0, 9, 22, 0, 6.01, 6.01, 0, 0.639, True
0, 2, 0, 0, 7, 0, 5.63, 5.63, 0, 2.3, True
0, 2, 0, 1, 7, 0, 1.58, 1.58, 0, 2.166, True
0, 2, 0, 2, 5, 0, 4.6, 4.6, 1, 1.687, False
0, 2, 0, 3, 6, 0, 1.3, 1.3, 0, 1.185, True
0, 2, 0, 4, 6, 1, 2.24, 2.24, 1, 0.92, True
0, 2, 0, 5, 4, 0, 0.04, 0.04, 1, 1.432, False
0, 2, 0, 6, 5, 0, 5.53, 5.53, 1, 0.871, False
0, 2, 0, 7, 6, 1, 1.43, 1.43, 0, 0.735, False
0, 2, 0, 8, 8, 1, 1.0, 1.0, 1, 0.717, True
0, 2, 0, 9, 8, 0, 5.7, 5.7, 1, 0.676, False
0, 2, 0, 10, 10, 0, 2.38, 2.38, 0, 0.656, True
0, 2, 0, 11, 10, 1, 0.34, 0.34, 1, 0.756, True
0, 2, 0, 12, 8, 1, 5.31, 5.31, 1, 0.461, True
0, 2, 0, 13, 8, 0, 5.51, 5.51, 0, 1.201, True
0, 2, 0, 14, 6, 1, 1.82, 1.82, 1, 1.007, True
0, 2, 0, 15, 6, 1, 1.04, 1.04, 1, 1.093, True
0, 2, 0, 16, 4, 1, 3.89, 3.89, 1, 1.105, True
0, 2, 0, 17, 4, 0, 2.38, 2.38, 0, 1.096, True
0, 2, 0, 18, 3, 0, 1.1, 1.1, 1, 0.816, False
0, 2, 0, 19, 4, 1, 5.09, 5.09, 1, 0.862, True
0, 2, 0, 20, 4, 1, 0.41, 0.41, 1, 1.346, True
0, 2, 0, 21, 3, 0, 5.16, 5.16, 1, 1.059, False
0, 2, 0, 22, 4, 0, 2.04, 2.04, 0, 2.047, True
0, 2, 0, 23, 4, 1, 3.66, 3.66, 0, 1.108, False
0, 2, 0, 24, 5, 1, 2.7, 2.7, 1, 1.534, True
0, 2, 0, 25, 5, 1, 3.62, 3.62, 1, 1.541, True
0, 2, 0, 26, 4, 0, 1.6, 1.6, 1, 1.484, False
0, 2, 0, 27, 5, 0, 1.12, 1.12, 0, 0.925, True
0, 2, 0, 28, 5, 1, 2.03, 2.03, 0, 1.364, False
0, 2, 0, 29, 6, 1, 2.26, 2.26, 1, 0.842, True
0, 2, 0, 30, 6, 0, 5.75, 5.75, 0, 2.159, True
0, 2, 0, 31, 4, 0, 2.8, 2.8, 1, 0.919, False
0, 2, 0, 32, 5, 0, 0.82, 0.82, 1, 1.313, False
0, 2, 0, 33, 6, 1, 1.25, 1.25, 0, 1.315, False
0, 2, 0, 34, 8, 0, 1.63, 1.63, 0, 1.157, True
0, 2, 0, 35, 8, 1, 5.09, 5.09, 1, 0.694, True
0, 2, 0, 36, 6, 1, 3.92, 3.92, 1, 1.793, True
0, 2, 0, 37, 6, 0, 2.49, 2.49, 0, 0.894, True
0, 2, 0, 38, 4, 1, 2.03, 2.03, 1, 0.887, True
0, 2, 0, 39, 4, 0, 2.23, 2.23, 0, 0.823, True
0, 2, 0, 40, 3, 0, 4.56, 4.56, 1, 1.762, False
0, 2, 0, 41, 4, 0, 2.93, 2.93, 1, 1.402, False
0, 2, 0, 42, 5, 0, 5.1, 5.1, 1, 1.665, False
0, 2, 0, 43, 6, 1, 0.06, 0.06, 1, 1.557, True
0, 2, 0, 44, 6, 1, 2.75, 2.75, 1, 1.061, True
0, 2, 0, 45, 4, 0, 4.72, 4.72, 0, 0.881, True
0, 2, 0, 46, 4, 1, 2.23, 2.23, 1, 1.068, True
0, 2, 0, 47, 3, 1, 1.95, 1.95, 1, 1.625, True
0, 2, 0, 48, 3, 1, 0.84, 0.84, 1, 1.006, True
0, 2, 0, 49, 2, 0, 5.94, 5.94, 0, 1.452, True
0, 3, 1, 0, 13, 1, 1.3, 4.44, 1, 1.55, True
0, 3, 1, 1, 13, 1, 2.49, 5.63, 1, 0.836, True
0, 3, 1, 2, 11, 1, 0.04, 3.19, 0, 1.449, False
0, 3, 1, 3, 13, 0, 5.97, 2.83, 0, 0.942, True
0, 3, 1, 4, 13, 1, 4.62, 1.48, 0, 1.591, False
0, 3, 1, 5, 15, 0, 2.95, 6.1, 0, 0.822, True
0, 3, 1, 6, 15, 1, 1.1, 4.24, 1, 1.108, True
0, 3, 1, 7, 13, 1, 0.07, 3.21, 1, 0.983, True
0, 3, 1, 8, 13, 0, 4.27, 1.13, 0, 0.854, True
0, 3, 1, 9, 11, 1, 6.15, 3.01, 0, 1.395, False
0, 3, 1, 10, 13, 1, 5.84, 2.7, 1, 1.185, True
0, 3, 1, 11, 13, 0, 2.12, 5.27, 0, 0.76, True
0, 3, 1, 12, 11, 1, 1.58, 4.72, 0, 1.669, False
0, 3, 1, 13, 13, 0, 0.16, 3.3, 0, 0.775, True
0, 3, 1, 14, 13, 1, 2.13, 5.27, 1, 0.593, True
0, 3, 1, 15, 11, 1, 5.41, 2.27, 1, 2.303, True
0, 3, 1, 16, 11, 0, 0.24, 3.38, 0, 0.802, True
0, 3, 1, 17, 9, 0, 3.87, 0.73, 1, 1.424, False
0, 3, 1, 18, 11, 1, 0.26, 3.4, 1, 0.622, True
0, 3, 1, 19, 11, 1, 1.42, 4.56, 1, 0.547, True
0, 3, 1, 20, 9, 1, 2.32, 5.46, 1, 0.82, True
0, 3, 1, 21, 9, 1, 0.03, 3.18, 1, 0.514, True
0, 3, 1, 22, 7, 1, 4.63, 1.49, 1, 1.573, True
0, 3, 1, 23, 7, 0, 5.03, 1.89, 0, 1.115, True
0, 3, 1, 24, 5, 1, 1.71, 4.85, 1, 0.715, True
0, 3, 1, 25, 5, 1, 6.04, 2.9, 1, 0.586, True
0, 3, 1, 26, 4, 0, 3.8, 0.66, 0, 2.441, True
0, 3, 1, 27, 4, 0, 5.91, 2.77, 0, 0.734, True
0, 3, 1, 28, 3, 0, 1.17, 4.32, 1, 0.663, False
0, 3, 1, 29, 4, 0, 0.69, 3.83, 1, 1.011, False
0, 3, 1, 30, 5, 1, 3.5, 0.36, 0, 0.834, False
0, 3, 1, 31, 6, 1, 5.35, 2.21, 0, 0.799, False
0, 3, 1, 32, 8, 0, 2.2, 5.34, 0, 0.749, True
0, 3, 1, 33, 8, 1, 2.31, 5.46, 1, 0.51, True
0, 3, 1, 34, 6, 0, 4.07, 0.93, 1, 1.36, False
0, 3, 1, 35, 8, 1, 0.74, 3.88, 1, 0.512, True
0, 3, 1, 36, 8, 1, 0.87, 4.01, 1, 0.377, True
0, 3, 1, 37, 6, 1, 5.36, 2.22, 0, 0.678, False
0, 3, 1, 38, 8, 0, 3.26, 0.12, 1, 0.403, False
0, 3, 1, 39, 10, 1, 3.68, 0.54, 1, 0.49, True
0, 3, 1, 40, 10, 1, 3.3, 0.16, 1, 0.509, True
0, 3, 1, 41, 8, 1, 5.59, 2.45, 0, 0.847, False
0, 3, 1, 42, 10, 0, 5.27, 2.13, 1, 1.22, False
0, 3, 1, 43, 12, 1, 2.47, 5.61, 1, 0.609, True
0, 3, 1, 44, 12, 1, 5.32, 2.18, 1, 0.384, True
0, 3, 1, 45, 10, 1, 3.84, 0.7, 1, 0.431, True
0, 3, 1, 46, 10, 0, 2.86, 6.0, 1, 0.645, False
0, 3, 1, 47, 12, 0, 1.18, 4.33, 1, 0.745, False
0, 3, 1, 48, 14, 0, 5.77, 2.62, 0, 0.648, True
0, 3, 1, 49, 14, 1, 4.01, 0.87, 1, 0.482, True
0, 4, 1, 0, 12, 0, 1.7, 4.84, 1, 1.154, False
0, 4, 1, 1, 14, 0, 2.56, 5.7, 0, 0.482, True
0, 4, 1, 2, 14, 0, 3.31, 0.16, 0, 0.429, True
0, 4, 1, 3, 12, 1, 1.4, 4.55, 1, 0.467, True
0, 4, 1, 4, 12, 1, 2.55, 5.7, 1, 0.431, True
0, 4, 1, 5, 10, 1, 3.33, 0.19, 1, 0.46, True
0, 4, 1, 6, 10, 1, 1.14, 4.28, 1, 0.496, True
0, 4, 1, 7, 8, 0, 3.38, 0.24, 1, 1.507, False
0, 4, 1, 8, 10, 0, 5.82, 2.67, 0, 0.557, True
0, 4, 1, 9, 10, 0, 5.11, 1.97, 1, 0.741, False
0, 4, 1, 10, 12, 0, 0.01, 3.15, 0, 0.726, True
0, 4, 1, 11, 12, 0, 4.6, 1.45, 0, 0.765, True
0, 4, 1, 12, 10, 1, 4.18, 1.04, 1, 0.492, True
0, 4, 1, 13, 10, 0, 5.87, 2.73, 0, 0.511, True
0, 4, 1, 14, 8, 0, 0.01, 3.15, 0, 0.529, True
0, 4, 1, 15, 8, 1, 3.36, 0.22, 1, 0.514, True
0, 4, 1, 16, 6, 1, 1.82, 4.97, 1, 0.629, True
0, 4, 1, 17, 6, 0, 1.44, 4.58, 1, 1.122, False
0, 4, 1, 18, 8, 1, 3.35, 0.21, 1, 0.492, True
0, 4, 1, 19, 8, 0, 1.04, 4.18, 0, 0.543, True
0, 4, 1, 20, 6, 0, 0.19, 3.33, 0, 1.432, True
0, 4, 1, 21, 6, 0, 0.21, 3.35, 0, 0.581, True
0, 4, 1, 22, 4, 1, 4.57, 1.43, 1, 0.826, True
0, 4, 1, 23, 4, 1, 3.78, 0.64, 1, 0.606, True
0, 4, 1, 24, 3, 0, 6.12, 2.98, 0, 0.829, True
0, 4, 1, 25, 3, 1, 1.76, 4.9, 1, 0.802, True
0, 4, 1, 26, 2, 0, 1.09, 4.23, 1, 0.705, False
0, 4, 1, 27, 3, 1, 2.51, 5.65, 1, 0.675, True
0, 4, 1, 28, 3, 1, 4.89, 1.75, 1, 0.527, True
0, 4, 1, 29, 2, 1, 1.26, 4.4, 0, 0.656, False
0, 4, 1, 30, 3, 1, 5.83, 2.69, 1, 1.013, True
0, 4, 1, 31, 3, 0, 3.54, 0.39, 0, 0.675, True
0, 4, 1, 32, 2, 1, 5.61, 2.47, 0, 0.447, False
0, 4, 1, 33, 3, 0, 4.11, 0.97, 0, 0.395, True
0, 4, 1, 34, 3, 1, 2.7, 5.84, 0, 0.504, False
0, 4, 1, 35, 4, 0, 1.78, 4.92, 0, 0.713, True
0, 4, 1, 36, 4, 1, 3.98, 0.84, 1, 0.503, True
0, 4, 1, 37, 3, 1, 5.18, 2.03, 1, 0.465, True
0, 4, 1, 38, 3, 0, 2.88, 6.02, 1, 0.605, False
0, 4, 1, 39, 4, 1, 0.63, 3.77, 0, 0.323, False
0, 4, 1, 40, 5, 1, 3.65, 0.51, 0, 0.092, False
0, 4, 1, 41, 6, 0, 1.14, 4.28, 0, 0.38, True
0, 4, 1, 42, 6, 1, 3.5, 0.36, 1, 0.603, True
0, 4, 1, 43, 4, 1, 4.42, 1.28, 1, 0.578, True
0, 4, 1, 44, 4, 1, 4.82, 1.67, 0, 0.865, False
0, 4, 1, 45, 5, 0, 3.48, 0.34, 0, 0.653, True
0, 4, 1, 46, 5, 1, 3.73, 0.59, 1, 0.655, True
0, 4, 1, 47, 4, 0, 2.51, 5.65, 1, 0.513, False
0, 4, 1, 48, 5, 1, 5.91, 2.77, 1, 0.839, True
0, 4, 1, 49, 5, 1, 4.62, 1.48, 1, 0.508, True
0, 5, 0, 0, 2, 0, 1.17, 1.17, 1, 1.967, False
0, 5, 0, 1, 3, 1, 2.2, 2.2, 1, 1.382, True
0, 5, 0, 2, 3, 1, 0.49, 0.49, 1, 0.566, True
0, 5, 0, 3, 2, 0, 1.17, 1.17, 1, 0.678, False
0, 5, 0, 4, 3, 1, 2.03, 2.03, 0, 0.786, False
0, 5, 0, 5, 4, 1, 0.03, 0.03, 0, 0.721, False
0, 5, 0, 6, 5, 1, 1.13, 1.13, 0, 0.499, False
0, 5, 0, 7, 6, 1, 4.49, 4.49, 1, 0.621, True
0, 5, 0, 8, 6, 0, 1.34, 1.34, 0, 0.979, True
0, 5, 0, 9, 4, 0, 2.66, 2.66, 0, 0.546, True
0, 5, 0, 10, 4, 1, 2.46, 2.46, 0, 0.545, False
0, 5, 0, 11, 5, 0, 4.87, 4.87, 1, 0.578, False
0, 5, 0, 12, 6, 0, 3.5, 3.5, 0, 0.898, True
0, 5, 0, 13, 6, 0, 3.71, 3.71, 1, 0.485, False
0, 5, 0, 14, 8, 0, 4.63, 4.63, 1, 0.464, False
0, 5, 0, 15, 10, 0, 3.27, 3.27, 0, 0.7, True
0, 5, 0, 16, 10, 1, 1.8, 1.8, 1, 0.59, True
0, 5, 0, 17, 8, 1, 4.8, 4.8, 1, 0.693, True
0, 5, 0, 18, 8, 0, 0.95, 0.95, 0, 1.712, True
0, 5, 0, 19, 6, 1, 5.99, 5.99, 1, 0.826, True
0, 5, 0, 20, 6, 0, 3.71, 3.71, 0, 0.808, True
0, 5, 0, 21, 4, 1, 3.44, 3.44, 1, 0.789, True
0, 5, 0, 22, 4, 1, 2.94, 2.94, 1, 0.786, True
0, 5, 0, 23, 3, 0, 4.77, 4.77, 1, 1.122, False
0, 5, 0, 24, 4, 1, 1.69, 1.69, 1, 0.883, True
0, 5, 0, 25, 4, 1, 4.75, 4.75, 1, 0.527, True
0, 5, 0, 26, 3, 0, 5.62, 5.62, 0, 1.056, True
0, 5, 0, 27, 3, 0, 3.39, 3.39, 1, 0.613, False
0, 5, 0, 28, 4, 1, 0.38, 0.38, 1, 0.771, True
0, 5, 0, 29, 4, 1, 2.43, 2.43, 1, 0.755, True
0, 5, 0, 30, 3, 1, 3.83, 3.83, 1, 0.692, True
0, 5, 0, 31, 3, 0, 5.36, 5.36, 1, 0.679, False
0, 5, 0, 32, 4, 1, 6.05, 6.05, 1, 1.186, True
0, 5, 0, 33, 4, 0, 3.11, 3.11, 1, 0.825, False
0, 5, 0, 34, 5, 1, 5.02, 5.02, 1, 0.566, True
0, 5, 0, 35, 5, 0, 5.59, 5.59, 1, 0.814, False
0, 5, 0, 36, 6, 1, 5.94, 5.94, 1, 0.668, True
0, 5, 0, 37, 6, 0, 6.05, 6.05, 0, 0.976, True
0, 5, 0, 38, 4, 1, 2.34, 2.34, 1, 0.592, True
0, 5, 0, 39, 4, 1, 2.59, 2.59, 1, 0.471, True
0, 5, 0, 40, 3, 1, 6.08, 6.08, 1, 0.707, True
0, 5, 0, 41, 3, 1, 0.19, 0.19, 1, 0.693, True
0, 5, 0, 42, 2, 0, 3.36, 3.36, 1, 0.672, False
0, 5, 0, 43, 3, 0, 0.71, 0.71, 1, 0.515, False
0, 5, 0, 44, 4, 1, 0.62, 0.62, 1, 0.563, True
0, 5, 0, 45, 4, 0, 0.22, 0.22, 1, 0.555, False
0, 5, 0, 46, 5, 1, 5.22, 5.22, 1, 0.843, True
0, 5, 0, 47, 5, 1, 2.08, 2.08, 1, 1.001, True
0, 5, 0, 48, 4, 1, 3.75, 3.75, 0, 1.119, False
0, 5, 0, 49, 5, 0, 3.1, 3.1, 0, 0.769, True
0, 6, 0, 0, 5, 0, 1.54, 1.54, 0, 0.9, True
0, 6, 0, 1, 5, 0, 3.21, 3.21, 1, 0.95, False
0, 6, 0, 2, 6, 1, 1.5, 1.5, 1, 0.639, True
0, 6, 0, 3, 6, 0, 4.86, 4.86, 0, 0.644, True
0, 6, 0, 4, 4, 0, 1.75, 1.75, 1, 1.361, False
0, 6, 0, 5, 5, 0, 1.86, 1.86, 1, 0.625, False
0, 6, 0, 6, 6, 0, 0.16, 0.16, 0, 0.686, True
0, 6, 0, 7, 6, 0, 2.23, 2.23, 0, 1.239, True
0, 6, 0, 8, 4, 1, 5.15, 5.15, 0, 1.197, False
0, 6, 0, 9, 5, 1, 3.08, 3.08, 1, 0.979, True
0, 6, 0, 10, 5, 1, 4.94, 4.94, 1, 1.075, True
0, 6, 0, 11, 4, 0, 2.66, 2.66, 0, 0.59, True
0, 6, 0, 12, 4, 0, 5.15, 5.15, 1, 0.909, False
0, 6, 0, 13, 5, 0, 5.47, 5.47, 0, 1.135, True
0, 6, 0, 14, 5, 1, 0.87, 0.87, 0, 0.833, False
0, 6, 0, 15, 6, 0, 4.59, 4.59, 0, 0.782, True
0, 6, 0, 16, 6, 1, 3.74, 3.74, 1, 0.557, True
0, 6, 0, 17, 4, 1, 4.81, 4.81, 1, 1.109, True
0, 6, 0, 18, 4, 1, 2.23, 2.23, 1, 0.678, True
0, 6, 0, 19, 3, 1, 2.79, 2.79, 1, 0.753, True
0, 6, 0, 20, 3, 0, 5.56, 5.56, 0, 0.736, True
0, 6, 0, 21, 2, 0, 5.73, 5.73, 1, 0.961, False
0, 6, 0, 22, 3, 0, 1.54, 1.54, 0, 0.753, True
0, 6, 0, 23, 3, 1, 0.94, 0.94, 1, 0.514, True
0, 6, 0, 24, 2, 1, 3.16, 3.16, 1, 0.58, True
0, 6, 0, 25, 2, 1, 0.18, 0.18, 0, 0.612, False
0, 6, 0, 26, 3, 0, 3.47, 3.47, 1, 0.45, False
0, 6, 0, 27, 4, 1, 5.67, 5.67, 1, 0.494, True
0, 6, 0, 28, 4, 1, 2.9, 2.9, 1, 0.609, True
0, 6, 0, 29, 3, 1, 5.56, 5.56, 1, 0.592, True
0, 6, 0, 30, 3, 0, 5.79, 5.79, 0, 0.734, True
0, 6, 0, 31, 2, 0, 2.55, 2.55, 0, 0.695, True
0, 6, 0, 32, 2, 0, 0.67, 0.67, 0, 0.84, True
0, 6, 0, 33, 1, 1, 2.54, 2.54, 0, 0.726, False
0, 6, 0, 34, 2, 0, 6.16, 6.16, 1, 0.559, False
0, 6, 0, 35, 3, 1, 5.34, 5.34, 1, 0.576, True
0, 6, 0, 36, 3, 1, 4.5, 4.5, 0, 0.543, False
0, 6, 0, 37, 4, 0, 3.8, 3.8, 0, 0.704, True
0, 6, 0, 38, 4, 0, 3.2, 3.2, 0, 0.618, True
0, 6, 0, 39, 3, 1, 0.44, 0.44, 1, 0.624, True
0, 6, 0, 40, 3, 1, 1.14, 1.14, 0, 0.478, False
0, 6, 0, 41, 4, 0, 1.0, 1.0, 0, 0.577, True
0, 6, 0, 42, 4, 1, 0.15, 0.15, 0, 0.614, False
0, 6, 0, 43, 5, 0, 5.8, 5.8, 1, 0.651, False
0, 6, 0, 44, 6, 1, 2.44, 2.44, 1, 0.687, True
0, 6, 0, 45, 6, 0, 0.17, 0.17, 0, 0.859, True
0, 6, 0, 46, 4, 1, 3.49, 3.49, 1, 0.959, True
0, 6, 0, 47, 4, 1, 3.83, 3.83, 1, 0.623, True
0, 6, 0, 48, 3, 1, 2.67, 2.67, 0, 0.861, False
0, 6, 0, 49, 4, 0, 4.31, 4.31, 0, 0.961, True
0, 7, 1, 0, 4, 0, 5.46, 2.32, 0, 1.725, True
0, 7, 1, 1, 4, 0, 0.39, 3.53, 0, 1.358, True
0, 7, 1, 2, 3, 0, 1.61, 4.76, 1, 0.695, False
0, 7, 1, 3, 4, 0, 3.78, 0.63, 1, 0.738, False
0, 7, 1, 4, 5, 1, 4.33, 1.19, 1, 0.571, True
0, 7, 1, 5, 5, 1, 5.66, 2.52, 1, 0.905, True
0, 7, 1, 6, 4, 0, 3.32, 0.18, 1, 0.996, False
0, 7, 1, 7, 5, 0, 2.04, 5.18, 0, 0.954, True
0, 7, 1, 8, 5, 0, 5.36, 2.22, 1, 0.506, False
0, 7, 1, 9, 6, 1, 2.81, 5.95, 1, 0.908, True
0, 7, 1, 10, 6, 1, 5.56, 2.41, 1, 1.063, True
0, 7, 1, 11, 4, 0, 3.46, 0.32, 1, 0.723, False
0, 7, 1, 12, 5, 1, 0.64, 3.78, 0, 1.485, False
0, 7, 1, 13, 6, 0, 4.53, 1.39, 0, 0.816, True
0, 7, 1, 14, 6, 1, 6.24, 3.09, 0, 0.779, False
0, 7, 1, 15, 8, 0, 2.98, 6.12, 1, 0.682, False
0, 7, 1, 16, 10, 0, 3.36, 0.22, 0, 0.621, True
0, 7, 1, 17, 10, 1, 1.07, 4.21, 1, 0.682, True
0, 7, 1, 18, 8, 0, 6.18, 3.04, 0, 0.741, True
0, 7, 1, 19, 8, 1, 0.71, 3.86, 1, 0.622, True
0, 7, 1, 20, 6, 1, 5.85, 2.71, 1, 0.82, True
0, 7, 1, 21, 6, 1, 1.72, 4.86, 1, 0.618, True
0, 7, 1, 22, 4, 1, 3.46, 0.32, 1, 0.864, True
0, 7, 1, 23, 4, 0, 1.17, 4.32, 1, 0.747, False
0, 7, 1, 24, 5, 1, 1.64, 4.78, 1, 0.604, True
0, 7, 1, 25, 5, 0, 0.12, 3.26, 1, 0.787, False
0, 7, 1, 26, 6, 0, 5.47, 2.33, 1, 0.672, False
0, 7, 1, 27, 8, 0, 1.14, 4.28, 1, 0.714, False
0, 7, 1, 28, 10, 1, 4.58, 1.44, 1, 0.667, True
0, 7, 1, 29, 10, 0, 3.2, 0.06, 0, 0.788, True
0, 7, 1, 30, 8, 0, 1.15, 4.29, 0, 0.787, True
0, 7, 1, 31, 8, 1, 5.37, 2.23, 1, 0.643, True
0, 7, 1, 32, 6, 1, 1.62, 4.77, 1, 0.495, True
0, 7, 1, 33, 6, 1, 5.83, 2.69, 1, 0.931, True
0, 7, 1, 34, 4, 1, 5.08, 1.94, 1, 0.595, True
0, 7, 1, 35, 4, 1, 4.6, 1.45, 1, 0.882, True
0, 7, 1, 36, 3, 1, 5.89, 2.75, 1, 0.606, True
0, 7, 1, 37, 3, 1, 4.13, 0.98, 1, 0.588, True
0, 7, 1, 38, 2, 0, 6.28, 3.14, 1, 0.786, False
0, 7, 1, 39, 3, 0, 0.4, 3.54, 0, 0.896, True
0, 7, 1, 40, 3, 1, 2.04, 5.18, 1, 0.555, True
0, 7, 1, 41, 2, 0, 3.33, 0.18, 1, 0.738, False
0, 7, 1, 42, 3, 1, 1.62, 4.76, 1, 0.635, True
0, 7, 1, 43, 3, 1, 5.42, 2.27, 0, 1.104, False
0, 7, 1, 44, 4, 0, 2.32, 5.47, 0, 0.595, True
0, 7, 1, 45, 4, 1, 6.02, 2.88, 1, 0.601, True
0, 7, 1, 46, 3, 1, 1.08, 4.22, 1, 0.672, True
0, 7, 1, 47, 3, 0, 1.91, 5.05, 1, 0.587, False
0, 7, 1, 48, 4, 1, 2.39, 5.53, 1, 0.842, True
0, 7, 1, 49, 4, 0, 2.95, 6.1, 1, 0.719, False
