3, 0, 0, 0, 30, 0, 3.68, 3.68, 1, 1.068, False
3, 0, 0, 1, 32, 1, 4.27, 4.27, 1, 1.105, True
3, 0, 0, 2, 32, 1, 5.89, 5.89, 1, 0.853, True
3, 0, 0, 3, 30, 0, 4.5, 4.5, 1, -1.242, False
3, 0, 0, 4, 32, 0, 3.58, 3.58, 0, 1.233, True
3, 0, 0, 5, 32, 0, 2.91, 2.91, 0, 1.09, True
3, 0, 0, 6, 30, 0, 2.98, 2.98, 0, 1.121, True
3, 0, 0, 7, 30, 0, 1.4, 1.4, 0, 0.815, True
3, 0, 0, 8, 28, 0, 2.7, 2.7, 0, 0.849, True
3, 0, 0, 9, 28, 0, 5.77, 5.77, 0, 0.941, True
3, 1, 1, 0, 40, 1, 5.76, 2.62, 1, 1.327, True
3, 1, 1, 1, 40, 1, 6.05, 2.91, 1, 0.87, True
3, 1, 1, 2, 38, 1, 1.33, 4.47, 1, 0.932, True
3, 1, 1, 3, 38, 1, 5.08, 1.94, 1, 0.902, True
3, 1, 1, 4, 36, 1, 2.66, 5.8, 1, 0.811, True
3, 1, 1, 5, 36, 1, 0.79, 3.94, 1, 0.787, True
3, 1, 1, 6, 34, 0, 5.96, 2.82, 0, 0.854, True
3, 1, 1, 7, 34, 1, 6.09, 2.95, 1, 1.003, True
3, 1, 1, 8, 32, 1, 1.46, 4.6, 1, 0.881, True
3, 1, 1, 9, 32, 1, 4.63, 1.48, 1, 0.94, True
3, 2, 1, 0, 13, 0, 1.9, 5.04, 0, 1.132, True
3, 2, 1, 1, 13, 1, 6.04, 2.89, 1, 0.781, True
3, 2, 1, 2, 11, 1, 1.36, 4.5, 1, 0.668, True
3, 2, 1, 3, 11, 0, 5.72, 2.58, 1, 1.288, False
3, 2, 1, 4, 13, 1, 5.79, 2.65, 1, 0.688, True
3, 2, 1, 5, 13, 0, 5.54, 2.4, 0, 0.813, True
3, 2, 1, 6, 11, 1, 2.27, 5.41, 1, 1.584, True
3, 2, 1, 7, 11, 0, 2.76, 5.9, 1, 0.95, False
3, 2, 1, 8, 13, 0, 5.26, 2.12, 0, 0.646, True
3, 2, 1, 9, 13, 0, 5.54, 2.39, 0, 1.043, True
3, 2, 1, 10, 11, 1, 2.43, 5.57, 0, 1.68, False
3, 2, 1, 11, 13, 0, 3.08, 6.22, 0, 0.98, True
3, 2, 1, 12, 13, 1, 5.89, 2.74, 1, 0.675, True
3, 2, 1, 13, 11, 0, 5.96, 2.82, 1, 0.783, False
3, 2, 1, 14, 13, 1, 1.33, 4.47, 1, 0.606, True
3, 2, 1, 15, 13, 0, 0.94, 4.09, 0, 0.604, True
3, 2, 1, 16, 11, 1, 4.08, 0.94, 1, 2.048, True
3, 2, 1, 17, 11, 1, 5.54, 2.4, 1, 0.681, True
3, 2, 1, 18, 9, 0, 4.85, 1.71, 0, 0.555, True
3, 2, 1, 19, 9, 0, 4.55, 1.41, 0, 1.268, True
3, 2, 1, 20, 7, 1, 3.08, 6.22, 0, 0.8, False
3, 2, 1, 21, 9, 0, 1.7, 4.84, 0, 0.91, True
3, 2, 1, 22, 9, 0, 5.1, 1.96, 1, 0.945, False
3, 2, 1, 23, 11, 1, 1.1, 4.24, 0, 1.345, False
3, 2, 1, 24, 13, 0, 2.49, 5.63, 0, 1.21, True
3, 2, 1, 25, 13, 0, 5.53, 2.39, 0, 0.856, True
3, 2, 1, 26, 11, 0, 3.98, 0.84, 0, 1.253, True
3, 2, 1, 27, 11, 1, 0.05, 3.19, 0, 0.913, False
3, 2, 1, 28, 13, 0, 2.52, 5.66, 1, 0.841, False
3, 2, 1, 29, 15, 0, 2.74, 5.88, 1, 6.11, False
3, 2, 1, 30, 17, 0, 2.86, 6.0, 0, 0.759, True
3, 2, 1, 31, 17, 0, 2.35, 5.5, 1, 0.719, False
3, 2, 1, 32, 19, 1, 3.87, 0.73, 1, 0.801, True
3, 2, 1, 33, 19, 0, 3.77, 0.63, 0, 2.223, True
3, 2, 1, 34, 17, 0, 3.44, 0.3, 0, 0.909, True
3, 2, 1, 35, 17, 1, 1.77, 4.91, 1, 0.654, True
3, 2, 1, 36, 15, 1, 0.91, 4.05, 1, 0.842, True
3, 2, 1, 37, 15, 1, 4.33, 1.19, 0, 0.805, False
3, 2, 1, 38, 17, 1, 2.04, 5.19, 1, 0.699, True
3, 2, 1, 39, 17, 0, 2.4, 5.54, 0, 0.758, True
3, 2, 1, 40, 15, 0, 3.5, 0.36, 0, 1.568, True
3, 2, 1, 41, 15, 0, 5.0, 1.86, 0, 0.735, True
3, 2, 1, 42, 13, 1, 5.55, 2.4, 0, 0.887, False
3, 2, 1, 43, 15, 1, 3.63, 0.48, 1, 0.674, True
3, 2, 1, 44, 15, 1, 1.18, 4.33, 0, 2.15, False
3, 2, 1, 45, 17, 0, 4.16, 1.02, 0, 0.718, True
3, 2, 1, 46, 17, 0, 6.16, 3.02, 0, 0.736, True
3, 2, 1, 47, 15, 0, 4.23, 1.09, 0, 0.689, True
3, 2, 1, 48, 15, 1, 0.9, 4.04, 1, 0.94, True
3, 2, 1, 49, 13, 0, 5.59, 2.45, 0, 0.693, True
3, 3, 0, 0, 7, 1, 5.06, 5.06, 0, 2.756, False
3, 3, 0, 1, 9, 1, 3.24, 3.24, 1, 1.453, True
3, 3, 0, 2, 9, 0, 5.03, 5.03, 1, 1.265, False
3, 3, 0, 3, 11, 0, 5.32, 5.32, 0, 0.688, True
3, 3, 0, 4, 11, 0, 3.73, 3.73, 0, 1.738, True
3, 3, 0, 5, 9, 1, 2.57, 2.57, 1, 0.708, True
3, 3, 0, 6, 9, 1, 3.87, 3.87, 1, 0.678, True
3, 3, 0, 7, 7, 1, 1.03, 1.03, 1, 0.978, True
3, 3, 0, 8, 7, 0, 3.05, 3.05, 0, 0.673, True
3, 3, 0, 9, 5, 0, 2.92, 2.92, 0, 0.749, True
3, 3, 0, 10, 5, 1, 3.53, 3.53, 0, 0.83, False
3, 3, 0, 11, 6, 0, 1.99, 1.99, 1, 0.691, False
3, 3, 0, 12, 8, 0, 4.55, 4.55, 0, 0.966, True
3, 3, 0, 13, 8, 0, 4.43, 4.43, 0, 3.87, True
3, 3, 0, 14, 6, 0, 5.57, 5.57, 0, 0.633, True
3, 3, 0, 15, 6, 1, 5.26, 5.26, 1, 0.999, True
3, 3, 0, 16, 4, 0, 4.1, 4.1, 0, 0.694, True
3, 3, 0, 17, 4, 1, 3.73, 3.73, 0, 0.904, False
3, 3, 0, 18, 5, 1, 5.96, 5.96, 1, 0.579, True
3, 3, 0, 19, 5, 0, 2.0, 2.0, 0, 1.954, True
3, 3, 0, 20, 4, 1, 1.97, 1.97, 1, 4.051, True
3, 3, 0, 21, 4, 1, 1.45, 1.45, 0, 1.295, False
3, 3, 0, 22, 5, 1, 1.1, 1.1, 0, 0.93, False
3, 3, 0, 23, 6, 0, 1.23, 1.23, 0, 0.867, True
3, 3, 0, 24, 6, 1, 1.6, 1.6, 0, 0.815, False
3, 3, 0, 25, 8, 0, 3.73, 3.73, 0, 4.197, True
3, 3, 0, 26, 8, 1, 1.04, 1.04, 1, 0.619, True
3, 3, 0, 27, 6, 0, 0.87, 0.87, 1, 1.145, False
3, 3, 0, 28, 8, 0, 1.09, 1.09, 0, 0.85, True
3, 3, 0, 29, 8, 0, 0.71, 0.71, 0, 1.359, True
3, 3, 0, 30, 6, 1, 6.16, 6.16, 0, 1.486, False
3, 3, 0, 31, 8, 1, 3.41, 3.41, 1, 0.84, True
3, 3, 0, 32, 8, 1, 3.88, 3.88, 1, 0.71, True
3, 3, 0, 33, 6, 1, 5.82, 5.82, 0, 1.488, False
3, 3, 0, 34, 8, 0, 3.91, 3.91, 1, 1.411, False
3, 3, 0, 35, 10, 1, 3.63, 3.63, 1, 0.817, True
3, 3, 0, 36, 10, 0, 4.92, 4.92, 0, 1.318, True
3, 3, 0, 37, 8, 1, 0.84, 0.84, 1, 0.832, True
3, 3, 0, 38, 8, 1, 0.58, 0.58, 0, 1.405, False
3, 3, 0, 39, 10, 1, 0.51, 0.51, 0, 0.868, False
3, 3, 0, 40, 12, 1, 5.97, 5.97, 1, 0.64, True
3, 3, 0, 41, 12, 1, 0.67, 0.67, 1, 0.829, True
3, 3, 0, 42, 10, 1, 1.31, 1.31, 1, 0.595, True
3, 3, 0, 43, 10, 0, 3.66, 3.66, 0, 0.706, True
3, 3, 0, 44, 8, 1, 0.78, 0.78, 1, 0.604, True
3, 3, 0, 45, 8, 1, 4.88, 4.88, 1, 0.722, True
3, 3, 0, 46, 6, 1, 4.73, 4.73, 1, 0.924, True
3, 3, 0, 47, 6, 1, 5.1, 5.1, 1, 1.277, True
3, 3, 0, 48, 4, 0, 5.49, 5.49, 0, 0.673, True
3, 3, 0, 49, 4, 1, 3.87, 3.87, 0, 0.693, False
3, 4, 0, 0, 5, 0, 2.73, 2.73, 0, 1.351, True
3, 4, 0, 1, 5, 0, 4.46, 4.46, 0, 0.808, True
3, 4, 0, 2, 4, 1, 4.91, 4.91, 0, 0.638, False
3, 4, 0, 3, 5, 0, 2.43, 2.43, 0, 0.915, True
3, 4, 0, 4, 5, 0, 1.7, 1.7, 0, 0.829, True
3, 4, 0, 5, 4, 1, 0.43, 0.43, 0, 0.666, False
3, 4, 0, 6, 5, 1, 3.84, 3.84, 1, 0.686, True
3, 4, 0, 7, 5, 1, 4.88, 4.88, 0, 2.321, False
3, 4, 0, 8, 6, 0, 0.23, 0.23, 0, 0.995, True
3, 4, 0, 9, 6, 0, 4.39, 4.39, 0, 1.634, True
3, 4, 0, 10, 4, 0, 5.85, 5.85, 0, 0.639, True
3, 4, 0, 11, 4, 0, 0.53, 0.53, 0, 0.652, True
3, 4, 0, 12, 3, 0, 4.21, 4.21, 0, 0.609, True
3, 4, 0, 13, 3, 0, 0.42, 0.42, 0, 0.461, True
3, 4, 0, 14, 2, 1, 4.06, 4.06, 0, 0.777, False
3, 4, 0, 15, 3, 1, 0.91, 0.91, 0, 0.912, False
3, 4, 0, 16, 4, 0, 4.19, 4.19, 0, 0.467, True
3, 4, 0, 17, 4, 1, 4.22, 4.22, 0, 0.959, False
3, 4, 0, 18, 5, 0, 5.42, 5.42, 0, 1.071, True
3, 4, 0, 19, 5, 1, 4.41, 4.41, 0, 0.835, False
3, 4, 0, 20, 6, 1, 3.69, 3.69, 1, 0.624, True
3, 4, 0, 21, 6, 0, 0.48, 0.48, 0, 1.421, True
3, 4, 0, 22, 4, 0, 1.69, 1.69, 0, 1.419, True
3, 4, 0, 23, 4, 1, 1.86, 1.86, 0, 0.753, False
3, 4, 0, 24, 5, 0, 0.52, 0.52, 0, 0.753, True
3, 4, 0, 25, 5, 1, 1.99, 1.99, 0, 0.913, False
3, 4, 0, 26, 6, 1, 2.59, 2.59, 0, 0.747, False
3, 4, 0, 27, 8, 1, 5.89, 5.89, 1, 0.876, True
3, 4, 0, 28, 8, 1, 3.39, 3.39, 1, 0.527, True
3, 4, 0, 29, 6, 0, 1.74, 1.74, 0, 2.465, True
3, 4, 0, 30, 6, 1, 1.37, 1.37, 1, 0.557, True
3, 4, 0, 31, 4, 1, 5.74, 5.74, 1, 1.181, True
3, 4, 0, 32, 4, 1, 3.52, 3.52, 1, 0.74, True
3, 4, 0, 33, 3, 1, 3.62, 3.62, 0, 1.213, False
3, 4, 0, 34, 4, 1, 0.13, 0.13, 0, 1.027, False
3, 4, 0, 35, 5, 0, 5.94, 5.94, 0, 1.777, True
3, 4, 0, 36, 5, 1, 1.88, 1.88, 0, 1.501, False
3, 4, 0, 37, 6, 1, 1.35, 1.35, 1, 0.725, True
3, 4, 0, 38, 6, 0, 6.24, 6.24, 0, 1.135, True
3, 4, 0, 39, 4, 1, 3.4, 3.4, 0, 0.736, False
3, 4, 0, 40, 5, 1, 5.67, 5.67, 1, 0.641, True
3, 4, 0, 41, 5, 1, 3.31, 3.31, 0, 0.606, False
3, 4, 0, 42, 6, 1, 0.71, 0.71, 1, 0.716, True
3, 4, 0, 43, 6, 0, 5.87, 5.87, 1, 0.878, False
3, 4, 0, 44, 8, 1, 3.04, 3.04, 1, 0.594, True
3, 4, 0, 45, 8, 1, 0.94, 0.94, 1, 0.577, True
3, 4, 0, 46, 6, 0, 3.15, 3.15, 0, 0.784, True
3, 4, 0, 47, 6, 1, 5.5, 5.5, 1, 0.8, True
3, 4, 0, 48, 4, 1, 4.32, 4.32, 0, 1.854, False
3, 4, 0, 49, 5, 0, 5.36, 5.36, 0, 1.147, True
3, 5, 1, 0, 13, 0, 0.17, 3.31, 0, 1.632, True
3, 5, 1, 1, 13, 0, 5.61, 2.47, 1, 0.758, False
3, 5, 1, 2, 15, 0, 0.14, 3.28, 0, 0.606, True
3, 5, 1, 3, 15, 0, 2.82, 5.96, 0, 0.773, True
3, 5, 1, 4, 13, 0, 6.06, 2.92, 0, 0.54, True
3, 5, 1, 5, 13, 1, 2.18, 5.32, 0, 1.23, False
3, 5, 1, 6, 15, 1, 0.06, 3.2, 1, 0.698, True
3, 5, 1, 7, 15, 1, 0.51, 3.65, 1, 0.573, True
3, 5, 1, 8, 13, 1, 1.18, 4.32, 1, 0.54, True
3, 5, 1, 9, 13, 0, 4.49, 1.35, 0, 0.814, True
3, 5, 1, 10, 11, 0, 6.08, 2.94, 0, 0.612, True
3, 5, 1, 11, 11, 1, 4.52, 1.37, 1, 1.145, True
3, 5, 1, 12, 9, 0, 5.75, 2.6, 0, 0.674, True
3, 5, 1, 13, 9, 1, 4.82, 1.68, 1, 0.861, True
3, 5, 1, 14, 7, 0, 0.23, 3.37, 0, 0.53, True
3, 5, 1, 15, 7, 1, 5.73, 2.59, 1, 0.595, True
3, 5, 1, 16, 5, 0, 0.29, 3.43, 0, 0.707, True
3, 5, 1, 17, 5, 1, 3.94, 0.8, 1, 1.116, True
3, 5, 1, 18, 4, 0, 3.9, 0.76, 0, 0.83, True
3, 5, 1, 19, 4, 1, 3.53, 0.39, 1, 1.052, True
3, 5, 1, 20, 3, 1, 5.93, 2.79, 1, 1.328, True
3, 5, 1, 21, 3, 1, 2.59, 5.73, 0, 0.897, False
3, 5, 1, 22, 4, 1, 4.18, 1.04, 0, 0.508, False
3, 5, 1, 23, 5, 1, 6.21, 3.07, 0, 1.085, False
3, 5, 1, 24, 6, 1, 4.48, 1.33, 0, 0.992, False
3, 5, 1, 25, 8, 0, 0.89, 4.04, 0, 0.975, True
3, 5, 1, 26, 8, 1, 2.78, 5.92, 1, 0.671, True
3, 5, 1, 27, 6, 1, 6.1, 2.96, 1, 1.011, True
3, 5, 1, 28, 6, 0, 2.01, 5.15, 1, 0.849, False
3, 5, 1, 29, 8, 1, 4.84, 1.7, 1, 0.541, True
3, 5, 1, 30, 8, 1, 2.65, 5.79, 1, 0.462, True
3, 5, 1, 31, 6, 1, 3.0, 6.14, 0, 0.81, False
3, 5, 1, 32, 8, 1, 0.56, 3.7, 1, 0.512, True
3, 5, 1, 33, 8, 0, 6.06, 2.92, 0, 0.659, True
3, 5, 1, 34, 6, 1, 6.1, 2.95, 1, 1.151, True
3, 5, 1, 35, 6, 0, 0.81, 3.95, 1, 1.077, False
3, 5, 1, 36, 8, 0, 4.19, 1.05, 0, 1.264, True
3, 5, 1, 37, 8, 1, 5.39, 2.24, 1, 0.7, True
3, 5, 1, 38, 6, 1, 5.42, 2.28, 0, 0.735, False
3, 5, 1, 39, 8, 0, 0.99, 4.13, 0, 1.04, True
3, 5, 1, 40, 8, 1, 3.06, 6.2, 1, 0.605, True
3, 5, 1, 41, 6, 0, 3.42, 0.28, 0, 1.427, True
3, 5, 1, 42, 6, 0, 0.42, 3.56, 0, 0.881, True
3, 5, 1, 43, 4, 0, 3.29, 0.15, 1, 0.684, False
3, 5, 1, 44, 5, 0, 5.61, 2.47, 0, 0.895, True
3, 5, 1, 45, 5, 0, 0.78, 3.92, 1, 1.074, False
3, 5, 1, 46, 6, 1, 6.2, 3.06, 0, 1.15, False
3, 5, 1, 47, 8, 0, 1.61, 4.75, 0, 1.442, True
3, 5, 1, 48, 8, 1, 1.35, 4.49, 0, 1.407, False
3, 5, 1, 49, 10, 1, 0.62, 3.76, 1, 0.653, True
3, 6, 1, 0, 10, 1, 4.22, 1.08, 1, 0.875, True
3, 6, 1, 1, 10, 1, 0.11, 3.26, 1, 0.67, True
3, 6, 1, 2, 8, 1, 4.2, 1.06, 1, 0.754, True
3, 6, 1, 3, 8, 1, 4.31, 1.16, 0, 2.515, False
3, 6, 1, 4, 10, 0, 1.95, 5.09, 1, 0.765, False
3, 6, 1, 5, 12, 0, 4.92, 1.78, 0, 0.893, True
3, 6, 1, 6, 12, 0, 0.08, 3.22, 0, 0.623, True
3, 6, 1, 7, 10, 0, 4.58, 1.44, 0, 0.557, True
3, 6, 1, 8, 10, 0, 5.61, 2.47, 0, 0.468, True
3, 6, 1, 9, 8, 0, 2.73, 5.88, 0, 0.517, True
3, 6, 1, 10, 8, 0, 2.6, 5.74, 0, 0.487, True
3, 6, 1, 11, 6, 1, 2.29, 5.43, 0, 0.402, False
3, 6, 1, 12, 8, 0, 1.73, 4.87, 0, 0.721, True
3, 6, 1, 13, 8, 1, 0.44, 3.58, 1, 0.65, True
3, 6, 1, 14, 6, 0, 6.04, 2.9, 0, 1.231, True
3, 6, 1, 15, 6, 1, 1.73, 4.87, 1, 0.572, True
3, 6, 1, 16, 4, 0, 3.97, 0.82, 1, 0.492, False
3, 6, 1, 17, 5, 1, 1.41, 4.55, 0, 0.446, False
3, 6, 1, 18, 6, 1, 2.82, 5.97, 1, 0.419, True
3, 6, 1, 19, 6, 0, 0.43, 3.57, 0, 0.888, True
3, 6, 1, 20, 4, 0, 0.18, 3.33, 0, 0.601, True
3, 6, 1, 21, 4, 1, 5.12, 1.98, 0, 0.636, False
3, 6, 1, 22, 5, 1, 2.19, 5.34, 1, 0.577, True
3, 6, 1, 23, 5, 1, 3.1, 6.24, 1, 0.72, True
3, 6, 1, 24, 4, 0, 0.3, 3.44, 0, 0.834, True
3, 6, 1, 25, 4, 0, 2.55, 5.69, 1, 0.816, False
3, 6, 1, 26, 5, 1, 5.89, 2.75, 0, 0.774, False
3, 6, 1, 27, 6, 1, 6.17, 3.03, 1, 0.749, True
3, 6, 1, 28, 6, 1, 0.45, 3.59, 1, 1.038, True
3, 6, 1, 29, 4, 1, 1.77, 4.91, 1, 0.795, True
3, 6, 1, 30, 4, 0, 3.19, 0.05, 0, 0.818, True
3, 6, 1, 31, 3, 0, 1.65, 4.79, 1, 1.335, False
3, 6, 1, 32, 4, 0, 6.1, 2.96, 1, 1.077, False
3, 6, 1, 33, 5, 1, 1.74, 4.88, 1, 0.941, True
3, 6, 1, 34, 5, 0, 6.03, 2.89, 1, 0.638, False
3, 6, 1, 35, 6, 0, 5.77, 2.63, 0, 1.051, True
3, 6, 1, 36, 6, 1, 4.67, 1.53, 1, 0.703, True
3, 6, 1, 37, 4, 1, 1.25, 4.39, 0, 1.513, False
3, 6, 1, 38, 5, 0, 1.49, 4.64, 0, 0.731, True
3, 6, 1, 39, 5, 1, 0.42, 3.56, 1, 0.572, True
3, 6, 1, 40, 4, 0, 5.4, 2.26, 1, 2.476, False
3, 6, 1, 41, 5, 1, 2.49, 5.63, 1, 0.751, True
3, 6, 1, 42, 5, 1, 5.66, 2.51, 0, 0.784, False
3, 6, 1, 43, 6, 0, 2.57, 5.71, 1, 0.542, False
3, 6, 1, 44, 8, 1, 0.93, 4.08, 1, 0.572, True
3, 6, 1, 45, 8, 0, 0.24, 3.38, 0, 0.617, True
3, 6, 1, 46, 6, 0, 0.76, 3.9, 0, 0.735, True
3, 6, 1, 47, 6, 1, 1.53, 4.68, 0, 1.272, False
3, 6, 1, 48, 8, 0, 1.42, 4.57, 0, 0.828, True
3, 6, 1, 49, 8, 1, 0.67, 3.81, 1, 1.593, True
3, 7, 0, 0, 5, 0, 0.62, 0.62, 0, 1.285, True
3, 7, 0, 1, 5, 0, 5.93, 5.93, 0, 0.624, True
3, 7, 0, 2, 4, 1, 1.33, 1.33, 1, 0.63, True
3, 7, 0, 3, 4, 1, 0.95, 0.95, 1, 0.587, True
3, 7, 0, 4, 3, 1, 6.25, 6.25, 1, 0.783, True
3, 7, 0, 5, 3, 0, 3.8, 3.8, 0, 0.518, True
3, 7, 0, 6, 2, 1, 0.61, 0.61, 0, 0.645, False
3, 7, 0, 7, 3, 1, 3.89, 3.89, 1, 0.825, True
3, 7, 0, 8, 3, 0, 5.41, 5.41, 0, 0.607, True
3, 7, 0, 9, 2, 1, 0.49, 0.49, 0, 3.453, False
3, 7, 0, 10, 3, 0, 0.66, 0.66, 0, 0.816, True
3, 7, 0, 11, 3, 0, 4.98, 4.98, 0, 0.894, True
3, 7, 0, 12, 2, 0, 2.81, 2.81, 1, 0.672, False
3, 7, 0, 13, 3, 0, 4.01, 4.01, 0, 1.468, True
3, 7, 0, 14, 3, 1, 5.82, 5.82, 0, 0.72, False
3, 7, 0, 15, 4, 1, 3.12, 3.12, 0, 3.592, False
3, 7, 0, 16, 5, 0, 4.31, 4.31, 0, 0.812, True
3, 7, 0, 17, 5, 0, 3.37, 3.37, 0, 0.528, True
3, 7, 0, 18, 4, 0, 3.57, 3.57, 0, 1.825, True
3, 7, 0, 19, 4, 0, 6.14, 6.14, 0, 0.686, True
3, 7, 0, 20, 3, 1, 1.12, 1.12, 1, 0.722, True
3, 7, 0, 21, 3, 0, 3.5, 3.5, 0, 0.987, True
3, 7, 0, 22, 2, 0, 6.12, 6.12, 0, 0.762, True
3, 7, 0, 23, 2, 1, 2.93, 2.93, 0, 1.314, False
3, 7, 0, 24, 3, 1, 3.88, 3.88, 0, 0.58, False
3, 7, 0, 25, 4, 1, 2.57, 2.57, 0, 0.868, False
3, 7, 0, 26, 5, 1, 0.21, 0.21, 1, 0.624, True
3, 7, 0, 27, 5, 1, 4.53, 4.53, 0, 0.708, False
3, 7, 0, 28, 6, 0, 3.83, 3.83, 0, 0.724, True
3, 7, 0, 29, 6, 0, 1.29, 1.29, 0, 0.619, True
3, 7, 0, 30, 4, 1, 4.85, 4.85, 0, 0.721, False
3, 7, 0, 31, 5, 0, 0.2, 0.2, 0, 0.531, True
3, 7, 0, 32, 5, 0, 1.86, 1.86, 0, 0.652, True
3, 7, 0, 33, 4, 1, 5.05, 5.05, 0, 0.593, False
3, 7, 0, 34, 5, 1, 4.9, 4.9, 0, 0.704, False
3, 7, 0, 35, 6, 0, 5.17, 5.17, 0, 0.786, True
3, 7, 0, 36, 6, 1, 3.39, 3.39, 1, 0.882, True
3, 7, 0, 37, 4, 0, 4.0, 4.0, 0, 0.813, True
3, 7, 0, 38, 4, 0, 3.35, 3.35, 0, 0.683, True
3, 7, 0, 39, 3, 0, 2.22, 2.22, 0, 0.908, True
3, 7, 0, 40, 3, 0, 2.93, 2.93, 0, 0.868, True
3, 7, 0, 41, 2, 0, 3.79, 3.79, 0, 0.934, True
3, 7, 0, 42, 2, 1, 2.99, 2.99, 0, 0.701, False
3, 7, 0, 43, 3, 1, 4.32, 4.32, 1, 2.88, True
3, 7, 0, 44, 3, 1, 5.84, 5.84, 1, 0.843, True
3, 7, 0, 45, 2, 0, 6.1, 6.1, 1, 1.063, False
3, 7, 0, 46, 3, 1, 2.95, 2.95, 0, 0.851, False
3, 7, 0, 47, 4, 0, 5.28, 5.28, 0, 1.168, True
3, 7, 0, 48, 4, 0, 2.15, 2.15, 0, 0.864, True
3, 7, 0, 49, 3, 0, 3.65, 3.65, 0, 1.02, True
