4, 0, 1, 0, 40, 1, 5.7, 2.55, 1, 3.648, True
4, 0, 1, 1, 40, 1, 1.44, 4.58, 0, 5.978, False
4, 0, 1, 2, 42, 0, 5.62, 2.48, 0, 1.118, True
4, 0, 1, 3, 42, 1, 6.25, 3.11, 1, 0.77, True
4, 0, 1, 4, 40, 1, 3.81, 0.67, 0, 0.573, False
4, 0, 1, 5, 42, 1, 4.1, 0.96, 1, 0.549, True
4, 0, 1, 6, 42, 1, 5.51, 2.37, 1, 0.53, True
4, 0, 1, 7, 40, 0, 0.95, 4.09, 0, 0.961, True
4, 0, 1, 8, 40, 0, 1.22, 4.36, 0, 0.975, True
4, 0, 1, 9, 38, 1, 3.82, 0.68, 1, 1.308, True
4, 1, 0, 0, 30, 0, 3.88, 3.88, 0, 1.118, True
4, 1, 0, 1, 30, 1, 5.38, 5.38, 1, 0.929, True
4, 1, 0, 2, 28, 0, 2.75, 2.75, 0, 0.666, True
4, 1, 0, 3, 28, 0, 2.4, 2.4, 0, 0.805, True
4, 1, 0, 4, 26, 1, 2.14, 2.14, 1, 0.928, True
4, 1, 0, 5, 26, 0, 5.51, 5.51, 0, 0.666, True
4, 1, 0, 6, 24, 1, 3.34, 3.34, 1, 0.984, True
4, 1, 0, 7, 24, 1, 5.6, 5.6, 1, 0.653, True
4, 1, 0, 8, 22, 0, 0.47, 0.47, 0, 0.655, True
4, 1, 0, 9, 22, 0, 1.66, 1.66, 0, 1.017, True
4, 2, 0, 0, 7, 0, 1.76, 1.76, 0, 1.576, True
4, 2, 0, 1, 7, 1, 4.62, 4.62, 1, 1.927, True
4, 2, 0, 2, 5, 0, 1.18, 1.18, 1, 1.879, False
4, 2, 0, 3, 6, 0, 0.26, 0.26, 0, 1.163, True
4, 2, 0, 4, 6, 0, 0.5, 0.5, 0, 1.091, True
4, 2, 0, 5, 4, 1, 0.31, 0.31, 1, 4.612, True
4, 2, 0, 6, 4, 1, 0.23, 0.23, 1, 3.083, True
4, 2, 0, 7, 3, 0, 0.79, 0.79, 0, 2.552, True
4, 2, 0, 8, 3, 0, 5.06, 5.06, 1, 1.738, False
4, 2, 0, 9, 4, 0, 0.41, 0.41, 0, 1.279, True
4, 2, 0, 10, 4, 0, 2.07, 2.07, 0, 2.76, True
4, 2, 0, 11, 3, 1, 3.51, 3.51, 1, 2.894, True
4, 2, 0, 12, 3, 1, 2.59, 2.59, 0, 4.382, False
4, 2, 0, 13, 4, 0, 4.22, 4.22, 0, 2.435, True
4, 2, 0, 14, 4, 1, 3.89, 3.89, 0, 1.877, False
4, 2, 0, 15, 5, 0, 5.56, 5.56, 1, 1.103, False
4, 2, 0, 16, 6, 0, 2.89, 2.89, 0, 1.116, True
4, 2, 0, 17, 6, 1, 4.41, 4.41, 1, 1.01, True
4, 2, 0, 18, 4, 0, 2.93, 2.93, 0, 0.693, True
4, 2, 0, 19, 4, 1, 1.81, 1.81, 0, 1.31, False
4, 2, 0, 20, 5, 0, 0.16, 0.16, 1, 0.902, False
4, 2, 0, 21, 6, 1, 1.32, 1.32, 1, 1.359, True
4, 2, 0, 22, 6, 0, 3.17, 3.17, 0, 0.685, True
4, 2, 0, 23, 4, 1, 2.65, 2.65, 0, 1.102, False
4, 2, 0, 24, 5, 0, 2.02, 2.02, 0, 0.742, True
4, 2, 0, 25, 5, 1, 3.11, 3.11, 1, 1.501, True
4, 2, 0, 26, 4, 0, 0.71, 0.71, 0, 1.03, True
4, 2, 0, 27, 4, 0, 4.18, 4.18, 0, 1.529, True
4, 2, 0, 28, 3, 1, 1.43, 1.43, 1, 1.871, True
4, 2, 0, 29, 3, 1, 5.47, 5.47, 0, 1.496, False
4, 2, 0, 30, 4, 1, 4.68, 4.68, 0, 1.307, False
4, 2, 0, 31, 5, 1, 1.41, 1.41, 1, 2.005, True
4, 2, 0, 32, 5, 0, 4.45, 4.45, 0, 0.867, True
4, 2, 0, 33, 4, 0, 0.75, 0.75, 1, 0.911, False
4, 2, 0, 34, 5, 1, 5.51, 5.51, 1, 1.167, True
4, 2, 0, 35, 5, 1, 4.34, 4.34, 0, 0.733, False
4, 2, 0, 36, 6, 1, 5.57, 5.57, 0, 3.524, False
4, 2, 0, 37, 8, 0, 1.44, 1.44, 0, 0.699, True
4, 2, 0, 38, 8, 1, 5.53, 5.53, 1, 0.651, True
4, 2, 0, 39, 6, 0, 2.12, 2.12, 0, 0.782, True
4, 2, 0, 40, 6, 1, 3.72, 3.72, 0, 0.8, False
4, 2, 0, 41, 8, 1, 1.55, 1.55, 1, 0.942, True
4, 2, 0, 42, 8, 1, 6.05, 6.05, 0, 0.663, False
4, 2, 0, 43, 10, 0, 2.1, 2.1, 0, 0.825, True
4, 2, 0, 44, 10, 1, 2.53, 2.53, 1, 0.639, True
4, 2, 0, 45, 8, 0, 4.03, 4.03, 0, 0.732, True
4, 2, 0, 46, 8, 1, 4.79, 4.79, 1, 0.635, True
4, 2, 0, 47, 6, 1, 2.15, 2.15, 1, 0.798, True
4, 2, 0, 48, 6, 0, 5.11, 5.11, 0, 0.699, True
4, 2, 0, 49, 4, 1, 4.7, 4.7, 1, 2.075, True
4, 3, 1, 0, 13, 0, 1.68, 4.82, 1, 1.409, False
4, 3, 1, 1, 15, 1, 2.9, 6.04, 0, 2.251, False
4, 3, 1, 2, 17, 1, 5.12, 1.98, 1, 1.504, True
4, 3, 1, 3, 17, 0, 3.26, 0.12, 1, 1.131, False
4, 3, 1, 4, 19, 0, 3.92, 0.77, 0, 2.164, True
4, 3, 1, 5, 19, 0, 3.67, 0.52, 0, 0.788, True
4, 3, 1, 6, 17, 0, 3.96, 0.82, 0, 0.595, True
4, 3, 1, 7, 17, 1, 2.23, 5.37, 1, 1.002, True
4, 3, 1, 8, 15, 0, 0.37, 3.51, 0, 0.654, True
4, 3, 1, 9, 15, 0, 5.76, 2.62, 1, 1.0, False
4, 3, 1, 10, 17, 0, 1.07, 4.21, 0, 0.748, True
4, 3, 1, 11, 17, 1, 1.54, 4.68, 1, 0.907, True
4, 3, 1, 12, 15, 1, 5.33, 2.19, 1, 0.987, True
4, 3, 1, 13, 15, 1, 5.32, 2.18, 1, 0.792, True
4, 3, 1, 14, 13, 1, 1.69, 4.83, 1, 0.834, True
4, 3, 1, 15, 13, 1, 0.87, 4.02, 0, 1.856, False
4, 3, 1, 16, 15, 0, 0.83, 3.97, 0, 0.708, True
4, 3, 1, 17, 15, 0, 3.92, 0.78, 0, 1.038, True
4, 3, 1, 18, 13, 1, 5.95, 2.81, 1, 0.851, True
4, 3, 1, 19, 13, 1, 0.27, 3.41, 1, 1.408, True
4, 3, 1, 20, 11, 1, 4.43, 1.29, 1, 2.334, True
4, 3, 1, 21, 11, 1, 4.94, 1.8, 1, 0.687, True
4, 3, 1, 22, 9, 1, 2.12, 5.26, 1, 2.482, True
4, 3, 1, 23, 9, 1, 2.45, 5.59, 1, 0.973, True
4, 3, 1, 24, 7, 0, 5.46, 2.32, 0, 0.661, True
4, 3, 1, 25, 7, 0, 2.74, 5.88, 0, 0.592, True
4, 3, 1, 26, 5, 1, 5.52, 2.38, 1, 1.015, True
4, 3, 1, 27, 5, 0, 0.54, 3.68, 0, 2.421, True
4, 3, 1, 28, 4, 1, 0.34, 3.49, 1, 3.715, True
4, 3, 1, 29, 4, 0, 5.57, 2.43, 0, 1.26, True
4, 3, 1, 30, 3, 0, 0.2, 3.34, 0, 2.112, True
4, 3, 1, 31, 3, 1, 1.5, 4.64, 1, 1.65, True
4, 3, 1, 32, 2, 1, 2.86, 6.0, 0, 3.247, False
4, 3, 1, 33, 3, 0, 2.78, 5.92, 0, 2.371, True
4, 3, 1, 34, 3, 0, 6.19, 3.05, 1, 1.027, False
4, 3, 1, 35, 4, 1, 0.04, 3.18, 1, 1.385, True
4, 3, 1, 36, 4, 0, 5.61, 2.47, 1, 0.888, False
4, 3, 1, 37, 5, 0, 5.1, 1.96, 0, 1.018, True
4, 3, 1, 38, 5, 1, 3.47, 0.33, 1, 1.105, True
4, 3, 1, 39, 4, 1, 5.95, 2.81, 0, 1.907, False
4, 3, 1, 40, 5, 0, 3.23, 0.09, 0, 1.189, True
4, 3, 1, 41, 5, 0, 0.48, 3.62, 1, 0.837, False
4, 3, 1, 42, 6, 1, 3.13, 6.27, 1, 1.762, True
4, 3, 1, 43, 6, 0, 1.93, 5.07, 1, 1.33, False
4, 3, 1, 44, 8, 1, 0.72, 3.86, 1, 0.899, True
4, 3, 1, 45, 8, 0, 3.9, 0.75, 1, 0.819, False
4, 3, 1, 46, 10, 1, 0.46, 3.6, 1, 0.719, True
4, 3, 1, 47, 10, 1, 1.09, 4.23, 1, 0.607, True
4, 3, 1, 48, 8, 0, 0.52, 3.66, 1, 0.699, False
4, 3, 1, 49, 10, 1, 4.4, 1.26, 1, 0.621, True
4, 4, 1, 0, 10, 0, 3.38, 0.23, 0, 1.08, True
4, 4, 1, 1, 10, 1, 4.18, 1.04, 1, 0.643, True
4, 4, 1, 2, 8, 1, 3.6, 0.45, 1, 0.864, True
4, 4, 1, 3, 8, 1, 1.81, 4.95, 1, 1.124, True
4, 4, 1, 4, 6, 1, 3.86, 0.72, 1, 0.605, True
4, 4, 1, 5, 6, 1, 0.78, 3.93, 1, 0.564, True
4, 4, 1, 6, 4, 0, 0.16, 3.31, 1, 0.732, False
4, 4, 1, 7, 5, 0, 0.5, 3.64, 1, 0.669, False
4, 4, 1, 8, 6, 1, 5.62, 2.48, 1, 0.742, True
4, 4, 1, 9, 6, 1, 1.81, 4.95, 0, 1.381, False
4, 4, 1, 10, 8, 0, 4.74, 1.6, 1, 0.938, False
4, 4, 1, 11, 10, 1, 3.68, 0.54, 0, 1.736, False
4, 4, 1, 12, 12, 0, 3.31, 0.16, 0, 0.879, True
4, 4, 1, 13, 12, 1, 0.32, 3.47, 1, 0.786, True
4, 4, 1, 14, 10, 0, 3.11, 6.25, 0, 0.594, True
4, 4, 1, 15, 10, 1, 4.26, 1.12, 1, 0.688, True
4, 4, 1, 16, 8, 0, 2.16, 5.31, 1, 1.355, False
4, 4, 1, 17, 10, 1, 2.9, 6.04, 0, 0.532, False
4, 4, 1, 18, 12, 1, 0.51, 3.65, 0, 1.389, False
4, 4, 1, 19, 14, 0, 0.84, 3.98, 0, 0.674, True
4, 4, 1, 20, 14, 1, 4.9, 1.75, 1, 0.932, True
4, 4, 1, 21, 12, 0, 5.08, 1.93, 0, 0.635, True
4, 4, 1, 22, 12, 0, 0.22, 3.36, 1, 0.832, False
4, 4, 1, 23, 14, 0, 5.36, 2.22, 0, 0.549, True
4, 4, 1, 24, 14, 1, 0.41, 3.55, 1, 0.695, True
4, 4, 1, 25, 12, 1, 1.09, 4.23, 0, 1.01, False
4, 4, 1, 26, 14, 0, 5.55, 2.41, 0, 0.752, True
4, 4, 1, 27, 14, 1, 2.23, 5.37, 1, 0.992, True
4, 4, 1, 28, 12, 0, 5.01, 1.87, 0, 1.423, True
4, 4, 1, 29, 12, 1, 1.72, 4.86, 0, 0.589, False
4, 4, 1, 30, 14, 1, 4.45, 1.31, 1, 0.683, True
4, 4, 1, 31, 14, 1, 3.61, 0.47, 1, 1.055, True
4, 4, 1, 32, 12, 0, 0.35, 3.49, 1, 0.771, False
4, 4, 1, 33, 14, 0, 0.57, 3.71, 0, 0.627, True
4, 4, 1, 34, 14, 1, 3.1, 6.24, 1, 0.52, True
4, 4, 1, 35, 12, 0, 4.07, 0.92, 0, 0.642, True
4, 4, 1, 36, 12, 0, 4.54, 1.4, 0, 0.587, True
4, 4, 1, 37, 10, 0, 1.54, 4.68, 1, 0.866, False
4, 4, 1, 38, 12, 0, 1.96, 5.11, 0, 0.574, True
4, 4, 1, 39, 12, 0, 3.1, 6.24, 0, 0.59, True
4, 4, 1, 40, 10, 0, 0.28, 3.42, 0, 0.733, True
4, 4, 1, 41, 10, 1, 3.95, 0.81, 1, 0.67, True
4, 4, 1, 42, 8, 1, 2.42, 5.56, 1, 1.538, True
4, 4, 1, 43, 8, 0, 4.4, 1.26, 1, 0.938, False
4, 4, 1, 44, 10, 1, 1.21, 4.35, 0, 1.025, False
4, 4, 1, 45, 12, 1, 0.09, 3.23, 1, 0.893, True
4, 4, 1, 46, 12, 0, 4.6, 1.46, 0, 0.539, True
4, 4, 1, 47, 10, 0, 5.58, 2.43, 0, 1.036, True
4, 4, 1, 48, 10, 0, 0.37, 3.51, 0, 1.58, True
4, 4, 1, 49, 8, 0, 3.86, 0.72, 0, 0.675, True
4, 5, 0, 0, 4, 1, 5.15, 5.15, 0, 1.735, False
4, 5, 0, 1, 5, 0, 5.45, 5.45, 0, 1.368, True
4, 5, 0, 2, 5, 0, 1.05, 1.05, 0, 1.632, True
4, 5, 0, 3, 4, 1, 6.28, 6.28, 1, 0.886, True
4, 5, 0, 4, 4, 1, 5.76, 5.76, 0, 1.793, False
4, 5, 0, 5, 5, 0, 0.85, 0.85, 0, 1.327, True
4, 5, 0, 6, 5, 0, 4.37, 4.37, 0, 0.696, True
4, 5, 0, 7, 4, 1, 4.86, 4.86, 1, 0.737, True
4, 5, 0, 8, 4, 1, 1.92, 1.92, 1, 0.8, True
4, 5, 0, 9, 3, 1, 5.91, 5.91, 0, 1.428, False
4, 5, 0, 10, 4, 1, 3.11, 3.11, 1, 0.857, True
4, 5, 0, 11, 4, 0, 1.13, 1.13, 1, 1.085, False
4, 5, 0, 12, 5, 1, 3.41, 3.41, 1, 0.912, True
4, 5, 0, 13, 5, 0, 0.15, 0.15, 0, 0.722, True
4, 5, 0, 14, 4, 1, 1.37, 1.37, 1, 0.628, True
4, 5, 0, 15, 4, 0, 2.3, 2.3, 0, 0.562, True
4, 5, 0, 16, 3, 1, 0.25, 0.25, 1, 0.762, True
4, 5, 0, 17, 3, 0, 1.74, 1.74, 0, 1.01, True
4, 5, 0, 18, 2, 0, 4.26, 4.26, 0, 0.935, True
4, 5, 0, 19, 2, 0, 3.13, 3.13, 0, 1.014, True
4, 5, 0, 20, 1, 0, 0.13, 0.13, 1, 1.091, False
4, 5, 0, 21, 2, 1, 2.33, 2.33, 0, 0.701, False
4, 5, 0, 22, 3, 1, 3.91, 3.91, 0, 1.079, False
4, 5, 0, 23, 4, 1, 2.53, 2.53, 1, 0.706, True
4, 5, 0, 24, 4, 0, 4.99, 4.99, 0, 0.757, True
4, 5, 0, 25, 3, 0, 0.75, 0.75, 1, 0.909, False
4, 5, 0, 26, 4, 0, 1.97, 1.97, 0, 0.991, True
4, 5, 0, 27, 4, 1, 5.4, 5.4, 1, 0.934, True
4, 5, 0, 28, 3, 1, 3.97, 3.97, 0, 0.624, False
4, 5, 0, 29, 4, 0, 3.41, 3.41, 1, 0.861, False
4, 5, 0, 30, 5, 1, 1.7, 1.7, 1, 0.833, True
4, 5, 0, 31, 5, 0, 3.32, 3.32, 0, 1.383, True
4, 5, 0, 32, 4, 1, 6.25, 6.25, 1, 0.926, True
4, 5, 0, 33, 4, 0, 0.65, 0.65, 0, 0.791, True
4, 5, 0, 34, 3, 0, 1.02, 1.02, 1, 0.782, False
4, 5, 0, 35, 4, 0, 2.31, 2.31, 1, 1.437, False
4, 5, 0, 36, 5, 0, 5.9, 5.9, 0, 2.042, True
4, 5, 0, 37, 5, 1, 3.65, 3.65, 1, 1.062, True
4, 5, 0, 38, 4, 0, 4.58, 4.58, 0, 1.539, True
4, 5, 0, 39, 4, 1, 3.56, 3.56, 0, 2.244, False
4, 5, 0, 40, 5, 1, 1.35, 1.35, 1, 0.704, True
4, 5, 0, 41, 5, 1, 1.72, 1.72, 1, 0.851, True
4, 5, 0, 42, 4, 1, 5.84, 5.84, 1, 0.847, True
4, 5, 0, 43, 4, 0, 4.84, 4.84, 0, 0.69, True
4, 5, 0, 44, 3, 1, 5.35, 5.35, 0, 2.131, False
4, 5, 0, 45, 4, 1, 5.72, 5.72, 1, 0.772, True
4, 5, 0, 46, 4, 0, 1.28, 1.28, 0, 0.716, True
4, 5, 0, 47, 3, 1, 6.06, 6.06, 1, 1.126, True
4, 5, 0, 48, 3, 1, 4.91, 4.91, 1, 0.88, True
4, 5, 0, 49, 2, 1, 2.62, 2.62, 0, 0.723, False
4, 6, 0, 0, 3, 0, 3.22, 3.22, 0, 2.216, True
4, 6, 0, 1, 3, 0, 1.71, 1.71, 0, 0.974, True
4, 6, 0, 2, 2, 0, 5.79, 5.79, 1, 1.661, False
4, 6, 0, 3, 3, 1, 3.42, 3.42, 0, 0.866, False
4, 6, 0, 4, 4, 0, 0.79, 0.79, 0, 1.021, True
4, 6, 0, 5, 4, 1, 2.81, 2.81, 1, 0.755, True
4, 6, 0, 6, 3, 1, 3.01, 3.01, 1, 0.674, True
4, 6, 0, 7, 3, 1, 5.12, 5.12, 0, 0.916, False
4, 6, 0, 8, 4, 0, 5.59, 5.59, 0, 0.574, True
4, 6, 0, 9, 4, 0, 1.53, 1.53, 1, 0.758, False
4, 6, 0, 10, 5, 1, 5.88, 5.88, 1, 0.91, True
4, 6, 0, 11, 5, 1, 0.0, 0.0, 0, 1.424, False
4, 6, 0, 12, 6, 1, 0.76, 0.76, 1, 0.653, True
4, 6, 0, 13, 6, 1, 1.4, 1.4, 1, 0.642, True
4, 6, 0, 14, 4, 1, 1.44, 1.44, 1, 0.839, True
4, 6, 0, 15, 4, 1, 3.77, 3.77, 1, 1.636, True
4, 6, 0, 16, 3, 1, 3.44, 3.44, 1, 0.609, True
4, 6, 0, 17, 3, 0, 3.96, 3.96, 0, 0.67, True
4, 6, 0, 18, 2, 0, 3.79, 3.79, 1, 0.993, False
4, 6, 0, 19, 3, 0, 1.11, 1.11, 1, 0.96, False
4, 6, 0, 20, 4, 1, 5.78, 5.78, 1, 0.904, True
4, 6, 0, 21, 4, 1, 0.43, 0.43, 1, 1.074, True
4, 6, 0, 22, 3, 0, 2.61, 2.61, 0, 0.758, True
4, 6, 0, 23, 3, 1, 6.21, 6.21, 1, 0.926, True
4, 6, 0, 24, 2, 0, 3.25, 3.25, 0, 0.912, True
4, 6, 0, 25, 2, 1, 5.39, 5.39, 0, 1.25, False
4, 6, 0, 26, 3, 0, 2.2, 2.2, 1, 1.495, False
4, 6, 0, 27, 4, 1, 0.68, 0.68, 1, 0.962, True
4, 6, 0, 28, 4, 1, 2.37, 2.37, 1, 0.946, True
4, 6, 0, 29, 3, 0, 3.89, 3.89, 0, 0.666, True
4, 6, 0, 30, 3, 0, 2.63, 2.63, 1, 0.83, False
4, 6, 0, 31, 4, 1, 0.09, 0.09, 1, 1.339, True
4, 6, 0, 32, 4, 0, 5.3, 5.3, 1, 0.907, False
4, 6, 0, 33, 5, 1, 2.95, 2.95, 1, 0.725, True
4, 6, 0, 34, 5, 1, 3.34, 3.34, 1, 0.735, True
4, 6, 0, 35, 4, 1, 4.1, 4.1, 1, 0.672, True
4, 6, 0, 36, 4, 1, 6.12, 6.12, 1, 0.682, True
4, 6, 0, 37, 3, 1, 3.7, 3.7, 0, 1.469, False
4, 6, 0, 38, 4, 0, 5.59, 5.59, 1, 0.873, False
4, 6, 0, 39, 5, 0, 1.73, 1.73, 0, 1.22, True
4, 6, 0, 40, 5, 1, 1.71, 1.71, 1, 1.026, True
4, 6, 0, 41, 4, 0, 2.65, 2.65, 0, 0.8, True
4, 6, 0, 42, 4, 1, 3.45, 3.45, 1, 1.012, True
4, 6, 0, 43, 3, 0, 3.08, 3.08, 0, 1.41, True
4, 6, 0, 44, 3, 0, 3.65, 3.65, 0, 0.687, True
4, 6, 0, 45, 2, 1, 5.56, 5.56, 0, 1.042, False
4, 6, 0, 46, 3, 1, 0.51, 0.51, 1, 0.927, True
4, 6, 0, 47, 3, 1, 4.86, 4.86, 0, 0.913, False
4, 6, 0, 48, 4, 0, 0.52, 0.52, 1, 2.291, False
4, 6, 0, 49, 5, 1, 0.93, 0.93, 0, 2.125, False
4, 7, 1, 0, 8, 1, 2.42, 5.56, 1, 1.327, True
4, 7, 1, 1, 8, 0, 1.04, 4.18, 1, 1.024, False
4, 7, 1, 2, 10, 1, 6.03, 2.89, 1, 0.566, True
4, 7, 1, 3, 10, 0, 4.18, 1.03, 0, 0.606, True
4, 7, 1, 4, 8, 0, 1.4, 4.54, 1, 0.812, False
4, 7, 1, 5, 10, 0, 4.44, 1.3, 0, 0.737, True
4, 7, 1, 6, 10, 1, 1.02, 4.16, 1, 1.098, True
4, 7, 1, 7, 8, 1, 1.08, 4.22, 1, 0.725, True
4, 7, 1, 8, 8, 0, 0.15, 3.29, 0, 4.308, True
4, 7, 1, 9, 6, 0, 4.43, 1.29, 1, 1.582, False
4, 7, 1, 10, 8, 1, 3.0, 6.14, 1, 1.277, True
4, 7, 1, 11, 8, 1, 0.23, 3.37, 1, 0.64, True
4, 7, 1, 12, 6, 0, 5.51, 2.37, 0, 0.653, True
4, 7, 1, 13, 6, 0, 0.41, 3.55, 0, 0.658, True
4, 7, 1, 14, 4, 0, 2.63, 5.77, 0, 0.604, True
4, 7, 1, 15, 4, 1, 3.29, 0.15, 1, 0.591, True
4, 7, 1, 16, 3, 1, 4.7, 1.55, 0, 1.629, False
4, 7, 1, 17, 4, 0, 3.99, 0.85, 0, 1.817, True
4, 7, 1, 18, 4, 1, 3.78, 0.64, 1, 0.551, True
4, 7, 1, 19, 3, 0, 2.34, 5.48, 0, 1.328, True
4, 7, 1, 20, 3, 1, 3.24, 0.1, 1, 0.929, True
4, 7, 1, 21, 2, 1, 0.3, 3.44, 0, 1.635, False
4, 7, 1, 22, 3, 1, 3.77, 0.63, 0, 2.928, False
4, 7, 1, 23, 4, 0, 3.53, 0.39, 0, 1.081, True
4, 7, 1, 24, 4, 1, 0.85, 4.0, 1, 0.892, True
4, 7, 1, 25, 3, 1, 2.71, 5.85, 1, 0.831, True
4, 7, 1, 26, 3, 1, 1.54, 4.68, 0, 1.292, False
4, 7, 1, 27, 4, 0, 2.55, 5.69, 0, 0.806, True
4, 7, 1, 28, 4, 1, 0.12, 3.26, 1, 0.708, True
4, 7, 1, 29, 3, 1, 2.77, 5.92, 1, 2.501, True
4, 7, 1, 30, 3, 0, 3.07, 6.21, 1, 1.535, False
4, 7, 1, 31, 4, 0, 4.09, 0.95, 1, 0.833, False
4, 7, 1, 32, 5, 1, 2.94, 6.08, 1, 0.606, True
4, 7, 1, 33, 5, 1, 5.17, 2.02, 0, 0.98, False
4, 7, 1, 34, 6, 0, 0.17, 3.31, 1, 0.868, False
4, 7, 1, 35, 8, 1, 5.95, 2.81, 1, 0.656, True
4, 7, 1, 36, 8, 0, 4.9, 1.76, 0, 0.684, True
4, 7, 1, 37, 6, 1, 2.38, 5.52, 1, 0.959, True
4, 7, 1, 38, 6, 0, 1.57, 4.71, 1, 0.959, False
4, 7, 1, 39, 8, 1, 3.01, 6.15, 1, 0.661, True
4, 7, 1, 40, 8, 0, 5.14, 2.0, 0, 0.545, True
4, 7, 1, 41, 6, 1, 0.03, 3.18, 1, 0.793, True
4, 7, 1, 42, 6, 1, 4.22, 1.08, 1, 0.847, True
4, 7, 1, 43, 4, 1, 6.14, 3.0, 1, 0.668, True
4, 7, 1, 44, 4, 1, 2.69, 5.84, 0, 0.815, False
4, 7, 1, 45, 5, 0, 3.08, 6.23, 0, 1.325, True
4, 7, 1, 46, 5, 1, 0.84, 3.98, 1, 0.799, True
4, 7, 1, 47, 4, 0, 6.11, 2.97, 1, 0.669, False
4, 7, 1, 48, 5, 1, 4.59, 1.45, 1, 0.545, True
4, 7, 1, 49, 5, 1, 5.05, 1.91, 1, 0.514, True
