0, 0, 0, 0, 30, 1, 5.48, 5.48, 1, 1.565, True
0, 0, 0, 1, 30, 0, 1.09, 1.09, 0, 1.005, True
0, 0, 0, 2, 28, 1, 2.94, 2.94, 1, 1.076, True
0, 0, 0, 3, 28, 1, 4.64, 4.64, 1, 1.161, True
0, 0, 0, 4, 26, 0, 1.96, 1.96, 0, 0.922, True
0, 0, 0, 5, 26, 0, 5.59, 5.59, 0, 0.904, True
0, 0, 0, 6, 24, 0, 2.6, 2.6, 0, 0.896, True
0, 0, 0, 7, 24, 0, 4.16, 4.16, 0, 0.803, True
0, 0, 0, 8, 22, 0, 5.79, 5.79, 0, 0.866, True
0, 0, 0, 9, 22, 0, 3.33, 3.33, 0, 0.725, True
0, 1, 1, 0, 40, 1, 3.01, 6.15, 0, 7.251, False
0, 1, 1, 1, 42, 1, 4.25, 1.11, 1, 1.112, True
0, 1, 1, 2, 42, 0, 5.56, 2.42, 0, 1.482, True
0, 1, 1, 3, 40, 0, 3.75, 0.61, 0, 1.799, True
0, 1, 1, 4, 40, 0, 4.67, 1.53, 0, 1.318, True
0, 1, 1, 5, 38, 0, 6.14, 3.0, 0, 1.18, True
0, 1, 1, 6, 38, 0, 0.13, 3.27, 0, 0.888, True
0, 1, 1, 7, 36, 0, 2.71, 5.85, 0, 1.267, True
0, 1, 1, 8, 36, 0, 4.54, 1.4, 0, 0.879, True
0, 1, 1, 9, 34, 0, 1.14, 4.28, 0, 0.97, True
0, 2, 1, 0, 13, 0, 4.13, 0.99, 0, 0.962, True
0, 2, 1, 1, 13, 0, 3.2, 0.06, 0, 0.737, True
0, 2, 1, 2, 11, 1, 0.55, 3.69, 1, 0.784, True
0, 2, 1, 3, 11, 1, 5.08, 1.94, 1, 0.833, True
0, 2, 1, 4, 9, 1, 4.64, 1.5, 1, 0.799, True
0, 2, 1, 5, 9, 1, 3.21, 0.07, 1, 1.042, True
0, 2, 1, 6, 7, 1, 1.56, 4.7, 1, 0.933, True
0, 2, 1, 7, 7, 1, 3.11, 6.25, 1, 0.735, True
0, 2, 1, 8, 5, 1, 4.8, 1.66, 1, 0.624, True
0, 2, 1, 9, 5, 0, 1.44, 4.58, 1, 0.877, False
0, 2, 1, 10, 6, 1, 0.34, 3.48, 1, 0.921, True
0, 2, 1, 11, 6, 1, 5.43, 2.29, 0, 0.592, False
0, 2, 1, 12, 8, 1, 2.53, 5.67, 1, 1.054, True
0, 2, 1, 13, 8, 1, 3.44, 0.3, 0, 0.8, False
0, 2, 1, 14, 10, 1, 3.52, 0.38, 1, 0.812, True
0, 2, 1, 15, 10, 1, 1.99, 5.13, 0, 1.133, False
0, 2, 1, 16, 12, 1, 0.95, 4.09, 0, 0.97, False
0, 2, 1, 17, 14, 1, 0.88, 4.02, 1, 0.696, True
0, 2, 1, 18, 14, 1, 0.98, 4.12, 1, 0.611, True
0, 2, 1, 19, 12, 0, 3.88, 0.74, 0, 0.657, True
0, 2, 1, 20, 12, 0, 4.5, 1.36, 0, 0.918, True
0, 2, 1, 21, 10, 0, 2.76, 5.91, 0, 1.024, True
0, 2, 1, 22, 10, 0, 1.4, 4.54, 1, 0.861, False
0, 2, 1, 23, 12, 1, 1.3, 4.45, 1, 0.792, True
0, 2, 1, 24, 12, 1, 1.85, 4.99, 0, 0.909, False
0, 2, 1, 25, 14, 0, 0.78, 3.92, 1, 1.133, False
0, 2, 1, 26, 16, 0, 4.27, 1.13, 1, 1.228, False
0, 2, 1, 27, 18, 0, 5.84, 2.7, 1, 1.712, False
0, 2, 1, 28, 20, 0, 4.96, 1.82, 0, 1.041, True
0, 2, 1, 29, 20, 0, 4.6, 1.46, 0, 0.669, True
0, 2, 1, 30, 18, 1, 4.37, 1.23, 1, 0.817, True
0, 2, 1, 31, 18, 0, 5.57, 2.43, 1, 1.343, False
0, 2, 1, 32, 20, 1, 0.84, 3.98, 1, 0.896, True
0, 2, 1, 33, 20, 1, 1.7, 4.84, 1, 1.059, True
0, 2, 1, 34, 18, 1, 6.05, 2.91, 1, 0.847, True
0, 2, 1, 35, 18, 1, 0.44, 3.58, 1, 1.051, True
0, 2, 1, 36, 16, 1, 1.11, 4.25, 1, 0.958, True
0, 2, 1, 37, 16, 1, 0.3, 3.44, 1, 0.803, True
0, 2, 1, 38, 14, 1, 3.11, 6.26, 1, 1.0, True
0, 2, 1, 39, 14, 0, 0.81, 3.95, 0, 0.692, True
0, 2, 1, 40, 12, 1, 2.02, 5.16, 1, 0.807, True
0, 2, 1, 41, 12, 1, 1.82, 4.96, 1, 0.765, True
0, 2, 1, 42, 10, 0, 5.09, 1.95, 0, 1.643, True
0, 2, 1, 43, 10, 0, 4.44, 1.3, 1, 0.8, False
0, 2, 1, 44, 12, 0, 1.22, 4.36, 1, 0.903, False
0, 2, 1, 45, 14, 1, 4.31, 1.17, 1, 0.93, True
0, 2, 1, 46, 14, 1, 2.51, 5.65, 0, 1.619, False
0, 2, 1, 47, 16, 0, 6.28, 3.14, 0, 2.8, True
0, 2, 1, 48, 16, 0, 1.26, 4.41, 1, 0.852, False
0, 2, 1, 49, 18, 1, 5.77, 2.63, 1, 0.838, True
0, 3, 0, 0, 7, 1, 1.97, 1.97, 1, 1.5, True
0, 3, 0, 1, 7, 0, 0.25, 0.25, 1, 1.269, False
0, 3, 0, 2, 9, 0, 4.59, 4.59, 0, 1.281, True
0, 3, 0, 3, 9, 0, 1.42, 1.42, 0, 0.884, True
0, 3, 0, 4, 7, 1, 3.17, 3.17, 0, 1.456, False
0, 3, 0, 5, 9, 0, 5.29, 5.29, 0, 0.908, True
0, 3, 0, 6, 9, 0, 3.61, 3.61, 0, 1.077, True
0, 3, 0, 7, 7, 0, 2.91, 2.91, 0, 1.121, True
0, 3, 0, 8, 7, 1, 2.67, 2.67, 1, 0.851, True
0, 3, 0, 9, 5, 0, 4.39, 4.39, 0, 1.447, True
0, 3, 0, 10, 5, 0, 2.97, 2.97, 0, 1.058, True
0, 3, 0, 11, 4, 1, 3.12, 3.12, 1, 0.892, True
0, 3, 0, 12, 4, 0, 0.45, 0.45, 0, 1.037, True
0, 3, 0, 13, 3, 0, 5.9, 5.9, 1, 0.876, False
0, 3, 0, 14, 4, 1, 4.18, 4.18, 1, 0.895, True
0, 3, 0, 15, 4, 1, 1.8, 1.8, 1, 0.802, True
0, 3, 0, 16, 3, 1, 3.03, 3.03, 0, 0.865, False
0, 3, 0, 17, 4, 1, 3.32, 3.32, 1, 1.093, True
0, 3, 0, 18, 4, 1, 4.81, 4.81, 1, 0.768, True
0, 3, 0, 19, 3, 0, 2.87, 2.87, 1, 0.783, False
0, 3, 0, 20, 4, 1, 3.01, 3.01, 1, 1.503, True
0, 3, 0, 21, 4, 1, 2.23, 2.23, 1, 0.849, True
0, 3, 0, 22, 3, 1, 5.96, 5.96, 0, 1.156, False
0, 3, 0, 23, 4, 1, 5.58, 5.58, 0, 1.603, False
0, 3, 0, 24, 5, 1, 4.71, 4.71, 1, 0.703, True
0, 3, 0, 25, 5, 0, 2.73, 2.73, 0, 1.205, True
0, 3, 0, 26, 4, 0, 0.82, 0.82, 1, 1.796, False
0, 3, 0, 27, 5, 1, 4.31, 4.31, 1, 0.914, True
0, 3, 0, 28, 5, 0, 2.41, 2.41, 0, 1.101, True
0, 3, 0, 29, 4, 1, 5.5, 5.5, 1, 0.831, True
0, 3, 0, 30, 4, 1, 2.33, 2.33, 1, 0.852, True
0, 3, 0, 31, 3, 1, 1.57, 1.57, 0, 1.137, False
0, 3, 0, 32, 4, 1, 0.79, 0.79, 1, 0.866, True
0, 3, 0, 33, 4, 0, 5.48, 5.48, 1, 0.734, False
0, 3, 0, 34, 5, 1, 3.87, 3.87, 1, 0.597, True
0, 3, 0, 35, 5, 1, 4.37, 4.37, 1, 0.737, True
0, 3, 0, 36, 4, 0, 5.81, 5.81, 1, 0.631, False
0, 3, 0, 37, 5, 0, 4.4, 4.4, 1, 1.942, False
0, 3, 0, 38, 6, 0, 2.13, 2.13, 1, 1.175, False
0, 3, 0, 39, 8, 0, 5.01, 5.01, 0, 0.606, True
0, 3, 0, 40, 8, 0, 1.18, 1.18, 0, 0.517, True
0, 3, 0, 41, 6, 0, 0.94, 0.94, 0, 0.719, True
0, 3, 0, 42, 6, 0, 0.97, 0.97, 0, 0.929, True
0, 3, 0, 43, 4, 0, 1.51, 1.51, 1, 1.73, False
0, 3, 0, 44, 5, 1, 2.87, 2.87, 1, 1.028, True
0, 3, 0, 45, 5, 1, 1.48, 1.48, 1, 0.985, True
0, 3, 0, 46, 4, 0, 4.27, 4.27, 1, 1.599, False
0, 3, 0, 47, 5, 0, 1.97, 1.97, 0, 0.635, True
0, 3, 0, 48, 5, 1, 4.08, 4.08, 1, 0.662, True
0, 3, 0, 49, 4, 1, 0.71, 0.71, 0, 1.044, False
0, 4, 0, 0, 5, 1, 5.64, 5.64, 1, 0.758, True
0, 4, 0, 1, 5, 1, 5.53, 5.53, 0, 0.967, False
0, 4, 0, 2, 6, 1, 2.52, 2.52, 1, 0.606, True
0, 4, 0, 3, 6, 0, 0.73, 0.73, 0, 0.821, True
0, 4, 0, 4, 4, 0, 5.19, 5.19, 0, 0.867, True
0, 4, 0, 5, 4, 0, 5.08, 5.08, 0, 0.703, True
0, 4, 0, 6, 3, 0, 3.28, 3.28, 0, 0.977, True
0, 4, 0, 7, 3, 0, 4.65, 4.65, 0, 1.105, True
0, 4, 0, 8, 2, 1, 5.24, 5.24, 0, 0.891, False
0, 4, 0, 9, 3, 0, 1.55, 1.55, 0, 0.964, True
0, 4, 0, 10, 3, 1, 1.17, 1.17, 1, 0.874, True
0, 4, 0, 11, 2, 0, 4.96, 4.96, 1, 1.312, False
0, 4, 0, 12, 3, 0, 1.7, 1.7, 1, 1.522, False
0, 4, 0, 13, 4, 0, 1.27, 1.27, 1, 0.9, False
0, 4, 0, 14, 5, 1, 2.64, 2.64, 1, 0.782, True
0, 4, 0, 15, 5, 1, 0.91, 0.91, 1, 1.054, True
0, 4, 0, 16, 4, 0, 1.61, 1.61, 0, 1.41, True
0, 4, 0, 17, 4, 0, 2.72, 2.72, 0, 0.528, True
0, 4, 0, 18, 3, 0, 3.3, 3.3, 1, 1.474, False
0, 4, 0, 19, 4, 1, 3.12, 3.12, 0, 0.861, False
0, 4, 0, 20, 5, 0, 1.95, 1.95, 0, 0.64, True
0, 4, 0, 21, 5, 1, 3.12, 3.12, 1, 0.563, True
0, 4, 0, 22, 4, 0, 3.72, 3.72, 0, 0.739, True
0, 4, 0, 23, 4, 1, 0.23, 0.23, 1, 0.669, True
0, 4, 0, 24, 3, 0, 4.31, 4.31, 0, 0.801, True
0, 4, 0, 25, 3, 0, 4.09, 4.09, 1, 0.8, False
0, 4, 0, 26, 4, 1, 5.97, 5.97, 1, 0.686, True
0, 4, 0, 27, 4, 0, 0.55, 0.55, 0, 0.586, True
0, 4, 0, 28, 3, 1, 2.92, 2.92, 1, 0.705, True
0, 4, 0, 29, 3, 1, 2.7, 2.7, 1, 0.819, True
0, 4, 0, 30, 2, 0, 4.96, 4.96, 1, 0.705, False
0, 4, 0, 31, 3, 1, 5.24, 5.24, 1, 0.779, True
0, 4, 0, 32, 3, 1, 4.24, 4.24, 0, 1.001, False
0, 4, 0, 33, 4, 0, 1.01, 1.01, 1, 1.063, False
0, 4, 0, 34, 5, 0, 5.67, 5.67, 0, 0.706, True
0, 4, 0, 35, 5, 0, 1.38, 1.38, 0, 0.555, True
0, 4, 0, 36, 4, 1, 5.67, 5.67, 1, 0.691, True
0, 4, 0, 37, 4, 0, 4.82, 4.82, 1, 0.702, False
0, 4, 0, 38, 5, 1, 5.45, 5.45, 1, 0.577, True
0, 4, 0, 39, 5, 1, 5.01, 5.01, 1, 0.8, True
0, 4, 0, 40, 4, 1, 0.17, 0.17, 1, 0.559, True
0, 4, 0, 41, 4, 0, 0.1, 0.1, 1, 0.895, False
0, 4, 0, 42, 5, 0, 1.01, 1.01, 0, 0.594, True
0, 4, 0, 43, 5, 1, 0.96, 0.96, 1, 0.721, True
0, 4, 0, 44, 4, 1, 4.33, 4.33, 1, 1.28, True
0, 4, 0, 45, 4, 1, 1.27, 1.27, 1, 0.625, True
0, 4, 0, 46, 3, 0, 2.33, 2.33, 0, 1.022, True
0, 4, 0, 47, 3, 1, 1.38, 1.38, 1, 1.524, True
0, 4, 0, 48, 2, 0, 0.76, 0.76, 1, 0.981, False
0, 4, 0, 49, 3, 1, 0.82, 0.82, 1, 0.812, True
0, 5, 1, 0, 18, 0, 4.42, 1.28, 0, 0.733, True
0, 5, 1, 1, 18, 1, 2.74, 5.89, 1, 0.598, True
0, 5, 1, 2, 16, 1, 5.96, 2.81, 1, 0.684, True
0, 5, 1, 3, 16, 1, 3.61, 0.46, 1, 0.824, True
0, 5, 1, 4, 14, 1, 4.65, 1.51, 1, 0.893, True
0, 5, 1, 5, 14, 0, 0.2, 3.34, 0, 1.616, True
0, 5, 1, 6, 12, 1, 3.51, 0.36, 1, 1.534, True
0, 5, 1, 7, 12, 0, 0.45, 3.59, 1, 0.839, False
0, 5, 1, 8, 14, 1, 3.83, 0.69, 1, 0.746, True
0, 5, 1, 9, 14, 0, 1.56, 4.71, 1, 1.468, False
0, 5, 1, 10, 16, 1, 4.39, 1.25, 1, 0.704, True
0, 5, 1, 11, 16, 0, 3.02, 6.17, 1, 1.106, False
0, 5, 1, 12, 18, 0, 3.67, 0.53, 1, 0.748, False
0, 5, 1, 13, 20, 1, 5.64, 2.5, 1, 0.686, True
0, 5, 1, 14, 20, 1, 4.88, 1.74, 1, 0.72, True
0, 5, 1, 15, 18, 1, 2.01, 5.16, 1, 0.674, True
0, 5, 1, 16, 18, 0, 3.2, 0.06, 1, 0.87, False
0, 5, 1, 17, 20, 1, 3.27, 0.13, 1, 0.802, True
0, 5, 1, 18, 20, 1, 3.41, 0.27, 1, 0.871, True
0, 5, 1, 19, 18, 1, 5.13, 1.99, 1, 0.761, True
0, 5, 1, 20, 18, 0, 6.23, 3.09, 1, 1.281, False
0, 5, 1, 21, 20, 0, 1.7, 4.84, 1, 0.901, False
0, 5, 1, 22, 22, 1, 1.36, 4.5, 1, 0.768, True
0, 5, 1, 23, 22, 0, 3.61, 0.47, 1, 0.688, False
0, 5, 1, 24, 24, 1, 3.18, 0.04, 1, 0.65, True
0, 5, 1, 25, 24, 1, 3.82, 0.68, 1, 0.671, True
0, 5, 1, 26, 22, 1, 6.0, 2.86, 1, 1.091, True
0, 5, 1, 27, 22, 0, 3.47, 0.33, 1, 1.006, False
0, 5, 1, 28, 24, 0, 4.71, 1.57, 1, 1.324, False
0, 5, 1, 29, 26, 1, 5.76, 2.62, 1, 0.653, True
0, 5, 1, 30, 26, 1, 4.2, 1.06, 1, 1.498, True
0, 5, 1, 31, 24, 1, 2.52, 5.66, 1, 0.7, True
0, 5, 1, 32, 24, 1, 1.22, 4.37, 1, 0.838, True
0, 5, 1, 33, 22, 0, 0.32, 3.47, 0, 0.64, True
0, 5, 1, 34, 22, 1, 3.29, 0.15, 1, 0.765, True
0, 5, 1, 35, 20, 0, 2.39, 5.53, 1, 0.668, False
0, 5, 1, 36, 22, 1, 5.41, 2.26, 1, 0.664, True
0, 5, 1, 37, 22, 1, 1.54, 4.68, 1, 0.604, True
0, 5, 1, 38, 20, 1, 2.83, 5.97, 1, 0.627, True
0, 5, 1, 39, 20, 1, 5.06, 1.92, 1, 0.8, True
0, 5, 1, 40, 18, 1, 4.37, 1.22, 1, 0.543, True
0, 5, 1, 41, 18, 0, 2.07, 5.21, 1, 0.624, False
0, 5, 1, 42, 20, 1, 3.98, 0.84, 1, 0.628, True
0, 5, 1, 43, 20, 1, 4.07, 0.93, 1, 0.56, True
0, 5, 1, 44, 18, 0, 2.81, 5.95, 1, 0.974, False
0, 5, 1, 45, 20, 0, 5.03, 1.89, 1, 0.646, False
0, 5, 1, 46, 22, 0, 5.8, 2.66, 0, 0.953, True
0, 5, 1, 47, 22, 1, 3.6, 0.45, 1, 0.674, True
0, 5, 1, 48, 20, 1, 4.16, 1.02, 1, 0.541, True
0, 5, 1, 49, 20, 0, 3.65, 0.51, 0, 0.574, True
0, 6, 1, 0, 18, 0, 6.28, 3.14, 0, 0.662, True
0, 6, 1, 1, 18, 1, 2.05, 5.19, 1, 0.499, True
0, 6, 1, 2, 16, 1, 4.42, 1.27, 1, 0.557, True
0, 6, 1, 3, 16, 0, 1.18, 4.32, 1, 0.614, False
0, 6, 1, 4, 18, 0, 0.27, 3.41, 0, 0.54, True
0, 6, 1, 5, 18, 0, 3.21, 0.07, 0, 0.899, True
0, 6, 1, 6, 16, 0, 5.01, 1.87, 0, 0.588, True
0, 6, 1, 7, 16, 1, 5.56, 2.42, 1, 0.674, True
0, 6, 1, 8, 14, 0, 4.19, 1.05, 0, 0.59, True
0, 6, 1, 9, 14, 1, 3.92, 0.78, 1, 0.573, True
0, 6, 1, 10, 12, 1, 2.43, 5.57, 1, 0.725, True
0, 6, 1, 11, 12, 0, 0.64, 3.78, 1, 0.686, False
0, 6, 1, 12, 14, 0, 0.67, 3.81, 1, 0.946, False
0, 6, 1, 13, 16, 0, 6.04, 2.9, 0, 0.65, True
0, 6, 1, 14, 16, 0, 6.05, 2.91, 0, 0.591, True
0, 6, 1, 15, 14, 0, 4.84, 1.69, 0, 0.718, True
0, 6, 1, 16, 14, 1, 1.48, 4.62, 1, 0.767, True
0, 6, 1, 17, 12, 1, 5.16, 2.02, 1, 1.382, True
0, 6, 1, 18, 12, 0, 6.1, 2.96, 1, 1.157, False
0, 6, 1, 19, 14, 1, 0.5, 3.65, 1, 0.58, True
0, 6, 1, 20, 14, 0, 4.51, 1.37, 0, 1.331, True
0, 6, 1, 21, 12, 1, 2.8, 5.94, 1, 0.621, True
0, 6, 1, 22, 12, 0, 3.34, 0.2, 0, 0.602, True
0, 6, 1, 23, 10, 1, 2.25, 5.4, 0, 1.377, False
0, 6, 1, 24, 12, 1, 5.26, 2.12, 1, 0.64, True
0, 6, 1, 25, 12, 1, 3.91, 0.77, 1, 0.685, True
0, 6, 1, 26, 10, 0, 1.91, 5.05, 0, 0.848, True
0, 6, 1, 27, 10, 1, 5.06, 1.91, 1, 0.749, True
0, 6, 1, 28, 8, 1, 1.36, 4.51, 1, 0.542, True
0, 6, 1, 29, 8, 1, 1.95, 5.09, 1, 0.662, True
0, 6, 1, 30, 6, 0, 0.72, 3.86, 1, 0.618, False
0, 6, 1, 31, 8, 0, 5.79, 2.65, 1, 0.797, False
0, 6, 1, 32, 10, 1, 0.68, 3.82, 1, 0.564, True
0, 6, 1, 33, 10, 0, 0.47, 3.61, 1, 0.62, False
0, 6, 1, 34, 12, 1, 4.98, 1.84, 1, 0.626, True
0, 6, 1, 35, 12, 0, 1.61, 4.75, 1, 0.656, False
0, 6, 1, 36, 14, 0, 1.87, 5.02, 1, 0.796, False
0, 6, 1, 37, 16, 1, 1.94, 5.08, 1, 0.547, True
0, 6, 1, 38, 16, 1, 2.73, 5.87, 1, 0.676, True
0, 6, 1, 39, 14, 0, 5.0, 1.86, 1, 0.719, False
0, 6, 1, 40, 16, 1, 0.3, 3.44, 1, 0.673, True
0, 6, 1, 41, 16, 0, 1.48, 4.62, 0, 0.674, True
0, 6, 1, 42, 14, 1, 2.65, 5.79, 1, 0.9, True
0, 6, 1, 43, 14, 0, 3.9, 0.76, 1, 2.067, False
0, 6, 1, 44, 16, 1, 0.05, 3.19, 1, 0.927, True
0, 6, 1, 45, 16, 1, 6.1, 2.96, 1, 1.04, True
0, 6, 1, 46, 14, 0, 2.79, 5.93, 0, 0.774, True
0, 6, 1, 47, 14, 1, 2.62, 5.76, 1, 0.63, True
0, 6, 1, 48, 12, 0, 5.64, 2.5, 1, 1.091, False
0, 6, 1, 49, 14, 1, 2.33, 5.47, 1, 0.574, True
0, 7, 0, 0, 3, 0, 3.52, 3.52, 0, 1.836, True
0, 7, 0, 1, 3, 0, 5.18, 5.18, 0, 1.153, True
0, 7, 0, 2, 2, 0, 0.21, 0.21, 1, 1.097, False
0, 7, 0, 3, 3, 0, 1.87, 1.87, 1, 0.643, False
0, 7, 0, 4, 4, 1, 0.1, 0.1, 1, 0.837, True
0, 7, 0, 5, 4, 0, 0.96, 0.96, 0, 0.938, True
0, 7, 0, 6, 3, 1, 0.53, 0.53, 1, 0.803, True
0, 7, 0, 7, 3, 0, 6.16, 6.16, 1, 1.09, False
0, 7, 0, 8, 4, 1, 4.0, 4.0, 1, 0.78, True
0, 7, 0, 9, 4, 0, 0.9, 0.9, 0, 0.732, True
0, 7, 0, 10, 3, 1, 2.74, 2.74, 0, 1.013, False
0, 7, 0, 11, 4, 1, 4.82, 4.82, 0, 1.699, False
0, 7, 0, 12, 5, 0, 0.46, 0.46, 0, 1.95, True
0, 7, 0, 13, 5, 1, 4.26, 4.26, 1, 0.645, True
0, 7, 0, 14, 4, 1, 1.32, 1.32, 1, 0.825, True
0, 7, 0, 15, 4, 1, 2.52, 2.52, 1, 0.798, True
0, 7, 0, 16, 3, 0, 3.4, 3.4, 1, 0.787, False
0, 7, 0, 17, 4, 0, 3.04, 3.04, 1, 0.882, False
0, 7, 0, 18, 5, 1, 5.65, 5.65, 1, 0.797, True
0, 7, 0, 19, 5, 1, 1.88, 1.88, 1, 0.628, True
0, 7, 0, 20, 4, 0, 3.16, 3.16, 1, 0.786, False
0, 7, 0, 21, 5, 1, 2.88, 2.88, 1, 0.689, True
0, 7, 0, 22, 5, 1, 5.99, 5.99, 1, 0.572, True
0, 7, 0, 23, 4, 0, 5.38, 5.38, 1, 1.323, False
0, 7, 0, 24, 5, 0, 4.27, 4.27, 0, 0.669, True
0, 7, 0, 25, 5, 0, 5.72, 5.72, 0, 0.593, True
0, 7, 0, 26, 4, 1, 5.9, 5.9, 1, 0.615, True
0, 7, 0, 27, 4, 0, 2.08, 2.08, 0, 0.797, True
0, 7, 0, 28, 3, 1, 5.04, 5.04, 0, 1.441, False
0, 7, 0, 29, 4, 0, 4.65, 4.65, 1, 1.054, False
0, 7, 0, 30, 5, 0, 2.49, 2.49, 0, 1.442, True
0, 7, 0, 31, 5, 0, 5.74, 5.74, 1, 0.671, False
0, 7, 0, 32, 6, 1, 0.45, 0.45, 1, 0.699, True
0, 7, 0, 33, 6, 0, 4.51, 4.51, 0, 2.189, True
0, 7, 0, 34, 4, 1, 2.67, 2.67, 1, 0.62, True
0, 7, 0, 35, 4, 0, 5.07, 5.07, 1, 0.689, False
0, 7, 0, 36, 5, 0, 3.14, 3.14, 1, 0.597, False
0, 7, 0, 37, 6, 0, 4.62, 4.62, 1, 0.624, False
0, 7, 0, 38, 8, 1, 4.78, 4.78, 1, 0.507, True
0, 7, 0, 39, 8, 1, 6.17, 6.17, 1, 0.517, True
0, 7, 0, 40, 6, 0, 0.38, 0.38, 1, 2.549, False
0, 7, 0, 41, 8, 1, 4.83, 4.83, 1, 0.541, True
0, 7, 0, 42, 8, 0, 3.26, 3.26, 1, 0.558, False
0, 7, 0, 43, 10, 0, 4.18, 4.18, 0, 0.654, True
0, 7, 0, 44, 10, 1, 2.06, 2.06, 1, 0.451, True
0, 7, 0, 45, 8, 1, 3.21, 3.21, 1, 0.48, True
0, 7, 0, 46, 8, 1, 1.02, 1.02, 1, 0.787, True
0, 7, 0, 47, 6, 1, 4.5, 4.5, 1, 0.522, True
0, 7, 0, 48, 6, 0, 3.66, 3.66, 1, 0.572, False
0, 7, 0, 49, 8, 1, 3.69, 3.69, 1, 0.555, True
