3, 0, 0, 1, 2, 0, 1, 40, 1, 1.322, True
3, 0, 1, 1, 2, 0, 0, 40, 0, 0.854, True
3, 0, 2, 1, 2, 1, 1, 35, 1, 0.957, True
3, 0, 3, 0, 2, 1, 1, 40, 1, 0.944, True
3, 0, 4, 0, 2, 0, 1, 40, 1, 0.915, True
3, 0, 5, 1, 2, 0, 0, 35, 0, 0.9, True
3, 0, 6, 1, 2, 1, 1, 30, 1, 0.819, True
3, 0, 7, 0, 2, 0, 1, 35, 1, 0.755, True
3, 0, 8, 1, 2, 1, 0, 30, 0, 0.813, True
3, 0, 9, 0, 2, 1, 0, 35, 0, 0.785, True
3, 0, 10, 1, 2, 1, 0, 25, 0, 0.778, True
3, 0, 11, 1, 2, 0, 1, 25, 1, 0.915, True
3, 0, 12, 1, 2, 1, 0, 20, 0, 0.885, True
3, 0, 13, 0, 2, 1, 0, 30, 0, 0.722, True
3, 0, 14, 1, 2, 1, 0, 20, 1, 0.927, False
3, 0, 15, 1, 2, 1, 0, 25, 0, 0.7, True
3, 0, 16, 1, 2, 1, 1, 25, 1, 0.797, True
3, 0, 17, 1, 2, 1, 0, 20, 0, 0.802, True
3, 0, 18, 0, 2, 1, 1, 30, 1, 0.791, True
3, 0, 19, 0, 2, 0, 1, 25, 1, 0.801, True
3, 0, 20, 1, 2, 1, 0, 20, 0, 0.797, True
3, 0, 21, 0, 2, 1, 1, 25, 1, 0.713, True
3, 0, 22, 1, 2, 0, 1, 15, 1, 0.619, True
3, 0, 23, 0, 2, 0, 1, 20, 1, 0.678, True
3, 0, 24, 0, 2, 0, 1, 20, 1, 0.752, True
3, 0, 25, 1, 2, 1, 1, 15, 1, 0.752, True
3, 0, 26, 1, 2, 0, 1, 10, 0, 0.953, False
3, 0, 27, 1, 2, 1, 0, 15, 1, 0.799, False
3, 0, 28, 0, 2, 0, 0, 15, 0, 0.968, True
3, 0, 29, 1, 2, 1, 0, 20, 0, 0.791, True
3, 0, 30, 1, 2, 1, 0, 20, 0, 0.689, True
3, 0, 31, 0, 2, 1, 0, 15, 0, 1.158, True
3, 0, 32, 1, 2, 1, 0, 15, 0, 1.052, True
3, 0, 33, 1, 2, 1, 1, 15, 0, 1.223, False
3, 0, 34, 0, 2, 1, 1, 10, 1, 0.763, True
3, 0, 35, 1, 2, 1, 0, 20, 0, 0.899, True
3, 0, 36, 1, 2, 1, 0, 20, 0, 0.696, True
3, 0, 37, 1, 2, 1, 0, 15, 0, 0.679, True
3, 0, 38, 1, 2, 1, 0, 15, 0, 2.038, True
3, 0, 39, 1, 2, 0, 0, 10, 1, 1.621, False
3, 0, 40, 0, 2, 0, 0, 10, 1, 0.913, False
3, 0, 41, 1, 2, 1, 0, 15, 1, 1.199, False
3, 0, 42, 0, 2, 1, 1, 15, 1, 1.251, True
3, 0, 43, 0, 2, 0, 1, 15, 1, 1.049, True
3, 0, 44, 0, 2, 0, 0, 10, 0, 0.649, True
3, 0, 45, 0, 2, 1, 0, 10, 0, 0.577, True
3, 0, 46, 1, 2, 1, 1, 20, 1, 0.851, True
3, 0, 47, 1, 2, 0, 0, 20, 0, 0.639, True
3, 0, 48, 1, 2, 1, 1, 15, 1, 0.797, True
3, 0, 49, 0, 2, 1, 0, 5, 1, 0.899, False
3, 1, 0, 0, 0, 1, 0, 12, 1, 0.911, False
3, 1, 1, 0, 1, 0, 1, 13, 1, 1.116, True
3, 1, 2, 0, 1, 0, 1, 13, 0, 1.533, False
3, 1, 3, 0, 0, 1, 1, 14, 1, 1.032, True
3, 1, 4, 0, 0, 1, 1, 14, 1, 1.387, True
3, 1, 5, 0, 0, 1, 0, 13, 0, 0.645, True
3, 1, 6, 0, 0, 1, 1, 13, 0, 1.087, False
3, 1, 7, 0, 1, 0, 1, 14, 1, 1.31, True
3, 1, 8, 1, 1, 1, 0, 12, 0, 0.745, True
3, 1, 9, 0, 0, 1, 1, 14, 1, 0.911, True
3, 1, 10, 1, 0, 0, 0, 12, 1, 2.429, False
3, 1, 11, 0, 1, 0, 1, 13, 1, 0.673, True
3, 1, 12, 1, 1, 1, 0, 13, 0, 1.389, True
3, 1, 13, 1, 1, 1, 0, 13, 0, 0.67, True
3, 1, 14, 0, 1, 0, 1, 13, 0, 1.114, False
3, 1, 15, 0, 0, 1, 1, 14, 1, 2.017, True
3, 1, 16, 1, 1, 1, 1, 12, 1, 1.108, True
3, 1, 17, 1, 1, 1, 1, 12, 1, 1.948, True
3, 1, 18, 0, 0, 1, 0, 14, 0, 0.725, True
3, 1, 19, 0, 1, 0, 0, 13, 1, 1.407, False
3, 1, 20, 0, 0, 1, 0, 14, 0, 0.898, True
3, 1, 21, 1, 1, 1, 1, 11, 1, 0.668, True
3, 1, 22, 0, 1, 0, 1, 14, 1, 0.85, True
3, 1, 23, 1, 0, 0, 1, 11, 1, 1.306, True
3, 1, 24, 0, 1, 0, 1, 13, 1, 0.694, True
3, 1, 25, 0, 0, 1, 1, 13, 0, 0.94, False
3, 1, 26, 1, 1, 1, 0, 10, 0, 0.679, True
3, 1, 27, 1, 0, 0, 0, 10, 0, 0.629, True
3, 1, 28, 1, 1, 1, 1, 9, 1, 0.741, True
3, 1, 29, 1, 0, 0, 0, 9, 0, 0.722, True
3, 1, 30, 1, 1, 1, 0, 8, 0, 0.694, True
3, 1, 31, 1, 1, 1, 1, 8, 1, 0.944, True
3, 1, 32, 0, 1, 0, 1, 14, 1, 1.121, True
3, 1, 33, 0, 0, 1, 0, 14, 0, 1.772, True
3, 1, 34, 1, 0, 0, 1, 7, 0, 1.194, False
3, 1, 35, 1, 1, 1, 0, 8, 0, 0.734, True
3, 1, 36, 1, 1, 1, 1, 8, 1, 0.732, True
3, 1, 37, 1, 0, 0, 1, 7, 1, 0.746, True
3, 1, 38, 1, 0, 0, 0, 7, 1, 1.777, False
3, 1, 39, 1, 0, 0, 1, 8, 0, 2.263, False
3, 1, 40, 0, 0, 1, 1, 13, 1, 1.146, True
3, 1, 41, 0, 1, 0, 1, 13, 1, 0.75, True
3, 1, 42, 1, 1, 1, 0, 9, 0, 0.733, True
3, 1, 43, 0, 0, 1, 1, 12, 1, 0.92, True
3, 1, 44, 1, 0, 0, 0, 9, 1, 1.36, False
3, 1, 45, 0, 1, 0, 1, 12, 0, 0.94, False
3, 1, 46, 1, 0, 0, 1, 10, 1, 0.685, True
3, 1, 47, 0, 1, 0, 0, 13, 0, 0.713, True
3, 1, 48, 1, 0, 0, 0, 10, 0, 2.279, True
3, 1, 49, 1, 1, 1, 1, 9, 0, 1.834, False
3, 1, 50, 0, 0, 1, 1, 13, 1, 0.727, True
3, 1, 51, 1, 0, 0, 0, 10, 1, 1.231, False
3, 1, 52, 0, 0, 1, 0, 12, 0, 2.065, True
3, 1, 53, 0, 1, 0, 0, 12, 1, 1.29, False
3, 1, 54, 1, 1, 1, 0, 11, 1, 2.817, False
3, 1, 55, 0, 1, 0, 0, 13, 1, 1.395, False
3, 1, 56, 1, 1, 1, 1, 12, 0, 0.985, False
3, 1, 57, 1, 1, 1, 0, 13, 0, 0.691, True
3, 1, 58, 1, 0, 0, 0, 13, 0, 1.163, True
3, 1, 59, 0, 0, 1, 0, 14, 0, 0.788, True
3, 1, 60, 0, 1, 0, 1, 14, 1, 0.687, True
3, 1, 61, 0, 0, 1, 0, 13, 0, 5.019, True
3, 1, 62, 0, 1, 0, 0, 13, 0, 2.171, True
3, 1, 63, 0, 0, 1, 0, 12, 0, 0.935, True
3, 1, 64, 1, 0, 0, 1, 12, 1, 1.384, True
3, 1, 65, 0, 0, 1, 1, 12, 1, 5.089, True
3, 1, 66, 0, 0, 1, 1, 11, 1, 0.923, True
3, 1, 67, 0, 0, 1, 0, 11, 1, 2.019, False
3, 1, 68, 0, 0, 1, 1, 12, 1, 0.722, True
3, 1, 69, 1, 1, 1, 0, 12, 0, 1.909, True
3, 1, 70, 0, 0, 1, 0, 12, 0, 5.229, True
3, 1, 71, 1, 1, 1, 0, 11, 0, 0.741, True
3, 1, 72, 0, 0, 1, 0, 11, 0, 0.716, True
3, 1, 73, 0, 1, 0, 0, 11, 0, 0.757, True
3, 1, 74, 0, 1, 0, 0, 10, 0, 0.744, True
3, 1, 75, 0, 0, 1, 0, 10, 0, 0.74, True
3, 1, 76, 0, 1, 0, 1, 9, 1, 1.038, True
3, 1, 77, 0, 0, 1, 1, 9, 1, 0.669, True
3, 1, 78, 0, 1, 0, 1, 8, 1, 0.625, True
3, 1, 79, 0, 1, 0, 0, 8, 1, 0.946, False
3, 1, 80, 1, 1, 1, 1, 11, 0, 1.244, False
3, 1, 81, 0, 1, 0, 0, 9, 0, 3.851, True
3, 1, 82, 0, 1, 0, 0, 9, 0, 1.819, True
3, 1, 83, 1, 1, 1, 0, 12, 0, 0.665, True
3, 1, 84, 1, 1, 1, 1, 12, 0, 2.061, False
3, 1, 85, 0, 0, 1, 0, 8, 0, 0.64, True
3, 1, 86, 1, 1, 1, 0, 13, 0, 0.623, True
3, 1, 87, 1, 1, 1, 1, 13, 0, 2.646, False
3, 1, 88, 0, 0, 1, 0, 8, 0, 0.671, True
3, 1, 89, 1, 0, 0, 1, 14, 0, 3.204, False
3, 1, 90, 1, 1, 1, 1, 15, 0, 3.851, False
3, 1, 91, 0, 1, 0, 0, 7, 1, 1.042, False
3, 1, 92, 0, 1, 0, 0, 8, 0, 0.982, True
3, 1, 93, 1, 0, 0, 0, 16, 0, 0.753, True
3, 1, 94, 0, 1, 0, 1, 8, 0, 13.006, False
3, 1, 95, 0, 1, 0, 0, 9, 0, 0.877, True
3, 1, 96, 1, 0, 0, 1, 16, 0, 1.819, False
3, 1, 97, 1, 0, 0, 0, 17, 0, 1.025, True
3, 1, 98, 0, 1, 0, 1, 9, 1, 2.037, True
3, 1, 99, 1, 1, 1, 1, 17, 1, 1.726, True
3, 2, 0, 0, 0, 1, 1, 8, 1, 1.41, True
3, 2, 1, 0, 0, 1, 0, 8, 1, 1.169, False
3, 2, 2, 1, 1, 1, 0, 16, 0, 0.712, True
3, 2, 3, 0, 1, 0, 1, 9, 1, 0.925, True
3, 2, 4, 1, 0, 0, 0, 16, 1, 1.28, False
3, 2, 5, 1, 1, 1, 1, 17, 1, 1.135, True
3, 2, 6, 0, 0, 1, 0, 9, 0, 2.147, True
3, 2, 7, 0, 1, 0, 0, 8, 0, 1.335, True
3, 2, 8, 0, 0, 1, 1, 8, 1, 0.751, True
3, 2, 9, 1, 1, 1, 1, 17, 1, 0.659, True
3, 2, 10, 0, 0, 1, 0, 7, 0, 0.675, True
3, 2, 11, 0, 1, 0, 1, 7, 1, 0.715, True
3, 2, 12, 1, 1, 1, 1, 16, 0, 1.691, False
3, 2, 13, 1, 0, 0, 0, 17, 1, 0.99, False
3, 2, 14, 1, 1, 1, 0, 18, 0, 0.894, True
3, 2, 15, 0, 1, 0, 1, 6, 1, 1.14, True
3, 2, 16, 0, 1, 0, 0, 6, 1, 0.97, False
3, 2, 17, 0, 0, 1, 0, 7, 0, 2.476, True
3, 2, 18, 0, 1, 0, 1, 7, 0, 4.34, False
3, 2, 19, 1, 0, 0, 0, 18, 0, 0.984, True
3, 2, 20, 0, 1, 0, 0, 8, 0, 0.858, True
3, 2, 21, 1, 1, 1, 0, 17, 1, 1.122, False
3, 2, 22, 1, 1, 1, 1, 18, 1, 0.716, True
3, 2, 23, 1, 0, 0, 1, 18, 1, 1.323, True
3, 2, 24, 1, 0, 0, 1, 17, 0, 1.165, False
3, 2, 25, 0, 0, 1, 1, 8, 1, 0.807, True
3, 2, 26, 0, 1, 0, 0, 7, 1, 1.286, False
3, 2, 27, 1, 1, 1, 1, 18, 1, 0.704, True
3, 2, 28, 0, 0, 1, 1, 8, 1, 0.65, True
3, 2, 29, 0, 1, 0, 1, 8, 1, 2.314, True
3, 2, 30, 1, 0, 0, 1, 18, 1, 0.66, True
3, 2, 31, 0, 1, 0, 1, 7, 1, 1.222, True
3, 2, 32, 0, 1, 0, 0, 7, 0, 1.455, True
3, 2, 33, 0, 1, 0, 0, 6, 1, 3.87, False
3, 2, 34, 1, 1, 1, 0, 17, 0, 0.689, True
3, 2, 35, 1, 0, 0, 1, 17, 1, 1.085, True
3, 2, 36, 0, 0, 1, 0, 7, 0, 0.773, True
3, 2, 37, 0, 1, 0, 0, 7, 0, 0.711, True
3, 2, 38, 1, 1, 1, 1, 16, 1, 1.029, True
3, 2, 39, 1, 1, 1, 0, 16, 0, 0.619, True
3, 2, 40, 0, 0, 1, 1, 6, 1, 0.878, True
3, 2, 41, 1, 0, 0, 1, 15, 1, 2.157, True
3, 2, 42, 1, 1, 1, 1, 15, 0, 1.252, False
3, 2, 43, 1, 1, 1, 0, 16, 0, 0.683, True
3, 2, 44, 1, 0, 0, 0, 16, 0, 1.691, True
3, 2, 45, 1, 0, 0, 0, 15, 1, 0.981, False
3, 2, 46, 1, 1, 1, 0, 16, 0, 1.008, True
3, 2, 47, 1, 1, 1, 1, 16, 1, 0.695, True
3, 2, 48, 0, 0, 1, 0, 6, 0, 0.643, True
3, 2, 49, 0, 0, 1, 1, 5, 1, 1.39, True
3, 2, 50, 0, 1, 0, 0, 5, 1, 0.971, False
3, 2, 51, 0, 1, 0, 1, 6, 1, 0.616, True
3, 2, 52, 0, 1, 0, 1, 6, 1, 2.365, True
3, 2, 53, 1, 1, 1, 1, 15, 0, 1.243, False
3, 2, 54, 0, 1, 0, 0, 5, 0, 2.126, True
3, 2, 55, 0, 1, 0, 1, 5, 1, 1.22, True
3, 2, 56, 0, 0, 1, 1, 4, 1, 0.803, True
3, 2, 57, 1, 1, 1, 1, 16, 0, 1.62, False
3, 2, 58, 1, 1, 1, 0, 17, 0, 1.49, True
3, 2, 59, 1, 1, 1, 1, 17, 1, 1.433, True
3, 2, 60, 1, 1, 1, 0, 16, 0, 2.27, True
3, 2, 61, 1, 0, 0, 1, 16, 1, 1.385, True
3, 2, 62, 1, 0, 0, 0, 15, 0, 1.135, True
3, 2, 63, 1, 0, 0, 0, 15, 0, 1.606, True
3, 2, 64, 1, 1, 1, 1, 14, 1, 1.147, True
3, 2, 65, 1, 0, 0, 1, 14, 0, 1.079, False
3, 2, 66, 1, 1, 1, 1, 15, 1, 4.778, True
3, 2, 67, 0, 1, 0, 1, 4, 0, 1.079, False
3, 2, 68, 0, 0, 1, 0, 5, 0, 0.792, True
3, 2, 69, 0, 0, 1, 1, 5, 1, 0.715, True
3, 2, 70, 1, 1, 1, 1, 15, 1, 0.732, True
3, 2, 71, 0, 0, 1, 0, 4, 0, 0.891, True
3, 2, 72, 0, 0, 1, 1, 4, 1, 1.021, True
3, 2, 73, 1, 1, 1, 1, 14, 1, 0.731, True
3, 2, 74, 1, 1, 1, 1, 14, 1, 0.589, True
3, 2, 75, 0, 1, 0, 0, 3, 0, 0.594, True
3, 2, 76, 1, 1, 1, 0, 13, 0, 0.638, True
3, 2, 77, 1, 1, 1, 1, 13, 1, 2.283, True
3, 2, 78, 1, 1, 1, 0, 12, 1, 1.556, False
3, 2, 79, 0, 0, 1, 1, 3, 1, 0.729, True
3, 2, 80, 1, 1, 1, 1, 13, 0, 1.123, False
3, 2, 81, 1, 1, 1, 1, 14, 1, 0.571, True
3, 2, 82, 0, 0, 1, 0, 2, 0, 0.67, True
3, 2, 83, 0, 0, 1, 0, 2, 1, 2.443, False
3, 2, 84, 1, 1, 1, 0, 14, 0, 0.685, True
3, 2, 85, 1, 1, 1, 1, 13, 1, 0.65, True
3, 2, 86, 0, 0, 1, 0, 3, 0, 4.38, True
3, 2, 87, 0, 0, 1, 1, 3, 1, 1.196, True
3, 2, 88, 1, 0, 0, 1, 13, 0, 1.71, False
3, 2, 89, 1, 0, 0, 1, 14, 1, 0.587, True
3, 2, 90, 0, 1, 0, 0, 2, 0, 0.651, True
3, 2, 91, 1, 1, 1, 0, 14, 0, 1.421, True
3, 2, 92, 0, 1, 0, 0, 2, 0, 1.532, True
3, 2, 93, 1, 0, 0, 0, 13, 0, 0.903, True
3, 2, 94, 0, 0, 1, 1, 1, 1, 1.353, True
3, 2, 95, 1, 0, 0, 1, 13, 1, 1.705, True
3, 2, 96, 1, 0, 0, 0, 12, 1, 2.412, False
3, 2, 97, 0, 1, 0, 1, 1, 1, 2.464, True
3, 2, 98, 0, 0, 1, 1, 1, 1, 2.048, True
3, 2, 99, 0, 0, 1, 0, 1, 0, 1.216, True
3, 3, 0, 1, 1, 1, 1, 13, 1, 0.936, True
3, 3, 1, 0, 0, 1, 1, 1, 0, 0.881, False
3, 3, 2, 0, 1, 0, 0, 2, 0, 1.657, True
3, 3, 3, 0, 1, 0, 1, 2, 1, 1.33, True
3, 3, 4, 1, 1, 1, 0, 13, 1, 2.19, False
3, 3, 5, 0, 1, 0, 0, 1, 0, 1.845, True
3, 3, 6, 1, 1, 1, 1, 14, 1, 0.91, True
3, 3, 7, 1, 1, 1, 0, 14, 0, 1.083, True
3, 3, 8, 1, 0, 0, 1, 13, 1, 1.842, True
3, 3, 9, 0, 0, 1, 0, 1, 0, 0.911, True
3, 3, 10, 0, 1, 0, 0, 1, 1, 1.731, False
3, 3, 11, 0, 0, 1, 1, 2, 0, 1.026, False
3, 3, 12, 0, 1, 0, 0, 3, 1, 1.482, False
3, 3, 13, 1, 1, 1, 1, 13, 1, 2.623, True
3, 3, 14, 1, 0, 0, 0, 12, 0, 2.347, True
3, 3, 15, 0, 0, 1, 1, 4, 0, 2.411, False
3, 3, 16, 1, 0, 0, 0, 12, 0, 1.122, True
3, 3, 17, 1, 0, 0, 1, 11, 1, 1.125, True
3, 3, 18, 0, 1, 0, 0, 5, 0, 0.837, True
3, 3, 19, 0, 1, 0, 0, 5, 1, 3.294, False
3, 3, 20, 0, 0, 1, 1, 6, 0, 1.067, False
3, 3, 21, 1, 1, 1, 1, 11, 1, 0.72, True
3, 3, 22, 0, 1, 0, 0, 7, 1, 2.623, False
3, 3, 23, 1, 0, 0, 0, 10, 0, 1.157, True
3, 3, 24, 1, 1, 1, 0, 10, 0, 1.224, True
3, 3, 25, 1, 1, 1, 1, 9, 1, 0.767, True
3, 3, 26, 0, 0, 1, 1, 8, 1, 0.644, True
3, 3, 27, 0, 1, 0, 1, 8, 0, 1.861, False
3, 3, 28, 0, 0, 1, 1, 9, 1, 1.061, True
3, 3, 29, 1, 1, 1, 1, 9, 1, 3.398, True
3, 3, 30, 0, 1, 0, 1, 9, 1, 1.055, True
3, 3, 31, 0, 0, 1, 0, 8, 1, 1.111, False
3, 3, 32, 0, 1, 0, 0, 9, 0, 0.916, True
3, 3, 33, 1, 1, 1, 1, 8, 0, 0.964, False
3, 3, 34, 1, 0, 0, 0, 9, 1, 1.059, False
3, 3, 35, 1, 0, 0, 1, 10, 0, 1.239, False
3, 3, 36, 0, 0, 1, 0, 9, 1, 1.691, False
3, 3, 37, 0, 0, 1, 0, 10, 0, 0.951, True
3, 3, 38, 1, 0, 0, 1, 11, 0, 0.992, False
3, 3, 39, 0, 0, 1, 1, 10, 1, 0.763, True
3, 3, 40, 1, 1, 1, 0, 12, 0, 0.712, True
3, 3, 41, 1, 0, 0, 0, 12, 0, 0.614, True
3, 3, 42, 0, 0, 1, 0, 9, 0, 1.754, True
3, 3, 43, 1, 1, 1, 0, 11, 1, 1.192, False
3, 3, 44, 1, 1, 1, 1, 12, 1, 1.31, True
3, 3, 45, 0, 1, 0, 0, 9, 0, 1.406, True
3, 3, 46, 1, 1, 1, 1, 12, 1, 0.79, True
3, 3, 47, 1, 0, 0, 1, 11, 1, 0.694, True
3, 3, 48, 0, 0, 1, 0, 8, 0, 0.783, True
3, 3, 49, 0, 1, 0, 0, 8, 1, 5.106, False
3, 3, 50, 1, 0, 0, 1, 11, 1, 0.728, True
3, 3, 51, 1, 0, 0, 0, 10, 0, 0.622, True
3, 3, 52, 1, 0, 0, 1, 10, 1, 1.776, True
3, 3, 53, 1, 0, 0, 0, 9, 0, 0.996, True
3, 3, 54, 0, 0, 1, 1, 9, 1, 0.817, True
3, 3, 55, 0, 0, 1, 0, 9, 0, 0.821, True
3, 3, 56, 1, 1, 1, 0, 9, 0, 0.719, True
3, 3, 57, 0, 1, 0, 1, 8, 1, 0.763, True
3, 3, 58, 1, 0, 0, 1, 8, 0, 1.132, False
3, 3, 59, 0, 0, 1, 0, 8, 0, 1.006, True
3, 3, 60, 1, 0, 0, 0, 9, 0, 0.594, True
3, 3, 61, 0, 1, 0, 0, 7, 0, 0.609, True
3, 3, 62, 0, 1, 0, 0, 7, 0, 0.635, True
3, 3, 63, 1, 0, 0, 1, 9, 1, 0.975, True
3, 3, 64, 1, 0, 0, 0, 8, 0, 0.938, True
3, 3, 65, 0, 1, 0, 0, 6, 0, 1.194, True
3, 3, 66, 0, 0, 1, 1, 6, 1, 1.012, True
3, 3, 67, 1, 0, 0, 0, 8, 0, 1.087, True
3, 3, 68, 1, 0, 0, 0, 7, 0, 0.869, True
3, 3, 69, 1, 1, 1, 0, 7, 0, 0.759, True
3, 3, 70, 0, 1, 0, 0, 5, 0, 1.026, True
3, 3, 71, 0, 1, 0, 1, 5, 1, 1.038, True
3, 3, 72, 0, 1, 0, 1, 4, 1, 1.002, True
3, 3, 73, 1, 0, 0, 0, 6, 0, 0.834, True
3, 3, 74, 1, 0, 0, 1, 6, 1, 0.876, True
3, 3, 75, 1, 0, 0, 0, 5, 0, 0.741, True
3, 3, 76, 0, 0, 1, 1, 4, 1, 0.749, True
3, 3, 77, 0, 1, 0, 1, 3, 1, 1.964, True
3, 3, 78, 1, 1, 1, 1, 5, 0, 1.293, False
3, 3, 79, 0, 0, 1, 1, 3, 1, 2.566, True
3, 3, 80, 1, 1, 1, 0, 6, 0, 0.866, True
3, 3, 81, 0, 0, 1, 1, 2, 0, 1.044, False
3, 3, 82, 0, 0, 1, 1, 3, 1, 0.76, True
3, 3, 83, 0, 1, 0, 0, 3, 0, 1.29, True
3, 3, 84, 1, 0, 0, 1, 6, 1, 1.914, True
3, 3, 85, 0, 1, 0, 0, 2, 0, 1.403, True
3, 3, 86, 1, 1, 1, 0, 5, 0, 1.447, True
3, 3, 87, 1, 1, 1, 1, 5, 1, 1.006, True
3, 3, 88, 0, 0, 1, 0, 2, 0, 0.784, True
3, 3, 89, 0, 1, 0, 1, 1, 0, 2.14, False
3, 3, 90, 1, 0, 0, 0, 4, 0, 0.714, True
3, 3, 91, 0, 0, 1, 0, 2, 0, 1.65, True
3, 3, 92, 0, 1, 0, 0, 2, 0, 1.384, True
3, 3, 93, 1, 0, 0, 1, 4, 1, 0.758, True
3, 3, 94, 0, 1, 0, 1, 1, 1, 0.902, True
3, 3, 95, 1, 0, 0, 0, 3, 0, 0.714, True
3, 3, 96, 0, 0, 1, 0, 1, 1, 0.975, False
3, 3, 97, 0, 0, 1, 0, 2, 0, 1.394, True
3, 3, 98, 1, 1, 1, 1, 3, 1, 1.094, True
3, 3, 99, 0, 0, 1, 1, 2, 1, 2.21, True
3, 4, 0, 1, 1, 1, 0, 2, 1, 1.024, False
3, 4, 1, 1, 0, 0, 1, 3, 1, 0.727, True
3, 4, 2, 0, 0, 1, 1, 1, 1, 1.239, True
3, 4, 3, 0, 1, 0, 0, 1, 0, 1.49, True
3, 4, 4, 0, 0, 1, 0, 1, 1, 2.311, False
3, 4, 5, 0, 1, 0, 0, 2, 0, 0.915, True
3, 4, 6, 1, 1, 1, 1, 3, 1, 1.657, True
3, 4, 7, 1, 1, 1, 1, 2, 1, 1.295, True
3, 4, 8, 0, 0, 1, 1, 2, 1, 1.2, True
3, 4, 9, 0, 0, 1, 1, 1, 1, 1.322, True
3, 4, 10, 1, 0, 0, 0, 2, 1, 1.813, False
3, 4, 11, 0, 1, 0, 0, 1, 0, 0.735, True
3, 4, 12, 0, 1, 0, 0, 1, 0, 0.881, True
3, 4, 13, 1, 1, 1, 1, 3, 0, 1.942, False
3, 4, 14, 0, 0, 1, 0, 1, 0, 0.806, True
3, 4, 15, 1, 1, 1, 1, 4, 1, 0.794, True
3, 4, 16, 0, 0, 1, 1, 1, 1, 0.991, True
3, 4, 17, 1, 1, 1, 0, 4, 0, 0.732, True
3, 4, 18, 0, 1, 0, 0, 1, 1, 1.404, False
3, 4, 19, 1, 0, 0, 1, 3, 1, 0.703, True
3, 4, 20, 1, 0, 0, 0, 3, 0, 0.795, True
3, 4, 21, 0, 1, 0, 0, 2, 1, 0.924, False
3, 4, 22, 1, 1, 1, 0, 2, 0, 1.342, True
3, 4, 23, 1, 1, 1, 0, 2, 0, 0.787, True
3, 4, 24, 1, 0, 0, 1, 1, 0, 1.527, False
3, 4, 25, 0, 1, 0, 0, 3, 1, 0.807, False
3, 4, 26, 1, 1, 1, 1, 2, 0, 1.619, False
3, 4, 27, 1, 0, 0, 0, 3, 0, 0.657, True
3, 4, 28, 1, 0, 0, 0, 3, 0, 0.785, True
3, 4, 29, 1, 1, 1, 0, 2, 1, 2.475, False
3, 4, 30, 0, 0, 1, 0, 4, 0, 1.8, True
3, 4, 31, 1, 0, 0, 1, 3, 0, 2.556, False
3, 4, 32, 0, 1, 0, 1, 4, 1, 0.678, True
3, 4, 33, 0, 1, 0, 1, 3, 1, 0.751, True
3, 4, 34, 0, 0, 1, 1, 3, 1, 0.862, True
3, 4, 35, 0, 0, 1, 0, 2, 1, 0.972, False
3, 4, 36, 0, 0, 1, 0, 3, 0, 0.636, True
3, 4, 37, 1, 1, 1, 1, 4, 1, 0.608, True
3, 4, 38, 0, 0, 1, 0, 3, 0, 0.668, True
3, 4, 39, 1, 0, 0, 0, 4, 0, 0.765, True
3, 4, 40, 0, 0, 1, 0, 2, 1, 0.752, False
3, 4, 41, 0, 0, 1, 0, 3, 0, 0.561, True
3, 4, 42, 1, 1, 1, 1, 3, 1, 0.586, True
3, 4, 43, 0, 1, 0, 1, 3, 1, 0.853, True
3, 4, 44, 1, 0, 0, 0, 3, 1, 0.792, False
3, 4, 45, 1, 1, 1, 0, 4, 0, 0.533, True
3, 4, 46, 1, 0, 0, 0, 4, 0, 1.084, True
3, 4, 47, 1, 1, 1, 0, 3, 0, 0.733, True
3, 4, 48, 1, 1, 1, 0, 3, 1, 1.152, False
3, 4, 49, 1, 1, 1, 0, 4, 0, 0.644, True
3, 4, 50, 0, 1, 0, 1, 2, 1, 0.842, True
3, 4, 51, 0, 0, 1, 1, 2, 0, 0.814, False
3, 4, 52, 0, 1, 0, 0, 3, 1, 0.8, False
3, 4, 53, 0, 0, 1, 0, 4, 0, 0.59, True
3, 4, 54, 1, 0, 0, 0, 4, 0, 0.612, True
3, 4, 55, 0, 1, 0, 0, 4, 0, 0.616, True
3, 4, 56, 0, 0, 1, 0, 3, 1, 1.055, False
3, 4, 57, 1, 1, 1, 0, 3, 0, 0.542, True
3, 4, 58, 0, 1, 0, 1, 4, 1, 1.055, True
3, 4, 59, 1, 1, 1, 0, 3, 0, 1.051, True
3, 4, 60, 0, 1, 0, 0, 4, 0, 1.024, True
3, 4, 61, 0, 0, 1, 1, 3, 1, 0.927, True
3, 4, 62, 0, 0, 1, 1, 3, 0, 1.631, False
3, 4, 63, 1, 1, 1, 1, 2, 0, 1.467, False
3, 4, 64, 1, 1, 1, 1, 3, 1, 0.644, True
3, 4, 65, 0, 0, 1, 0, 4, 1, 1.937, False
3, 4, 66, 1, 1, 1, 0, 3, 0, 0.676, True
3, 4, 67, 0, 0, 1, 0, 5, 0, 0.719, True
3, 4, 68, 1, 0, 0, 0, 2, 1, 1.623, False
3, 4, 69, 0, 1, 0, 1, 5, 1, 0.556, True
3, 4, 70, 1, 1, 1, 0, 3, 0, 0.667, True
3, 4, 71, 0, 0, 1, 0, 4, 0, 0.653, True
3, 4, 72, 0, 0, 1, 0, 4, 0, 0.684, True
3, 4, 73, 1, 1, 1, 1, 3, 1, 1.04, True
3, 4, 74, 1, 1, 1, 1, 2, 1, 0.705, True
3, 4, 75, 0, 1, 0, 1, 3, 1, 0.903, True
3, 4, 76, 1, 0, 0, 0, 2, 1, 2.06, False
3, 4, 77, 1, 1, 1, 0, 3, 0, 0.591, True
3, 4, 78, 1, 1, 1, 0, 3, 0, 0.603, True
3, 4, 79, 1, 1, 1, 1, 2, 1, 1.27, True
3, 4, 80, 0, 1, 0, 1, 3, 1, 0.963, True
3, 4, 81, 0, 0, 1, 1, 2, 1, 0.981, True
3, 4, 82, 0, 0, 1, 1, 2, 1, 2.505, True
3, 4, 83, 0, 0, 1, 0, 1, 0, 1.149, True
3, 4, 84, 1, 1, 1, 0, 2, 0, 0.901, True
3, 4, 85, 0, 1, 0, 1, 1, 1, 2.724, True
3, 4, 86, 0, 1, 0, 0, 1, 1, 1.316, False
3, 4, 87, 1, 1, 1, 0, 1, 1, 1.871, False
3, 4, 88, 1, 1, 1, 1, 2, 0, 0.841, False
3, 4, 89, 0, 0, 1, 1, 2, 1, 1.832, True
3, 4, 90, 1, 0, 0, 1, 3, 1, 1.418, True
3, 4, 91, 1, 1, 1, 0, 3, 0, 1.292, True
3, 4, 92, 0, 0, 1, 0, 2, 1, 2.581, False
3, 4, 93, 0, 1, 0, 1, 3, 1, 1.818, True
3, 4, 94, 1, 0, 0, 0, 2, 1, 1.587, False
3, 4, 95, 0, 0, 1, 1, 3, 1, 1.72, True
3, 4, 96, 1, 0, 0, 1, 3, 1, 1.964, True
3, 4, 97, 1, 0, 0, 0, 3, 0, 0.705, True
3, 4, 98, 1, 0, 0, 0, 2, 0, 0.941, True
3, 4, 99, 1, 0, 0, 0, 2, 0, 2.089, True
