6, 0, 0, 1, 2, 1, 1, 40, 1, 13.191, True
6, 0, 1, 1, 2, 0, 1, 40, 0, 1.714, False
6, 0, 2, 1, 2, 1, 1, 45, 1, 3.283, True
6, 0, 3, 0, 2, 0, 1, 40, 0, 2.08, False
6, 0, 4, 0, 2, 1, 0, 45, 0, 19.99, True
6, 0, 5, 0, 2, 1, 0, 45, 0, 2.059, True
6, 0, 6, 1, 2, 0, 0, 45, 0, 2.096, True
6, 0, 7, 0, 2, 0, 1, 40, 1, 1.372, True
6, 0, 8, 0, 2, 1, 1, 40, 1, 1.394, True
6, 0, 9, 1, 2, 0, 0, 40, 0, 0.942, True
6, 0, 10, 1, 2, 0, 0, 40, 0, 1.064, True
6, 0, 11, 0, 2, 0, 0, 35, 0, 0.761, True
6, 0, 12, 0, 2, 1, 0, 35, 0, 1.073, True
6, 0, 13, 1, 2, 1, 0, 35, 0, 0.822, True
6, 0, 14, 1, 2, 0, 0, 35, 0, 0.736, True
6, 0, 15, 0, 2, 1, 1, 30, 1, 0.73, True
6, 0, 16, 0, 2, 0, 0, 30, 0, 0.633, True
6, 0, 17, 0, 2, 0, 1, 25, 1, 0.938, True
6, 0, 18, 0, 2, 1, 0, 25, 0, 0.957, True
6, 0, 19, 1, 2, 1, 1, 30, 1, 0.787, True
6, 0, 20, 1, 2, 1, 0, 30, 0, 1.121, True
6, 0, 21, 0, 2, 0, 1, 20, 1, 0.927, True
6, 0, 22, 0, 2, 1, 0, 20, 0, 1.057, True
6, 0, 23, 0, 2, 1, 1, 15, 1, 1.484, True
6, 0, 24, 0, 2, 0, 1, 15, 1, 0.827, True
6, 0, 25, 0, 2, 0, 1, 10, 1, 0.643, True
6, 0, 26, 0, 2, 1, 1, 10, 0, 1.098, False
6, 0, 27, 1, 2, 1, 1, 25, 0, 0.66, False
6, 0, 28, 1, 2, 1, 1, 30, 1, 0.808, True
6, 0, 29, 0, 2, 0, 1, 15, 1, 0.678, True
6, 0, 30, 0, 2, 1, 0, 15, 0, 1.732, True
6, 0, 31, 0, 2, 1, 0, 10, 1, 1.733, False
6, 0, 32, 0, 2, 1, 1, 15, 1, 1.371, True
6, 0, 33, 0, 2, 0, 0, 15, 1, 1.175, False
6, 0, 34, 0, 2, 1, 0, 20, 0, 0.846, True
6, 0, 35, 0, 2, 1, 1, 20, 1, 1.232, True
6, 0, 36, 0, 2, 1, 0, 15, 0, 0.875, True
6, 0, 37, 1, 2, 0, 0, 30, 0, 1.574, True
6, 0, 38, 0, 2, 0, 0, 15, 0, 1.344, True
6, 0, 39, 0, 2, 0, 1, 10, 1, 0.745, True
6, 0, 40, 0, 2, 1, 0, 10, 0, 1.605, True
6, 0, 41, 0, 2, 1, 0, 5, 1, 1.053, False
6, 0, 42, 1, 2, 0, 1, 25, 1, 0.868, True
6, 0, 43, 1, 2, 0, 1, 25, 1, 0.895, True
6, 0, 44, 1, 2, 1, 1, 20, 1, 1.618, True
6, 0, 45, 1, 2, 1, 0, 20, 0, 0.898, True
6, 0, 46, 0, 2, 0, 0, 10, 0, 1.147, True
6, 0, 47, 1, 2, 1, 0, 15, 1, 2.102, False
6, 0, 48, 1, 2, 0, 0, 20, 1, 2.25, False
6, 0, 49, 1, 2, 0, 1, 25, 1, 1.559, True
6, 1, 0, 0, 0, 1, 1, 17, 1, 3.721, True
6, 1, 1, 0, 1, 0, 0, 17, 0, 1.409, True
6, 1, 2, 1, 0, 0, 1, 17, 1, 1.544, True
6, 1, 3, 1, 0, 0, 1, 17, 1, 1.023, True
6, 1, 4, 1, 1, 1, 0, 16, 0, 1.395, True
6, 1, 5, 0, 1, 0, 1, 16, 1, 1.087, True
6, 1, 6, 1, 0, 0, 0, 16, 0, 1.029, True
6, 1, 7, 0, 0, 1, 1, 16, 1, 1.639, True
6, 1, 8, 0, 1, 0, 1, 15, 0, 2.186, False
6, 1, 9, 0, 1, 0, 1, 16, 1, 0.889, True
6, 1, 10, 1, 0, 0, 0, 15, 0, 0.89, True
6, 1, 11, 0, 0, 1, 0, 16, 0, 1.466, True
6, 1, 12, 0, 0, 1, 0, 15, 0, 1.186, True
6, 1, 13, 0, 1, 0, 1, 15, 1, 0.864, True
6, 1, 14, 0, 0, 1, 0, 14, 0, 1.317, True
6, 1, 15, 1, 1, 1, 0, 15, 0, 0.96, True
6, 1, 16, 0, 0, 1, 1, 14, 1, 1.137, True
6, 1, 17, 0, 1, 0, 1, 13, 1, 1.355, True
6, 1, 18, 0, 1, 0, 1, 13, 1, 1.008, True
6, 1, 19, 1, 0, 0, 1, 14, 1, 1.011, True
6, 1, 20, 1, 1, 1, 0, 14, 1, 1.293, False
6, 1, 21, 1, 0, 0, 0, 15, 0, 1.002, True
6, 1, 22, 1, 1, 1, 1, 15, 1, 1.148, True
6, 1, 23, 0, 0, 1, 0, 12, 1, 3.925, False
6, 1, 24, 1, 0, 0, 0, 14, 1, 1.812, False
6, 1, 25, 0, 0, 1, 1, 13, 0, 1.166, False
6, 1, 26, 1, 0, 0, 1, 15, 1, 2.374, True
6, 1, 27, 0, 1, 0, 1, 14, 1, 0.813, True
6, 1, 28, 1, 1, 1, 1, 15, 1, 1.603, True
6, 1, 29, 0, 0, 1, 1, 14, 1, 2.369, True
6, 1, 30, 0, 0, 1, 0, 13, 0, 1.057, True
6, 1, 31, 1, 0, 0, 0, 14, 1, 1.285, False
6, 1, 32, 1, 0, 0, 0, 15, 0, 1.042, True
6, 1, 33, 1, 0, 0, 0, 15, 1, 0.881, False
6, 1, 34, 0, 0, 1, 0, 13, 0, 1.209, True
6, 1, 35, 1, 1, 1, 0, 16, 1, 2.318, False
6, 1, 36, 1, 1, 1, 1, 17, 1, 2.499, True
6, 1, 37, 1, 0, 0, 0, 17, 0, 1.101, True
6, 1, 38, 1, 0, 0, 1, 16, 1, 1.567, True
6, 1, 39, 0, 0, 1, 0, 12, 0, 2.222, True
6, 1, 40, 1, 0, 0, 0, 16, 0, 1.188, True
6, 1, 41, 1, 1, 1, 0, 15, 0, 1.234, True
6, 1, 42, 1, 0, 0, 1, 15, 1, 0.981, True
6, 1, 43, 0, 0, 1, 0, 12, 0, 1.64, True
6, 1, 44, 1, 0, 0, 0, 14, 0, 0.936, True
6, 1, 45, 0, 1, 0, 0, 11, 1, 1.546, False
6, 1, 46, 1, 1, 1, 0, 14, 1, 1.937, False
6, 1, 47, 1, 0, 0, 1, 15, 1, 0.921, True
6, 1, 48, 1, 0, 0, 0, 15, 0, 0.948, True
6, 1, 49, 0, 1, 0, 0, 12, 0, 0.832, True
6, 1, 50, 0, 0, 1, 1, 12, 1, 0.894, True
6, 1, 51, 1, 1, 1, 0, 14, 1, 1.434, False
6, 1, 52, 0, 0, 1, 1, 11, 0, 1.637, False
6, 1, 53, 1, 1, 1, 0, 15, 1, 1.461, False
6, 1, 54, 1, 0, 0, 0, 16, 0, 0.831, True
6, 1, 55, 1, 0, 0, 0, 16, 0, 0.696, True
6, 1, 56, 1, 1, 1, 0, 15, 1, 1.158, False
6, 1, 57, 1, 0, 0, 0, 16, 0, 0.806, True
6, 1, 58, 0, 0, 1, 1, 12, 1, 1.485, True
6, 1, 59, 0, 0, 1, 1, 12, 1, 0.846, True
6, 1, 60, 0, 0, 1, 0, 11, 1, 1.158, False
6, 1, 61, 1, 0, 0, 1, 16, 1, 1.126, True
6, 1, 62, 0, 0, 1, 0, 12, 0, 1.301, True
6, 1, 63, 0, 0, 1, 1, 12, 1, 0.874, True
6, 1, 64, 0, 0, 1, 0, 11, 0, 2.073, True
6, 1, 65, 1, 1, 1, 1, 15, 1, 0.987, True
6, 1, 66, 1, 0, 0, 1, 15, 1, 1.296, True
6, 1, 67, 1, 1, 1, 1, 14, 1, 2.011, True
6, 1, 68, 1, 0, 0, 1, 14, 1, 1.35, True
6, 1, 69, 1, 1, 1, 1, 13, 1, 1.808, True
6, 1, 70, 1, 0, 0, 1, 13, 1, 1.346, True
6, 1, 71, 0, 0, 1, 0, 11, 0, 0.941, True
6, 1, 72, 0, 0, 1, 1, 10, 1, 1.197, True
6, 1, 73, 1, 0, 0, 1, 12, 1, 1.353, True
6, 1, 74, 1, 1, 1, 0, 12, 1, 1.326, False
6, 1, 75, 0, 0, 1, 0, 10, 0, 1.132, True
6, 1, 76, 0, 1, 0, 1, 9, 1, 1.114, True
6, 1, 77, 0, 0, 1, 1, 9, 1, 0.94, True
6, 1, 78, 1, 1, 1, 1, 13, 0, 3.352, False
6, 1, 79, 1, 0, 0, 1, 14, 1, 1.189, True
6, 1, 80, 0, 0, 1, 1, 8, 1, 0.921, True
6, 1, 81, 1, 0, 0, 1, 14, 1, 1.058, True
6, 1, 82, 1, 0, 0, 0, 13, 1, 1.407, False
6, 1, 83, 0, 0, 1, 1, 8, 0, 1.422, False
6, 1, 84, 1, 0, 0, 1, 14, 1, 1.096, True
6, 1, 85, 0, 0, 1, 1, 9, 0, 1.271, False
6, 1, 86, 0, 0, 1, 0, 10, 0, 1.101, True
6, 1, 87, 0, 0, 1, 0, 10, 0, 1.235, True
6, 1, 88, 1, 0, 0, 1, 14, 1, 1.583, True
6, 1, 89, 1, 1, 1, 0, 13, 1, 1.332, False
6, 1, 90, 0, 1, 0, 1, 9, 1, 1.193, True
6, 1, 91, 1, 1, 1, 0, 14, 0, 0.957, True
6, 1, 92, 1, 0, 0, 0, 14, 0, 1.045, True
6, 1, 93, 0, 0, 1, 1, 9, 1, 0.914, True
6, 1, 94, 1, 0, 0, 1, 13, 1, 0.893, True
6, 1, 95, 1, 0, 0, 1, 13, 1, 1.368, True
6, 1, 96, 1, 1, 1, 1, 12, 0, 1.002, False
6, 1, 97, 0, 1, 0, 0, 8, 1, 1.075, False
6, 1, 98, 1, 0, 0, 1, 13, 1, 1.329, True
6, 1, 99, 1, 1, 1, 1, 13, 1, 0.986, True
6, 2, 0, 0, 0, 1, 1, 9, 1, 2.644, True
6, 2, 1, 0, 1, 0, 0, 9, 1, 1.349, False
6, 2, 2, 1, 1, 1, 1, 12, 1, 1.017, True
6, 2, 3, 0, 0, 1, 0, 10, 0, 1.04, True
6, 2, 4, 0, 1, 0, 0, 10, 0, 1.491, True
6, 2, 5, 0, 1, 0, 1, 9, 1, 1.198, True
6, 2, 6, 0, 1, 0, 1, 9, 0, 1.246, False
6, 2, 7, 0, 0, 1, 1, 10, 1, 0.966, True
6, 2, 8, 0, 0, 1, 0, 10, 0, 0.82, True
6, 2, 9, 0, 1, 0, 0, 9, 0, 0.93, True
6, 2, 10, 0, 1, 0, 1, 9, 1, 1.033, True
6, 2, 11, 1, 0, 0, 1, 12, 1, 1.132, True
6, 2, 12, 1, 0, 0, 0, 11, 0, 0.848, True
6, 2, 13, 0, 0, 1, 0, 8, 0, 0.766, True
6, 2, 14, 0, 0, 1, 0, 8, 0, 0.962, True
6, 2, 15, 1, 0, 0, 0, 11, 1, 0.862, False
6, 2, 16, 0, 1, 0, 1, 7, 1, 1.188, True
6, 2, 17, 1, 0, 0, 0, 12, 0, 0.945, True
6, 2, 18, 0, 0, 1, 1, 7, 0, 1.42, False
6, 2, 19, 0, 0, 1, 1, 8, 1, 0.823, True
6, 2, 20, 0, 0, 1, 0, 8, 0, 0.806, True
6, 2, 21, 0, 1, 0, 1, 7, 1, 1.325, True
6, 2, 22, 0, 0, 1, 0, 7, 1, 1.413, False
6, 2, 23, 0, 0, 1, 0, 8, 1, 1.155, False
6, 2, 24, 0, 0, 1, 1, 9, 1, 0.855, True
6, 2, 25, 0, 1, 0, 1, 9, 1, 0.719, True
6, 2, 26, 0, 1, 0, 0, 8, 1, 1.282, False
6, 2, 27, 1, 0, 0, 1, 12, 1, 0.798, True
6, 2, 28, 1, 0, 0, 0, 11, 0, 1.284, True
6, 2, 29, 1, 1, 1, 0, 11, 0, 0.962, True
6, 2, 30, 1, 0, 0, 1, 10, 1, 0.801, True
6, 2, 31, 1, 1, 1, 0, 10, 1, 1.43, False
6, 2, 32, 1, 0, 0, 1, 11, 1, 0.907, True
6, 2, 33, 1, 1, 1, 1, 11, 1, 1.457, True
6, 2, 34, 1, 0, 0, 1, 10, 1, 0.881, True
6, 2, 35, 1, 0, 0, 1, 10, 1, 0.578, True
6, 2, 36, 0, 0, 1, 0, 9, 0, 0.698, True
6, 2, 37, 0, 0, 1, 1, 9, 1, 0.739, True
6, 2, 38, 1, 1, 1, 1, 9, 1, 2.159, True
6, 2, 39, 0, 0, 1, 1, 8, 1, 0.799, True
6, 2, 40, 0, 0, 1, 0, 8, 1, 1.453, False
6, 2, 41, 0, 0, 1, 1, 9, 1, 1.144, True
6, 2, 42, 1, 0, 0, 0, 9, 0, 2.074, True
6, 2, 43, 0, 1, 0, 0, 9, 0, 1.242, True
6, 2, 44, 1, 1, 1, 1, 8, 1, 1.218, True
6, 2, 45, 0, 0, 1, 0, 8, 0, 0.86, True
6, 2, 46, 0, 0, 1, 0, 8, 1, 1.231, False
6, 2, 47, 0, 1, 0, 1, 9, 1, 0.888, True
6, 2, 48, 0, 1, 0, 1, 9, 0, 1.16, False
6, 2, 49, 0, 1, 0, 0, 10, 0, 1.251, True
6, 2, 50, 1, 0, 0, 1, 8, 1, 1.047, True
6, 2, 51, 0, 0, 1, 0, 10, 0, 0.95, True
6, 2, 52, 1, 1, 1, 1, 7, 1, 0.934, True
6, 2, 53, 0, 0, 1, 0, 9, 0, 0.664, True
6, 2, 54, 0, 0, 1, 1, 9, 1, 0.724, True
6, 2, 55, 1, 0, 0, 0, 7, 0, 0.633, True
6, 2, 56, 0, 0, 1, 0, 8, 0, 0.678, True
6, 2, 57, 1, 1, 1, 0, 6, 1, 0.971, False
6, 2, 58, 1, 0, 0, 0, 7, 0, 0.611, True
6, 2, 59, 1, 0, 0, 0, 7, 0, 1.47, True
6, 2, 60, 0, 0, 1, 1, 8, 0, 1.182, False
6, 2, 61, 1, 0, 0, 0, 6, 0, 0.698, True
6, 2, 62, 1, 1, 1, 1, 6, 1, 0.773, True
6, 2, 63, 0, 1, 0, 1, 9, 1, 0.794, True
6, 2, 64, 1, 0, 0, 0, 5, 1, 1.978, False
6, 2, 65, 1, 1, 1, 0, 6, 1, 1.614, False
6, 2, 66, 0, 1, 0, 1, 9, 1, 0.749, True
6, 2, 67, 0, 1, 0, 0, 8, 0, 0.785, True
6, 2, 68, 0, 1, 0, 1, 8, 1, 0.756, True
6, 2, 69, 1, 0, 0, 1, 7, 1, 0.828, True
6, 2, 70, 0, 0, 1, 0, 7, 0, 1.104, True
6, 2, 71, 1, 1, 1, 1, 7, 1, 1.371, True
6, 2, 72, 0, 1, 0, 0, 7, 0, 0.769, True
6, 2, 73, 1, 0, 0, 0, 6, 0, 1.29, True
6, 2, 74, 1, 1, 1, 0, 6, 1, 1.008, False
6, 2, 75, 1, 0, 0, 1, 7, 0, 1.117, False
6, 2, 76, 0, 0, 1, 1, 6, 0, 1.234, False
6, 2, 77, 1, 1, 1, 0, 8, 0, 1.242, True
6, 2, 78, 0, 1, 0, 0, 7, 0, 0.68, True
6, 2, 79, 0, 0, 1, 0, 7, 0, 1.022, True
6, 2, 80, 0, 1, 0, 0, 6, 1, 1.086, False
6, 2, 81, 1, 1, 1, 1, 8, 0, 1.109, False
6, 2, 82, 1, 1, 1, 1, 9, 1, 0.782, True
6, 2, 83, 0, 0, 1, 1, 7, 0, 1.277, False
6, 2, 84, 0, 1, 0, 0, 8, 1, 1.009, False
6, 2, 85, 1, 0, 0, 1, 9, 1, 0.98, True
6, 2, 86, 1, 1, 1, 0, 8, 0, 1.143, True
6, 2, 87, 1, 1, 1, 0, 8, 0, 0.981, True
6, 2, 88, 0, 0, 1, 1, 9, 1, 0.814, True
6, 2, 89, 0, 1, 0, 0, 9, 0, 0.741, True
6, 2, 90, 1, 0, 0, 0, 7, 0, 0.749, True
6, 2, 91, 0, 1, 0, 1, 8, 1, 0.945, True
6, 2, 92, 0, 1, 0, 1, 8, 1, 1.753, True
6, 2, 93, 0, 1, 0, 1, 7, 1, 0.926, True
6, 2, 94, 0, 1, 0, 0, 7, 0, 0.697, True
6, 2, 95, 0, 1, 0, 0, 6, 0, 1.498, True
6, 2, 96, 0, 1, 0, 0, 6, 0, 0.724, True
6, 2, 97, 1, 0, 0, 0, 7, 0, 0.694, True
6, 2, 98, 0, 1, 0, 0, 5, 0, 0.641, True
6, 2, 99, 1, 1, 1, 0, 6, 0, 0.705, True
6, 3, 0, 1, 1, 1, 1, 6, 1, 1.594, True
6, 3, 1, 1, 0, 0, 1, 6, 1, 0.795, True
6, 3, 2, 0, 0, 1, 0, 5, 0, 1.119, True
6, 3, 3, 0, 1, 0, 1, 5, 1, 0.786, True
6, 3, 4, 1, 0, 0, 1, 5, 1, 0.692, True
6, 3, 5, 0, 1, 0, 0, 4, 0, 0.752, True
6, 3, 6, 0, 0, 1, 0, 4, 0, 1.502, True
6, 3, 7, 1, 0, 0, 1, 5, 1, 0.739, True
6, 3, 8, 1, 0, 0, 1, 4, 1, 0.708, True
6, 3, 9, 1, 1, 1, 0, 4, 1, 0.893, False
6, 3, 10, 1, 1, 1, 1, 5, 1, 0.726, True
6, 3, 11, 1, 1, 1, 0, 5, 0, 1.488, True
6, 3, 12, 1, 1, 1, 1, 4, 1, 0.94, True
6, 3, 13, 0, 0, 1, 1, 3, 1, 1.663, True
6, 3, 14, 0, 0, 1, 0, 3, 0, 2.42, True
6, 3, 15, 0, 1, 0, 0, 2, 0, 0.817, True
6, 3, 16, 1, 0, 0, 0, 4, 0, 0.724, True
6, 3, 17, 0, 1, 0, 1, 2, 1, 1.245, True
6, 3, 18, 0, 0, 1, 0, 1, 0, 1.748, True
6, 3, 19, 1, 0, 0, 1, 3, 1, 1.024, True
6, 3, 20, 1, 1, 1, 1, 3, 1, 0.889, True
6, 3, 21, 0, 1, 0, 1, 1, 1, 0.816, True
6, 3, 22, 0, 0, 1, 1, 1, 0, 1.814, False
6, 3, 23, 1, 1, 1, 0, 2, 1, 0.987, False
6, 3, 24, 1, 0, 0, 1, 3, 1, 0.897, True
6, 3, 25, 0, 1, 0, 1, 2, 1, 1.185, True
6, 3, 26, 0, 1, 0, 0, 2, 0, 0.786, True
6, 3, 27, 1, 1, 1, 0, 3, 1, 1.768, False
6, 3, 28, 1, 1, 1, 1, 4, 1, 1.619, True
6, 3, 29, 0, 1, 0, 1, 1, 0, 2.415, False
6, 3, 30, 0, 1, 0, 1, 2, 1, 0.785, True
6, 3, 31, 0, 1, 0, 1, 2, 1, 0.918, True
6, 3, 32, 1, 1, 1, 0, 4, 0, 0.925, True
6, 3, 33, 0, 0, 1, 0, 1, 1, 0.952, False
6, 3, 34, 1, 0, 0, 1, 3, 1, 0.807, True
6, 3, 35, 0, 1, 0, 0, 2, 0, 0.789, True
6, 3, 36, 1, 1, 1, 1, 3, 1, 1.247, True
6, 3, 37, 1, 0, 0, 1, 2, 1, 1.501, True
6, 3, 38, 1, 1, 1, 0, 2, 1, 0.958, False
6, 3, 39, 1, 0, 0, 1, 3, 1, 0.883, True
6, 3, 40, 1, 1, 1, 1, 3, 1, 0.844, True
6, 3, 41, 1, 0, 0, 0, 2, 1, 0.875, False
6, 3, 42, 1, 0, 0, 0, 3, 0, 0.839, True
6, 3, 43, 1, 0, 0, 0, 3, 0, 0.689, True
6, 3, 44, 0, 0, 1, 0, 2, 1, 0.834, False
6, 3, 45, 1, 1, 1, 1, 2, 1, 0.856, True
6, 3, 46, 0, 1, 0, 1, 3, 1, 0.885, True
6, 3, 47, 1, 1, 1, 1, 2, 1, 0.979, True
6, 3, 48, 0, 0, 1, 0, 3, 1, 0.942, False
6, 3, 49, 1, 1, 1, 0, 1, 0, 0.778, True
6, 3, 50, 0, 1, 0, 0, 4, 0, 0.578, True
6, 3, 51, 1, 1, 1, 1, 1, 1, 0.734, True
6, 3, 52, 1, 0, 0, 1, 1, 1, 0.834, True
6, 3, 53, 0, 0, 1, 1, 4, 1, 0.752, True
6, 3, 54, 1, 1, 1, 1, 1, 0, 0.811, False
6, 3, 55, 0, 0, 1, 0, 3, 1, 0.676, False
6, 3, 56, 1, 1, 1, 0, 2, 0, 0.754, True
6, 3, 57, 0, 0, 1, 1, 4, 1, 0.721, True
6, 3, 58, 0, 1, 0, 1, 4, 1, 0.734, True
6, 3, 59, 0, 0, 1, 1, 3, 1, 0.694, True
6, 3, 60, 0, 1, 0, 0, 3, 0, 0.734, True
6, 3, 61, 1, 0, 0, 1, 2, 1, 0.754, True
6, 3, 62, 1, 1, 1, 0, 1, 1, 0.773, False
6, 3, 63, 0, 1, 0, 1, 2, 1, 0.767, True
6, 3, 64, 0, 0, 1, 1, 2, 0, 0.787, False
6, 3, 65, 0, 0, 1, 0, 3, 0, 0.729, True
6, 3, 66, 0, 1, 0, 0, 3, 0, 1.1, True
6, 3, 67, 0, 1, 0, 1, 2, 1, 1.007, True
6, 3, 68, 1, 1, 1, 1, 2, 1, 0.885, True
6, 3, 69, 0, 1, 0, 1, 2, 1, 1.133, True
6, 3, 70, 1, 0, 0, 1, 2, 1, 0.758, True
6, 3, 71, 0, 1, 0, 0, 1, 0, 1.162, True
6, 3, 72, 0, 1, 0, 1, 1, 1, 1.22, True
6, 3, 73, 0, 1, 0, 0, 1, 0, 0.874, True
6, 3, 74, 0, 1, 0, 0, 1, 1, 0.939, False
6, 3, 75, 0, 1, 0, 0, 2, 1, 1.908, False
6, 3, 76, 1, 0, 0, 1, 1, 1, 1.63, True
6, 3, 77, 0, 0, 1, 1, 3, 0, 1.27, False
6, 3, 78, 1, 1, 1, 1, 1, 1, 0.868, True
6, 3, 79, 0, 1, 0, 1, 4, 1, 1.748, True
6, 3, 80, 0, 1, 0, 1, 4, 1, 1.727, True
6, 3, 81, 0, 0, 1, 1, 3, 1, 1.485, True
6, 3, 82, 0, 1, 0, 1, 3, 1, 1.83, True
6, 3, 83, 1, 0, 0, 1, 1, 1, 2.028, True
6, 3, 84, 1, 1, 1, 0, 1, 1, 1.02, False
6, 3, 85, 0, 0, 1, 0, 2, 1, 1.383, False
6, 3, 86, 0, 1, 0, 0, 3, 0, 0.8, True
6, 3, 87, 0, 1, 0, 0, 3, 0, 0.743, True
6, 3, 88, 1, 0, 0, 1, 2, 1, 0.937, True
6, 3, 89, 1, 1, 1, 1, 2, 1, 1.061, True
6, 3, 90, 0, 1, 0, 0, 2, 0, 0.704, True
6, 3, 91, 1, 1, 1, 0, 1, 1, 1.301, False
6, 3, 92, 0, 0, 1, 1, 2, 1, 2.645, True
6, 3, 93, 1, 1, 1, 1, 2, 0, 1.988, False
6, 3, 94, 1, 1, 1, 0, 3, 1, 2.031, False
6, 3, 95, 0, 0, 1, 0, 1, 1, 1.85, False
6, 3, 96, 0, 1, 0, 0, 2, 0, 0.832, True
6, 3, 97, 0, 1, 0, 1, 2, 1, 0.998, True
6, 3, 98, 0, 1, 0, 0, 1, 1, 1.372, False
6, 3, 99, 0, 0, 1, 1, 2, 0, 2.304, False
6, 4, 0, 0, 0, 1, 0, 3, 1, 3.659, False
6, 4, 1, 0, 1, 0, 0, 4, 0, 0.933, True
6, 4, 2, 0, 0, 1, 0, 4, 1, 1.163, False
6, 4, 3, 0, 0, 1, 0, 5, 1, 2.041, False
6, 4, 4, 1, 1, 1, 1, 4, 1, 2.684, True
6, 4, 5, 0, 1, 0, 1, 6, 1, 1.419, True
6, 4, 6, 1, 0, 0, 0, 4, 1, 1.056, False
6, 4, 7, 1, 1, 1, 0, 5, 1, 2.004, False
6, 4, 8, 0, 1, 0, 1, 6, 1, 1.117, True
6, 4, 9, 1, 0, 0, 1, 6, 1, 1.059, True
6, 4, 10, 0, 1, 0, 0, 5, 1, 1.232, False
6, 4, 11, 0, 1, 0, 0, 6, 0, 0.741, True
6, 4, 12, 1, 1, 1, 0, 6, 1, 2.26, False
6, 4, 13, 0, 1, 0, 0, 6, 0, 0.863, True
6, 4, 14, 0, 1, 0, 0, 5, 0, 0.792, True
6, 4, 15, 1, 0, 0, 0, 7, 0, 0.734, True
6, 4, 16, 0, 1, 0, 1, 5, 1, 0.875, True
6, 4, 17, 0, 0, 1, 1, 4, 1, 1.228, True
6, 4, 18, 0, 0, 1, 1, 4, 1, 1.601, True
6, 4, 19, 0, 1, 0, 1, 3, 1, 0.828, True
6, 4, 20, 0, 1, 0, 0, 3, 1, 1.283, False
6, 4, 21, 1, 0, 0, 1, 7, 1, 1.473, True
6, 4, 22, 1, 1, 1, 1, 6, 1, 1.418, True
6, 4, 23, 1, 1, 1, 0, 6, 1, 1.732, False
6, 4, 24, 0, 0, 1, 0, 4, 1, 1.616, False
6, 4, 25, 1, 1, 1, 0, 7, 0, 1.115, True
6, 4, 26, 1, 1, 1, 0, 7, 0, 0.9, True
6, 4, 27, 1, 0, 0, 1, 6, 1, 0.909, True
6, 4, 28, 1, 1, 1, 0, 6, 1, 1.341, False
6, 4, 29, 1, 0, 0, 0, 7, 0, 0.82, True
6, 4, 30, 0, 0, 1, 1, 5, 1, 1.17, True
6, 4, 31, 0, 0, 1, 0, 5, 1, 1.127, False
6, 4, 32, 1, 0, 0, 1, 7, 0, 0.986, False
6, 4, 33, 1, 0, 0, 1, 8, 1, 0.965, True
6, 4, 34, 0, 1, 0, 1, 6, 1, 0.782, True
6, 4, 35, 1, 0, 0, 0, 8, 0, 1.164, True
6, 4, 36, 0, 1, 0, 1, 6, 1, 0.834, True
6, 4, 37, 1, 1, 1, 0, 7, 0, 1.103, True
6, 4, 38, 1, 0, 0, 1, 7, 1, 0.885, True
6, 4, 39, 0, 0, 1, 0, 5, 0, 1.405, True
6, 4, 40, 0, 1, 0, 1, 5, 1, 0.837, True
6, 4, 41, 1, 1, 1, 0, 6, 0, 0.803, True
6, 4, 42, 1, 1, 1, 1, 6, 1, 0.692, True
6, 4, 43, 0, 1, 0, 1, 4, 1, 0.767, True
6, 4, 44, 0, 1, 0, 0, 4, 0, 0.77, True
6, 4, 45, 0, 0, 1, 1, 3, 1, 0.715, True
6, 4, 46, 0, 0, 1, 1, 3, 1, 0.69, True
6, 4, 47, 1, 1, 1, 1, 5, 1, 0.674, True
6, 4, 48, 1, 1, 1, 1, 5, 1, 1.588, True
6, 4, 49, 1, 0, 0, 1, 4, 1, 0.766, True
6, 4, 50, 1, 1, 1, 1, 4, 0, 1.41, False
6, 4, 51, 1, 1, 1, 1, 5, 0, 1.683, False
6, 4, 52, 1, 1, 1, 0, 6, 0, 0.881, True
6, 4, 53, 1, 1, 1, 1, 6, 1, 1.314, True
6, 4, 54, 0, 0, 1, 1, 2, 0, 1.413, False
6, 4, 55, 0, 0, 1, 0, 3, 1, 1.225, False
6, 4, 56, 0, 1, 0, 1, 4, 1, 1.124, True
6, 4, 57, 1, 1, 1, 0, 5, 0, 0.748, True
6, 4, 58, 1, 1, 1, 0, 5, 0, 1.366, True
6, 4, 59, 1, 1, 1, 0, 4, 0, 1.232, True
6, 4, 60, 0, 1, 0, 0, 4, 0, 0.675, True
6, 4, 61, 0, 1, 0, 1, 3, 1, 0.801, True
6, 4, 62, 0, 0, 1, 1, 3, 1, 0.858, True
6, 4, 63, 0, 1, 0, 1, 2, 1, 0.84, True
6, 4, 64, 1, 1, 1, 1, 4, 1, 0.815, True
6, 4, 65, 0, 1, 0, 0, 2, 0, 0.739, True
6, 4, 66, 0, 1, 0, 1, 1, 1, 0.864, True
6, 4, 67, 1, 0, 0, 0, 3, 0, 1.261, True
6, 4, 68, 0, 0, 1, 1, 1, 1, 1.585, True
6, 4, 69, 1, 0, 0, 1, 3, 1, 0.93, True
6, 4, 70, 0, 0, 1, 0, 1, 0, 0.766, True
6, 4, 71, 1, 1, 1, 1, 2, 1, 1.581, True
6, 4, 72, 1, 0, 0, 1, 2, 1, 0.917, True
6, 4, 73, 0, 0, 1, 0, 1, 1, 0.962, False
6, 4, 74, 1, 0, 0, 0, 1, 1, 0.928, False
6, 4, 75, 1, 1, 1, 0, 2, 1, 0.816, False
6, 4, 76, 1, 1, 1, 0, 3, 1, 1.053, False
6, 4, 77, 1, 0, 0, 0, 4, 1, 2.217, False
6, 4, 78, 1, 0, 0, 1, 5, 1, 0.967, True
6, 4, 79, 0, 1, 0, 1, 2, 1, 0.903, True
6, 4, 80, 1, 0, 0, 1, 5, 1, 0.731, True
6, 4, 81, 0, 1, 0, 1, 2, 1, 0.749, True
6, 4, 82, 0, 1, 0, 0, 1, 0, 2.293, True
6, 4, 83, 0, 0, 1, 0, 1, 0, 1.285, True
6, 4, 84, 0, 1, 0, 1, 1, 1, 0.957, True
6, 4, 85, 0, 0, 1, 0, 1, 0, 0.748, True
6, 4, 86, 1, 1, 1, 0, 4, 1, 1.996, False
6, 4, 87, 1, 1, 1, 1, 5, 1, 1.593, True
6, 4, 88, 1, 1, 1, 1, 5, 1, 1.412, True
6, 4, 89, 1, 1, 1, 0, 4, 1, 0.93, False
6, 4, 90, 1, 0, 0, 0, 5, 0, 0.73, True
6, 4, 91, 1, 0, 0, 0, 5, 0, 0.748, True
6, 4, 92, 1, 1, 1, 0, 4, 0, 0.719, True
6, 4, 93, 0, 0, 1, 1, 1, 1, 1.189, True
6, 4, 94, 1, 1, 1, 0, 4, 1, 0.893, False
6, 4, 95, 0, 1, 0, 1, 1, 0, 2.263, False
6, 4, 96, 0, 1, 0, 1, 2, 1, 0.964, True
6, 4, 97, 0, 1, 0, 1, 2, 1, 0.695, True
6, 4, 98, 0, 0, 1, 0, 1, 1, 0.818, False
6, 4, 99, 1, 1, 1, 0, 5, 1, 1.055, False
