1, 0, 0, 0, 2, 0, 0, 40, 0, 1.125, True
1, 0, 1, 0, 2, 1, 1, 40, 1, 0.833, True
1, 0, 2, 0, 2, 1, 1, 35, 1, 0.637, True
1, 0, 3, 1, 2, 1, 1, 40, 1, 0.587, True
1, 0, 4, 1, 2, 1, 0, 40, 1, 0.536, False
1, 0, 5, 1, 2, 1, 1, 45, 1, 0.929, True
1, 0, 6, 0, 2, 1, 1, 35, 1, 0.733, True
1, 0, 7, 1, 2, 1, 1, 45, 1, 0.668, True
1, 0, 8, 0, 2, 0, 0, 30, 0, 0.65, True
1, 0, 9, 0, 2, 0, 0, 30, 0, 0.602, True
1, 0, 10, 1, 2, 0, 1, 40, 1, 1.217, True
1, 0, 11, 0, 2, 1, 1, 25, 1, 2.554, True
1, 0, 12, 1, 2, 1, 1, 40, 1, 1.95, True
1, 0, 13, 1, 2, 1, 0, 35, 1, 0.635, False
1, 0, 14, 0, 2, 1, 1, 25, 1, 0.787, True
1, 0, 15, 1, 2, 0, 0, 40, 0, 0.617, True
1, 0, 16, 0, 2, 1, 0, 20, 1, 0.695, False
1, 0, 17, 1, 2, 1, 0, 40, 0, 0.957, True
1, 0, 18, 0, 2, 1, 1, 25, 1, 0.884, True
1, 0, 19, 1, 2, 0, 0, 35, 0, 0.667, True
1, 0, 20, 1, 2, 0, 0, 35, 1, 1.524, False
1, 0, 21, 1, 2, 1, 0, 40, 0, 1.656, True
1, 0, 22, 0, 2, 1, 1, 25, 1, 0.844, True
1, 0, 23, 1, 2, 1, 0, 40, 0, 0.84, True
1, 0, 24, 0, 2, 1, 0, 20, 1, 1.736, False
1, 0, 25, 1, 2, 0, 0, 35, 0, 2.212, True
1, 0, 26, 1, 2, 1, 1, 35, 1, 0.7, True
1, 0, 27, 1, 2, 1, 0, 30, 0, 0.822, True
1, 0, 28, 1, 2, 0, 1, 30, 1, 1.033, True
1, 0, 29, 1, 2, 1, 1, 25, 1, 0.88, True
1, 0, 30, 0, 2, 0, 1, 25, 1, 1.018, True
1, 0, 31, 1, 2, 1, 0, 25, 0, 0.882, True
1, 0, 32, 1, 2, 1, 0, 20, 0, 1.201, True
1, 0, 33, 1, 2, 1, 1, 20, 1, 0.934, True
1, 0, 34, 1, 2, 1, 0, 15, 0, 0.797, True
1, 0, 35, 1, 2, 0, 0, 15, 1, 1.418, False
1, 0, 36, 1, 2, 1, 0, 20, 1, 1.38, False
1, 0, 37, 1, 2, 0, 1, 25, 1, 0.887, True
1, 0, 38, 0, 2, 0, 1, 25, 1, 1.483, True
1, 0, 39, 0, 2, 0, 1, 20, 1, 1.139, True
1, 0, 40, 0, 2, 0, 0, 20, 0, 1.087, True
1, 0, 41, 0, 2, 0, 1, 15, 0, 2.409, False
1, 0, 42, 0, 2, 1, 0, 20, 0, 1.153, True
1, 0, 43, 0, 2, 1, 1, 20, 1, 1.097, True
1, 0, 44, 0, 2, 0, 0, 15, 0, 1.592, True
1, 0, 45, 1, 2, 1, 0, 25, 0, 0.816, True
1, 0, 46, 0, 2, 1, 1, 15, 1, 1.34, True
1, 0, 47, 0, 2, 1, 0, 10, 1, 1.829, False
1, 0, 48, 1, 2, 0, 1, 20, 1, 1.575, True
1, 0, 49, 1, 2, 0, 1, 20, 1, 2.63, True
1, 1, 0, 1, 0, 0, 0, 15, 0, 3.399, True
1, 1, 1, 0, 1, 0, 0, 15, 0, 2.174, True
1, 1, 2, 0, 0, 1, 0, 15, 1, 2.51, False
1, 1, 3, 1, 0, 0, 0, 15, 0, 2.441, True
1, 1, 4, 1, 0, 0, 1, 14, 0, 2.834, False
1, 1, 5, 0, 0, 1, 0, 16, 0, 2.032, True
1, 1, 6, 0, 0, 1, 1, 16, 0, 2.641, False
1, 1, 7, 1, 1, 1, 0, 15, 1, 1.669, False
1, 1, 8, 1, 1, 1, 0, 16, 0, 2.2, True
1, 1, 9, 0, 0, 1, 0, 17, 1, 1.798, False
1, 1, 10, 1, 0, 0, 1, 16, 1, 1.69, True
1, 1, 11, 1, 1, 1, 0, 15, 1, 2.163, False
1, 1, 12, 0, 1, 0, 1, 18, 1, 1.657, True
1, 1, 13, 1, 1, 1, 0, 16, 0, 1.151, True
1, 1, 14, 1, 0, 0, 0, 16, 1, 1.458, False
1, 1, 15, 0, 1, 0, 1, 18, 1, 1.524, True
1, 1, 16, 1, 0, 0, 1, 17, 1, 1.638, True
1, 1, 17, 1, 0, 0, 1, 17, 1, 1.636, True
1, 1, 18, 1, 0, 0, 1, 16, 1, 0.924, True
1, 1, 19, 0, 1, 0, 0, 17, 1, 1.088, False
1, 1, 20, 0, 0, 1, 0, 18, 0, 1.921, True
1, 1, 21, 0, 0, 1, 1, 18, 1, 1.607, True
1, 1, 22, 0, 0, 1, 0, 17, 0, 0.936, True
1, 1, 23, 0, 0, 1, 1, 17, 1, 2.26, True
1, 1, 24, 0, 1, 0, 0, 16, 1, 1.801, False
1, 1, 25, 1, 0, 0, 1, 16, 1, 2.076, True
1, 1, 26, 0, 0, 1, 0, 17, 1, 1.25, False
1, 1, 27, 0, 1, 0, 1, 18, 0, 2.412, False
1, 1, 28, 0, 1, 0, 0, 19, 0, 2.635, True
1, 1, 29, 0, 1, 0, 1, 19, 1, 1.405, True
1, 1, 30, 1, 0, 0, 1, 15, 1, 1.357, True
1, 1, 31, 1, 0, 0, 1, 15, 1, 1.273, True
1, 1, 32, 0, 0, 1, 0, 18, 0, 2.08, True
1, 1, 33, 1, 1, 1, 1, 14, 1, 1.648, True
1, 1, 34, 1, 0, 0, 0, 14, 0, 1.512, True
1, 1, 35, 1, 0, 0, 0, 13, 0, 1.508, True
1, 1, 36, 1, 0, 0, 1, 13, 0, 1.55, False
1, 1, 37, 0, 0, 1, 1, 18, 1, 1.068, True
1, 1, 38, 0, 0, 1, 0, 17, 0, 2.055, True
1, 1, 39, 0, 0, 1, 0, 17, 0, 0.848, True
1, 1, 40, 1, 1, 1, 1, 14, 1, 2.118, True
1, 1, 41, 0, 1, 0, 0, 16, 0, 1.569, True
1, 1, 42, 1, 1, 1, 1, 14, 1, 1.137, True
1, 1, 43, 1, 0, 0, 0, 13, 0, 0.768, True
1, 1, 44, 1, 0, 0, 1, 13, 1, 1.526, True
1, 1, 45, 1, 1, 1, 0, 12, 0, 1.04, True
1, 1, 46, 1, 0, 0, 1, 12, 1, 1.642, True
1, 1, 47, 0, 1, 0, 1, 16, 0, 1.6, False
1, 1, 48, 0, 0, 1, 1, 17, 1, 2.623, True
1, 1, 49, 0, 1, 0, 1, 17, 1, 2.063, True
1, 1, 50, 0, 1, 0, 1, 16, 1, 0.992, True
1, 1, 51, 1, 0, 0, 1, 11, 1, 1.594, True
1, 1, 52, 1, 0, 0, 1, 11, 1, 1.031, True
1, 1, 53, 1, 1, 1, 1, 10, 1, 0.905, True
1, 1, 54, 1, 1, 1, 1, 10, 1, 0.676, True
1, 1, 55, 0, 1, 0, 0, 16, 0, 0.744, True
1, 1, 56, 0, 1, 0, 0, 15, 0, 0.916, True
1, 1, 57, 1, 1, 1, 1, 9, 1, 0.633, True
1, 1, 58, 1, 1, 1, 0, 9, 1, 1.424, False
1, 1, 59, 1, 0, 0, 0, 10, 1, 2.462, False
1, 1, 60, 0, 0, 1, 1, 15, 1, 1.978, True
1, 1, 61, 1, 1, 1, 1, 11, 1, 0.701, True
1, 1, 62, 0, 0, 1, 0, 14, 1, 2.089, False
1, 1, 63, 0, 0, 1, 1, 15, 1, 0.842, True
1, 1, 64, 0, 1, 0, 0, 15, 0, 1.64, True
1, 1, 65, 1, 0, 0, 1, 11, 1, 1.42, True
1, 1, 66, 0, 0, 1, 1, 14, 1, 1.078, True
1, 1, 67, 1, 1, 1, 1, 10, 1, 1.717, True
1, 1, 68, 1, 0, 0, 1, 10, 1, 0.827, True
1, 1, 69, 0, 1, 0, 0, 14, 1, 2.178, False
1, 1, 70, 0, 1, 0, 0, 15, 1, 2.199, False
1, 1, 71, 1, 1, 1, 1, 9, 1, 1.962, True
1, 1, 72, 1, 1, 1, 0, 9, 1, 1.487, False
1, 1, 73, 1, 0, 0, 0, 10, 1, 1.376, False
1, 1, 74, 0, 1, 0, 1, 16, 1, 3.067, True
1, 1, 75, 0, 1, 0, 0, 16, 0, 3.195, True
1, 1, 76, 1, 1, 1, 0, 11, 1, 1.024, False
1, 1, 77, 0, 0, 1, 1, 15, 1, 1.05, True
1, 1, 78, 0, 0, 1, 1, 15, 1, 1.542, True
1, 1, 79, 0, 1, 0, 1, 14, 0, 0.875, False
1, 1, 80, 1, 1, 1, 0, 12, 1, 0.72, False
1, 1, 81, 0, 1, 0, 0, 15, 0, 1.32, True
1, 1, 82, 1, 1, 1, 0, 13, 1, 0.683, False
1, 1, 83, 0, 1, 0, 1, 15, 0, 2.447, False
1, 1, 84, 0, 1, 0, 0, 16, 1, 1.692, False
1, 1, 85, 1, 1, 1, 1, 14, 1, 0.761, True
1, 1, 86, 0, 1, 0, 1, 17, 1, 1.788, True
1, 1, 87, 0, 0, 1, 1, 17, 1, 1.727, True
1, 1, 88, 0, 0, 1, 1, 16, 1, 1.167, True
1, 1, 89, 0, 1, 0, 1, 16, 0, 0.865, False
1, 1, 90, 0, 0, 1, 0, 17, 1, 0.521, False
1, 1, 91, 1, 1, 1, 1, 14, 1, 1.23, True
1, 1, 92, 0, 0, 1, 1, 18, 1, 2.835, True
1, 1, 93, 1, 1, 1, 0, 13, 1, 0.89, False
1, 1, 94, 0, 1, 0, 0, 18, 0, 1.553, True
1, 1, 95, 0, 1, 0, 0, 17, 0, 0.855, True
1, 1, 96, 1, 0, 0, 1, 14, 1, 1.029, True
1, 1, 97, 0, 1, 0, 1, 17, 1, 1.017, True
1, 1, 98, 0, 0, 1, 0, 16, 0, 0.817, True
1, 1, 99, 0, 0, 1, 0, 16, 0, 2.111, True
1, 2, 0, 1, 1, 1, 0, 14, 1, 0.873, False
1, 2, 1, 1, 1, 1, 0, 15, 1, 0.936, False
1, 2, 2, 0, 1, 0, 1, 15, 1, 1.407, True
1, 2, 3, 1, 1, 1, 1, 16, 1, 0.788, True
1, 2, 4, 1, 0, 0, 1, 16, 1, 1.537, True
1, 2, 5, 1, 0, 0, 0, 15, 1, 0.83, False
1, 2, 6, 0, 1, 0, 1, 15, 0, 1.765, False
1, 2, 7, 0, 1, 0, 1, 16, 1, 1.857, True
1, 2, 8, 1, 0, 0, 0, 16, 0, 2.976, True
1, 2, 9, 0, 1, 0, 0, 16, 0, 1.442, True
1, 2, 10, 1, 1, 1, 1, 16, 1, 0.961, True
1, 2, 11, 0, 0, 1, 1, 15, 1, 1.015, True
1, 2, 12, 1, 0, 0, 1, 15, 0, 1.152, False
1, 2, 13, 0, 0, 1, 0, 15, 1, 1.494, False
1, 2, 14, 1, 0, 0, 0, 16, 0, 1.834, True
1, 2, 15, 0, 1, 0, 1, 16, 0, 2.132, False
1, 2, 16, 0, 1, 0, 0, 17, 1, 2.317, False
1, 2, 17, 1, 1, 1, 1, 16, 1, 1.649, True
1, 2, 18, 1, 0, 0, 0, 15, 0, 0.817, True
1, 2, 19, 0, 0, 1, 1, 18, 1, 0.766, True
1, 2, 20, 0, 1, 0, 1, 18, 1, 0.613, True
1, 2, 21, 1, 1, 1, 0, 15, 1, 0.684, False
1, 2, 22, 0, 0, 1, 0, 17, 1, 1.129, False
1, 2, 23, 1, 1, 1, 1, 16, 1, 0.833, True
1, 2, 24, 1, 1, 1, 0, 16, 0, 0.766, True
1, 2, 25, 1, 1, 1, 0, 15, 0, 0.892, True
1, 2, 26, 0, 0, 1, 0, 18, 0, 0.739, True
1, 2, 27, 1, 1, 1, 1, 15, 0, 0.555, False
1, 2, 28, 1, 0, 0, 0, 16, 1, 1.26, False
1, 2, 29, 0, 1, 0, 0, 18, 1, 1.439, False
1, 2, 30, 1, 0, 0, 1, 17, 0, 1.229, False
1, 2, 31, 0, 1, 0, 0, 19, 1, 1.179, False
1, 2, 32, 0, 0, 1, 1, 20, 1, 1.457, True
1, 2, 33, 0, 0, 1, 1, 20, 1, 0.712, True
1, 2, 34, 0, 0, 1, 0, 19, 0, 0.782, True
1, 2, 35, 0, 0, 1, 0, 19, 0, 0.827, True
1, 2, 36, 1, 1, 1, 0, 18, 0, 0.727, True
1, 2, 37, 1, 0, 0, 1, 18, 1, 0.748, True
1, 2, 38, 0, 0, 1, 0, 18, 0, 0.715, True
1, 2, 39, 1, 0, 0, 1, 17, 0, 1.76, False
1, 2, 40, 0, 0, 1, 1, 18, 1, 1.049, True
1, 2, 41, 0, 0, 1, 0, 17, 1, 1.769, False
1, 2, 42, 0, 0, 1, 0, 18, 0, 0.908, True
1, 2, 43, 1, 0, 0, 0, 18, 1, 1.23, False
1, 2, 44, 0, 1, 0, 1, 18, 1, 1.68, True
1, 2, 45, 1, 0, 0, 0, 19, 0, 1.516, True
1, 2, 46, 1, 0, 0, 0, 19, 1, 1.438, False
1, 2, 47, 0, 0, 1, 1, 17, 1, 0.979, True
1, 2, 48, 1, 0, 0, 1, 20, 0, 1.383, False
1, 2, 49, 0, 0, 1, 0, 17, 0, 1.104, True
1, 2, 50, 0, 1, 0, 1, 16, 1, 1.127, True
1, 2, 51, 1, 0, 0, 0, 21, 0, 1.536, True
1, 2, 52, 1, 0, 0, 1, 21, 1, 0.847, True
1, 2, 53, 1, 1, 1, 0, 20, 1, 2.202, False
1, 2, 54, 0, 1, 0, 1, 16, 0, 1.193, False
1, 2, 55, 1, 0, 0, 1, 21, 1, 1.433, True
1, 2, 56, 0, 1, 0, 0, 17, 0, 1.305, True
1, 2, 57, 0, 1, 0, 0, 17, 1, 2.6, False
1, 2, 58, 1, 1, 1, 1, 21, 1, 1.418, True
1, 2, 59, 1, 1, 1, 1, 20, 1, 0.773, True
1, 2, 60, 1, 1, 1, 0, 20, 1, 0.648, False
1, 2, 61, 0, 1, 0, 1, 18, 0, 1.094, False
1, 2, 62, 0, 0, 1, 1, 19, 1, 0.989, True
1, 2, 63, 1, 0, 0, 0, 21, 0, 0.683, True
1, 2, 64, 1, 1, 1, 1, 21, 1, 0.631, True
1, 2, 65, 0, 0, 1, 1, 19, 0, 2.589, False
1, 2, 66, 1, 1, 1, 1, 20, 1, 0.73, True
1, 2, 67, 0, 1, 0, 1, 20, 1, 0.929, True
1, 2, 68, 0, 0, 1, 0, 20, 0, 1.958, True
1, 2, 69, 1, 0, 0, 1, 20, 1, 1.743, True
1, 2, 70, 1, 0, 0, 0, 19, 1, 1.818, False
1, 2, 71, 0, 1, 0, 0, 19, 0, 1.526, True
1, 2, 72, 0, 0, 1, 1, 19, 1, 0.77, True
1, 2, 73, 1, 0, 0, 0, 20, 0, 1.247, True
1, 2, 74, 0, 1, 0, 0, 18, 1, 1.199, False
1, 2, 75, 1, 1, 1, 0, 20, 0, 2.092, True
1, 2, 76, 1, 1, 1, 1, 19, 1, 2.188, True
1, 2, 77, 1, 0, 0, 0, 19, 0, 2.072, True
1, 2, 78, 0, 1, 0, 1, 19, 1, 2.636, True
1, 2, 79, 1, 0, 0, 1, 18, 1, 0.825, True
1, 2, 80, 0, 1, 0, 0, 19, 0, 1.143, True
1, 2, 81, 0, 0, 1, 0, 18, 0, 1.302, True
1, 2, 82, 1, 0, 0, 1, 18, 1, 0.784, True
1, 2, 83, 0, 1, 0, 0, 18, 1, 1.543, False
1, 2, 84, 0, 1, 0, 1, 19, 1, 0.792, True
1, 2, 85, 1, 0, 0, 1, 17, 0, 1.168, False
1, 2, 86, 1, 0, 0, 0, 18, 0, 1.287, True
1, 2, 87, 0, 1, 0, 0, 19, 1, 2.103, False
1, 2, 88, 1, 1, 1, 1, 18, 1, 0.779, True
1, 2, 89, 0, 0, 1, 1, 20, 1, 1.195, True
1, 2, 90, 0, 0, 1, 0, 20, 0, 1.451, True
1, 2, 91, 1, 0, 0, 1, 17, 1, 1.834, True
1, 2, 92, 0, 1, 0, 1, 19, 0, 1.939, False
1, 2, 93, 0, 1, 0, 0, 20, 1, 0.754, False
1, 2, 94, 1, 1, 1, 1, 17, 1, 1.834, True
1, 2, 95, 1, 1, 1, 1, 16, 1, 0.759, True
1, 2, 96, 0, 1, 0, 0, 21, 1, 1.048, False
1, 2, 97, 1, 1, 1, 1, 16, 1, 0.763, True
1, 2, 98, 0, 1, 0, 1, 22, 0, 0.827, False
1, 2, 99, 0, 1, 0, 0, 23, 0, 2.047, True
1, 3, 0, 0, 1, 0, 1, 23, 1, 1.585, True
1, 3, 1, 1, 1, 1, 0, 15, 0, 0.887, True
1, 3, 2, 0, 1, 0, 1, 23, 1, 0.945, True
1, 3, 3, 0, 0, 1, 1, 22, 1, 0.851, True
1, 3, 4, 0, 1, 0, 0, 22, 0, 1.692, True
1, 3, 5, 1, 1, 1, 1, 15, 1, 0.658, True
1, 3, 6, 0, 0, 1, 1, 21, 1, 0.682, True
1, 3, 7, 1, 0, 0, 0, 14, 0, 1.102, True
1, 3, 8, 0, 0, 1, 0, 21, 1, 0.652, False
1, 3, 9, 0, 0, 1, 0, 22, 0, 0.851, True
1, 3, 10, 0, 0, 1, 0, 22, 1, 2.447, False
1, 3, 11, 1, 0, 0, 0, 14, 0, 1.261, True
1, 3, 12, 1, 0, 0, 1, 13, 1, 1.154, True
1, 3, 13, 0, 0, 1, 1, 23, 1, 0.895, True
1, 3, 14, 0, 0, 1, 1, 23, 1, 1.006, True
1, 3, 15, 0, 0, 1, 1, 22, 1, 0.614, True
1, 3, 16, 0, 0, 1, 0, 22, 1, 0.603, False
1, 3, 17, 1, 1, 1, 1, 13, 1, 1.117, True
1, 3, 18, 0, 1, 0, 1, 23, 0, 1.217, False
1, 3, 19, 0, 1, 0, 1, 24, 1, 1.265, True
1, 3, 20, 0, 1, 0, 0, 24, 0, 2.172, True
1, 3, 21, 0, 0, 1, 0, 23, 1, 0.935, False
1, 3, 22, 0, 1, 0, 0, 24, 0, 1.378, True
1, 3, 23, 1, 1, 1, 1, 12, 1, 1.647, True
1, 3, 24, 0, 0, 1, 0, 24, 0, 1.04, True
1, 3, 25, 1, 1, 1, 0, 12, 1, 2.091, False
1, 3, 26, 1, 0, 0, 1, 13, 0, 1.344, False
1, 3, 27, 0, 0, 1, 1, 23, 1, 0.905, True
1, 3, 28, 1, 1, 1, 0, 14, 1, 0.987, False
1, 3, 29, 1, 0, 0, 1, 15, 1, 1.524, True
1, 3, 30, 0, 0, 1, 1, 23, 1, 0.902, True
1, 3, 31, 0, 0, 1, 0, 22, 0, 0.751, True
1, 3, 32, 0, 1, 0, 0, 22, 0, 1.12, True
1, 3, 33, 1, 0, 0, 0, 15, 1, 0.8, False
1, 3, 34, 1, 1, 1, 0, 16, 1, 0.964, False
1, 3, 35, 0, 0, 1, 1, 21, 1, 1.286, True
1, 3, 36, 1, 0, 0, 0, 17, 1, 0.833, False
1, 3, 37, 0, 0, 1, 1, 21, 1, 0.935, True
1, 3, 38, 0, 0, 1, 0, 20, 1, 0.971, False
1, 3, 39, 1, 0, 0, 0, 18, 0, 1.694, True
1, 3, 40, 1, 0, 0, 0, 18, 0, 1.57, True
1, 3, 41, 1, 1, 1, 0, 17, 1, 0.759, False
1, 3, 42, 0, 1, 0, 1, 21, 1, 1.591, True
1, 3, 43, 1, 0, 0, 0, 18, 0, 0.979, True
1, 3, 44, 0, 1, 0, 0, 21, 0, 0.912, True
1, 3, 45, 1, 0, 0, 0, 18, 0, 0.621, True
1, 3, 46, 0, 1, 0, 1, 20, 1, 0.707, True
1, 3, 47, 0, 1, 0, 0, 20, 0, 0.754, True
1, 3, 48, 1, 1, 1, 1, 17, 1, 0.599, True
1, 3, 49, 0, 1, 0, 0, 19, 0, 0.762, True
1, 3, 50, 0, 1, 0, 0, 19, 0, 0.685, True
1, 3, 51, 0, 0, 1, 1, 18, 1, 0.635, True
1, 3, 52, 1, 0, 0, 1, 17, 0, 0.75, False
1, 3, 53, 1, 0, 0, 0, 18, 0, 1.06, True
1, 3, 54, 0, 0, 1, 1, 18, 1, 1.238, True
1, 3, 55, 0, 0, 1, 1, 17, 0, 0.699, False
1, 3, 56, 0, 1, 0, 0, 18, 1, 0.811, False
1, 3, 57, 0, 0, 1, 1, 19, 0, 0.744, False
1, 3, 58, 0, 1, 0, 0, 20, 1, 0.851, False
1, 3, 59, 0, 1, 0, 0, 21, 0, 1.897, True
1, 3, 60, 1, 0, 0, 0, 18, 0, 1.135, True
1, 3, 61, 0, 1, 0, 1, 21, 1, 2.303, True
1, 3, 62, 1, 0, 0, 0, 17, 0, 1.081, True
1, 3, 63, 0, 0, 1, 1, 20, 1, 1.179, True
1, 3, 64, 1, 1, 1, 0, 17, 0, 0.872, True
1, 3, 65, 0, 0, 1, 1, 20, 1, 0.734, True
1, 3, 66, 1, 1, 1, 0, 16, 0, 0.735, True
1, 3, 67, 1, 1, 1, 1, 16, 1, 1.629, True
1, 3, 68, 1, 1, 1, 0, 15, 0, 1.022, True
1, 3, 69, 1, 0, 0, 1, 15, 1, 1.105, True
1, 3, 70, 1, 0, 0, 1, 14, 1, 0.971, True
1, 3, 71, 1, 1, 1, 0, 14, 0, 0.772, True
1, 3, 72, 0, 1, 0, 0, 19, 0, 0.964, True
1, 3, 73, 1, 1, 1, 0, 13, 1, 0.866, False
1, 3, 74, 0, 0, 1, 0, 19, 1, 0.849, False
1, 3, 75, 0, 1, 0, 0, 20, 0, 1.058, True
1, 3, 76, 0, 0, 1, 1, 20, 1, 2.253, True
1, 3, 77, 0, 1, 0, 0, 19, 0, 1.072, True
1, 3, 78, 1, 1, 1, 1, 14, 1, 0.705, True
1, 3, 79, 0, 1, 0, 0, 19, 0, 1.122, True
1, 3, 80, 0, 1, 0, 1, 18, 1, 1.108, True
1, 3, 81, 0, 0, 1, 0, 18, 0, 1.419, True
1, 3, 82, 1, 0, 0, 0, 14, 0, 1.01, True
1, 3, 83, 0, 1, 0, 1, 17, 1, 0.838, True
1, 3, 84, 1, 1, 1, 1, 13, 0, 1.945, False
1, 3, 85, 1, 0, 0, 1, 14, 1, 0.792, True
1, 3, 86, 0, 1, 0, 1, 17, 0, 1.454, False
1, 3, 87, 1, 0, 0, 0, 14, 0, 0.882, True
1, 3, 88, 1, 1, 1, 0, 13, 1, 0.949, False
1, 3, 89, 1, 0, 0, 0, 14, 0, 0.723, True
1, 3, 90, 0, 1, 0, 1, 18, 1, 1.591, True
1, 3, 91, 1, 1, 1, 1, 14, 1, 0.836, True
1, 3, 92, 1, 0, 0, 1, 13, 0, 0.864, False
1, 3, 93, 0, 0, 1, 1, 18, 1, 0.699, True
1, 3, 94, 1, 0, 0, 1, 14, 1, 0.867, True
1, 3, 95, 0, 0, 1, 1, 17, 0, 0.735, False
1, 3, 96, 1, 0, 0, 1, 14, 1, 0.707, True
1, 3, 97, 0, 1, 0, 1, 18, 1, 1.767, True
1, 3, 98, 0, 0, 1, 1, 18, 1, 0.758, True
1, 3, 99, 0, 1, 0, 1, 17, 0, 0.805, False
1, 4, 0, 1, 0, 0, 1, 13, 1, 0.795, True
1, 4, 1, 0, 1, 0, 0, 18, 1, 1.502, False
1, 4, 2, 0, 0, 1, 1, 19, 1, 0.671, True
1, 4, 3, 0, 1, 0, 0, 19, 0, 0.675, True
1, 4, 4, 0, 0, 1, 0, 18, 1, 0.603, False
1, 4, 5, 0, 1, 0, 1, 19, 1, 1.339, True
1, 4, 6, 1, 0, 0, 0, 13, 0, 0.796, True
1, 4, 7, 0, 0, 1, 0, 19, 1, 0.858, False
1, 4, 8, 1, 1, 1, 0, 12, 1, 0.795, False
1, 4, 9, 1, 1, 1, 0, 13, 1, 0.936, False
1, 4, 10, 0, 1, 0, 0, 20, 0, 0.797, True
1, 4, 11, 0, 1, 0, 0, 20, 1, 1.181, False
1, 4, 12, 1, 1, 1, 0, 14, 1, 1.172, False
1, 4, 13, 0, 1, 0, 1, 21, 0, 0.772, False
1, 4, 14, 1, 0, 0, 0, 15, 1, 0.953, False
1, 4, 15, 1, 1, 1, 0, 16, 1, 1.028, False
1, 4, 16, 1, 0, 0, 0, 17, 0, 0.88, True
1, 4, 17, 1, 1, 1, 0, 17, 1, 1.17, False
1, 4, 18, 0, 0, 1, 1, 22, 1, 1.097, True
1, 4, 19, 1, 0, 0, 1, 18, 1, 1.224, True
1, 4, 20, 0, 0, 1, 0, 22, 0, 1.33, True
1, 4, 21, 0, 0, 1, 0, 21, 0, 1.269, True
1, 4, 22, 1, 1, 1, 1, 18, 1, 1.033, True
1, 4, 23, 1, 0, 0, 0, 17, 0, 1.949, True
1, 4, 24, 0, 0, 1, 0, 21, 1, 0.742, False
1, 4, 25, 0, 0, 1, 1, 22, 0, 1.278, False
1, 4, 26, 1, 0, 0, 0, 17, 0, 1.201, True
1, 4, 27, 1, 1, 1, 0, 16, 1, 1.618, False
1, 4, 28, 0, 1, 0, 0, 23, 1, 1.812, False
1, 4, 29, 1, 0, 0, 1, 17, 1, 1.061, True
1, 4, 30, 0, 0, 1, 1, 24, 1, 1.384, True
1, 4, 31, 0, 0, 1, 1, 24, 1, 0.987, True
1, 4, 32, 1, 1, 1, 1, 17, 0, 0.978, False
1, 4, 33, 0, 0, 1, 0, 23, 0, 0.912, True
1, 4, 34, 1, 0, 0, 0, 18, 1, 2.155, False
1, 4, 35, 1, 0, 0, 1, 19, 1, 0.978, True
1, 4, 36, 1, 0, 0, 1, 19, 1, 0.802, True
1, 4, 37, 1, 0, 0, 0, 18, 0, 0.813, True
1, 4, 38, 0, 0, 1, 1, 23, 1, 2.15, True
1, 4, 39, 1, 1, 1, 1, 18, 1, 0.709, True
1, 4, 40, 1, 1, 1, 0, 17, 1, 0.689, False
1, 4, 41, 1, 0, 0, 1, 18, 1, 1.027, True
1, 4, 42, 1, 1, 1, 0, 18, 1, 1.439, False
1, 4, 43, 1, 1, 1, 0, 19, 1, 1.011, False
1, 4, 44, 1, 1, 1, 0, 20, 0, 1.395, True
1, 4, 45, 1, 1, 1, 1, 20, 1, 0.639, True
1, 4, 46, 1, 0, 0, 1, 19, 1, 1.031, True
1, 4, 47, 0, 1, 0, 1, 22, 1, 1.644, True
1, 4, 48, 0, 0, 1, 1, 22, 0, 1.185, False
1, 4, 49, 1, 0, 0, 1, 19, 1, 0.639, True
1, 4, 50, 1, 0, 0, 0, 18, 0, 1.978, True
1, 4, 51, 0, 0, 1, 1, 23, 1, 0.659, True
1, 4, 52, 0, 0, 1, 0, 23, 0, 1.078, True
1, 4, 53, 1, 0, 0, 1, 18, 1, 0.71, True
1, 4, 54, 1, 1, 1, 1, 17, 1, 0.626, True
1, 4, 55, 1, 1, 1, 1, 17, 1, 0.761, True
1, 4, 56, 1, 0, 0, 0, 16, 0, 1.012, True
1, 4, 57, 1, 0, 0, 0, 16, 1, 0.711, False
1, 4, 58, 0, 1, 0, 1, 22, 0, 0.618, False
1, 4, 59, 1, 0, 0, 1, 17, 1, 0.61, True
1, 4, 60, 1, 0, 0, 1, 17, 1, 0.622, True
1, 4, 61, 1, 0, 0, 0, 16, 0, 0.878, True
1, 4, 62, 0, 1, 0, 0, 23, 1, 1.555, False
1, 4, 63, 0, 1, 0, 0, 24, 0, 0.925, True
1, 4, 64, 1, 1, 1, 0, 16, 1, 0.742, False
1, 4, 65, 0, 1, 0, 1, 24, 0, 0.803, False
1, 4, 66, 0, 1, 0, 1, 25, 1, 1.36, True
1, 4, 67, 0, 0, 1, 0, 25, 0, 1.197, True
1, 4, 68, 1, 1, 1, 1, 17, 1, 0.744, True
1, 4, 69, 1, 0, 0, 1, 17, 0, 1.036, False
1, 4, 70, 0, 1, 0, 1, 24, 1, 0.895, True
1, 4, 71, 1, 0, 0, 1, 18, 1, 0.59, True
1, 4, 72, 0, 1, 0, 1, 24, 1, 0.508, True
1, 4, 73, 0, 0, 1, 1, 23, 1, 0.606, True
1, 4, 74, 1, 0, 0, 0, 18, 0, 0.72, True
1, 4, 75, 0, 0, 1, 0, 23, 1, 0.63, False
1, 4, 76, 0, 1, 0, 0, 24, 0, 0.762, True
1, 4, 77, 1, 1, 1, 0, 17, 0, 0.904, True
1, 4, 78, 0, 0, 1, 1, 24, 0, 1.738, False
1, 4, 79, 0, 1, 0, 0, 25, 0, 1.228, True
1, 4, 80, 1, 1, 1, 1, 17, 1, 0.801, True
1, 4, 81, 1, 1, 1, 0, 16, 1, 0.635, False
1, 4, 82, 0, 1, 0, 1, 25, 0, 0.733, False
1, 4, 83, 1, 0, 0, 1, 17, 0, 1.13, False
1, 4, 84, 1, 0, 0, 1, 18, 0, 1.418, False
1, 4, 85, 0, 0, 1, 1, 26, 1, 1.068, True
1, 4, 86, 0, 1, 0, 1, 26, 1, 1.18, True
1, 4, 87, 1, 0, 0, 1, 19, 1, 1.169, True
1, 4, 88, 0, 0, 1, 0, 25, 0, 1.322, True
1, 4, 89, 1, 1, 1, 0, 19, 1, 1.037, False
1, 4, 90, 1, 0, 0, 0, 20, 0, 1.041, True
1, 4, 91, 1, 1, 1, 1, 20, 1, 0.94, True
1, 4, 92, 0, 1, 0, 1, 25, 1, 1.071, True
1, 4, 93, 1, 0, 0, 0, 19, 0, 0.749, True
1, 4, 94, 1, 1, 1, 0, 19, 1, 0.739, False
1, 4, 95, 0, 1, 0, 1, 24, 1, 0.958, True
1, 4, 96, 0, 0, 1, 1, 24, 1, 0.996, True
1, 4, 97, 1, 1, 1, 0, 20, 1, 0.869, False
1, 4, 98, 1, 0, 0, 1, 21, 1, 1.035, True
1, 4, 99, 0, 1, 0, 0, 23, 0, 0.975, True
