4, 0, 0, 0, 2, 1, 1, 40, 0, 8.693, False
4, 0, 1, 0, 2, 0, 0, 45, 0, 3.658, True
4, 0, 2, 1, 2, 1, 0, 40, 0, 3.133, True
4, 0, 3, 1, 2, 0, 0, 40, 0, 2.073, True
4, 0, 4, 1, 2, 1, 1, 35, 1, 1.608, True
4, 0, 5, 0, 2, 1, 0, 45, 0, 1.306, True
4, 0, 6, 0, 2, 0, 1, 40, 1, 1.442, True
4, 0, 7, 1, 2, 1, 0, 35, 0, 1.213, True
4, 0, 8, 0, 2, 0, 0, 40, 0, 0.842, True
4, 0, 9, 1, 2, 1, 1, 30, 1, 1.026, True
4, 0, 10, 1, 2, 1, 1, 30, 1, 1.243, True
4, 0, 11, 0, 2, 1, 0, 35, 0, 1.03, True
4, 0, 12, 0, 2, 1, 0, 35, 0, 1.036, True
4, 0, 13, 0, 2, 0, 1, 30, 1, 0.821, True
4, 0, 14, 0, 2, 1, 0, 30, 0, 0.895, True
4, 0, 15, 1, 2, 0, 1, 25, 1, 0.955, True
4, 0, 16, 0, 2, 1, 0, 25, 0, 0.972, True
4, 0, 17, 0, 2, 0, 1, 25, 1, 0.91, True
4, 0, 18, 1, 2, 1, 1, 25, 1, 1.232, True
4, 0, 19, 0, 2, 0, 1, 20, 0, 2.266, False
4, 0, 20, 0, 2, 0, 1, 25, 1, 1.286, True
4, 0, 21, 1, 2, 0, 0, 20, 0, 0.966, True
4, 0, 22, 0, 2, 0, 1, 25, 1, 0.957, True
4, 0, 23, 0, 2, 1, 1, 20, 1, 0.952, True
4, 0, 24, 1, 2, 0, 1, 20, 1, 2.502, True
4, 0, 25, 1, 2, 1, 0, 15, 1, 2.171, False
4, 0, 26, 0, 2, 1, 0, 20, 0, 0.908, True
4, 0, 27, 0, 2, 0, 0, 15, 1, 1.269, False
4, 0, 28, 0, 2, 1, 0, 20, 0, 0.888, True
4, 0, 29, 0, 2, 1, 0, 20, 1, 2.723, False
4, 0, 30, 0, 2, 0, 1, 25, 1, 1.029, True
4, 0, 31, 1, 2, 0, 0, 20, 0, 1.819, True
4, 0, 32, 0, 2, 0, 1, 25, 1, 1.081, True
4, 0, 33, 1, 2, 1, 1, 20, 1, 1.578, True
4, 0, 34, 1, 2, 1, 0, 15, 0, 0.931, True
4, 0, 35, 1, 2, 0, 1, 15, 1, 1.084, True
4, 0, 36, 0, 2, 0, 1, 20, 1, 0.912, True
4, 0, 37, 0, 2, 1, 0, 20, 1, 1.274, False
4, 0, 38, 0, 2, 0, 1, 25, 0, 2.406, False
4, 0, 39, 0, 2, 1, 0, 30, 0, 1.005, True
4, 0, 40, 0, 2, 0, 0, 30, 0, 0.927, True
4, 0, 41, 1, 2, 0, 1, 10, 0, 2.008, False
4, 0, 42, 0, 2, 0, 0, 25, 0, 2.55, True
4, 0, 43, 1, 2, 0, 1, 15, 1, 1.197, True
4, 0, 44, 0, 2, 1, 1, 25, 1, 0.799, True
4, 0, 45, 1, 2, 0, 0, 15, 0, 0.733, True
4, 0, 46, 1, 2, 1, 0, 10, 0, 2.092, True
4, 0, 47, 1, 2, 1, 0, 10, 1, 1.921, False
4, 0, 48, 0, 2, 1, 1, 20, 1, 1.207, True
4, 0, 49, 1, 2, 0, 1, 15, 0, 1.215, False
4, 1, 0, 0, 1, 0, 0, 20, 0, 3.427, True
4, 1, 1, 0, 0, 1, 0, 20, 0, 1.162, True
4, 1, 2, 0, 0, 1, 0, 19, 0, 0.815, True
4, 1, 3, 1, 0, 0, 1, 20, 1, 1.474, True
4, 1, 4, 0, 1, 0, 0, 19, 0, 1.14, True
4, 1, 5, 0, 1, 0, 0, 18, 1, 1.115, False
4, 1, 6, 1, 0, 0, 1, 20, 0, 0.971, False
4, 1, 7, 1, 1, 1, 1, 21, 1, 1.281, True
4, 1, 8, 0, 0, 1, 0, 19, 0, 1.39, True
4, 1, 9, 0, 1, 0, 1, 19, 1, 0.902, True
4, 1, 10, 0, 1, 0, 0, 18, 1, 1.855, False
4, 1, 11, 1, 1, 1, 0, 21, 1, 1.411, False
4, 1, 12, 1, 0, 0, 0, 22, 0, 0.978, True
4, 1, 13, 1, 0, 0, 0, 22, 0, 0.92, True
4, 1, 14, 1, 1, 1, 0, 21, 0, 0.906, True
4, 1, 15, 1, 0, 0, 0, 21, 0, 0.811, True
4, 1, 16, 1, 1, 1, 1, 20, 1, 0.941, True
4, 1, 17, 0, 1, 0, 0, 19, 0, 0.778, True
4, 1, 18, 1, 0, 0, 1, 20, 1, 0.791, True
4, 1, 19, 0, 1, 0, 1, 19, 1, 0.753, True
4, 1, 20, 1, 0, 0, 1, 19, 1, 0.789, True
4, 1, 21, 0, 0, 1, 0, 18, 1, 2.833, False
4, 1, 22, 1, 1, 1, 0, 19, 0, 0.971, True
4, 1, 23, 1, 0, 0, 0, 18, 0, 0.932, True
4, 1, 24, 1, 1, 1, 0, 18, 1, 4.015, False
4, 1, 25, 1, 1, 1, 0, 19, 0, 1.406, True
4, 1, 26, 1, 1, 1, 0, 19, 0, 0.862, True
4, 1, 27, 1, 0, 0, 0, 18, 0, 0.809, True
4, 1, 28, 0, 0, 1, 1, 19, 1, 1.252, True
4, 1, 29, 0, 1, 0, 0, 19, 0, 2.819, True
4, 1, 30, 0, 1, 0, 1, 18, 1, 0.808, True
4, 1, 31, 0, 0, 1, 1, 18, 1, 0.986, True
4, 1, 32, 0, 0, 1, 0, 17, 0, 1.104, True
4, 1, 33, 0, 1, 0, 1, 17, 1, 0.832, True
4, 1, 34, 1, 1, 1, 0, 18, 0, 0.871, True
4, 1, 35, 0, 1, 0, 0, 16, 1, 2.678, False
4, 1, 36, 1, 1, 1, 1, 17, 0, 1.415, False
4, 1, 37, 0, 0, 1, 0, 17, 1, 1.134, False
4, 1, 38, 1, 1, 1, 1, 18, 1, 0.988, True
4, 1, 39, 1, 1, 1, 1, 18, 1, 0.72, True
4, 1, 40, 1, 1, 1, 0, 17, 0, 0.759, True
4, 1, 41, 0, 0, 1, 0, 18, 0, 0.702, True
4, 1, 42, 1, 0, 0, 0, 17, 0, 1.576, True
4, 1, 43, 1, 0, 0, 0, 16, 0, 0.709, True
4, 1, 44, 1, 1, 1, 0, 16, 0, 0.856, True
4, 1, 45, 0, 0, 1, 1, 18, 1, 0.837, True
4, 1, 46, 0, 1, 0, 0, 17, 0, 0.737, True
4, 1, 47, 1, 1, 1, 1, 15, 1, 1.083, True
4, 1, 48, 0, 1, 0, 1, 17, 0, 0.738, False
4, 1, 49, 1, 0, 0, 0, 15, 1, 1.507, False
4, 1, 50, 0, 1, 0, 0, 18, 0, 1.208, True
4, 1, 51, 1, 1, 1, 0, 16, 0, 0.776, True
4, 1, 52, 1, 0, 0, 1, 16, 1, 0.871, True
4, 1, 53, 1, 0, 0, 1, 15, 1, 1.464, True
4, 1, 54, 1, 0, 0, 1, 15, 1, 1.036, True
4, 1, 55, 0, 0, 1, 0, 18, 0, 0.75, True
4, 1, 56, 1, 1, 1, 1, 14, 0, 2.455, False
4, 1, 57, 0, 0, 1, 0, 17, 0, 0.859, True
4, 1, 58, 0, 0, 1, 1, 17, 1, 0.807, True
4, 1, 59, 1, 1, 1, 1, 15, 1, 0.72, True
4, 1, 60, 1, 0, 0, 1, 15, 1, 1.382, True
4, 1, 61, 0, 1, 0, 0, 16, 0, 2.821, True
4, 1, 62, 0, 0, 1, 0, 16, 1, 1.308, False
4, 1, 63, 1, 1, 1, 1, 14, 1, 1.386, True
4, 1, 64, 0, 0, 1, 0, 17, 0, 1.333, True
4, 1, 65, 0, 0, 1, 0, 17, 0, 0.873, True
4, 1, 66, 0, 0, 1, 0, 16, 0, 0.758, True
4, 1, 67, 0, 0, 1, 1, 16, 1, 0.769, True
4, 1, 68, 0, 1, 0, 1, 15, 1, 0.852, True
4, 1, 69, 0, 1, 0, 0, 15, 0, 0.829, True
4, 1, 70, 1, 1, 1, 0, 14, 0, 0.83, True
4, 1, 71, 0, 1, 0, 0, 14, 1, 1.069, False
4, 1, 72, 1, 0, 0, 0, 13, 1, 1.91, False
4, 1, 73, 1, 0, 0, 0, 14, 1, 1.354, False
4, 1, 74, 1, 1, 1, 0, 15, 0, 0.803, True
4, 1, 75, 1, 1, 1, 1, 15, 1, 0.755, True
4, 1, 76, 0, 1, 0, 0, 15, 0, 1.168, True
4, 1, 77, 1, 0, 0, 1, 14, 1, 0.787, True
4, 1, 78, 1, 1, 1, 1, 14, 0, 1.899, False
4, 1, 79, 0, 0, 1, 1, 15, 1, 0.74, True
4, 1, 80, 1, 1, 1, 1, 15, 1, 0.635, True
4, 1, 81, 0, 0, 1, 0, 14, 1, 0.909, False
4, 1, 82, 1, 0, 0, 0, 15, 0, 1.204, True
4, 1, 83, 1, 0, 0, 1, 14, 1, 1.038, True
4, 1, 84, 1, 0, 0, 0, 14, 0, 0.835, True
4, 1, 85, 1, 0, 0, 1, 13, 1, 1.146, True
4, 1, 86, 0, 1, 0, 0, 15, 0, 5.242, True
4, 1, 87, 0, 1, 0, 1, 15, 1, 1.035, True
4, 1, 88, 1, 0, 0, 1, 13, 1, 1.015, True
4, 1, 89, 0, 1, 0, 0, 14, 0, 1.185, True
4, 1, 90, 1, 0, 0, 1, 12, 1, 0.97, True
4, 1, 91, 0, 0, 1, 0, 14, 0, 0.834, True
4, 1, 92, 0, 0, 1, 1, 13, 1, 1.201, True
4, 1, 93, 1, 1, 1, 0, 12, 0, 0.933, True
4, 1, 94, 1, 1, 1, 0, 11, 0, 1.134, True
4, 1, 95, 0, 0, 1, 1, 13, 1, 0.717, True
4, 1, 96, 0, 1, 0, 1, 12, 1, 0.867, True
4, 1, 97, 0, 0, 1, 0, 12, 0, 0.994, True
4, 1, 98, 1, 0, 0, 0, 11, 1, 1.56, False
4, 1, 99, 0, 1, 0, 1, 11, 1, 1.513, True
4, 2, 0, 1, 1, 1, 1, 12, 1, 0.955, True
4, 2, 1, 1, 1, 1, 1, 12, 1, 0.821, True
4, 2, 2, 1, 1, 1, 1, 11, 1, 0.742, True
4, 2, 3, 1, 0, 0, 0, 11, 0, 0.885, True
4, 2, 4, 0, 0, 1, 1, 11, 1, 0.838, True
4, 2, 5, 1, 1, 1, 0, 10, 1, 2.932, False
4, 2, 6, 1, 1, 1, 1, 11, 1, 0.857, True
4, 2, 7, 1, 0, 0, 1, 11, 1, 1.04, True
4, 2, 8, 0, 1, 0, 1, 11, 0, 0.941, False
4, 2, 9, 1, 0, 0, 0, 10, 1, 1.239, False
4, 2, 10, 0, 1, 0, 0, 12, 0, 1.468, True
4, 2, 11, 1, 0, 0, 0, 11, 1, 1.876, False
4, 2, 12, 0, 1, 0, 0, 12, 1, 0.846, False
4, 2, 13, 0, 1, 0, 0, 13, 0, 0.768, True
4, 2, 14, 0, 1, 0, 1, 13, 1, 0.893, True
4, 2, 15, 0, 1, 0, 1, 12, 1, 1.449, True
4, 2, 16, 1, 0, 0, 1, 12, 0, 1.148, False
4, 2, 17, 0, 0, 1, 0, 12, 0, 0.89, True
4, 2, 18, 0, 0, 1, 0, 11, 0, 0.779, True
4, 2, 19, 1, 1, 1, 1, 13, 1, 0.878, True
4, 2, 20, 0, 0, 1, 1, 11, 0, 1.241, False
4, 2, 21, 1, 1, 1, 0, 13, 0, 0.846, True
4, 2, 22, 1, 1, 1, 0, 12, 0, 0.662, True
4, 2, 23, 1, 0, 0, 0, 12, 0, 0.775, True
4, 2, 24, 0, 0, 1, 1, 12, 0, 1.513, False
4, 2, 25, 0, 0, 1, 0, 13, 0, 0.737, True
4, 2, 26, 0, 0, 1, 1, 13, 0, 1.844, False
4, 2, 27, 1, 1, 1, 1, 11, 1, 1.871, True
4, 2, 28, 1, 1, 1, 1, 11, 1, 1.167, True
4, 2, 29, 1, 1, 1, 0, 10, 0, 2.019, True
4, 2, 30, 0, 1, 0, 1, 14, 0, 1.309, False
4, 2, 31, 0, 1, 0, 1, 15, 1, 0.881, True
4, 2, 32, 0, 0, 1, 1, 15, 0, 1.159, False
4, 2, 33, 0, 0, 1, 1, 16, 1, 0.847, True
4, 2, 34, 0, 0, 1, 0, 16, 0, 0.816, True
4, 2, 35, 0, 1, 0, 0, 15, 0, 0.797, True
4, 2, 36, 1, 0, 0, 1, 10, 1, 1.013, True
4, 2, 37, 0, 1, 0, 1, 15, 1, 0.923, True
4, 2, 38, 0, 1, 0, 1, 14, 1, 0.948, True
4, 2, 39, 0, 1, 0, 0, 14, 0, 0.78, True
4, 2, 40, 1, 1, 1, 1, 9, 1, 0.904, True
4, 2, 41, 1, 1, 1, 0, 9, 0, 0.944, True
4, 2, 42, 1, 1, 1, 0, 8, 0, 0.83, True
4, 2, 43, 0, 1, 0, 0, 13, 0, 1.172, True
4, 2, 44, 0, 1, 0, 0, 13, 0, 0.838, True
4, 2, 45, 0, 0, 1, 1, 12, 1, 0.949, True
4, 2, 46, 1, 0, 0, 1, 8, 1, 1.082, True
4, 2, 47, 1, 0, 0, 1, 7, 1, 1.85, True
4, 2, 48, 1, 1, 1, 0, 7, 1, 1.093, False
4, 2, 49, 0, 1, 0, 1, 12, 0, 1.205, False
4, 2, 50, 0, 0, 1, 1, 13, 1, 1.593, True
4, 2, 51, 1, 0, 0, 1, 8, 0, 1.131, False
4, 2, 52, 1, 1, 1, 1, 9, 1, 1.021, True
4, 2, 53, 0, 1, 0, 0, 13, 0, 0.962, True
4, 2, 54, 0, 1, 0, 0, 12, 0, 0.872, True
4, 2, 55, 1, 0, 0, 0, 9, 0, 0.734, True
4, 2, 56, 0, 1, 0, 0, 12, 0, 1.0, True
4, 2, 57, 0, 1, 0, 1, 11, 1, 0.848, True
4, 2, 58, 0, 0, 1, 1, 11, 0, 0.907, False
4, 2, 59, 0, 0, 1, 1, 12, 0, 1.182, False
4, 2, 60, 0, 1, 0, 1, 13, 1, 0.93, True
4, 2, 61, 0, 0, 1, 0, 13, 0, 2.575, True
4, 2, 62, 1, 1, 1, 1, 8, 0, 1.071, False
4, 2, 63, 0, 1, 0, 1, 12, 1, 0.863, True
4, 2, 64, 0, 1, 0, 1, 12, 1, 1.303, True
4, 2, 65, 0, 0, 1, 0, 11, 0, 1.073, True
4, 2, 66, 1, 0, 0, 0, 9, 0, 0.778, True
4, 2, 67, 0, 0, 1, 0, 11, 0, 0.765, True
4, 2, 68, 0, 1, 0, 1, 10, 1, 0.866, True
4, 2, 69, 1, 0, 0, 1, 9, 1, 0.992, True
4, 2, 70, 0, 0, 1, 0, 10, 0, 0.759, True
4, 2, 71, 1, 1, 1, 0, 8, 0, 0.795, True
4, 2, 72, 1, 0, 0, 0, 8, 1, 0.838, False
4, 2, 73, 0, 1, 0, 0, 9, 0, 0.863, True
4, 2, 74, 0, 1, 0, 0, 9, 0, 4.299, True
4, 2, 75, 1, 0, 0, 0, 9, 1, 0.897, False
4, 2, 76, 0, 0, 1, 1, 8, 1, 1.523, True
4, 2, 77, 1, 0, 0, 1, 10, 1, 0.881, True
4, 2, 78, 0, 1, 0, 0, 8, 1, 2.255, False
4, 2, 79, 0, 1, 0, 1, 9, 1, 0.925, True
4, 2, 80, 1, 0, 0, 0, 10, 0, 1.023, True
4, 2, 81, 1, 0, 0, 0, 9, 1, 0.805, False
4, 2, 82, 0, 1, 0, 0, 9, 0, 2.106, True
4, 2, 83, 1, 1, 1, 0, 10, 1, 0.962, False
4, 2, 84, 0, 0, 1, 1, 8, 1, 0.951, True
4, 2, 85, 1, 0, 0, 1, 11, 1, 1.021, True
4, 2, 86, 1, 1, 1, 1, 11, 0, 0.97, False
4, 2, 87, 1, 1, 1, 1, 12, 1, 0.951, True
4, 2, 88, 1, 1, 1, 0, 12, 1, 0.914, False
4, 2, 89, 0, 1, 0, 0, 8, 1, 0.936, False
4, 2, 90, 1, 0, 0, 1, 13, 1, 0.948, True
4, 2, 91, 1, 0, 0, 0, 13, 0, 0.836, True
4, 2, 92, 0, 1, 0, 0, 9, 1, 0.791, False
4, 2, 93, 1, 1, 1, 0, 12, 1, 0.97, False
4, 2, 94, 1, 1, 1, 1, 13, 1, 0.779, True
4, 2, 95, 1, 0, 0, 0, 13, 1, 1.119, False
4, 2, 96, 1, 0, 0, 0, 14, 0, 0.77, True
4, 2, 97, 1, 1, 1, 0, 14, 0, 0.795, True
4, 2, 98, 0, 1, 0, 0, 10, 1, 0.943, False
4, 2, 99, 1, 0, 0, 0, 13, 0, 0.737, True
4, 3, 0, 1, 0, 0, 0, 13, 1, 0.911, False
4, 3, 1, 1, 1, 1, 1, 14, 1, 0.828, True
4, 3, 2, 1, 1, 1, 0, 14, 0, 0.665, True
4, 3, 3, 0, 0, 1, 0, 11, 0, 1.795, True
4, 3, 4, 1, 1, 1, 0, 13, 0, 1.854, True
4, 3, 5, 0, 0, 1, 0, 11, 0, 1.095, True
4, 3, 6, 0, 0, 1, 0, 10, 0, 1.364, True
4, 3, 7, 1, 0, 0, 1, 13, 1, 0.889, True
4, 3, 8, 0, 0, 1, 1, 10, 0, 0.926, False
4, 3, 9, 1, 0, 0, 0, 12, 0, 0.759, True
4, 3, 10, 1, 1, 1, 0, 12, 1, 0.923, False
4, 3, 11, 1, 0, 0, 0, 13, 1, 0.866, False
4, 3, 12, 1, 0, 0, 0, 14, 0, 0.758, True
4, 3, 13, 1, 0, 0, 0, 14, 0, 0.764, True
4, 3, 14, 0, 1, 0, 1, 11, 0, 2.191, False
4, 3, 15, 0, 0, 1, 0, 12, 0, 0.71, True
4, 3, 16, 0, 0, 1, 1, 12, 0, 0.835, False
4, 3, 17, 0, 1, 0, 1, 13, 1, 1.267, True
4, 3, 18, 0, 0, 1, 0, 13, 0, 2.168, True
4, 3, 19, 0, 0, 1, 1, 12, 1, 0.87, True
4, 3, 20, 1, 1, 1, 0, 13, 0, 0.848, True
4, 3, 21, 0, 0, 1, 0, 12, 0, 0.767, True
4, 3, 22, 1, 0, 0, 1, 13, 1, 0.754, True
4, 3, 23, 0, 0, 1, 1, 11, 0, 0.775, False
4, 3, 24, 1, 1, 1, 0, 12, 0, 0.771, True
4, 3, 25, 0, 1, 0, 1, 12, 1, 0.736, True
4, 3, 26, 0, 1, 0, 0, 12, 0, 0.756, True
4, 3, 27, 0, 0, 1, 0, 11, 0, 0.737, True
4, 3, 28, 1, 1, 1, 1, 12, 0, 0.731, False
4, 3, 29, 0, 0, 1, 1, 11, 1, 0.767, True
4, 3, 30, 0, 1, 0, 1, 10, 1, 0.87, True
4, 3, 31, 1, 0, 0, 0, 13, 0, 1.251, True
4, 3, 32, 1, 0, 0, 0, 13, 0, 1.386, True
4, 3, 33, 0, 0, 1, 1, 10, 0, 1.63, False
4, 3, 34, 0, 0, 1, 1, 11, 1, 1.635, True
4, 3, 35, 1, 0, 0, 1, 12, 1, 0.834, True
4, 3, 36, 0, 1, 0, 1, 11, 0, 1.092, False
4, 3, 37, 0, 1, 0, 0, 12, 0, 0.993, True
4, 3, 38, 0, 0, 1, 0, 12, 1, 0.806, False
4, 3, 39, 1, 1, 1, 1, 12, 1, 0.878, True
4, 3, 40, 1, 1, 1, 0, 11, 1, 0.793, False
4, 3, 41, 1, 1, 1, 1, 12, 1, 1.094, True
4, 3, 42, 0, 0, 1, 1, 13, 1, 0.782, True
4, 3, 43, 0, 0, 1, 0, 13, 1, 0.831, False
4, 3, 44, 0, 0, 1, 1, 14, 1, 0.708, True
4, 3, 45, 0, 0, 1, 0, 14, 0, 0.759, True
4, 3, 46, 1, 1, 1, 1, 12, 1, 0.83, True
4, 3, 47, 1, 0, 0, 0, 11, 1, 0.952, False
4, 3, 48, 1, 1, 1, 1, 12, 1, 0.924, True
4, 3, 49, 0, 1, 0, 1, 13, 0, 2.52, False
4, 3, 50, 1, 1, 1, 1, 12, 1, 1.655, True
4, 3, 51, 1, 0, 0, 1, 11, 1, 0.942, True
4, 3, 52, 0, 0, 1, 0, 14, 0, 0.782, True
4, 3, 53, 0, 1, 0, 1, 14, 1, 0.769, True
4, 3, 54, 1, 1, 1, 0, 11, 0, 0.911, True
4, 3, 55, 1, 1, 1, 0, 10, 0, 0.704, True
4, 3, 56, 0, 0, 1, 0, 13, 0, 0.878, True
4, 3, 57, 0, 0, 1, 1, 13, 0, 0.853, False
4, 3, 58, 1, 0, 0, 1, 10, 1, 0.82, True
4, 3, 59, 1, 0, 0, 0, 9, 1, 1.218, False
4, 3, 60, 1, 0, 0, 0, 10, 1, 0.822, False
4, 3, 61, 0, 1, 0, 1, 14, 1, 0.932, True
4, 3, 62, 1, 0, 0, 1, 11, 1, 1.346, True
4, 3, 63, 1, 1, 1, 1, 11, 0, 0.825, False
4, 3, 64, 0, 1, 0, 0, 14, 0, 0.947, True
4, 3, 65, 1, 1, 1, 1, 12, 1, 0.78, True
4, 3, 66, 1, 0, 0, 0, 12, 0, 0.938, True
4, 3, 67, 0, 1, 0, 1, 13, 0, 0.916, False
4, 3, 68, 0, 0, 1, 1, 14, 1, 2.412, True
4, 3, 69, 0, 1, 0, 0, 14, 0, 0.78, True
4, 3, 70, 1, 0, 0, 1, 11, 1, 0.793, True
4, 3, 71, 0, 0, 1, 0, 13, 0, 0.734, True
4, 3, 72, 1, 0, 0, 1, 11, 1, 0.845, True
4, 3, 73, 1, 0, 0, 1, 10, 1, 0.933, True
4, 3, 74, 1, 1, 1, 0, 10, 0, 0.686, True
4, 3, 75, 1, 0, 0, 1, 9, 1, 0.719, True
4, 3, 76, 1, 1, 1, 0, 9, 0, 0.728, True
4, 3, 77, 1, 0, 0, 0, 8, 0, 0.777, True
4, 3, 78, 0, 1, 0, 0, 13, 0, 0.729, True
4, 3, 79, 0, 0, 1, 1, 12, 0, 0.753, False
4, 3, 80, 0, 1, 0, 0, 13, 0, 0.775, True
4, 3, 81, 1, 0, 0, 0, 8, 1, 1.09, False
4, 3, 82, 1, 0, 0, 0, 9, 0, 0.98, True
4, 3, 83, 1, 0, 0, 0, 9, 0, 0.868, True
4, 3, 84, 1, 1, 1, 0, 8, 1, 0.746, False
4, 3, 85, 0, 1, 0, 1, 13, 0, 0.783, False
4, 3, 86, 1, 0, 0, 1, 9, 1, 0.941, True
4, 3, 87, 0, 1, 0, 1, 14, 0, 1.086, False
4, 3, 88, 1, 0, 0, 1, 9, 0, 0.831, False
4, 3, 89, 1, 1, 1, 0, 10, 0, 0.917, True
4, 3, 90, 0, 0, 1, 0, 15, 0, 1.177, True
4, 3, 91, 1, 0, 0, 0, 10, 1, 0.961, False
4, 3, 92, 0, 0, 1, 1, 15, 0, 1.432, False
4, 3, 93, 0, 1, 0, 1, 16, 1, 1.296, True
4, 3, 94, 1, 0, 0, 0, 11, 0, 0.846, True
4, 3, 95, 1, 1, 1, 0, 11, 0, 0.916, True
4, 3, 96, 1, 0, 0, 1, 10, 1, 1.496, True
4, 3, 97, 1, 0, 0, 1, 10, 1, 0.979, True
4, 3, 98, 0, 1, 0, 1, 16, 1, 1.156, True
4, 3, 99, 1, 1, 1, 1, 9, 0, 0.76, False
4, 4, 0, 1, 0, 0, 1, 10, 1, 0.922, True
4, 4, 1, 0, 1, 0, 0, 15, 0, 0.758, True
4, 4, 2, 0, 0, 1, 0, 15, 1, 1.067, False
4, 4, 3, 0, 0, 1, 1, 16, 1, 0.935, True
4, 4, 4, 0, 1, 0, 1, 16, 0, 1.112, False
4, 4, 5, 1, 0, 0, 1, 10, 0, 0.989, False
4, 4, 6, 0, 1, 0, 1, 17, 1, 0.861, True
4, 4, 7, 0, 0, 1, 0, 17, 0, 2.245, True
4, 4, 8, 1, 0, 0, 1, 11, 1, 0.895, True
4, 4, 9, 0, 1, 0, 0, 16, 0, 0.792, True
4, 4, 10, 1, 1, 1, 0, 11, 0, 0.933, True
4, 4, 11, 0, 1, 0, 1, 16, 1, 0.85, True
4, 4, 12, 1, 1, 1, 1, 10, 0, 0.924, False
4, 4, 13, 1, 0, 0, 1, 11, 1, 0.908, True
4, 4, 14, 0, 1, 0, 1, 15, 1, 0.933, True
4, 4, 15, 0, 1, 0, 1, 15, 1, 0.887, True
4, 4, 16, 0, 1, 0, 0, 14, 0, 0.976, True
4, 4, 17, 0, 0, 1, 1, 14, 1, 1.058, True
4, 4, 18, 1, 0, 0, 1, 11, 0, 0.911, False
4, 4, 19, 1, 1, 1, 1, 12, 1, 0.877, True
4, 4, 20, 1, 0, 0, 0, 12, 0, 0.779, True
4, 4, 21, 1, 0, 0, 0, 11, 0, 0.729, True
4, 4, 22, 0, 0, 1, 0, 13, 1, 0.911, False
4, 4, 23, 1, 1, 1, 0, 11, 0, 0.798, True
4, 4, 24, 0, 0, 1, 1, 14, 1, 0.749, True
4, 4, 25, 0, 1, 0, 0, 14, 0, 0.935, True
4, 4, 26, 1, 0, 0, 1, 10, 1, 0.873, True
4, 4, 27, 1, 0, 0, 1, 10, 1, 0.739, True
4, 4, 28, 1, 0, 0, 1, 9, 1, 0.729, True
4, 4, 29, 0, 1, 0, 0, 13, 0, 1.369, True
4, 4, 30, 0, 0, 1, 0, 13, 0, 0.81, True
4, 4, 31, 0, 1, 0, 0, 12, 0, 0.788, True
4, 4, 32, 0, 1, 0, 1, 12, 1, 0.721, True
4, 4, 33, 1, 0, 0, 0, 9, 0, 0.742, True
4, 4, 34, 1, 1, 1, 1, 8, 1, 0.755, True
4, 4, 35, 0, 0, 1, 0, 11, 1, 0.745, False
4, 4, 36, 1, 0, 0, 1, 8, 1, 0.782, True
4, 4, 37, 1, 0, 0, 1, 7, 1, 0.787, True
4, 4, 38, 0, 0, 1, 0, 12, 0, 0.907, True
4, 4, 39, 0, 0, 1, 0, 12, 0, 0.726, True
4, 4, 40, 1, 1, 1, 1, 7, 0, 0.849, False
4, 4, 41, 1, 0, 0, 0, 8, 0, 0.785, True
4, 4, 42, 0, 0, 1, 1, 11, 1, 1.017, True
4, 4, 43, 1, 1, 1, 0, 8, 1, 0.967, False
4, 4, 44, 1, 0, 0, 0, 9, 0, 0.723, True
4, 4, 45, 1, 1, 1, 1, 9, 1, 1.42, True
4, 4, 46, 0, 1, 0, 0, 11, 0, 0.862, True
4, 4, 47, 1, 1, 1, 1, 8, 1, 0.851, True
4, 4, 48, 1, 1, 1, 1, 8, 1, 1.642, True
4, 4, 49, 1, 0, 0, 0, 7, 0, 0.831, True
4, 4, 50, 0, 0, 1, 1, 10, 1, 0.921, True
4, 4, 51, 0, 0, 1, 0, 10, 0, 0.853, True
4, 4, 52, 1, 1, 1, 0, 7, 1, 0.801, False
4, 4, 53, 0, 1, 0, 0, 9, 0, 0.724, True
4, 4, 54, 0, 1, 0, 1, 9, 1, 1.718, True
4, 4, 55, 1, 1, 1, 0, 8, 1, 1.077, False
4, 4, 56, 0, 0, 1, 1, 8, 1, 0.802, True
4, 4, 57, 0, 0, 1, 1, 8, 1, 0.784, True
4, 4, 58, 1, 1, 1, 1, 9, 1, 0.733, True
4, 4, 59, 1, 0, 0, 0, 9, 0, 0.732, True
4, 4, 60, 1, 1, 1, 1, 8, 1, 0.972, True
4, 4, 61, 1, 0, 0, 0, 8, 0, 0.759, True
4, 4, 62, 1, 0, 0, 0, 7, 1, 1.074, False
4, 4, 63, 0, 0, 1, 1, 7, 1, 0.814, True
4, 4, 64, 0, 0, 1, 1, 7, 1, 0.895, True
4, 4, 65, 1, 1, 1, 1, 8, 1, 2.071, True
4, 4, 66, 1, 1, 1, 0, 8, 1, 0.765, False
4, 4, 67, 0, 0, 1, 1, 6, 1, 0.719, True
4, 4, 68, 1, 1, 1, 0, 9, 0, 1.137, True
4, 4, 69, 1, 1, 1, 0, 9, 1, 0.722, False
4, 4, 70, 0, 1, 0, 1, 6, 1, 1.064, True
4, 4, 71, 0, 1, 0, 0, 5, 0, 0.794, True
4, 4, 72, 1, 0, 0, 0, 10, 1, 0.921, False
4, 4, 73, 0, 1, 0, 0, 5, 1, 0.893, False
4, 4, 74, 0, 0, 1, 0, 6, 1, 1.67, False
4, 4, 75, 0, 0, 1, 1, 7, 1, 0.732, True
4, 4, 76, 0, 0, 1, 0, 7, 1, 0.921, False
4, 4, 77, 0, 1, 0, 1, 8, 0, 1.031, False
4, 4, 78, 1, 1, 1, 1, 11, 1, 0.8, True
4, 4, 79, 0, 0, 1, 0, 9, 0, 1.172, True
4, 4, 80, 1, 0, 0, 1, 11, 1, 0.792, True
4, 4, 81, 1, 0, 0, 1, 10, 0, 0.841, False
4, 4, 82, 1, 1, 1, 0, 11, 1, 0.853, False
4, 4, 83, 0, 1, 0, 0, 9, 1, 0.907, False
4, 4, 84, 0, 0, 1, 0, 10, 0, 1.305, True
4, 4, 85, 1, 1, 1, 0, 12, 0, 0.777, True
4, 4, 86, 0, 1, 0, 1, 10, 1, 1.067, True
4, 4, 87, 0, 0, 1, 0, 9, 1, 0.89, False
4, 4, 88, 1, 1, 1, 1, 12, 1, 0.745, True
4, 4, 89, 0, 0, 1, 1, 10, 0, 1.126, False
4, 4, 90, 0, 1, 0, 1, 11, 1, 0.723, True
4, 4, 91, 0, 0, 1, 1, 11, 1, 0.889, True
4, 4, 92, 1, 0, 0, 1, 11, 1, 0.807, True
4, 4, 93, 1, 1, 1, 1, 11, 0, 0.879, False
4, 4, 94, 1, 1, 1, 1, 12, 1, 0.785, True
4, 4, 95, 0, 1, 0, 1, 10, 1, 0.924, True
4, 4, 96, 0, 0, 1, 0, 10, 0, 0.855, True
4, 4, 97, 1, 1, 1, 1, 12, 1, 0.78, True
4, 4, 98, 1, 1, 1, 1, 11, 1, 0.76, True
4, 4, 99, 1, 0, 0, 1, 11, 1, 0.801, True
