0, 0, 0, 1, 2, 1, 1, 40, 1, 3.526, True
0, 0, 1, 1, 2, 0, 0, 40, 0, 1.562, True
0, 0, 2, 0, 2, 1, 1, 40, 1, 2.03, True
0, 0, 3, 1, 2, 0, 0, 35, 0, 0.884, True
0, 0, 4, 1, 2, 0, 0, 35, 0, 0.718, True
0, 0, 5, 0, 2, 0, 0, 40, 0, 0.751, True
0, 0, 6, 0, 2, 1, 1, 35, 1, 1.045, True
0, 0, 7, 0, 2, 1, 0, 35, 1, 1.008, False
0, 0, 8, 1, 2, 1, 0, 30, 1, 1.469, False
0, 0, 9, 0, 2, 1, 0, 40, 0, 1.21, True
0, 0, 10, 0, 2, 0, 1, 40, 1, 1.427, True
0, 0, 11, 0, 2, 0, 0, 35, 1, 1.448, False
0, 0, 12, 0, 2, 0, 1, 40, 0, 1.368, False
0, 0, 13, 0, 2, 0, 0, 45, 1, 2.212, False
0, 0, 14, 1, 2, 1, 1, 35, 1, 1.858, True
0, 0, 15, 0, 2, 1, 0, 50, 0, 1.882, True
0, 0, 16, 0, 2, 0, 0, 50, 0, 1.222, True
0, 0, 17, 0, 2, 1, 0, 45, 0, 1.357, True
0, 0, 18, 1, 2, 0, 0, 35, 1, 1.578, False
0, 0, 19, 0, 2, 1, 1, 45, 1, 1.72, True
0, 0, 20, 0, 2, 1, 1, 40, 1, 2.704, True
0, 0, 21, 1, 2, 1, 1, 40, 1, 0.89, True
0, 0, 22, 1, 2, 0, 1, 40, 1, 1.291, True
0, 0, 23, 1, 2, 1, 0, 35, 0, 1.177, True
0, 0, 24, 0, 2, 1, 0, 40, 0, 1.758, True
0, 0, 25, 0, 2, 0, 0, 35, 0, 1.182, True
0, 0, 26, 1, 2, 0, 0, 35, 0, 0.941, True
0, 0, 27, 0, 2, 0, 0, 35, 0, 0.874, True
0, 0, 28, 1, 2, 1, 1, 30, 1, 1.422, True
0, 0, 29, 1, 2, 0, 0, 30, 0, 1.566, True
0, 0, 30, 1, 2, 1, 1, 25, 1, 0.914, True
0, 0, 31, 0, 2, 1, 0, 30, 1, 1.354, False
0, 0, 32, 0, 2, 1, 1, 35, 1, 1.47, True
0, 0, 33, 1, 2, 0, 1, 25, 1, 1.062, True
0, 0, 34, 1, 2, 1, 1, 20, 0, 1.313, False
0, 0, 35, 1, 2, 1, 1, 25, 0, 1.821, False
0, 0, 36, 1, 2, 0, 0, 30, 0, 1.322, True
0, 0, 37, 0, 2, 0, 0, 35, 0, 1.069, True
0, 0, 38, 1, 2, 1, 1, 30, 1, 1.204, True
0, 0, 39, 0, 2, 1, 0, 30, 0, 1.222, True
0, 0, 40, 0, 2, 0, 1, 30, 1, 1.825, True
0, 0, 41, 1, 2, 0, 1, 25, 1, 1.937, True
0, 0, 42, 1, 2, 1, 1, 25, 0, 1.883, False
0, 0, 43, 0, 2, 1, 0, 25, 1, 1.863, False
0, 0, 44, 0, 2, 1, 0, 30, 1, 1.672, False
0, 0, 45, 0, 2, 0, 0, 35, 0, 1.196, True
0, 0, 46, 0, 2, 1, 0, 35, 0, 1.496, True
0, 0, 47, 1, 2, 1, 1, 30, 1, 1.209, True
0, 0, 48, 0, 2, 0, 0, 30, 0, 0.98, True
0, 0, 49, 0, 2, 1, 1, 30, 1, 1.227, True
0, 1, 0, 0, 1, 0, 1, 27, 1, 2.223, True
0, 1, 1, 1, 1, 1, 1, 27, 1, 2.498, True
0, 1, 2, 1, 0, 0, 0, 27, 0, 1.255, True
0, 1, 3, 1, 1, 1, 0, 26, 0, 1.142, True
0, 1, 4, 1, 0, 0, 0, 26, 0, 2.177, True
0, 1, 5, 1, 0, 0, 1, 25, 1, 1.532, True
0, 1, 6, 1, 1, 1, 0, 25, 0, 2.069, True
0, 1, 7, 1, 1, 1, 1, 24, 1, 1.328, True
0, 1, 8, 0, 1, 0, 0, 27, 0, 1.395, True
0, 1, 9, 0, 1, 0, 0, 26, 0, 1.24, True
0, 1, 10, 0, 1, 0, 0, 26, 0, 1.929, True
0, 1, 11, 0, 1, 0, 0, 25, 0, 1.173, True
0, 1, 12, 1, 0, 0, 0, 24, 0, 1.964, True
0, 1, 13, 0, 1, 0, 1, 25, 1, 2.439, True
0, 1, 14, 0, 1, 0, 0, 24, 0, 1.074, True
0, 1, 15, 1, 0, 0, 1, 23, 0, 1.249, False
0, 1, 16, 0, 1, 0, 0, 24, 1, 2.177, False
0, 1, 17, 1, 1, 1, 0, 24, 0, 2.089, True
0, 1, 18, 0, 0, 1, 0, 25, 1, 1.908, False
0, 1, 19, 1, 1, 1, 1, 24, 1, 1.579, True
0, 1, 20, 0, 1, 0, 0, 26, 0, 1.501, True
0, 1, 21, 1, 1, 1, 0, 23, 1, 1.335, False
0, 1, 22, 0, 0, 1, 1, 26, 1, 2.538, True
0, 1, 23, 1, 0, 0, 1, 24, 0, 2.094, False
0, 1, 24, 1, 0, 0, 1, 25, 0, 1.566, False
0, 1, 25, 0, 0, 1, 1, 25, 1, 2.569, True
0, 1, 26, 1, 1, 1, 0, 26, 0, 1.049, True
0, 1, 27, 0, 1, 0, 1, 25, 1, 1.88, True
0, 1, 28, 1, 0, 0, 0, 26, 1, 1.64, False
0, 1, 29, 0, 0, 1, 0, 24, 1, 2.505, False
0, 1, 30, 0, 0, 1, 0, 25, 0, 2.167, True
0, 1, 31, 0, 0, 1, 0, 25, 0, 1.49, True
0, 1, 32, 1, 0, 0, 1, 27, 0, 1.508, False
0, 1, 33, 0, 1, 0, 1, 24, 1, 1.603, True
0, 1, 34, 1, 0, 0, 1, 28, 0, 1.46, False
0, 1, 35, 1, 1, 1, 1, 29, 1, 1.599, True
0, 1, 36, 1, 1, 1, 1, 29, 1, 1.152, True
0, 1, 37, 0, 0, 1, 1, 24, 1, 1.861, True
0, 1, 38, 0, 0, 1, 0, 23, 0, 1.175, True
0, 1, 39, 1, 0, 0, 0, 28, 0, 1.404, True
0, 1, 40, 1, 1, 1, 0, 28, 0, 0.997, True
0, 1, 41, 1, 0, 0, 1, 27, 1, 1.509, True
0, 1, 42, 1, 1, 1, 0, 27, 1, 1.233, False
0, 1, 43, 1, 1, 1, 0, 28, 1, 2.007, False
0, 1, 44, 1, 1, 1, 0, 29, 0, 0.995, True
0, 1, 45, 1, 0, 0, 0, 29, 0, 1.159, True
0, 1, 46, 1, 0, 0, 1, 28, 1, 1.334, True
0, 1, 47, 0, 1, 0, 0, 23, 0, 2.069, True
0, 1, 48, 1, 0, 0, 1, 28, 0, 1.508, False
0, 1, 49, 0, 1, 0, 1, 22, 1, 1.663, True
0, 1, 50, 1, 0, 0, 0, 29, 0, 0.867, True
0, 1, 51, 0, 1, 0, 1, 22, 0, 2.12, False
0, 1, 52, 0, 1, 0, 1, 23, 0, 1.31, False
0, 1, 53, 0, 0, 1, 0, 24, 1, 1.527, False
0, 1, 54, 1, 1, 1, 0, 29, 0, 1.07, True
0, 1, 55, 0, 0, 1, 0, 25, 0, 1.209, True
0, 1, 56, 1, 0, 0, 1, 28, 1, 1.276, True
0, 1, 57, 0, 0, 1, 0, 25, 0, 1.488, True
0, 1, 58, 1, 0, 0, 1, 28, 1, 1.401, True
0, 1, 59, 1, 0, 0, 0, 27, 0, 2.28, True
0, 1, 60, 1, 1, 1, 1, 27, 0, 0.973, False
0, 1, 61, 1, 0, 0, 1, 28, 1, 1.414, True
0, 1, 62, 0, 0, 1, 0, 24, 1, 2.573, False
0, 1, 63, 0, 1, 0, 0, 25, 0, 2.091, True
0, 1, 64, 0, 1, 0, 0, 25, 0, 1.508, True
0, 1, 65, 0, 0, 1, 0, 24, 1, 1.238, False
0, 1, 66, 1, 1, 1, 0, 28, 1, 1.313, False
0, 1, 67, 1, 0, 0, 0, 29, 0, 1.045, True
0, 1, 68, 0, 1, 0, 0, 25, 0, 1.287, True
0, 1, 69, 1, 1, 1, 0, 29, 0, 1.201, True
0, 1, 70, 1, 0, 0, 0, 28, 1, 1.629, False
0, 1, 71, 1, 0, 0, 0, 29, 0, 1.271, True
0, 1, 72, 0, 0, 1, 0, 25, 1, 2.297, False
0, 1, 73, 1, 1, 1, 0, 29, 0, 1.269, True
0, 1, 74, 0, 0, 1, 1, 26, 1, 1.314, True
0, 1, 75, 1, 1, 1, 0, 28, 0, 1.071, True
0, 1, 76, 0, 0, 1, 0, 26, 0, 1.504, True
0, 1, 77, 1, 1, 1, 0, 28, 0, 1.039, True
0, 1, 78, 1, 1, 1, 0, 27, 0, 0.749, True
0, 1, 79, 1, 0, 0, 1, 27, 1, 1.354, True
0, 1, 80, 0, 0, 1, 0, 25, 1, 1.553, False
0, 1, 81, 1, 1, 1, 1, 26, 1, 1.302, True
0, 1, 82, 1, 1, 1, 0, 26, 0, 1.082, True
0, 1, 83, 0, 0, 1, 1, 26, 1, 1.376, True
0, 1, 84, 1, 1, 1, 1, 25, 1, 1.563, True
0, 1, 85, 0, 0, 1, 0, 26, 0, 1.649, True
0, 1, 86, 0, 1, 0, 1, 25, 1, 3.543, True
0, 1, 87, 1, 0, 0, 1, 25, 0, 1.22, False
0, 1, 88, 0, 0, 1, 1, 25, 1, 1.342, True
0, 1, 89, 1, 0, 0, 1, 26, 1, 1.418, True
0, 1, 90, 1, 0, 0, 0, 26, 0, 1.009, True
0, 1, 91, 1, 0, 0, 0, 25, 0, 0.812, True
0, 1, 92, 0, 1, 0, 0, 24, 1, 1.335, False
0, 1, 93, 0, 1, 0, 0, 25, 0, 0.937, True
0, 1, 94, 1, 1, 1, 0, 25, 0, 1.0, True
0, 1, 95, 0, 0, 1, 0, 25, 0, 0.842, True
0, 1, 96, 0, 0, 1, 0, 24, 0, 0.802, True
0, 1, 97, 0, 0, 1, 0, 24, 0, 2.201, True
0, 1, 98, 0, 0, 1, 0, 23, 0, 1.405, True
0, 1, 99, 1, 0, 0, 0, 24, 0, 1.437, True
0, 2, 0, 1, 1, 1, 0, 24, 0, 0.906, True
0, 2, 1, 1, 0, 0, 1, 24, 1, 1.281, True
0, 2, 2, 0, 0, 1, 0, 23, 0, 0.819, True
0, 2, 3, 0, 1, 0, 1, 23, 1, 1.227, True
0, 2, 4, 0, 0, 1, 1, 22, 1, 1.521, True
0, 2, 5, 0, 1, 0, 0, 22, 0, 1.399, True
0, 2, 6, 1, 1, 1, 0, 23, 0, 0.964, True
0, 2, 7, 1, 0, 0, 1, 23, 1, 1.15, True
0, 2, 8, 0, 0, 1, 0, 21, 0, 1.202, True
0, 2, 9, 1, 0, 0, 1, 22, 1, 1.386, True
0, 2, 10, 1, 0, 0, 1, 22, 0, 1.414, False
0, 2, 11, 1, 0, 0, 0, 23, 0, 1.045, True
0, 2, 12, 0, 1, 0, 0, 21, 0, 2.184, True
0, 2, 13, 0, 0, 1, 1, 20, 1, 1.63, True
0, 2, 14, 1, 0, 0, 0, 23, 0, 1.775, True
0, 2, 15, 0, 0, 1, 0, 20, 0, 1.699, True
0, 2, 16, 1, 0, 0, 1, 22, 1, 1.242, True
0, 2, 17, 0, 0, 1, 1, 19, 1, 1.661, True
0, 2, 18, 0, 1, 0, 1, 19, 0, 3.624, False
0, 2, 19, 0, 1, 0, 1, 20, 1, 1.388, True
0, 2, 20, 0, 1, 0, 0, 20, 0, 1.012, True
0, 2, 21, 0, 0, 1, 1, 19, 1, 2.375, True
0, 2, 22, 1, 1, 1, 1, 22, 1, 1.555, True
0, 2, 23, 0, 1, 0, 1, 19, 0, 0.929, False
0, 2, 24, 0, 1, 0, 1, 20, 0, 1.201, False
0, 2, 25, 1, 1, 1, 1, 21, 1, 1.195, True
0, 2, 26, 0, 0, 1, 0, 21, 0, 1.162, True
0, 2, 27, 1, 0, 0, 0, 21, 0, 0.826, True
0, 2, 28, 1, 0, 0, 0, 20, 0, 0.729, True
0, 2, 29, 1, 0, 0, 0, 20, 0, 0.865, True
0, 2, 30, 1, 0, 0, 1, 19, 1, 1.011, True
0, 2, 31, 1, 1, 1, 1, 19, 1, 1.108, True
0, 2, 32, 1, 1, 1, 0, 18, 0, 0.963, True
0, 2, 33, 1, 1, 1, 0, 18, 1, 1.27, False
0, 2, 34, 0, 0, 1, 0, 21, 0, 1.961, True
0, 2, 35, 1, 1, 1, 0, 19, 1, 1.168, False
0, 2, 36, 0, 0, 1, 1, 20, 1, 1.915, True
0, 2, 37, 0, 1, 0, 0, 20, 0, 1.283, True
0, 2, 38, 1, 1, 1, 1, 20, 1, 1.169, True
0, 2, 39, 1, 0, 0, 1, 20, 1, 0.979, True
0, 2, 40, 0, 0, 1, 1, 19, 0, 2.009, False
0, 2, 41, 1, 0, 0, 1, 19, 0, 1.255, False
0, 2, 42, 0, 1, 0, 0, 20, 0, 1.274, True
0, 2, 43, 0, 0, 1, 1, 20, 1, 1.09, True
0, 2, 44, 0, 1, 0, 1, 19, 0, 0.873, False
0, 2, 45, 0, 1, 0, 1, 20, 1, 1.287, True
0, 2, 46, 1, 1, 1, 1, 20, 1, 2.095, True
0, 2, 47, 1, 1, 1, 0, 20, 0, 1.054, True
0, 2, 48, 1, 0, 0, 1, 19, 1, 1.654, True
0, 2, 49, 1, 0, 0, 0, 19, 0, 1.256, 