0, 0, 0, 0, 2, 0, 1, 40, 0, 2.884, False
0, 0, 1, 1, 2, 1, 0, 40, 1, 3.047, False
0, 0, 2, 1, 2, 0, 0, 45, 0, 2.117, True
0, 0, 3, 1, 2, 1, 0, 45, 0, 1.958, True
0, 0, 4, 1, 2, 1, 0, 40, 0, 1.47, True
0, 0, 5, 0, 2, 1, 0, 45, 0, 1.019, True
0, 0, 6, 0, 2, 1, 1, 45, 1, 1.975, True
0, 0, 7, 1, 2, 0, 0, 40, 0, 1.054, True
0, 0, 8, 1, 2, 0, 0, 35, 0, 0.779, True
0, 0, 9, 1, 2, 0, 1, 35, 0, 0.684, False
0, 0, 10, 0, 2, 0, 1, 40, 1, 0.892, True
0, 0, 11, 1, 2, 0, 1, 40, 1, 0.817, True
0, 0, 12, 1, 2, 0, 0, 40, 0, 10.79, True
0, 0, 13, 0, 2, 1, 0, 40, 0, 1.276, True
0, 0, 14, 1, 2, 0, 1, 35, 1, 0.734, True
0, 0, 15, 0, 2, 0, 0, 35, 0, 0.922, True
0, 0, 16, 0, 2, 1, 0, 35, 0, 1.212, True
0, 0, 17, 1, 2, 0, 0, 35, 0, 0.947, True
0, 0, 18, 0, 2, 0, 1, 30, 1, 1.221, True
0, 0, 19, 0, 2, 1, 0, 30, 1, 0.828, False
0, 0, 20, 1, 2, 1, 0, 30, 0, 1.586, True
0, 0, 21, 0, 2, 1, 1, 35, 1, 1.227, True
0, 0, 22, 1, 2, 1, 0, 30, 0, 1.04, True
0, 0, 23, 1, 2, 1, 1, 25, 1, 0.894, True
0, 0, 24, 0, 2, 1, 0, 35, 0, 0.85, True
0, 0, 25, 0, 2, 1, 0, 30, 0, 0.855, True
0, 0, 26, 1, 2, 0, 0, 25, 1, 2.828, False
0, 0, 27, 0, 2, 1, 1, 30, 0, 3.971, False
0, 0, 28, 1, 2, 0, 1, 30, 1, 1.05, True
0, 0, 29, 1, 2, 0, 0, 30, 0, 0.856, True
0, 0, 30, 1, 2, 1, 0, 25, 0, 1.006, True
0, 0, 31, 0, 2, 0, 0, 35, 0, 0.829, True
0, 0, 32, 0, 2, 1, 1, 35, 1, 0.771, True
0, 0, 33, 1, 2, 0, 1, 25, 1, 0.716, True
0, 0, 34, 1, 2, 0, 0, 20, 0, 0.935, True
0, 0, 35, 0, 2, 0, 0, 30, 0, 0.937, True
0, 0, 36, 0, 2, 0, 0, 30, 0, 0.715, True
0, 0, 37, 0, 2, 1, 0, 25, 0, 0.776, True
0, 0, 38, 1, 2, 1, 0, 20, 1, 2.69, False
0, 0, 39, 0, 2, 1, 0, 25, 0, 0.831, True
0, 0, 40, 1, 2, 1, 0, 25, 1, 1.718, False
0, 0, 41, 0, 2, 1, 0, 20, 0, 1.323, True
0, 0, 42, 1, 2, 0, 0, 30, 0, 0.783, True
0, 0, 43, 1, 2, 0, 1, 30, 1, 0.968, True
0, 0, 44, 0, 2, 0, 1, 20, 1, 0.875, True
0, 0, 45, 0, 2, 0, 0, 15, 1, 1.025, False
0, 0, 46, 1, 2, 1, 1, 25, 1, 1.505, True
0, 0, 47, 0, 2, 0, 0, 20, 0, 0.782, True
0, 0, 48, 1, 2, 0, 1, 25, 0, 0.55, False
0, 0, 49, 0, 2, 1, 1, 20, 1, 1.225, True
0, 1, 0, 0, 1, 0, 0, 22, 0, 2.763, True
0, 1, 1, 0, 0, 1, 0, 22, 1, 2.102, False
0, 1, 2, 1, 0, 0, 1, 22, 1, 1.292, True
0, 1, 3, 0, 1, 0, 1, 23, 1, 2.209, True
0, 1, 4, 0, 1, 0, 0, 23, 0, 2.098, True
0, 1, 5, 0, 1, 0, 1, 22, 1, 4.535, True
0, 1, 6, 1, 0, 0, 1, 22, 1, 2.043, True
0, 1, 7, 0, 0, 1, 1, 22, 1, 2.114, True
0, 1, 8, 0, 1, 0, 0, 21, 0, 1.639, True
0, 1, 9, 1, 0, 0, 0, 21, 1, 1.983, False
0, 1, 10, 0, 0, 1, 0, 21, 0, 2.665, True
0, 1, 11, 1, 0, 0, 1, 22, 1, 1.175, True
0, 1, 12, 0, 1, 0, 1, 20, 1, 2.306, True
0, 1, 13, 0, 0, 1, 1, 20, 0, 1.726, False
0, 1, 14, 1, 0, 0, 0, 22, 0, 1.202, True
0, 1, 15, 0, 0, 1, 0, 21, 1, 1.339, False
0, 1, 16, 1, 1, 1, 0, 21, 0, 1.087, True
0, 1, 17, 0, 0, 1, 1, 22, 0, 1.326, False
0, 1, 18, 1, 1, 1, 0, 21, 1, 2.913, False
0, 1, 19, 1, 1, 1, 1, 22, 1, 1.399, True
0, 1, 20, 1, 0, 0, 0, 22, 0, 1.017, True
0, 1, 21, 0, 0, 1, 1, 23, 1, 1.049, True
0, 1, 22, 0, 1, 0, 0, 23, 0, 1.465, True
0, 1, 23, 0, 1, 0, 1, 22, 0, 1.737, False
0, 1, 24, 1, 1, 1, 0, 21, 0, 2.253, True
0, 1, 25, 0, 0, 1, 0, 23, 0, 1.916, True
0, 1, 26, 0, 1, 0, 0, 23, 0, 1.705, True
0, 1, 27, 0, 0, 1, 1, 22, 1, 1.086, True
0, 1, 28, 0, 0, 1, 0, 22, 0, 1.02, True
0, 1, 29, 0, 0, 1, 0, 21, 0, 3.965, True
0, 1, 30, 0, 1, 0, 1, 21, 0, 3.411, False
0, 1, 31, 0, 1, 0, 0, 22, 0, 1.299, True
0, 1, 32, 0, 0, 1, 0, 22, 0, 0.953, True
0, 1, 33, 1, 0, 0, 0, 21, 0, 0.669, True
0, 1, 34, 1, 0, 0, 1, 20, 0, 0.667, False
0, 1, 35, 1, 0, 0, 0, 21, 0, 0.858, True
0, 1, 36, 1, 1, 1, 0, 21, 0, 0.945, True
0, 1, 37, 0, 1, 0, 1, 21, 1, 2.531, True
0, 1, 38, 0, 1, 0, 1, 21, 1, 2.295, True
0, 1, 39, 0, 0, 1, 0, 20, 1, 3.428, False
0, 1, 40, 0, 1, 0, 0, 21, 0, 1.589, True
0, 1, 41, 1, 0, 0, 1, 20, 1, 1.086, True
0, 1, 42, 0, 1, 0, 0, 21, 0, 3.084, True
0, 1, 43, 1, 1, 1, 0, 20, 0, 2.442, True
0, 1, 44, 1, 0, 0, 1, 19, 1, 1.554, True
0, 1, 45, 1, 1, 1, 0, 19, 1, 2.381, False
0, 1, 46, 0, 0, 1, 1, 20, 1, 2.439, True
0, 1, 47, 0, 0, 1, 1, 20, 1, 3.134, True
0, 1, 48, 1, 0, 0, 1, 20, 1, 2.474, True
0, 1, 49, 0, 0, 1, 0, 19, 1, 3.425, False
0, 1, 50, 1, 1, 1, 1, 20, 1, 2.656, True
0, 1, 51, 1, 0, 0, 0, 19, 1, 3.359, False
0, 1, 52, 1, 0, 0, 0, 20, 0, 1.073, True
0, 1, 53, 0, 0, 1, 0, 20, 1, 4.544, False
0, 1, 54, 0, 1, 0, 0, 21, 1, 2.547, False
0, 1, 55, 1, 0, 0, 1, 20, 1, 0.871, True
0, 1, 56, 1, 1, 1, 0, 19, 1, 2.285, False
0, 1, 57, 1, 0, 0, 0, 20, 0, 0.86, True
0, 1, 58, 0, 1, 0, 0, 22, 1, 2.259, False
0, 1, 59, 0, 0, 1, 1, 23, 1, 1.347, True
0, 1, 60, 0, 0, 1, 1, 23, 1, 2.743, True
0, 1, 61, 1, 0, 0, 1, 20, 1, 1.155, True
0, 1, 62, 0, 1, 0, 1, 22, 1, 1.758, True
0, 1, 63, 1, 1, 1, 0, 19, 1, 1.842, False
0, 1, 64, 1, 1, 1, 0, 20, 1, 2.53, False
0, 1, 65, 0, 0, 1, 1, 22, 0, 1.511, False
0, 1, 66, 0, 0, 1, 0, 23, 1, 2.275, False
0, 1, 67, 1, 0, 0, 0, 21, 0, 1.363, True
0, 1, 68, 0, 0, 1, 0, 24, 1, 2.646, False
0, 1, 69, 1, 1, 1, 1, 21, 1, 2.086, True
0, 1, 70, 0, 1, 0, 1, 25, 1, 2.14, True
0, 1, 71, 1, 0, 0, 0, 20, 1, 2.144, False
0, 1, 72, 0, 1, 0, 0, 25, 0, 1.78, True
0, 1, 73, 0, 0, 1, 1, 24, 1, 2.614, True
0, 1, 74, 0, 0, 1, 1, 24, 1, 1.223, True
0, 1, 75, 0, 1, 0, 1, 23, 0, 0.751, False
0, 1, 76, 0, 0, 1, 0, 24, 1, 2.73, False
0, 1, 77, 0, 0, 1, 0, 25, 0, 1.494, True
0, 1, 78, 1, 1, 1, 0, 21, 0, 0.724, True
0, 1, 79, 1, 0, 0, 0, 21, 1, 0.624, False
0, 1, 80, 0, 0, 1, 1, 25, 1, 1.76, True
0, 1, 81, 1, 0, 0, 1, 22, 1, 2.547, True
0, 1, 82, 1, 1, 1, 1, 22, 0, 1.718, False
0, 1, 83, 0, 0, 1, 1, 24, 1, 1.466, True
0, 1, 84, 1, 1, 1, 0, 23, 0, 2.328, True
0, 1, 85, 0, 0, 1, 0, 24, 0, 1.684, True
0, 1, 86, 0, 1, 0, 1, 23, 0, 1.626, False
0, 1, 87, 0, 0, 1, 1, 24, 1, 1.17, True
0, 1, 88, 1, 1, 1, 0, 23, 1, 1.036, False
0, 1, 89, 1, 0, 0, 1, 24, 1, 1.66, True
0, 1, 90, 0, 1, 0, 0, 24, 1, 1.027, False
0, 1, 91, 0, 0, 1, 0, 25, 1, 1.715, False
0, 1, 92, 0, 0, 1, 0, 26, 1, 2.104, False
0, 1, 93, 1, 1, 1, 1, 24, 1, 1.276, True
0, 1, 94, 0, 0, 1, 1, 27, 1, 1.267, True
0, 1, 95, 0, 0, 1, 0, 27, 0, 1.066, True
0, 1, 96, 0, 0, 1, 1, 26, 1, 1.48, True
0, 1, 97, 1, 0, 0, 0, 23, 1, 1.335, False
0, 1, 98, 0, 1, 0, 0, 26, 0, 0.949, True
0, 1, 99, 1, 1, 1, 1, 24, 1, 1.224, True
0, 2, 0, 1, 1, 1, 1, 24, 1, 1.299, True
0, 2, 1, 1, 0, 0, 1, 24, 1, 0.904, True
0, 2, 2, 1, 1, 1, 1, 23, 1, 0.909, True
0, 2, 3, 1, 1, 1, 0, 23, 0, 1.106, True
0, 2, 4, 0, 0, 1, 0, 25, 0, 1.919, True
0, 2, 5, 0, 0, 1, 1, 25, 1, 1.548, True
0, 2, 6, 0, 0, 1, 1, 24, 1, 2.328, True
0, 2, 7, 1, 0, 0, 1, 22, 1, 1.284, True
0, 2, 8, 1, 0, 0, 1, 22, 1, 1.723, True
0, 2, 9, 1, 0, 0, 1, 21, 1, 1.216, True
0, 2, 10, 0, 0, 1, 0, 24, 0, 0.97, True
0, 2, 11, 0, 0, 1, 1, 23, 1, 1.261, True
0, 2, 12, 0, 1, 0, 1, 23, 1, 1.092, True
0, 2, 13, 1, 0, 0, 1, 21, 1, 1.97, True
0, 2, 14, 0, 1, 0, 0, 22, 0, 1.085, True
0, 2, 15, 0, 1, 0, 1, 22, 1, 0.988, True
0, 2, 16, 0, 0, 1, 1, 21, 1, 0.862, True
0, 2, 17, 1, 0, 0, 1, 20, 1, 0.726, True
0, 2, 18, 1, 0, 0, 1, 20, 1, 1.635, True
0, 2, 19, 1, 0, 0, 1, 19, 1, 1.18, True
0, 2, 20, 1, 1, 1, 0, 19, 0, 1.654, True
0, 2, 21, 1, 0, 0, 0, 18, 0, 1.037, True
0, 2, 22, 1, 1, 1, 0, 18, 0, 0.894, True
0, 2, 23, 1, 1, 1, 0, 17, 0, 1.252, True
0, 2, 24, 1, 0, 0, 1, 17, 1, 1.244, True
0, 2, 25, 1, 0, 0, 1, 16, 1, 1.075, True
0, 2, 26, 0, 1, 0, 0, 21, 0, 1.25, True
0, 2, 27, 0, 0, 1, 1, 20, 1, 1.098, True
0, 2, 28, 1, 1, 1, 1, 16, 0, 1.88, False
0, 2, 29, 1, 1, 1, 0, 17, 1, 1.67, False
0, 2, 30, 0, 1, 0, 1, 20, 0, 1.341, False
0, 2, 31, 1, 1, 1, 1, 18, 1, 0.786, True
0, 2, 32, 0, 1, 0, 1, 21, 0, 1.02, False
0, 2, 33, 1, 0, 0, 1, 18, 1, 1.15, True
0, 2, 34, 0, 1, 0, 0, 22, 1, 1.098, False
0, 2, 35, 1, 0, 0, 1, 17, 1, 1.191, True
0, 2, 36, 0, 0, 1, 1, 23, 1, 1.089, True
0, 2, 37, 1, 1, 1, 1, 17, 1, 1.072, True
0, 2, 38, 0, 1, 0, 0, 23, 0, 0.879, True
0, 2, 39, 0, 1, 0, 1, 22, 1, 0.87, True
0, 2, 40, 1, 1, 1, 1, 16, 1, 0.908, True
0, 2, 41, 1, 0, 0, 0, 16, 0, 0.737, True
0, 2, 42, 0, 1, 0, 1, 22, 1, 0.925, True
0, 2, 43, 0, 0, 1, 1, 21, 1, 1.858, True
0, 2, 44, 1, 1, 1, 1, 15, 1, 2.145, True
0, 2, 45, 0, 1, 0, 1, 21, 1, 0.997, True
0, 2, 46, 1, 1, 1, 1, 15, 1, 0.823, True
0, 2, 47, 1, 1, 1, 1, 14, 1, 0.975, True
0, 2, 48, 1, 0, 0, 0, 14, 0, 1.298, True
0, 2, 49, 1, 1, 1, 0, 13, 1, 0.76, False
0, 2, 50, 0, 0, 1, 1, 20, 1, 1.124, True
0, 2, 51, 1, 0, 0, 0, 14, 0, 0.737, True
0, 2, 52, 0, 0, 1, 0, 20, 1, 2.045, False
0, 2, 53, 0, 0, 1, 1, 21, 1, 1.477, True
0, 2, 54, 1, 0, 0, 1, 14, 0, 1.892, False
0, 2, 55, 0, 1, 0, 1, 21, 1, 1.425, True
0, 2, 56, 0, 1, 0, 0, 20, 0, 0.914, True
0, 2, 57, 1, 0, 0, 1, 15, 0, 1.537, False
0, 2, 58, 1, 0, 0, 1, 16, 1, 1.005, True
0, 2, 59, 1, 0, 0, 1, 16, 1, 0.975, True
0, 2, 60, 1, 0, 0, 0, 15, 0, 0.945, True
0, 2, 61, 1, 0, 0, 0, 15, 0, 0.869, True
0, 2, 62, 1, 1, 1, 0, 14, 1, 0.812, False
0, 2, 63, 1, 0, 0, 1, 15, 1, 1.189, True
0, 2, 64, 0, 1, 0, 0, 20, 0, 0.911, True
0, 2, 65, 0, 1, 0, 0, 19, 0, 0.869, True
0, 2, 66, 0, 1, 0, 0, 19, 0, 0.811, True
0, 2, 67, 0, 0, 1, 0, 18, 1, 1.045, False
0, 2, 68, 1, 0, 0, 0, 15, 0, 1.54, True
0, 2, 69, 1, 1, 1, 1, 14, 1, 0.832, True
0, 2, 70, 1, 1, 1, 1, 14, 1, 1.801, True
0, 2, 71, 1, 1, 1, 1, 13, 1, 1.227, True
0, 2, 72, 0, 0, 1, 1, 19, 1, 1.171, True
0, 2, 73, 0, 1, 0, 0, 19, 0, 1.07, True
0, 2, 74, 0, 0, 1, 1, 18, 1, 0.989, True
0, 2, 75, 1, 0, 0, 0, 13, 0, 0.863, True
0, 2, 76, 1, 0, 0, 0, 12, 0, 0.854, True
0, 2, 77, 1, 1, 1, 0, 12, 1, 0.606, False
0, 2, 78, 1, 0, 0, 1, 13, 0, 1.343, False
0, 2, 79, 0, 0, 1, 0, 18, 1, 1.923, False
0, 2, 80, 0, 1, 0, 0, 19, 0, 0.736, True
0, 2, 81, 1, 0, 0, 1, 14, 1, 1.821, True
0, 2, 82, 1, 0, 0, 1, 14, 1, 0.942, True
0, 2, 83, 1, 0, 0, 0, 13, 0, 0.914, True
0, 2, 84, 1, 1, 1, 0, 13, 1, 1.175, False
0, 2, 85, 1, 0, 0, 0, 14, 0, 0.866, True
0, 2, 86, 0, 0, 1, 1, 19, 1, 1.225, True
0, 2, 87, 1, 1, 1, 1, 14, 1, 1.683, True
0, 2, 88, 1, 1, 1, 0, 13, 1, 1.481, False
0, 2, 89, 1, 0, 0, 1, 14, 0, 0.952, False
0, 2, 90, 0, 0, 1, 0, 18, 0, 1.548, True
0, 2, 91, 0, 1, 0, 1, 18, 1, 1.304, True
0, 2, 92, 0, 0, 1, 1, 17, 1, 1.613, True
0, 2, 93, 1, 1, 1, 0, 15, 1, 0.871, False
0, 2, 94, 0, 1, 0, 1, 17, 1, 0.861, True
0, 2, 95, 0, 0, 1, 1, 16, 1, 1.765, True
0, 2, 96, 0, 1, 0, 0, 16, 1, 0.76, False
0, 2, 97, 0, 0, 1, 1, 17, 1, 1.619, True
0, 2, 98, 0, 0, 1, 1, 17, 0, 1.724, False
0, 2, 99, 0, 0, 1, 1, 18, 0, 1.441, False
0, 3, 0, 0, 1, 0, 1, 19, 1, 1.217, True
0, 3, 1, 1, 1, 1, 0, 16, 0, 0.825, True
0, 3, 2, 1, 0, 0, 0, 16, 0, 0.818, True
0, 3, 3, 1, 1, 1, 0, 15, 0, 0.875, True
0, 3, 4, 0, 1, 0, 0, 19, 0, 0.849, True
0, 3, 5, 1, 0, 0, 0, 15, 0, 0.633, True
0, 3, 6, 0, 0, 1, 0, 18, 0, 1.001, True
0, 3, 7, 1, 1, 1, 1, 14, 0, 1.227, False
0, 3, 8, 1, 0, 0, 0, 15, 0, 0.723, True
0, 3, 9, 1, 0, 0, 0, 15, 0, 0.768, True
0, 3, 10, 1, 0, 0, 0, 14, 0, 0.859, True
0, 3, 11, 1, 0, 0, 0, 14, 0, 0.69, True
0, 3, 12, 1, 1, 1, 0, 13, 1, 0.832, False
0, 3, 13, 0, 0, 1, 1, 18, 0, 0.728, False
0, 3, 14, 1, 1, 1, 0, 14, 0, 0.9, True
0, 3, 15, 1, 0, 0, 1, 14, 1, 0.841, True
0, 3, 16, 0, 1, 0, 0, 19, 0, 1.729, True
0, 3, 17, 0, 0, 1, 0, 19, 0, 0.789, True
0, 3, 18, 0, 0, 1, 1, 18, 0, 0.671, False
0, 3, 19, 0, 1, 0, 0, 19, 0, 0.99, True
0, 3, 20, 1, 1, 1, 0, 13, 0, 0.672, True
0, 3, 21, 0, 1, 0, 0, 19, 0, 0.686, True
0, 3, 22, 0, 1, 0, 0, 18, 1, 1.197, False
0, 3, 23, 1, 0, 0, 1, 13, 0, 0.822, False
0, 3, 24, 1, 0, 0, 0, 14, 0, 0.783, True
0, 3, 25, 1, 1, 1, 1, 14, 1, 0.633, True
0, 3, 26, 0, 0, 1, 1, 19, 1, 1.593, True
0, 3, 27, 1, 1, 1, 1, 13, 1, 1.821, True
0, 3, 28, 0, 1, 0, 1, 19, 0, 0.893, False
0, 3, 29, 1, 0, 0, 1, 13, 1, 1.026, True
0, 3, 30, 1, 0, 0, 1, 12, 1, 0.834, True
0, 3, 31, 0, 1, 0, 0, 20, 0, 0.763, True
0, 3, 32, 0, 0, 1, 1, 20, 1, 0.807, True
0, 3, 33, 0, 0, 1, 0, 19, 1, 1.233, False
0, 3, 34, 0, 1, 0, 1, 20, 1, 1.273, True
0, 3, 35, 1, 0, 0, 1, 12, 1, 1.025, True
0, 3, 36, 0, 1, 0, 1, 20, 1, 1.217, True
0, 3, 37, 1, 0, 0, 0, 11, 1, 0.81, False
0, 3, 38, 1, 1, 1, 1, 12, 0, 1.651, False
0, 3, 39, 1, 1, 1, 0, 13, 1, 0.795, False
0, 3, 40, 1, 1, 1, 1, 14, 1, 0.661, True
0, 3, 41, 1, 0, 0, 0, 14, 0, 1.061, True
0, 3, 42, 1, 0, 0, 0, 13, 0, 0.773, True
0, 3, 43, 0, 1, 0, 0, 19, 0, 1.087, True
0, 3, 44, 0, 0, 1, 0, 19, 1, 0.702, False
0, 3, 45, 1, 0, 0, 1, 13, 0, 0.716, False
0, 3, 46, 1, 0, 0, 0, 14, 0, 0.953, True
0, 3, 47, 1, 0, 0, 1, 14, 1, 0.956, True
0, 3, 48, 0, 0, 1, 1, 20, 0, 2.4, False
0, 3, 49, 0, 1, 0, 0, 21, 0, 0.793, True
0, 3, 50, 0, 0, 1, 0, 21, 0, 0.851, True
0, 3, 51, 0, 1, 0, 1, 20, 1, 0.875, True
0, 3, 52, 1, 0, 0, 1, 13, 1, 0.849, True
0, 3, 53, 1, 0, 0, 1, 13, 1, 0.889, True
0, 3, 54, 0, 0, 1, 1, 20, 1, 0.991, True
0, 3, 55, 1, 1, 1, 0, 12, 1, 0.833, False
0, 3, 56, 1, 1, 1, 1, 13, 1, 0.746, True
0, 3, 57, 0, 1, 0, 1, 19, 0, 0.982, False
0, 3, 58, 1, 0, 0, 0, 13, 0, 0.936, True
0, 3, 59, 0, 1, 0, 1, 20, 1, 1.02, True
0, 3, 60, 1, 1, 1, 0, 12, 1, 1.484, False
0, 3, 61, 1, 0, 0, 0, 13, 1, 1.243, False
0, 3, 62, 1, 1, 1, 0, 14, 1, 1.235, False
0, 3, 63, 1, 1, 1, 1, 15, 1, 0.78, True
0, 3, 64, 1, 0, 0, 0, 15, 0, 0.71, True
0, 3, 65, 0, 1, 0, 1, 20, 1, 0.947, True
0, 3, 66, 1, 1, 1, 1, 14, 1, 0.998, True
0, 3, 67, 0, 0, 1, 0, 19, 1, 0.856, False
0, 3, 68, 1, 0, 0, 0, 14, 0, 1.679, True
0, 3, 69, 1, 0, 0, 0, 13, 0, 1.526, True
0, 3, 70, 0, 0, 1, 1, 20, 1, 0.914, True
0, 3, 71, 0, 0, 1, 0, 20, 1, 0.919, False
0, 3, 72, 1, 1, 1, 0, 13, 1, 0.796, False
0, 3, 73, 0, 0, 1, 0, 21, 0, 0.885, True
0, 3, 74, 1, 0, 0, 1, 14, 0, 1.691, False
0, 3, 75, 0, 0, 1, 1, 21, 1, 0.993, True
0, 3, 76, 1, 0, 0, 0, 15, 0, 0.915, True
0, 3, 77, 1, 1, 1, 0, 15, 1, 1.096, False
0, 3, 78, 1, 1, 1, 0, 16, 0, 1.174, True
0, 3, 79, 1, 0, 0, 0, 16, 0, 0.849, True
0, 3, 80, 0, 0, 1, 0, 20, 1, 0.969, False
0, 3, 81, 1, 1, 1, 0, 15, 0, 0.924, True
0, 3, 82, 1, 0, 0, 0, 15, 0, 1.104, True
0, 3, 83, 0, 1, 0, 0, 21, 0, 0.814, True
0, 3, 84, 0, 0, 1, 0, 21, 0, 0.824, True
0, 3, 85, 1, 1, 1, 1, 14, 0, 1.36, False
0, 3, 86, 1, 0, 0, 0, 15, 0, 0.708, True
0, 3, 87, 0, 0, 1, 1, 20, 1, 1.057, True
0, 3, 88, 0, 1, 0, 0, 20, 0, 0.736, True
0, 3, 89, 0, 0, 1, 1, 19, 1, 0.662, True
0, 3, 90, 1, 1, 1, 1, 15, 1, 0.773, True
0, 3, 91, 0, 1, 0, 1, 19, 1, 1.408, True
0, 3, 92, 0, 1, 0, 0, 18, 0, 0.994, True
0, 3, 93, 0, 0, 1, 0, 18, 1, 1.316, False
0, 3, 94, 0, 0, 1, 1, 19, 1, 1.546, True
0, 3, 95, 0, 1, 0, 1, 19, 0, 0.901, False
0, 3, 96, 1, 1, 1, 1, 14, 1, 1.084, True
0, 3, 97, 0, 1, 0, 1, 20, 1, 0.826, True
0, 3, 98, 1, 0, 0, 1, 14, 1, 0.707, True
0, 3, 99, 1, 0, 0, 1, 13, 1, 0.673, True
0, 4, 0, 0, 1, 0, 1, 20, 1, 1.061, True
0, 4, 1, 0, 1, 0, 0, 20, 0, 1.044, True
0, 4, 2, 0, 1, 0, 1, 19, 1, 1.621, True
0, 4, 3, 0, 0, 1, 0, 19, 1, 1.917, False
0, 4, 4, 1, 1, 1, 0, 13, 1, 0.954, False
0, 4, 5, 0, 1, 0, 0, 20, 1, 1.358, False
0, 4, 6, 1, 0, 0, 1, 14, 1, 0.77, True
0, 4, 7, 1, 1, 1, 1, 14, 1, 1.389, True
0, 4, 8, 0, 0, 1, 0, 21, 1, 1.375, False
0, 4, 9, 1, 0, 0, 1, 13, 0, 1.409, False
0, 4, 10, 1, 1, 1, 0, 14, 0, 1.027, True
0, 4, 11, 1, 0, 0, 1, 14, 1, 0.867, True
0, 4, 12, 0, 1, 0, 0, 22, 0, 1.402, True
0, 4, 13, 1, 1, 1, 1, 13, 1, 0.795, True
0, 4, 14, 1, 0, 0, 0, 13, 0, 0.789, True
0, 4, 15, 1, 1, 1, 1, 12, 1, 1.279, True
0, 4, 16, 0, 1, 0, 0, 22, 0, 0.95, True
0, 4, 17, 1, 1, 1, 0, 12, 0, 1.658, True
0, 4, 18, 0, 0, 1, 0, 21, 1, 1.153, False
0, 4, 19, 0, 1, 0, 1, 22, 1, 0.845, True
0, 4, 20, 1, 0, 0, 0, 11, 1, 1.493, False
0, 4, 21, 1, 0, 0, 1, 12, 1, 0.787, True
0, 4, 22, 0, 1, 0, 1, 22, 0, 1.357, False
0, 4, 23, 0, 1, 0, 0, 23, 0, 0.865, True
0, 4, 24, 1, 0, 0, 1, 12, 1, 0.968, True
0, 4, 25, 0, 1, 0, 1, 23, 1, 1.387, True
0, 4, 26, 0, 1, 0, 0, 22, 1, 1.037, False
0, 4, 27, 0, 1, 0, 0, 23, 0, 0.925, True
0, 4, 28, 0, 1, 0, 0, 23, 1, 1.681, False
0, 4, 29, 1, 0, 0, 0, 11, 0, 1.079, True
0, 4, 30, 1, 0, 0, 0, 11, 0, 0.95, True
0, 4, 31, 1, 1, 1, 1, 10, 1, 1.578, True
0, 4, 32, 0, 1, 0, 0, 24, 0, 1.685, True
0, 4, 33, 0, 0, 1, 0, 24, 0, 1.035, True
0, 4, 34, 1, 0, 0, 0, 10, 0, 0.811, True
0, 4, 35, 1, 0, 0, 1, 9, 0, 0.708, False
0, 4, 36, 1, 1, 1, 0, 10, 1, 1.361, False
0, 4, 37, 1, 1, 1, 0, 11, 1, 1.093, False
0, 4, 38, 1, 1, 1, 0, 12, 1, 0.819, False
0, 4, 39, 0, 1, 0, 1, 23, 1, 1.083, True
0, 4, 40, 0, 1, 0, 0, 23, 0, 0.922, True
0, 4, 41, 1, 1, 1, 1, 13, 1, 0.847, True
0, 4, 42, 0, 1, 0, 1, 22, 1, 1.462, True
0, 4, 43, 0, 1, 0, 0, 22, 0, 1.029, True
0, 4, 44, 1, 0, 0, 1, 13, 0, 1.286, False
0, 4, 45, 1, 1, 1, 1, 14, 1, 1.116, True
0, 4, 46, 1, 0, 0, 1, 14, 0, 0.921, False
0, 4, 47, 1, 1, 1, 1, 15, 1, 0.782, True
0, 4, 48, 0, 0, 1, 1, 21, 1, 1.513, True
0, 4, 49, 1, 0, 0, 1, 15, 1, 0.982, True
0, 4, 50, 1, 0, 0, 0, 14, 0, 0.905, True
0, 4, 51, 0, 0, 1, 0, 21, 1, 1.038, False
0, 4, 52, 0, 1, 0, 1, 22, 1, 0.975, True
0, 4, 53, 0, 0, 1, 1, 22, 1, 1.426, True
0, 4, 54, 0, 0, 1, 0, 21, 0, 1.763, True
0, 4, 55, 1, 0, 0, 0, 14, 1, 1.67, False
0, 4, 56, 1, 0, 0, 1, 15, 1, 1.084, True
0, 4, 57, 0, 0, 1, 0, 21, 0, 0.875, True
0, 4, 58, 1, 0, 0, 0, 15, 1, 1.115, False
0, 4, 59, 1, 1, 1, 0, 16, 0, 0.775, True
0, 4, 60, 1, 0, 0, 1, 16, 1, 0.739, True
0, 4, 61, 1, 1, 1, 1, 15, 0, 0.959, False
0, 4, 62, 1, 1, 1, 1, 16, 1, 0.787, True
0, 4, 63, 1, 0, 0, 1, 16, 1, 0.685, True
0, 4, 64, 1, 1, 1, 1, 15, 1, 0.876, True
0, 4, 65, 1, 1, 1, 1, 15, 1, 0.787, True
0, 4, 66, 0, 1, 0, 1, 20, 1, 0.701, True
0, 4, 67, 1, 0, 0, 0, 14, 1, 0.667, False
0, 4, 68, 0, 1, 0, 1, 20, 1, 0.651, True
0, 4, 69, 0, 0, 1, 1, 19, 1, 1.099, True
0, 4, 70, 1, 1, 1, 0, 15, 1, 1.433, False
0, 4, 71, 0, 0, 1, 0, 19, 1, 1.017, False
0, 4, 72, 0, 1, 0, 1, 20, 1, 0.987, True
0, 4, 73, 0, 1, 0, 1, 20, 1, 1.373, True
0, 4, 74, 1, 0, 0, 0, 16, 0, 1.185, True
0, 4, 75, 1, 1, 1, 0, 16, 1, 1.227, False
0, 4, 76, 0, 1, 0, 0, 19, 0, 0.836, True
0, 4, 77, 0, 1, 0, 0, 19, 1, 0.877, False
0, 4, 78, 1, 1, 1, 1, 17, 0, 1.683, False
0, 4, 79, 1, 1, 1, 1, 18, 1, 0.986, True
0, 4, 80, 0, 0, 1, 1, 20, 0, 1.164, False
0, 4, 81, 0, 1, 0, 0, 21, 0, 0.936, True
0, 4, 82, 1, 0, 0, 1, 18, 1, 0.972, True
0, 4, 83, 1, 1, 1, 0, 17, 1, 0.927, False
0, 4, 84, 0, 1, 0, 0, 21, 0, 0.884, True
0, 4, 85, 0, 0, 1, 0, 20, 1, 0.938, False
0, 4, 86, 0, 1, 0, 0, 21, 0, 0.799, True
0, 4, 87, 0, 1, 0, 1, 21, 1, 0.888, True
0, 4, 88, 0, 1, 0, 1, 20, 1, 0.83, True
0, 4, 89, 1, 1, 1, 0, 18, 0, 0.791, True
0, 4, 90, 1, 1, 1, 1, 18, 1, 1.297, True
0, 4, 91, 1, 0, 0, 1, 17, 1, 0.871, True
0, 4, 92, 0, 0, 1, 1, 20, 1, 0.766, True
0, 4, 93, 0, 0, 1, 1, 19, 1, 1.577, True
0, 4, 94, 1, 1, 1, 1, 17, 1, 0.692, True
0, 4, 95, 0, 1, 0, 0, 19, 0, 0.915, True
0, 4, 96, 1, 1, 1, 0, 16, 1, 1.208, False
0, 4, 97, 1, 0, 0, 0, 17, 0, 0.914, True
0, 4, 98, 1, 1, 1, 1, 17, 1, 1.096, True
0, 4, 99, 0, 0, 1, 1, 18, 0, 1.83, False
