5, 0, 0, 0, 2, 1, 1, 40, 1, 2.022, True
5, 0, 1, 0, 2, 1, 1, 40, 1, 0.817, True
5, 0, 2, 0, 2, 0, 1, 35, 0, 0.667, False
5, 0, 3, 1, 2, 0, 0, 40, 0, 0.818, True
5, 0, 4, 0, 2, 1, 1, 40, 1, 0.834, True
5, 0, 5, 0, 2, 0, 1, 40, 0, 0.783, False
5, 0, 6, 1, 2, 0, 1, 40, 0, 0.75, False
5, 0, 7, 1, 2, 0, 0, 45, 0, 7.339, True
5, 0, 8, 1, 2, 0, 0, 45, 1, 9.825, False
5, 0, 9, 0, 2, 0, 0, 45, 0, 3.078, True
5, 0, 10, 0, 2, 1, 1, 45, 1, 1.369, True
5, 0, 11, 0, 2, 1, 0, 40, 0, 1.422, True
5, 0, 12, 1, 2, 0, 1, 50, 1, 1.637, True
5, 0, 13, 1, 2, 1, 0, 50, 0, 1.482, True
5, 0, 14, 1, 2, 0, 0, 45, 0, 0.915, True
5, 0, 15, 0, 2, 1, 0, 40, 0, 1.101, True
5, 0, 16, 0, 2, 0, 0, 35, 0, 0.887, True
5, 0, 17, 1, 2, 0, 1, 45, 1, 1.676, True
5, 0, 18, 0, 2, 0, 1, 35, 1, 1.106, True
5, 0, 19, 0, 2, 0, 0, 30, 0, 1.495, True
5, 0, 20, 1, 2, 0, 0, 40, 0, 0.985, True
5, 0, 21, 0, 2, 0, 0, 30, 0, 0.724, True
5, 0, 22, 1, 2, 1, 0, 40, 1, 0.736, False
5, 0, 23, 0, 2, 0, 1, 25, 1, 1.162, True
5, 0, 24, 0, 2, 0, 1, 25, 1, 1.086, True
5, 0, 25, 0, 2, 0, 0, 20, 0, 1.321, True
5, 0, 26, 1, 2, 0, 1, 45, 1, 1.029, True
5, 0, 27, 0, 2, 1, 0, 20, 0, 0.892, True
5, 0, 28, 1, 2, 1, 0, 45, 0, 0.993, True
5, 0, 29, 1, 2, 1, 0, 40, 0, 0.96, True
5, 0, 30, 1, 2, 1, 1, 40, 1, 1.906, True
5, 0, 31, 1, 2, 0, 1, 35, 1, 1.662, True
5, 0, 32, 0, 2, 1, 1, 15, 1, 1.472, True
5, 0, 33, 1, 2, 0, 0, 35, 0, 1.137, True
5, 0, 34, 1, 2, 1, 0, 30, 0, 0.991, True
5, 0, 35, 1, 2, 1, 0, 30, 0, 1.025, True
5, 0, 36, 1, 2, 0, 0, 25, 0, 0.903, True
5, 0, 37, 0, 2, 1, 0, 15, 0, 0.845, True
5, 0, 38, 0, 2, 1, 0, 10, 1, 1.19, False
5, 0, 39, 0, 2, 1, 0, 15, 0, 1.445, True
5, 0, 40, 0, 2, 1, 0, 15, 1, 1.116, False
5, 0, 41, 0, 2, 0, 0, 20, 0, 1.028, True
5, 0, 42, 1, 2, 1, 0, 25, 0, 0.971, True
5, 0, 43, 0, 2, 0, 0, 20, 0, 1.137, True
5, 0, 44, 1, 2, 1, 1, 20, 1, 0.855, True
5, 0, 45, 1, 2, 0, 0, 20, 0, 0.986, True
5, 0, 46, 0, 2, 1, 1, 15, 1, 0.881, True
5, 0, 47, 0, 2, 0, 0, 15, 0, 0.905, True
5, 0, 48, 1, 2, 0, 0, 15, 0, 1.869, True
5, 0, 49, 1, 2, 1, 0, 15, 1, 0.937, False
5, 1, 0, 0, 1, 0, 1, 15, 0, 2.159, False
5, 1, 1, 0, 1, 0, 1, 16, 0, 1.669, False
5, 1, 2, 1, 1, 1, 0, 15, 1, 1.058, False
5, 1, 3, 0, 1, 0, 0, 17, 0, 1.283, True
5, 1, 4, 1, 1, 1, 1, 16, 1, 1.046, True
5, 1, 5, 1, 0, 0, 1, 16, 0, 1.252, False
5, 1, 6, 1, 0, 0, 1, 17, 1, 1.006, True
5, 1, 7, 1, 0, 0, 1, 17, 1, 1.929, True
5, 1, 8, 1, 0, 0, 0, 16, 1, 1.526, False
5, 1, 9, 1, 0, 0, 0, 17, 0, 1.157, True
5, 1, 10, 0, 1, 0, 1, 17, 0, 2.545, False
5, 1, 11, 0, 0, 1, 1, 18, 1, 1.502, True
5, 1, 12, 0, 0, 1, 0, 18, 1, 1.873, False
5, 1, 13, 0, 0, 1, 1, 19, 0, 2.085, False
5, 1, 14, 1, 0, 0, 1, 17, 1, 1.729, True
5, 1, 15, 0, 1, 0, 0, 20, 1, 2.522, False
5, 1, 16, 0, 0, 1, 1, 21, 1, 1.175, True
5, 1, 17, 0, 0, 1, 0, 21, 1, 1.923, False
5, 1, 18, 0, 0, 1, 1, 22, 1, 1.294, True
5, 1, 19, 1, 0, 0, 1, 16, 1, 2.121, True
5, 1, 20, 1, 1, 1, 0, 16, 0, 0.899, True
5, 1, 21, 0, 1, 0, 1, 22, 1, 1.292, True
5, 1, 22, 0, 0, 1, 1, 21, 1, 0.782, True
5, 1, 23, 0, 1, 0, 0, 21, 0, 0.808, True
5, 1, 24, 0, 0, 1, 0, 20, 0, 1.52, True
5, 1, 25, 1, 1, 1, 0, 15, 0, 0.798, True
5, 1, 26, 0, 0, 1, 1, 20, 1, 3.008, True
5, 1, 27, 0, 0, 1, 1, 19, 1, 0.889, True
5, 1, 28, 1, 1, 1, 0, 15, 0, 0.923, True
5, 1, 29, 0, 0, 1, 0, 19, 0, 0.935, True
5, 1, 30, 1, 0, 0, 0, 14, 0, 0.751, True
5, 1, 31, 1, 0, 0, 0, 14, 1, 1.088, False
5, 1, 32, 0, 1, 0, 1, 18, 0, 2.309, False
5, 1, 33, 1, 1, 1, 0, 15, 1, 0.967, False
5, 1, 34, 0, 0, 1, 1, 19, 0, 1.805, False
5, 1, 35, 1, 1, 1, 1, 16, 1, 1.072, True
5, 1, 36, 0, 0, 1, 1, 20, 0, 1.551, False
5, 1, 37, 1, 1, 1, 1, 16, 1, 1.442, True
5, 1, 38, 1, 0, 0, 0, 15, 0, 0.822, True
5, 1, 39, 1, 1, 1, 0, 15, 0, 0.782, True
5, 1, 40, 0, 1, 0, 1, 21, 1, 0.822, True
5, 1, 41, 0, 0, 1, 1, 21, 1, 1.633, True
5, 1, 42, 1, 0, 0, 0, 14, 0, 0.77, True
5, 1, 43, 1, 0, 0, 0, 14, 0, 2.568, True
5, 1, 44, 0, 0, 1, 1, 20, 1, 1.299, True
5, 1, 45, 0, 1, 0, 1, 20, 0, 2.214, False
5, 1, 46, 1, 1, 1, 0, 13, 1, 0.967, False
5, 1, 47, 1, 1, 1, 0, 14, 1, 1.0, False
5, 1, 48, 0, 0, 1, 0, 21, 1, 1.752, False
5, 1, 49, 1, 1, 1, 1, 15, 1, 2.113, True
5, 1, 50, 0, 0, 1, 0, 22, 0, 1.155, True
5, 1, 51, 1, 1, 1, 1, 15, 1, 1.163, True
5, 1, 52, 0, 0, 1, 0, 22, 0, 0.865, True
5, 1, 53, 0, 1, 0, 0, 21, 0, 0.772, True
5, 1, 54, 1, 0, 0, 0, 14, 1, 1.275, False
5, 1, 55, 0, 0, 1, 1, 21, 0, 2.146, False
5, 1, 56, 0, 0, 1, 1, 22, 1, 0.967, True
5, 1, 57, 1, 0, 0, 0, 15, 0, 1.644, True
5, 1, 58, 1, 1, 1, 1, 15, 1, 1.716, True
5, 1, 59, 0, 0, 1, 1, 22, 1, 0.794, True
5, 1, 60, 0, 1, 0, 0, 21, 0, 0.823, True
5, 1, 61, 0, 1, 0, 1, 21, 1, 0.813, True
5, 1, 62, 0, 1, 0, 0, 20, 0, 0.789, True
5, 1, 63, 0, 1, 0, 0, 20, 0, 0.799, True
5, 1, 64, 0, 1, 0, 1, 19, 1, 0.792, True
5, 1, 65, 0, 1, 0, 0, 19, 0, 1.811, True
5, 1, 66, 0, 0, 1, 1, 18, 0, 1.833, False
5, 1, 67, 1, 1, 1, 1, 14, 1, 0.823, True
5, 1, 68, 0, 0, 1, 1, 19, 1, 0.792, True
5, 1, 69, 1, 1, 1, 0, 14, 0, 1.657, True
5, 1, 70, 1, 1, 1, 1, 13, 1, 0.909, True
5, 1, 71, 1, 0, 0, 0, 13, 0, 0.854, True
5, 1, 72, 1, 1, 1, 1, 12, 1, 0.772, True
5, 1, 73, 1, 1, 1, 1, 12, 1, 0.753, True
5, 1, 74, 0, 0, 1, 0, 19, 0, 1.083, True
5, 1, 75, 0, 0, 1, 0, 18, 0, 0.856, True
5, 1, 76, 0, 0, 1, 0, 18, 0, 0.773, True
5, 1, 77, 1, 0, 0, 0, 11, 0, 2.071, True
5, 1, 78, 0, 1, 0, 1, 17, 1, 1.626, True
5, 1, 79, 0, 0, 1, 0, 17, 0, 0.752, True
5, 1, 80, 0, 1, 0, 1, 16, 1, 1.709, True
5, 1, 81, 1, 0, 0, 0, 11, 0, 1.492, True
5, 1, 82, 0, 0, 1, 0, 16, 1, 0.94, False
5, 1, 83, 1, 0, 0, 0, 10, 0, 2.096, True
5, 1, 84, 0, 1, 0, 1, 17, 1, 0.822, True
5, 1, 85, 0, 0, 1, 0, 17, 0, 0.768, True
5, 1, 86, 1, 0, 0, 1, 10, 0, 1.639, False
5, 1, 87, 1, 1, 1, 1, 11, 1, 0.867, True
5, 1, 88, 0, 1, 0, 0, 16, 0, 0.712, True
5, 1, 89, 0, 0, 1, 1, 16, 1, 0.799, True
5, 1, 90, 1, 1, 1, 0, 11, 1, 1.071, False
5, 1, 91, 1, 0, 0, 1, 12, 0, 0.97, False
5, 1, 92, 0, 0, 1, 1, 15, 1, 0.765, True
5, 1, 93, 0, 1, 0, 1, 15, 0, 1.418, False
5, 1, 94, 0, 0, 1, 0, 16, 1, 2.31, False
5, 1, 95, 0, 0, 1, 1, 17, 1, 0.884, True
5, 1, 96, 1, 0, 0, 0, 13, 1, 1.298, False
5, 1, 97, 1, 0, 0, 0, 14, 0, 1.008, True
5, 1, 98, 1, 0, 0, 1, 14, 1, 1.285, True
5, 1, 99, 0, 0, 1, 0, 17, 0, 1.517, True
5, 2, 0, 1, 0, 0, 0, 13, 0, 1.393, True
5, 2, 1, 1, 1, 1, 1, 13, 1, 0.788, True
5, 2, 2, 1, 0, 0, 1, 12, 0, 1.636, False
5, 2, 3, 1, 0, 0, 0, 13, 0, 1.555, True
5, 2, 4, 1, 1, 1, 0, 13, 1, 0.976, False
5, 2, 5, 0, 1, 0, 0, 16, 1, 1.896, False
5, 2, 6, 0, 1, 0, 1, 17, 1, 0.883, True
5, 2, 7, 1, 1, 1, 1, 14, 1, 2.02, True
5, 2, 8, 0, 0, 1, 1, 17, 0, 3.229, False
5, 2, 9, 0, 1, 0, 0, 18, 0, 1.503, True
5, 2, 10, 0, 0, 1, 0, 18, 1, 4.059, False
5, 2, 11, 0, 1, 0, 0, 19, 0, 1.596, True
5, 2, 12, 0, 1, 0, 1, 19, 1, 0.821, True
5, 2, 13, 0, 1, 0, 1, 18, 1, 0.811, True
5, 2, 14, 1, 0, 0, 0, 14, 1, 1.445, False
5, 2, 15, 0, 1, 0, 0, 18, 0, 0.802, True
5, 2, 16, 0, 1, 0, 1, 17, 1, 0.857, True
5, 2, 17, 1, 1, 1, 1, 15, 1, 1.016, True
5, 2, 18, 0, 1, 0, 0, 17, 0, 1.98, True
5, 2, 19, 1, 1, 1, 1, 15, 1, 0.755, True
5, 2, 20, 1, 1, 1, 1, 14, 1, 0.9, True
5, 2, 21, 0, 0, 1, 0, 16, 0, 0.805, True
5, 2, 22, 1, 1, 1, 0, 14, 1, 1.034, False
5, 2, 23, 0, 1, 0, 1, 16, 0, 1.878, False
5, 2, 24, 0, 1, 0, 0, 17, 0, 2.896, True
5, 2, 25, 0, 1, 0, 1, 17, 1, 0.731, True
5, 2, 26, 0, 1, 0, 0, 16, 0, 0.778, True
5, 2, 27, 1, 1, 1, 1, 15, 1, 0.76, True
5, 2, 28, 0, 0, 1, 0, 16, 0, 2.013, True
5, 2, 29, 1, 1, 1, 0, 15, 0, 1.789, True
5, 2, 30, 0, 1, 0, 1, 15, 1, 1.086, True
5, 2, 31, 0, 0, 1, 1, 15, 1, 0.853, True
5, 2, 32, 1, 1, 1, 1, 14, 1, 0.981, True
5, 2, 33, 1, 1, 1, 1, 14, 1, 0.746, True
5, 2, 34, 1, 1, 1, 0, 13, 0, 1.149, True
5, 2, 35, 0, 1, 0, 1, 14, 1, 0.797, True
5, 2, 36, 1, 1, 1, 1, 13, 1, 1.128, True
5, 2, 37, 0, 1, 0, 0, 14, 1, 2.463, False
5, 2, 38, 1, 1, 1, 0, 12, 0, 1.416, True
5, 2, 39, 1, 1, 1, 1, 12, 1, 0.966, True
5, 2, 40, 0, 0, 1, 1, 15, 1, 2.218, True
5, 2, 41, 1, 0, 0, 1, 11, 1, 2.62, True
5, 2, 42, 0, 0, 1, 0, 15, 1, 1.357, False
5, 2, 43, 0, 0, 1, 1, 16, 1, 2.34, True
5, 2, 44, 0, 0, 1, 0, 16, 0, 0.79, True
5, 2, 45, 1, 1, 1, 0, 11, 1, 1.119, False
5, 2, 46, 0, 0, 1, 1, 15, 1, 0.984, True
5, 2, 47, 1, 0, 0, 1, 12, 0, 1.669, False
5, 2, 48, 1, 0, 0, 1, 13, 1, 1.322, True
5, 2, 49, 1, 0, 0, 0, 13, 0, 1.286, True
5, 2, 50, 1, 1, 1, 0, 12, 1, 1.084, False
5, 2, 51, 0, 0, 1, 1, 15, 1, 1.475, True
5, 2, 52, 0, 0, 1, 1, 14, 1, 0.791, True
5, 2, 53, 1, 0, 0, 0, 13, 0, 0.739, True
5, 2, 54, 1, 1, 1, 0, 13, 1, 0.816, False
5, 2, 55, 1, 0, 0, 0, 14, 0, 1.958, True
5, 2, 56, 0, 1, 0, 0, 14, 0, 1.432, True
5, 2, 57, 0, 0, 1, 0, 13, 0, 1.336, True
5, 2, 58, 0, 1, 0, 0, 13, 0, 2.266, True
5, 2, 59, 0, 0, 1, 1, 12, 0, 2.321, False
5, 2, 60, 0, 1, 0, 1, 13, 1, 0.79, True
5, 2, 61, 0, 1, 0, 1, 13, 1, 1.944, True
5, 2, 62, 0, 1, 0, 1, 12, 0, 1.672, False
5, 2, 63, 1, 1, 1, 1, 14, 1, 1.149, True
5, 2, 64, 1, 0, 0, 0, 13, 0, 1.669, True
5, 2, 65, 0, 1, 0, 0, 13, 1, 2.058, False
5, 2, 66, 1, 0, 0, 0, 13, 0, 1.645, True
5, 2, 67, 0, 0, 1, 0, 14, 0, 0.795, True
5, 2, 68, 0, 0, 1, 0, 14, 0, 2.388, True
5, 2, 69, 1, 1, 1, 0, 12, 1, 1.151, False
5, 2, 70, 0, 0, 1, 1, 13, 0, 1.662, False
5, 2, 71, 1, 1, 1, 0, 13, 1, 0.957, False
5, 2, 72, 0, 1, 0, 1, 14, 1, 2.082, True
5, 2, 73, 0, 1, 0, 0, 14, 0, 1.283, True
5, 2, 74, 0, 0, 1, 0, 13, 0, 1.243, True
5, 2, 75, 0, 0, 1, 1, 13, 1, 1.145, True
5, 2, 76, 1, 0, 0, 1, 14, 0, 1.96, False
5, 2, 77, 1, 1, 1, 0, 15, 0, 1.243, True
5, 2, 78, 0, 1, 0, 1, 12, 1, 1.145, True
5, 2, 79, 0, 1, 0, 0, 12, 0, 1.381, True
5, 2, 80, 1, 1, 1, 1, 15, 0, 1.53, False
5, 2, 81, 1, 0, 0, 0, 16, 1, 1.277, False
5, 2, 82, 0, 1, 0, 0, 11, 0, 4.117, True
5, 2, 83, 1, 0, 0, 0, 17, 0, 1.776, True
5, 2, 84, 1, 1, 1, 1, 17, 1, 0.833, True
5, 2, 85, 0, 1, 0, 1, 11, 0, 3.264, False
5, 2, 86, 0, 1, 0, 0, 12, 0, 1.29, True
5, 2, 87, 1, 0, 0, 1, 16, 1, 0.951, True
5, 2, 88, 1, 1, 1, 0, 16, 0, 0.946, True
5, 2, 89, 1, 0, 0, 1, 15, 1, 1.336, True
5, 2, 90, 1, 1, 1, 1, 15, 1, 1.678, True
5, 2, 91, 0, 1, 0, 1, 12, 0, 1.106, False
5, 2, 92, 1, 0, 0, 1, 14, 0, 1.665, False
5, 2, 93, 1, 0, 0, 1, 15, 1, 1.07, True
5, 2, 94, 1, 0, 0, 0, 15, 0, 2.064, True
5, 2, 95, 0, 0, 1, 0, 13, 1, 1.467, False
5, 2, 96, 1, 1, 1, 1, 14, 1, 1.201, True
5, 2, 97, 1, 1, 1, 0, 14, 0, 1.377, True
5, 2, 98, 0, 0, 1, 0, 14, 0, 1.555, True
5, 2, 99, 1, 0, 0, 1, 13, 1, 1.278, True
5, 3, 0, 1, 0, 0, 0, 13, 0, 1.391, True
5, 3, 1, 1, 0, 0, 0, 13, 0, 1.393, True
5, 3, 2, 1, 1, 1, 1, 12, 1, 0.872, True
5, 3, 3, 1, 1, 1, 1, 12, 1, 0.965, True
5, 3, 4, 1, 0, 0, 1, 11, 0, 0.905, False
5, 3, 5, 1, 1, 1, 0, 12, 1, 0.907, False
5, 3, 6, 0, 1, 0, 0, 14, 0, 2.072, True
5, 3, 7, 1, 0, 0, 0, 13, 0, 1.574, True
5, 3, 8, 0, 0, 1, 0, 14, 0, 1.238, True
5, 3, 9, 0, 0, 1, 0, 13, 1, 2.76, False
5, 3, 10, 1, 1, 1, 1, 13, 0, 1.044, False
5, 3, 11, 0, 0, 1, 0, 14, 0, 1.968, True
5, 3, 12, 0, 1, 0, 1, 14, 1, 1.294, True
5, 3, 13, 0, 1, 0, 0, 13, 0, 2.775, True
5, 3, 14, 0, 1, 0, 0, 13, 0, 1.75, True
5, 3, 15, 0, 1, 0, 0, 12, 0, 1.386, True
5, 3, 16, 0, 0, 1, 1, 12, 1, 0.882, True
5, 3, 17, 1, 1, 1, 1, 14, 1, 0.821, True
5, 3, 18, 1, 1, 1, 1, 14, 1, 0.837, True
5, 3, 19, 0, 1, 0, 1, 11, 0, 1.021, False
5, 3, 20, 0, 1, 0, 1, 12, 1, 0.844, True
5, 3, 21, 1, 0, 0, 1, 13, 1, 1.357, True
5, 3, 22, 0, 0, 1, 0, 12, 0, 1.261, True
5, 3, 23, 0, 0, 1, 0, 11, 1, 1.406, False
5, 3, 24, 1, 1, 1, 1, 13, 1, 0.846, True
5, 3, 25, 1, 1, 1, 0, 12, 1, 0.849, False
5, 3, 26, 0, 1, 0, 0, 12, 0, 0.893, True
5, 3, 27, 0, 0, 1, 0, 12, 1, 0.963, False
5, 3, 28, 1, 0, 0, 1, 13, 1, 1.448, True
5, 3, 29, 0, 1, 0, 1, 13, 0, 1.877, False
5, 3, 30, 0, 1, 0, 1, 14, 0, 2.315, False
5, 3, 31, 0, 0, 1, 1, 15, 1, 0.974, True
5, 3, 32, 1, 1, 1, 0, 13, 0, 1.071, True
5, 3, 33, 1, 0, 0, 0, 12, 0, 1.535, True
5, 3, 34, 1, 0, 0, 0, 12, 0, 1.572, True
5, 3, 35, 1, 0, 0, 1, 11, 1, 0.982, True
5, 3, 36, 0, 1, 0, 0, 15, 0, 0.992, True
5, 3, 37, 0, 0, 1, 1, 14, 1, 0.818, True
5, 3, 38, 1, 0, 0, 0, 11, 0, 0.866, True
5, 3, 39, 1, 1, 1, 1, 10, 1, 0.791, True
5, 3, 40, 1, 0, 0, 0, 10, 1, 1.288, False
5, 3, 41, 0, 1, 0, 0, 14, 0, 0.788, True
5, 3, 42, 1, 0, 0, 1, 11, 0, 1.447, False
5, 3, 43, 0, 1, 0, 0, 13, 0, 1.94, True
5, 3, 44, 0, 1, 0, 1, 13, 0, 1.175, False
5, 3, 45, 1, 0, 0, 0, 12, 1, 2.049, False
5, 3, 46, 1, 1, 1, 1, 13, 1, 4.679, True
5, 3, 47, 0, 1, 0, 1, 14, 0, 1.909, False
5, 3, 48, 0, 1, 0, 0, 15, 0, 1.179, True
5, 3, 49, 1, 1, 1, 1, 13, 1, 0.886, True
5, 3, 50, 0, 0, 1, 0, 15, 1, 3.046, False
5, 3, 51, 1, 1, 1, 0, 12, 0, 1.366, True
5, 3, 52, 0, 1, 0, 0, 16, 0, 2.147, True
5, 3, 53, 1, 0, 0, 1, 12, 0, 3.662, False
5, 3, 54, 1, 0, 0, 1, 13, 0, 1.905, False
5, 3, 55, 0, 1, 0, 1, 16, 1, 1.562, True
5, 3, 56, 1, 1, 1, 1, 14, 1, 0.895, True
5, 3, 57, 0, 0, 1, 1, 15, 1, 1.918, True
5, 3, 58, 0, 1, 0, 1, 15, 0, 1.407, False
5, 3, 59, 0, 0, 1, 0, 16, 1, 0.954, False
5, 3, 60, 0, 1, 0, 0, 17, 0, 2.697, True
5, 3, 61, 1, 1, 1, 0, 14, 0, 1.155, True
5, 3, 62, 0, 1, 0, 0, 17, 0, 0.84, True
5, 3, 63, 1, 0, 0, 0, 13, 0, 1.681, True
5, 3, 64, 0, 1, 0, 0, 16, 0, 1.131, True
5, 3, 65, 1, 1, 1, 0, 13, 1, 0.856, False
5, 3, 66, 1, 0, 0, 1, 14, 0, 1.532, False
5, 3, 67, 0, 1, 0, 1, 16, 1, 1.216, True
5, 3, 68, 0, 0, 1, 1, 15, 1, 0.874, True
5, 3, 69, 1, 0, 0, 1, 15, 1, 1.036, True
5, 3, 70, 1, 0, 0, 0, 15, 0, 0.824, True
5, 3, 71, 1, 0, 0, 1, 14, 0, 0.965, False
5, 3, 72, 0, 1, 0, 1, 15, 0, 2.078, False
5, 3, 73, 0, 0, 1, 1, 16, 1, 1.15, True
5, 3, 74, 0, 0, 1, 1, 16, 1, 0.782, True
5, 3, 75, 0, 0, 1, 1, 15, 1, 2.129, True
5, 3, 76, 0, 1, 0, 0, 15, 0, 0.857, True
5, 3, 77, 0, 1, 0, 0, 14, 0, 1.078, True
5, 3, 78, 0, 1, 0, 0, 14, 0, 2.388, True
5, 3, 79, 0, 0, 1, 0, 13, 1, 0.857, False
5, 3, 80, 1, 0, 0, 1, 15, 0, 1.603, False
5, 3, 81, 0, 0, 1, 1, 14, 1, 1.861, True
5, 3, 82, 0, 0, 1, 1, 14, 1, 2.092, True
5, 3, 83, 1, 1, 1, 1, 16, 1, 1.313, True
5, 3, 84, 1, 0, 0, 1, 16, 0, 1.666, False
5, 3, 85, 1, 1, 1, 0, 17, 1, 1.187, False
5, 3, 86, 0, 0, 1, 1, 13, 1, 2.08, True
5, 3, 87, 1, 0, 0, 0, 18, 0, 1.875, True
5, 3, 88, 0, 0, 1, 1, 13, 1, 1.738, True
5, 3, 89, 0, 0, 1, 0, 12, 0, 2.176, True
5, 3, 90, 1, 1, 1, 0, 18, 0, 0.93, True
5, 3, 91, 0, 1, 0, 0, 12, 1, 1.257, False
5, 3, 92, 1, 0, 0, 0, 17, 0, 0.952, True
5, 3, 93, 0, 1, 0, 1, 13, 0, 2.182, False
5, 3, 94, 0, 1, 0, 0, 14, 0, 1.588, True
5, 3, 95, 0, 0, 1, 0, 14, 1, 0.916, False
5, 3, 96, 1, 1, 1, 1, 17, 1, 0.865, True
5, 3, 97, 1, 0, 0, 1, 16, 0, 1.157, False
5, 3, 98, 1, 0, 0, 0, 17, 0, 1.258, True
5, 3, 99, 1, 1, 1, 0, 17, 1, 3.563, False
5, 4, 0, 0, 0, 1, 0, 15, 0, 2.11, True
5, 4, 1, 0, 1, 0, 0, 15, 1, 2.387, False
5, 4, 2, 1, 1, 1, 0, 18, 0, 1.78, True
5, 4, 3, 0, 1, 0, 0, 16, 0, 0.964, True
5, 4, 4, 1, 0, 0, 1, 18, 0, 1.945, False
5, 4, 5, 1, 0, 0, 1, 19, 1, 0.803, True
5, 4, 6, 0, 0, 1, 1, 16, 1, 1.167, True
5, 4, 7, 0, 1, 0, 0, 15, 0, 0.828, True
5, 4, 8, 1, 0, 0, 0, 19, 0, 1.4, True
5, 4, 9, 1, 0, 0, 1, 18, 1, 0.829, True
5, 4, 10, 0, 1, 0, 0, 15, 0, 0.991, True
5, 4, 11, 0, 0, 1, 0, 14, 0, 0.892, True
5, 4, 12, 1, 0, 0, 1, 18, 1, 1.834, True
5, 4, 13, 0, 0, 1, 0, 14, 0, 0.9, True
5, 4, 14, 0, 1, 0, 0, 13, 0, 1.785, True
5, 4, 15, 1, 0, 0, 0, 17, 0, 0.911, True
5, 4, 16, 0, 0, 1, 1, 13, 1, 0.76, True
5, 4, 17, 1, 1, 1, 1, 17, 1, 2.674, True
5, 4, 18, 0, 0, 1, 1, 12, 1, 0.794, True
5, 4, 19, 0, 0, 1, 1, 12, 1, 0.867, True
5, 4, 20, 1, 1, 1, 1, 16, 0, 0.95, False
5, 4, 21, 0, 1, 0, 1, 11, 1, 1.924, True
5, 4, 22, 1, 1, 1, 0, 17, 0, 1.753, True
5, 4, 23, 0, 0, 1, 1, 11, 1, 1.026, True
5, 4, 24, 0, 0, 1, 1, 10, 1, 0.918, True
5, 4, 25, 1, 1, 1, 0, 17, 0, 0.865, True
5, 4, 26, 1, 0, 0, 1, 16, 1, 1.111, True
5, 4, 27, 0, 1, 0, 0, 10, 0, 2.554, True
5, 4, 28, 0, 0, 1, 0, 9, 0, 1.279, True
5, 4, 29, 1, 0, 0, 1, 16, 0, 2.065, False
5, 4, 30, 1, 0, 0, 0, 17, 0, 0.864, True
5, 4, 31, 0, 1, 0, 1, 9, 1, 1.104, True
5, 4, 32, 0, 0, 1, 0, 8, 1, 1.611, False
5, 4, 33, 1, 0, 0, 1, 17, 1, 1.06, True
5, 4, 34, 0, 1, 0, 1, 9, 0, 1.739, False
5, 4, 35, 0, 1, 0, 1, 10, 0, 1.849, False
5, 4, 36, 0, 1, 0, 1, 11, 1, 1.105, True
5, 4, 37, 1, 1, 1, 1, 16, 1, 0.766, True
5, 4, 38, 0, 1, 0, 0, 11, 0, 1.146, True
5, 4, 39, 0, 0, 1, 1, 10, 1, 1.331, True
5, 4, 40, 1, 1, 1, 0, 16, 0, 1.373, True
5, 4, 41, 0, 0, 1, 0, 10, 1, 1.748, False
5, 4, 42, 1, 0, 0, 1, 15, 1, 1.362, True
5, 4, 43, 0, 0, 1, 0, 11, 0, 1.358, True
5, 4, 44, 0, 0, 1, 0, 11, 0, 2.05, True
5, 4, 45, 0, 1, 0, 1, 10, 1, 1.166, True
5, 4, 46, 0, 0, 1, 0, 10, 1, 1.559, False
5, 4, 47, 0, 1, 0, 0, 11, 0, 1.224, True
5, 4, 48, 0, 0, 1, 1, 11, 1, 0.916, True
5, 4, 49, 0, 1, 0, 0, 10, 0, 1.143, True
5, 4, 50, 0, 0, 1, 1, 10, 1, 1.094, True
5, 4, 51, 0, 1, 0, 1, 9, 0, 0.88, False
5, 4, 52, 0, 0, 1, 1, 10, 1, 0.924, True
5, 4, 53, 1, 0, 0, 0, 15, 0, 1.39, True
5, 4, 54, 1, 0, 0, 0, 14, 0, 1.97, True
5, 4, 55, 1, 1, 1, 0, 14, 1, 1.704, False
5, 4, 56, 0, 0, 1, 0, 10, 0, 1.95, True
5, 4, 57, 0, 0, 1, 1, 9, 1, 0.972, True
5, 4, 58, 1, 0, 0, 0, 15, 0, 1.259, True
5, 4, 59, 1, 0, 0, 1, 15, 0, 2.204, False
5, 4, 60, 0, 0, 1, 1, 9, 1, 0.959, True
5, 4, 61, 0, 1, 0, 1, 8, 0, 1.134, False
5, 4, 62, 1, 1, 1, 0, 16, 1, 0.872, False
5, 4, 63, 0, 1, 0, 1, 9, 0, 1.961, False
5, 4, 64, 1, 1, 1, 1, 17, 1, 0.815, True
5, 4, 65, 1, 0, 0, 0, 17, 0, 0.879, True
5, 4, 66, 1, 0, 0, 0, 16, 0, 1.763, True
5, 4, 67, 0, 0, 1, 0, 10, 1, 0.843, False
5, 4, 68, 1, 1, 1, 0, 16, 0, 1.226, True
5, 4, 69, 0, 1, 0, 1, 11, 1, 1.035, True
5, 4, 70, 0, 0, 1, 0, 11, 1, 1.618, False
5, 4, 71, 0, 0, 1, 1, 12, 1, 1.012, True
5, 4, 72, 1, 1, 1, 1, 15, 1, 0.942, True
5, 4, 73, 0, 1, 0, 0, 12, 0, 1.249, True
5, 4, 74, 1, 0, 0, 0, 15, 0, 1.805, True
5, 4, 75, 0, 0, 1, 0, 11, 1, 1.009, False
5, 4, 76, 1, 1, 1, 1, 14, 1, 1.203, True
5, 4, 77, 0, 1, 0, 0, 12, 1, 1.246, False
5, 4, 78, 1, 1, 1, 1, 14, 0, 1.593, False
5, 4, 79, 0, 1, 0, 0, 13, 0, 2.841, True
5, 4, 80, 1, 0, 0, 0, 15, 1, 1.167, False
5, 4, 81, 0, 1, 0, 1, 13, 0, 1.009, False
5, 4, 82, 1, 1, 1, 0, 16, 1, 1.738, False
5, 4, 83, 0, 0, 1, 0, 14, 0, 0.886, True
5, 4, 84, 0, 0, 1, 1, 14, 1, 2.656, True
5, 4, 85, 1, 0, 0, 0, 17, 0, 1.282, True
5, 4, 86, 1, 1, 1, 1, 17, 1, 1.046, True
5, 4, 87, 1, 1, 1, 0, 16, 0, 1.73, True
5, 4, 88, 1, 0, 0, 0, 16, 0, 1.027, True
5, 4, 89, 1, 0, 0, 0, 15, 1, 1.486, False
5, 4, 90, 0, 1, 0, 0, 13, 0, 1.635, True
5, 4, 91, 1, 1, 1, 0, 16, 1, 1.08, False
5, 4, 92, 1, 1, 1, 1, 17, 0, 1.024, False
5, 4, 93, 0, 0, 1, 0, 13, 1, 0.863, False
5, 4, 94, 1, 0, 0, 0, 18, 0, 1.51, True
5, 4, 95, 1, 1, 1, 1, 18, 1, 0.871, True
5, 4, 96, 0, 0, 1, 0, 14, 1, 1.244, False
5, 4, 97, 1, 1, 1, 0, 17, 0, 0.952, True
5, 4, 98, 0, 0, 1, 1, 15, 1, 1.587, True
5, 4, 99, 1, 0, 0, 0, 17, 0, 0.902, True
