0, 0, 0, 1, 2, 0, 0, 40, 0, 1.174, True
0, 0, 1, 0, 2, 0, 0, 40, 0, 1.258, True
0, 0, 2, 1, 2, 1, 1, 40, 1, 1.283, True
0, 0, 3, 1, 2, 1, 1, 35, 1, 1.033, True
0, 0, 4, 0, 2, 0, 1, 40, 1, 1.128, True
0, 0, 5, 1, 2, 0, 0, 35, 0, 1.022, True
0, 0, 6, 0, 2, 1, 1, 35, 1, 1.184, True
0, 0, 7, 0, 2, 0, 1, 35, 1, 1.028, True
0, 0, 8, 1, 2, 0, 0, 30, 0, 0.92, True
0, 0, 9, 1, 2, 1, 0, 30, 0, 1.091, True
0, 0, 10, 1, 2, 1, 1, 25, 1, 0.944, True
0, 0, 11, 0, 2, 1, 0, 30, 0, 0.974, True
0, 0, 12, 1, 2, 1, 1, 25, 1, 0.838, True
0, 0, 13, 1, 2, 0, 0, 20, 0, 1.735, True
0, 0, 14, 0, 2, 0, 1, 30, 1, 0.845, True
0, 0, 15, 0, 2, 0, 1, 25, 1, 0.854, True
0, 0, 16, 0, 2, 0, 1, 25, 1, 0.819, True
0, 0, 17, 1, 2, 1, 1, 20, 1, 0.732, True
0, 0, 18, 1, 2, 1, 1, 15, 1, 0.73, True
0, 0, 19, 1, 2, 0, 0, 15, 0, 1.394, True
0, 0, 20, 0, 2, 0, 0, 20, 0, 0.959, True
0, 0, 21, 0, 2, 1, 1, 20, 1, 0.752, True
0, 0, 22, 1, 2, 1, 1, 10, 1, 0.976, True
0, 0, 23, 1, 2, 1, 0, 10, 0, 1.054, True
0, 0, 24, 1, 2, 1, 0, 5, 0, 0.787, True
0, 0, 25, 1, 2, 1, 0, 5, 0, 0.905, True
0, 0, 26, 1, 2, 1, 0, 1, 1, 1.014, False
0, 0, 27, 1, 2, 1, 1, 6, 1, 0.949, True
0, 0, 28, 1, 2, 1, 0, 6, 0, 0.67, True
0, 0, 29, 1, 2, 1, 0, 1, 1, 0.881, False
0, 0, 30, 1, 2, 0, 1, 6, 0, 1.683, False
0, 0, 31, 0, 2, 1, 1, 15, 1, 0.887, True
0, 0, 32, 1, 2, 1, 0, 11, 1, 0.826, False
0, 0, 33, 1, 2, 1, 1, 16, 1, 0.772, True
0, 0, 34, 0, 2, 0, 1, 15, 0, 1.327, False
0, 0, 35, 0, 2, 0, 0, 20, 1, 1.291, False
0, 0, 36, 1, 2, 0, 1, 16, 0, 1.399, False
0, 0, 37, 1, 2, 0, 1, 21, 1, 0.781, True
0, 0, 38, 1, 2, 1, 1, 21, 1, 1.408, True
0, 0, 39, 1, 2, 1, 1, 16, 1, 0.76, True
0, 0, 40, 0, 2, 0, 0, 25, 1, 1.603, False
0, 0, 41, 1, 2, 0, 0, 16, 0, 0.754, True
0, 0, 42, 1, 2, 0, 1, 11, 1, 1.038, True
0, 0, 43, 1, 2, 0, 1, 11, 1, 1.241, True
0, 0, 44, 0, 2, 1, 1, 30, 0, 1.312, False
0, 0, 45, 0, 2, 1, 0, 35, 1, 2.168, False
0, 0, 46, 0, 2, 0, 0, 40, 0, 0.992, True
0, 0, 47, 0, 2, 1, 0, 40, 0, 1.379, True
0, 0, 48, 1, 2, 0, 1, 6, 1, 1.0, True
0, 0, 49, 1, 2, 0, 1, 6, 1, 0.905, True
0, 1, 0, 0, 0, 1, 1, 18, 1, 2.501, True
0, 1, 1, 0, 1, 0, 0, 18, 0, 1.29, True
0, 1, 2, 0, 0, 1, 0, 17, 0, 1.684, True
0, 1, 3, 1, 0, 0, 1, 18, 1, 1.016, True
0, 1, 4, 0, 0, 1, 0, 17, 1, 0.976, False
0, 1, 5, 0, 1, 0, 1, 18, 0, 1.481, False
0, 1, 6, 0, 0, 1, 1, 19, 0, 1.134, False
0, 1, 7, 1, 0, 0, 0, 18, 0, 0.92, True
0, 1, 8, 1, 1, 1, 0, 17, 0, 0.87, True
0, 1, 9, 0, 0, 1, 1, 20, 1, 1.512, True
0, 1, 10, 1, 0, 0, 1, 17, 1, 1.531, True
0, 1, 11, 0, 0, 1, 0, 20, 0, 1.389, True
0, 1, 12, 0, 0, 1, 1, 19, 1, 1.494, True
0, 1, 13, 0, 1, 0, 1, 19, 1, 0.842, True
0, 1, 14, 1, 0, 0, 1, 16, 1, 1.039, True
0, 1, 15, 1, 0, 0, 1, 16, 1, 0.8, True
0, 1, 16, 0, 1, 0, 0, 18, 0, 0.968, True
0, 1, 17, 0, 0, 1, 0, 18, 1, 0.908, False
0, 1, 18, 1, 1, 1, 0, 15, 0, 1.048, True
0, 1, 19, 1, 0, 0, 1, 15, 1, 1.741, True
0, 1, 20, 0, 0, 1, 1, 19, 1, 0.864, True
0, 1, 21, 0, 0, 1, 1, 19, 1, 1.453, True
0, 1, 22, 1, 1, 1, 0, 14, 1, 1.145, False
0, 1, 23, 1, 1, 1, 1, 15, 0, 0.988, False
0, 1, 24, 1, 1, 1, 0, 16, 0, 0.888, True
0, 1, 25, 0, 1, 0, 1, 18, 1, 0.806, True
0, 1, 26, 0, 0, 1, 1, 18, 1, 0.979, True
0, 1, 27, 1, 1, 1, 0, 16, 0, 0.975, True
0, 1, 28, 0, 1, 0, 0, 17, 0, 1.127, True
0, 1, 29, 0, 0, 1, 0, 17, 1, 1.236, False
0, 1, 30, 0, 1, 0, 0, 18, 0, 1.186, True
0, 1, 31, 1, 0, 0, 1, 15, 0, 0.908, False
0, 1, 32, 1, 1, 1, 0, 16, 0, 1.316, True
0, 1, 33, 0, 0, 1, 0, 18, 0, 0.78, True
0, 1, 34, 1, 0, 0, 0, 16, 1, 1.144, False
0, 1, 35, 1, 1, 1, 1, 17, 1, 0.811, True
0, 1, 36, 0, 1, 0, 1, 17, 0, 1.819, False
0, 1, 37, 0, 0, 1, 1, 18, 1, 0.914, True
0, 1, 38, 1, 1, 1, 0, 17, 0, 0.785, True
0, 1, 39, 0, 0, 1, 0, 18, 1, 1.409, False
0, 1, 40, 0, 0, 1, 1, 19, 0, 1.252, False
0, 1, 41, 1, 1, 1, 1, 16, 1, 0.974, True
0, 1, 42, 1, 0, 0, 0, 16, 0, 1.054, True
0, 1, 43, 0, 0, 1, 1, 20, 1, 0.764, True
0, 1, 44, 0, 0, 1, 1, 20, 1, 1.021, True
0, 1, 45, 0, 1, 0, 1, 19, 0, 1.174, False
0, 1, 46, 0, 0, 1, 0, 20, 1, 0.98, False
0, 1, 47, 1, 1, 1, 0, 15, 0, 0.891, True
0, 1, 48, 0, 0, 1, 1, 21, 1, 0.726, True
0, 1, 49, 1, 0, 0, 1, 15, 0, 1.127, False
0, 1, 50, 0, 1, 0, 0, 21, 0, 1.019, True
0, 1, 51, 0, 1, 0, 0, 20, 0, 0.853, True
0, 1, 52, 1, 0, 0, 1, 16, 1, 0.707, True
0, 1, 53, 0, 0, 1, 1, 20, 1, 0.731, True
0, 1, 54, 0, 0, 1, 0, 19, 1, 1.488, False
0, 1, 55, 0, 1, 0, 0, 20, 0, 0.935, True
0, 1, 56, 1, 0, 0, 0, 16, 1, 1.309, False
0, 1, 57, 1, 1, 1, 1, 17, 1, 0.758, True
0, 1, 58, 1, 0, 0, 0, 17, 0, 0.729, True
0, 1, 59, 0, 0, 1, 0, 20, 1, 0.978, False
0, 1, 60, 0, 0, 1, 1, 21, 1, 0.741, True
0, 1, 61, 0, 0, 1, 1, 21, 1, 1.013, True
0, 1, 62, 1, 1, 1, 1, 16, 1, 0.867, True
0, 1, 63, 0, 1, 0, 0, 20, 0, 0.946, True
0, 1, 64, 0, 0, 1, 0, 20, 1, 1.07, False
0, 1, 65, 1, 1, 1, 1, 16, 1, 1.074, True
0, 1, 66, 0, 1, 0, 1, 21, 1, 0.894, True
0, 1, 67, 1, 1, 1, 1, 15, 1, 1.447, True
0, 1, 68, 0, 1, 0, 1, 21, 1, 0.839, True
0, 1, 69, 1, 1, 1, 0, 15, 0, 0.872, True
0, 1, 70, 1, 0, 0, 0, 14, 0, 0.954, True
0, 1, 71, 0, 1, 0, 0, 20, 0, 0.704, True
0, 1, 72, 1, 1, 1, 1, 14, 1, 0.728, True
0, 1, 73, 0, 1, 0, 1, 20, 0, 1.07, False
0, 1, 74, 0, 1, 0, 1, 21, 1, 0.796, True
0, 1, 75, 1, 1, 1, 1, 13, 1, 0.989, True
0, 1, 76, 1, 1, 1, 0, 13, 1, 0.865, False
0, 1, 77, 0, 0, 1, 1, 21, 1, 0.808, True
0, 1, 78, 1, 0, 0, 1, 14, 1, 1.502, True
0, 1, 79, 1, 1, 1, 0, 14, 1, 0.993, False
0, 1, 80, 1, 1, 1, 1, 15, 1, 1.07, True
0, 1, 81, 1, 0, 0, 1, 15, 0, 0.979, False
0, 1, 82, 0, 0, 1, 1, 20, 1, 1.197, True
0, 1, 83, 1, 1, 1, 0, 16, 1, 0.95, False
0, 1, 84, 0, 0, 1, 0, 20, 0, 0.973, True
0, 1, 85, 0, 1, 0, 1, 19, 1, 1.068, True
0, 1, 86, 1, 0, 0, 1, 17, 1, 0.933, True
0, 1, 87, 1, 1, 1, 0, 17, 0, 0.893, True
0, 1, 88, 1, 0, 0, 0, 16, 0, 0.925, True
0, 1, 89, 1, 0, 0, 1, 16, 1, 0.78, True
0, 1, 90, 1, 0, 0, 0, 15, 0, 1.557, True
0, 1, 91, 0, 0, 1, 0, 19, 0, 0.75, True
0, 1, 92, 0, 0, 1, 0, 18, 0, 0.743, True
0, 1, 93, 0, 1, 0, 1, 18, 1, 0.906, True
0, 1, 94, 0, 0, 1, 0, 17, 0, 1.107, True
0, 1, 95, 1, 0, 0, 1, 15, 1, 1.024, True
0, 1, 96, 1, 0, 0, 0, 14, 0, 0.969, True
0, 1, 97, 1, 0, 0, 1, 14, 0, 1.071, False
0, 1, 98, 0, 0, 1, 0, 17, 1, 1.049, False
0, 1, 99, 0, 1, 0, 0, 18, 0, 0.727, True
0, 2, 0, 1, 0, 0, 0, 15, 0, 0.785, True
0, 2, 1, 0, 0, 1, 0, 18, 0, 1.352, True
0, 2, 2, 1, 1, 1, 1, 15, 1, 0.854, True
0, 2, 3, 1, 1, 1, 0, 14, 0, 0.954, True
0, 2, 4, 0, 1, 0, 1, 18, 1, 0.81, True
0, 2, 5, 0, 0, 1, 0, 17, 0, 1.108, True
0, 2, 6, 1, 1, 1, 0, 14, 0, 0.696, True
0, 2, 7, 1, 0, 0, 0, 13, 0, 1.189, True
0, 2, 8, 0, 1, 0, 1, 17, 1, 1.473, True
0, 2, 9, 1, 0, 0, 1, 13, 1, 1.385, True
0, 2, 10, 1, 1, 1, 1, 12, 0, 1.334, False
0, 2, 11, 0, 1, 0, 1, 16, 1, 1.001, True
0, 2, 12, 0, 1, 0, 1, 16, 1, 0.759, True
0, 2, 13, 1, 1, 1, 0, 13, 0, 0.882, True
0, 2, 14, 0, 1, 0, 1, 15, 1, 1.289, True
0, 2, 15, 1, 1, 1, 1, 13, 1, 0.868, True
0, 2, 16, 1, 1, 1, 0, 12, 1, 0.819, False
0, 2, 17, 0, 0, 1, 0, 15, 0, 0.838, True
0, 2, 18, 1, 0, 0, 0, 13, 1, 1.256, False
0, 2, 19, 0, 1, 0, 0, 14, 0, 0.96, True
0, 2, 20, 1, 0, 0, 1, 14, 1, 0.832, True
0, 2, 21, 0, 1, 0, 1, 14, 1, 0.945, True
0, 2, 22, 0, 0, 1, 0, 13, 0, 0.91, True
0, 2, 23, 1, 1, 1, 0, 14, 1, 1.084, False
0, 2, 24, 1, 0, 0, 0, 15, 0, 1.074, True
0, 2, 25, 0, 0, 1, 0, 13, 1, 1.012, False
0, 2, 26, 1, 1, 1, 0, 15, 0, 0.818, True
0, 2, 27, 0, 1, 0, 0, 14, 0, 1.029, True
0, 2, 28, 0, 1, 0, 0, 14, 0, 0.855, True
0, 2, 29, 0, 1, 0, 1, 13, 0, 0.794, False
0, 2, 30, 0, 0, 1, 1, 14, 1, 1.058, True
0, 2, 31, 1, 0, 0, 1, 14, 0, 1.017, False
0, 2, 32, 0, 0, 1, 1, 14, 1, 0.913, True
0, 2, 33, 1, 1, 1, 0, 15, 0, 0.991, True
0, 2, 34, 1, 0, 0, 1, 15, 1, 1.058, True
0, 2, 35, 0, 1, 0, 1, 13, 1, 1.125, True
0, 2, 36, 1, 1, 1, 0, 14, 0, 0.866, True
0, 2, 37, 1, 0, 0, 1, 14, 0, 1.0, False
0, 2, 38, 1, 0, 0, 0, 15, 0, 0.929, True
0, 2, 39, 0, 0, 1, 0, 13, 1, 0.937, False
0, 2, 40, 1, 1, 1, 1, 15, 1, 1.001, True
0, 2, 41, 1, 1, 1, 0, 14, 0, 1.172, True
0, 2, 42, 0, 0, 1, 1, 14, 1, 2.032, True
0, 2, 43, 0, 1, 0, 0, 14, 1, 1.357, False
0, 2, 44, 1, 0, 0, 0, 14, 0, 1.027, True
0, 2, 45, 0, 1, 0, 1, 15, 0, 1.166, False
0, 2, 46, 1, 1, 1, 0, 13, 1, 0.929, False
0, 2, 47, 1, 0, 0, 0, 14, 1, 1.159, False
0, 2, 48, 1, 1, 1, 1, 15, 1, 0.967, True
0, 2, 49, 0, 0, 1, 1, 16, 1, 0.969, True
0, 2, 50, 0, 1, 0, 1, 16, 0, 1.681, False
0, 2, 51, 0, 1, 0, 1, 17, 1, 0.767, True
0, 2, 52, 0, 0, 1, 0, 17, 0, 1.058, True
0, 2, 53, 0, 1, 0, 0, 16, 0, 0.987, True
0, 2, 54, 0, 0, 1, 1, 16, 1, 0.996, True
0, 2, 55, 1, 1, 1, 1, 15, 1, 0.906, True
0, 2, 56, 0, 0, 1, 1, 15, 1, 0.888, True
0, 2, 57, 1, 0, 0, 1, 14, 1, 0.731, True
0, 2, 58, 1, 0, 0, 1, 14, 1, 0.837, True
0, 2, 59, 0, 1, 0, 1, 15, 1, 0.761, True
0, 2, 60, 0, 1, 0, 1, 14, 1, 0.779, True
0, 2, 61, 0, 0, 1, 0, 14, 0, 0.731, True
0, 2, 62, 0, 0, 1, 1, 13, 1, 0.8, True
0, 2, 63, 1, 0, 0, 0, 13, 1, 1.168, False
0, 2, 64, 0, 0, 1, 0, 13, 1, 0.812, False
0, 2, 65, 0, 1, 0, 0, 14, 0, 0.997, True
0, 2, 66, 0, 0, 1, 1, 14, 1, 0.764, True
0, 2, 67, 1, 1, 1, 1, 14, 1, 0.926, True
0, 2, 68, 1, 1, 1, 0, 14, 1, 1.365, False
0, 2, 69, 1, 1, 1, 1, 15, 1, 0.783, True
0, 2, 70, 0, 1, 0, 0, 13, 0, 1.032, True
0, 2, 71, 0, 1, 0, 0, 13, 1, 1.15, False
0, 2, 72, 0, 1, 0, 1, 14, 0, 0.838, False
0, 2, 73, 1, 0, 0, 1, 15, 1, 0.943, True
0, 2, 74, 0, 1, 0, 1, 15, 1, 1.163, True
0, 2, 75, 1, 1, 1, 0, 14, 0, 1.012, True
0, 2, 76, 1, 0, 0, 0, 14, 0, 0.923, True
0, 2, 77, 1, 0, 0, 1, 13, 1, 1.017, True
0, 2, 78, 1, 1, 1, 1, 13, 1, 1.076, True
0, 2, 79, 1, 1, 1, 0, 12, 1, 0.927, False
0, 2, 80, 0, 0, 1, 0, 15, 1, 1.063, False
0, 2, 81, 1, 0, 0, 1, 13, 0, 1.032, False
0, 2, 82, 0, 1, 0, 0, 16, 1, 1.01, False
0, 2, 83, 1, 1, 1, 1, 14, 1, 1.586, True
0, 2, 84, 1, 0, 0, 1, 14, 1, 0.742, True
0, 2, 85, 0, 0, 1, 1, 17, 1, 1.047, True
0, 2, 86, 1, 1, 1, 1, 13, 1, 0.849, True
0, 2, 87, 0, 1, 0, 1, 17, 1, 0.789, True
0, 2, 88, 0, 1, 0, 1, 16, 1, 0.719, True
0, 2, 89, 1, 1, 1, 0, 13, 1, 1.049, False
0, 2, 90, 1, 1, 1, 0, 14, 1, 0.904, False
0, 2, 91, 0, 0, 1, 0, 16, 0, 0.825, True
0, 2, 92, 0, 0, 1, 1, 15, 0, 1.262, False
0, 2, 93, 1, 0, 0, 0, 15, 1, 0.944, False
0, 2, 94, 1, 0, 0, 1, 16, 0, 1.502, False
0, 2, 95, 1, 1, 1, 1, 17, 1, 0.886, True
0, 2, 96, 0, 1, 0, 0, 16, 1, 1.365, False
0, 2, 97, 0, 1, 0, 1, 17, 0, 1.019, False
0, 2, 98, 1, 1, 1, 0, 17, 1, 1.079, False
0, 2, 99, 0, 0, 1, 0, 18, 1, 1.009, False
0, 3, 0, 0, 0, 1, 0, 19, 1, 0.949, False
0, 3, 1, 1, 1, 1, 1, 18, 1, 0.991, True
0, 3, 2, 1, 0, 0, 0, 18, 0, 0.754, True
0, 3, 3, 0, 0, 1, 1, 20, 1, 0.776, True
0, 3, 4, 1, 1, 1, 0, 17, 0, 0.807, True
0, 3, 5, 1, 1, 1, 1, 17, 1, 0.781, True
0, 3, 6, 1, 0, 0, 0, 16, 0, 0.982, True
0, 3, 7, 0, 0, 1, 1, 20, 1, 0.799, True
0, 3, 8, 0, 1, 0, 0, 19, 0, 0.831, True
0, 3, 9, 0, 0, 1, 1, 19, 1, 0.991, True
0, 3, 10, 0, 0, 1, 0, 18, 0, 1.43, True
0, 3, 11, 1, 1, 1, 1, 16, 1, 0.899, True
0, 3, 12, 0, 1, 0, 0, 18, 0, 0.969, True
0, 3, 13, 0, 1, 0, 1, 17, 0, 1.02, False
0, 3, 14, 0, 0, 1, 0, 18, 1, 1.037, False
0, 3, 15, 0, 0, 1, 1, 19, 0, 1.302, False
0, 3, 16, 1, 0, 0, 1, 15, 1, 0.846, True
0, 3, 17, 0, 1, 0, 0, 20, 0, 0.829, True
0, 3, 18, 0, 1, 0, 1, 20, 0, 1.089, False
0, 3, 19, 0, 0, 1, 1, 21, 1, 0.821, True
0, 3, 20, 0, 1, 0, 0, 21, 0, 0.789, True
0, 3, 21, 0, 1, 0, 0, 20, 0, 0.857, True
0, 3, 22, 0, 0, 1, 1, 20, 0, 1.399, False
0, 3, 23, 1, 1, 1, 1, 15, 1, 1.051, True
0, 3, 24, 0, 0, 1, 0, 21, 0, 1.584, True
0, 3, 25, 0, 1, 0, 0, 21, 0, 0.873, True
0, 3, 26, 1, 0, 0, 1, 14, 1, 1.321, True
0, 3, 27, 1, 0, 0, 1, 14, 0, 1.213, False
0, 3, 28, 0, 0, 1, 0, 20, 0, 1.605, True
0, 3, 29, 0, 0, 1, 0, 20, 1, 1.141, False
0, 3, 30, 0, 1, 0, 1, 21, 1, 0.969, True
0, 3, 31, 0, 0, 1, 0, 21, 0, 1.339, True
0, 3, 32, 0, 1, 0, 1, 20, 1, 0.951, True
0, 3, 33, 0, 1, 0, 0, 20, 0, 0.98, True
0, 3, 34, 0, 0, 1, 1, 19, 1, 1.007, True
0, 3, 35, 0, 0, 1, 1, 19, 0, 1.335, False
0, 3, 36, 0, 1, 0, 1, 20, 1, 1.0, True
0, 3, 37, 0, 1, 0, 1, 20, 1, 0.826, True
0, 3, 38, 0, 1, 0, 1, 19, 1, 0.757, True
0, 3, 39, 0, 0, 1, 1, 19, 0, 1.908, False
0, 3, 40, 0, 1, 0, 0, 20, 0, 0.861, True
0, 3, 41, 1, 1, 1, 0, 15, 0, 0.875, True
0, 3, 42, 1, 1, 1, 1, 15, 1, 0.787, True
0, 3, 43, 1, 0, 0, 0, 14, 0, 1.184, True
0, 3, 44, 1, 1, 1, 0, 14, 0, 1.167, True
0, 3, 45, 0, 1, 0, 0, 20, 0, 0.845, True
0, 3, 46, 0, 1, 0, 1, 19, 1, 1.091, True
0, 3, 47, 0, 0, 1, 0, 19, 0, 0.867, True
0, 3, 48, 1, 0, 0, 1, 13, 1, 1.072, True
0, 3, 49, 1, 1, 1, 0, 13, 0, 1.053, True
0, 3, 50, 0, 0, 1, 0, 18, 0, 0.76, True
0, 3, 51, 0, 0, 1, 1, 18, 1, 0.832, True
0, 3, 52, 1, 0, 0, 0, 12, 0, 0.884, True
0, 3, 53, 0, 1, 0, 0, 17, 0, 0.918, True
0, 3, 54, 1, 1, 1, 1, 12, 1, 0.997, True
0, 3, 55, 1, 0, 0, 0, 11, 1, 1.069, False
0, 3, 56, 0, 0, 1, 1, 17, 0, 1.486, False
0, 3, 57, 0, 0, 1, 1, 18, 1, 1.644, True
0, 3, 58, 0, 1, 0, 1, 18, 1, 1.116, True
0, 3, 59, 0, 1, 0, 0, 17, 0, 1.192, True
0, 3, 60, 1, 1, 1, 1, 12, 1, 1.081, True
0, 3, 61, 0, 1, 0, 1, 17, 1, 0.998, True
0, 3, 62, 1, 1, 1, 0, 12, 0, 0.981, True
0, 3, 63, 0, 0, 1, 0, 16, 1, 0.959, False
0, 3, 64, 1, 0, 0, 0, 11, 1, 0.94, False
0, 3, 65, 0, 1, 0, 0, 17, 0, 1.149, True
0, 3, 66, 0, 0, 1, 1, 17, 1, 0.98, True
0, 3, 67, 1, 1, 1, 1, 12, 1, 1.009, True
0, 3, 68, 1, 0, 0, 0, 12, 0, 0.972, True
0, 3, 69, 0, 1, 0, 0, 16, 0, 1.013, True
0, 3, 70, 1, 1, 1, 1, 11, 1, 1.134, True
0, 3, 71, 0, 1, 0, 1, 16, 1, 0.804, True
0, 3, 72, 1, 0, 0, 0, 11, 0, 0.99, True
0, 3, 73, 1, 0, 0, 1, 10, 0, 0.933, False
0, 3, 74, 0, 0, 1, 1, 15, 1, 0.949, True
0, 3, 75, 0, 1, 0, 0, 15, 1, 0.885, False
0, 3, 76, 1, 1, 1, 0, 11, 1, 0.974, False
0, 3, 77, 1, 0, 0, 1, 12, 1, 1.131, True
0, 3, 78, 0, 1, 0, 1, 16, 1, 0.872, True
0, 3, 79, 1, 1, 1, 0, 12, 0, 0.91, True
0, 3, 80, 1, 0, 0, 0, 11, 1, 0.879, False
0, 3, 81, 0, 0, 1, 0, 16, 1, 1.521, False
0, 3, 82, 1, 0, 0, 0, 12, 1, 1.01, False
0, 3, 83, 0, 0, 1, 1, 17, 0, 1.33, False
0, 3, 84, 1, 0, 0, 0, 13, 1, 0.994, False
0, 3, 85, 1, 0, 0, 1, 14, 1, 0.806, True
0, 3, 86, 1, 0, 0, 1, 14, 1, 1.004, True
0, 3, 87, 1, 0, 0, 1, 13, 0, 1.092, False
0, 3, 88, 1, 0, 0, 0, 14, 1, 0.973, False
0, 3, 89, 1, 0, 0, 1, 15, 1, 0.838, True
0, 3, 90, 0, 1, 0, 0, 18, 0, 0.873, True
0, 3, 91, 0, 0, 1, 1, 18, 1, 1.886, True
0, 3, 92, 0, 0, 1, 0, 17, 0, 0.999, True
0, 3, 93, 1, 1, 1, 0, 15, 1, 0.984, False
0, 3, 94, 1, 0, 0, 1, 16, 1, 0.882, True
0, 3, 95, 0, 1, 0, 0, 17, 0, 1.138, True
0, 3, 96, 1, 0, 0, 0, 16, 0, 0.85, True
0, 3, 97, 1, 1, 1, 0, 15, 0, 1.168, True
0, 3, 98, 1, 0, 0, 0, 15, 0, 1.158, True
0, 3, 99, 1, 0, 0, 1, 14, 1, 0.918, True
0, 4, 0, 1, 1, 1, 1, 14, 1, 0.825, True
0, 4, 1, 0, 0, 1, 1, 16, 1, 0.981, True
0, 4, 2, 1, 0, 0, 0, 14, 0, 1.077, True
0, 4, 3, 0, 1, 0, 1, 16, 1, 0.823, True
0, 4, 4, 0, 1, 0, 1, 15, 1, 0.838, True
0, 4, 5, 1, 0, 0, 0, 13, 0, 0.757, True
0, 4, 6, 0, 0, 1, 0, 15, 1, 1.492, False
0, 4, 7, 1, 1, 1, 0, 13, 0, 0.841, True
0, 4, 8, 1, 0, 0, 0, 12, 1, 0.986, False
0, 4, 9, 1, 1, 1, 1, 13, 0, 0.849, False
0, 4, 10, 1, 1, 1, 0, 14, 0, 1.033, True
0, 4, 11, 1, 1, 1, 1, 14, 1, 0.746, True
0, 4, 12, 0, 1, 0, 0, 16, 0, 0.823, True
0, 4, 13, 1, 1, 1, 1, 13, 1, 0.974, True
0, 4, 14, 0, 1, 0, 1, 16, 1, 0.805, True
0, 4, 15, 1, 0, 0, 0, 13, 0, 0.986, True
0, 4, 16, 0, 0, 1, 0, 15, 1, 2.448, False
0, 4, 17, 1, 1, 1, 0, 12, 0, 0.961, True
0, 4, 18, 0, 0, 1, 1, 16, 1, 0.968, True
0, 4, 19, 1, 0, 0, 0, 12, 1, 1.078, False
0, 4, 20, 0, 1, 0, 1, 16, 1, 1.051, True
0, 4, 21, 0, 0, 1, 1, 15, 0, 1.077, False
0, 4, 22, 0, 0, 1, 1, 16, 1, 0.9, True
0, 4, 23, 0, 1, 0, 0, 16, 0, 0.901, True
0, 4, 24, 0, 1, 0, 0, 15, 0, 0.755, True
0, 4, 25, 1, 0, 0, 0, 13, 0, 0.978, True
0, 4, 26, 0, 0, 1, 0, 15, 0, 0.899, True
0, 4, 27, 0, 1, 0, 0, 14, 0, 0.96, True
0, 4, 28, 1, 0, 0, 0, 13, 0, 0.823, True
0, 4, 29, 0, 1, 0, 0, 14, 0, 0.932, True
0, 4, 30, 1, 1, 1, 0, 12, 1, 0.851, False
0, 4, 31, 1, 1, 1, 1, 13, 0, 0.868, False
0, 4, 32, 1, 0, 0, 1, 14, 1, 0.783, True
0, 4, 33, 0, 0, 1, 1, 13, 0, 0.936, False
0, 4, 34, 0, 0, 1, 0, 14, 1, 0.928, False
0, 4, 35, 0, 1, 0, 1, 15, 0, 0.748, False
0, 4, 36, 1, 1, 1, 0, 14, 0, 1.375, True
0, 4, 37, 1, 0, 0, 1, 13, 1, 1.171, True
0, 4, 38, 1, 1, 1, 1, 13, 0, 1.012, False
0, 4, 39, 0, 1, 0, 0, 16, 1, 1.419, False
0, 4, 40, 1, 0, 0, 0, 14, 0, 0.992, True
0, 4, 41, 1, 0, 0, 1, 14, 1, 0.931, True
0, 4, 42, 0, 0, 1, 0, 17, 0, 0.863, True
0, 4, 43, 0, 0, 1, 0, 17, 0, 0.904, True
0, 4, 44, 0, 0, 1, 1, 16, 1, 0.771, True
0, 4, 45, 0, 1, 0, 1, 16, 1, 0.801, True
0, 4, 46, 1, 1, 1, 0, 13, 0, 0.809, True
0, 4, 47, 1, 0, 0, 1, 13, 1, 0.836, True
0, 4, 48, 0, 0, 1, 0, 15, 0, 1.02, True
0, 4, 49, 0, 1, 0, 1, 15, 1, 0.94, True
0, 4, 50, 1, 1, 1, 0, 12, 0, 0.717, True
0, 4, 51, 1, 1, 1, 1, 12, 1, 0.887, True
0, 4, 52, 1, 1, 1, 1, 11, 1, 0.934, True
0, 4, 53, 0, 0, 1, 1, 14, 1, 0.829, True
0, 4, 54, 1, 1, 1, 1, 11, 1, 0.815, True
0, 4, 55, 0, 1, 0, 0, 14, 0, 0.773, True
0, 4, 56, 0, 1, 0, 1, 13, 1, 0.972, True
0, 4, 57, 1, 0, 0, 0, 10, 0, 0.952, True
0, 4, 58, 0, 1, 0, 0, 13, 0, 0.834, True
0, 4, 59, 1, 1, 1, 0, 10, 0, 0.99, True
0, 4, 60, 0, 1, 0, 1, 12, 0, 1.23, False
0, 4, 61, 0, 1, 0, 1, 13, 0, 0.967, False
0, 4, 62, 0, 1, 0, 0, 14, 0, 0.851, True
0, 4, 63, 1, 0, 0, 0, 9, 0, 1.068, True
0, 4, 64, 1, 1, 1, 1, 9, 1, 1.376, True
0, 4, 65, 0, 0, 1, 0, 14, 0, 0.783, True
0, 4, 66, 1, 0, 0, 0, 8, 0, 1.257, True
0, 4, 67, 0, 0, 1, 1, 13, 1, 0.873, True
0, 4, 68, 1, 1, 1, 0, 8, 0, 0.879, True
0, 4, 69, 1, 1, 1, 1, 7, 1, 1.246, True
0, 4, 70, 1, 0, 0, 0, 7, 0, 0.814, True
0, 4, 71, 0, 0, 1, 0, 13, 1, 0.905, False
0, 4, 72, 0, 1, 0, 0, 14, 0, 1.044, True
0, 4, 73, 0, 0, 1, 0, 14, 1, 0.928, False
0, 4, 74, 1, 1, 1, 1, 6, 1, 0.94, True
0, 4, 75, 0, 1, 0, 1, 15, 0, 0.938, False
0, 4, 76, 0, 0, 1, 1, 16, 1, 1.005, True
0, 4, 77, 0, 1, 0, 1, 16, 1, 1.074, True
0, 4, 78, 0, 0, 1, 1, 15, 1, 0.897, True
0, 4, 79, 0, 1, 0, 1, 15, 1, 0.973, True
0, 4, 80, 0, 0, 1, 0, 14, 1, 0.854, False
0, 4, 81, 0, 0, 1, 0, 15, 0, 1.405, True
0, 4, 82, 1, 1, 1, 0, 6, 1, 0.878, False
0, 4, 83, 0, 1, 0, 1, 15, 1, 0.975, True
0, 4, 84, 1, 0, 0, 1, 7, 0, 1.087, False
0, 4, 85, 1, 0, 0, 1, 8, 1, 1.053, True
0, 4, 86, 1, 0, 0, 1, 8, 1, 1.15, True
0, 4, 87, 0, 0, 1, 0, 14, 0, 1.231, True
0, 4, 88, 1, 0, 0, 0, 7, 0, 1.272, True
0, 4, 89, 1, 1, 1, 0, 7, 1, 0.851, False
0, 4, 90, 0, 0, 1, 0, 14, 0, 1.134, True
0, 4, 91, 1, 1, 1, 0, 8, 1, 0.9, False
0, 4, 92, 1, 0, 0, 1, 9, 0, 0.877, False
0, 4, 93, 0, 1, 0, 0, 13, 0, 0.985, True
0, 4, 94, 0, 0, 1, 1, 13, 1, 0.905, True
0, 4, 95, 0, 0, 1, 1, 12, 1, 0.852, True
0, 4, 96, 0, 1, 0, 0, 12, 0, 0.842, True
0, 4, 97, 1, 1, 1, 0, 10, 1, 0.8, False
0, 4, 98, 1, 1, 1, 0, 11, 1, 0.717, False
0, 4, 99, 1, 0, 0, 1, 12, 0, 0.744, False
