0, 0, 1, 0, 30, 1, 1.1, 4.24, 0, 31.791, False
0, 0, 1, 1, 31, 1, 6.25, 3.1, 1, 65.35, True
0, 0, 1, 2, 31, 1, 1.67, 4.81, 0, 23.072, False
0, 0, 1, 3, 32, 0, 0.55, 3.69, 0, 17.787, True
0, 0, 1, 4, 32, 0, 1.62, 4.76, 0, 5.26, True
0, 0, 1, 5, 31, 0, 0.6, 3.74, 0, 1.014, True
0, 0, 1, 6, 31, 1, 0.41, 3.55, 1, 0.82, True
0, 0, 1, 7, 30, 0, 1.88, 5.02, 0, 0.724, True
0, 0, 1, 8, 30, 1, 2.09, 5.23, 0, 1.015, False
0, 0, 1, 9, 31, 0, 0.89, 4.03, 0, 0.769, True
0, 1, 0, 0, 30, 0, 3.98, 3.98, 0, 0.875, True
0, 1, 0, 1, 30, 0, 4.52, 4.52, 0, 0.631, True
0, 1, 0, 2, 29, 1, 2.8, 2.8, 1, 0.609, True
0, 1, 0, 3, 29, 0, 2.33, 2.33, 0, 0.509, True
0, 1, 0, 4, 28, 0, 2.64, 2.64, 0, 0.559, True
0, 1, 0, 5, 28, 1, 4.51, 4.51, 0, 0.782, False
0, 1, 0, 6, 29, 0, 0.32, 0.32, 0, 0.558, True
0, 1, 0, 7, 29, 0, 4.96, 4.96, 0, 0.552, True
0, 1, 0, 8, 28, 1, 1.26, 1.26, 1, 0.587, True
0, 1, 0, 9, 28, 0, 5.28, 5.28, 0, 0.563, True
0, 2, 0, 0, 7, 0, 4.01, 4.01, 0, 0.63, True
0, 2, 0, 1, 7, 0, 5.06, 5.06, 0, 0.647, True
0, 2, 0, 2, 6, 0, 1.65, 1.65, 0, 0.774, True
0, 2, 0, 3, 6, 1, 5.61, 5.61, 0, 0.655, False
0, 2, 0, 4, 7, 0, 1.38, 1.38, 0, 0.521, True
0, 2, 0, 5, 7, 1, 5.15, 5.15, 1, 0.623, True
0, 2, 0, 6, 6, 0, 0.44, 0.44, 0, 0.561, True
0, 2, 0, 7, 6, 1, 4.08, 4.08, 0, 0.537, False
0, 2, 0, 8, 7, 0, 1.26, 1.26, 0, 0.499, True
0, 2, 0, 9, 7, 1, 2.54, 2.54, 0, 0.577, False
0, 2, 0, 10, 8, 1, 3.15, 3.15, 1, 0.533, True
0, 2, 0, 11, 8, 1, 3.95, 3.95, 0, 0.61, False
0, 2, 0, 12, 9, 0, 5.36, 5.36, 0, 0.467, True
0, 2, 0, 13, 9, 0, 5.98, 5.98, 0, 0.496, True
0, 2, 0, 14, 8, 0, 6.17, 6.17, 1, 0.532, False
0, 2, 0, 15, 9, 1, 4.13, 4.13, 1, 0.618, True
0, 2, 0, 16, 9, 0, 2.27, 2.27, 0, 0.498, True
0, 2, 0, 17, 8, 1, 3.6, 3.6, 1, 0.605, True
0, 2, 0, 18, 8, 0, 1.67, 1.67, 0, 0.476, True
0, 2, 0, 19, 7, 1, 2.29, 2.29, 0, 0.667, False
0, 2, 0, 20, 8, 0, 4.82, 4.82, 0, 0.572, True
0, 2, 0, 21, 8, 0, 1.37, 1.37, 0, 0.615, True
0, 2, 0, 22, 7, 1, 1.57, 1.57, 0, 0.458, False
0, 2, 0, 23, 8, 0, 4.09, 4.09, 0, 0.594, True
0, 2, 0, 24, 8, 0, 1.33, 1.33, 0, 0.492, True
0, 2, 0, 25, 7, 1, 5.75, 5.75, 0, 0.642, False
0, 2, 0, 26, 8, 1, 2.43, 2.43, 1, 0.523, True
0, 2, 0, 27, 8, 0, 0.08, 0.08, 0, 0.736, True
0, 2, 0, 28, 7, 1, 1.09, 1.09, 0, 0.557, False
0, 2, 0, 29, 8, 0, 0.44, 0.44, 0, 0.542, True
0, 2, 0, 30, 8, 1, 1.15, 1.15, 1, 0.531, True
0, 2, 0, 31, 7, 1, 3.67, 3.67, 1, 1.001, True
0, 2, 0, 32, 7, 1, 5.44, 5.44, 0, 0.627, False
0, 2, 0, 33, 8, 0, 0.16, 0.16, 0, 0.501, True
0, 2, 0, 34, 8, 0, 1.83, 1.83, 0, 0.531, True
0, 2, 0, 35, 7, 0, 0.62, 0.62, 0, 0.537, True
0, 2, 0, 36, 7, 1, 2.28, 2.28, 0, 0.502, False
0, 2, 0, 37, 8, 1, 0.97, 0.97, 1, 0.531, True
0, 2, 0, 38, 8, 1, 2.62, 2.62, 0, 1.047, False
0, 2, 0, 39, 9, 0, 5.77, 5.77, 0, 0.566, True
0, 2, 0, 40, 9, 0, 6.17, 6.17, 0, 0.633, True
0, 2, 0, 41, 8, 1, 0.59, 0.59, 1, 0.514, True
0, 2, 0, 42, 8, 1, 1.16, 1.16, 1, 0.633, True
0, 2, 0, 43, 7, 1, 4.9, 4.9, 0, 0.786, False
0, 2, 0, 44, 8, 0, 5.83, 5.83, 0, 0.548, True
0, 2, 0, 45, 8, 1, 3.04, 3.04, 1, 0.538, True
0, 2, 0, 46, 7, 1, 1.43, 1.43, 1, 0.567, True
0, 2, 0, 47, 7, 0, 4.98, 4.98, 1, 0.675, False
0, 2, 0, 48, 8, 0, 2.81, 2.81, 0, 0.514, True
0, 2, 0, 49, 8, 0, 4.04, 4.04, 0, 0.478, True
0, 3, 1, 0, 13, 0, 0.54, 3.68, 0, 0.856, True
0, 3, 1, 1, 13, 0, 2.15, 5.29, 0, 1.155, True
0, 3, 1, 2, 12, 1, 1.66, 4.8, 0, 0.64, False
0, 3, 1, 3, 13, 1, 0.42, 3.56, 0, 0.665, False
0, 3, 1, 4, 14, 0, 2.28, 5.42, 0, 0.585, True
0, 3, 1, 5, 14, 1, 4.8, 1.65, 0, 0.948, False
0, 3, 1, 6, 15, 0, 0.48, 3.62, 0, 0.665, True
0, 3, 1, 7, 15, 1, 2.6, 5.74, 0, 0.729, False
0, 3, 1, 8, 16, 1, 3.2, 0.05, 1, 0.775, True
0, 3, 1, 9, 16, 1, 3.25, 0.1, 0, 0.883, False
0, 3, 1, 10, 17, 0, 0.05, 3.19, 0, 0.754, True
0, 3, 1, 11, 17, 1, 2.99, 6.13, 1, 0.951, True
0, 3, 1, 12, 16, 1, 0.37, 3.51, 0, 0.744, False
0, 3, 1, 13, 17, 0, 3.3, 0.16, 0, 1.204, True
0, 3, 1, 14, 17, 1, 1.04, 4.19, 0, 0.662, False
0, 3, 1, 15, 18, 0, 1.33, 4.47, 0, 0.582, True
0, 3, 1, 16, 18, 1, 3.48, 0.34, 1, 0.793, True
0, 3, 1, 17, 17, 1, 4.42, 1.28, 0, 0.692, False
0, 3, 1, 18, 18, 0, 4.38, 1.24, 0, 0.771, True
0, 3, 1, 19, 18, 0, 5.27, 2.13, 0, 0.999, True
0, 3, 1, 20, 17, 0, 5.26, 2.12, 0, 0.522, True
0, 3, 1, 21, 17, 0, 1.92, 5.06, 0, 1.008, True
0, 3, 1, 22, 16, 1, 2.2, 5.34, 1, 0.571, True
0, 3, 1, 23, 16, 0, 2.86, 6.0, 0, 0.774, True
0, 3, 1, 24, 15, 0, 0.91, 4.05, 0, 0.568, True
0, 3, 1, 25, 15, 0, 3.32, 0.18, 0, 0.82, True
0, 3, 1, 26, 14, 1, 1.06, 4.2, 1, 0.541, True
0, 3, 1, 27, 14, 0, 2.87, 6.01, 0, 0.626, True
0, 3, 1, 28, 13, 0, 1.46, 4.6, 0, 2.364, True
0, 3, 1, 29, 13, 1, 1.09, 4.23, 1, 0.576, True
0, 3, 1, 30, 12, 0, 1.45, 4.6, 0, 0.611, True
0, 3, 1, 31, 12, 1, 5.33, 2.19, 0, 0.758, False
0, 3, 1, 32, 13, 0, 3.35, 0.21, 0, 0.942, True
0, 3, 1, 33, 13, 0, 5.83, 2.69, 0, 0.739, True
0, 3, 1, 34, 12, 1, 0.47, 3.61, 0, 0.735, False
0, 3, 1, 35, 13, 0, 0.7, 3.85, 0, 0.635, True
0, 3, 1, 36, 13, 0, 0.52, 3.66, 0, 0.516, True
0, 3, 1, 37, 12, 1, 2.45, 5.59, 0, 0.762, False
0, 3, 1, 38, 13, 0, 2.32, 5.46, 0, 0.524, True
0, 3, 1, 39, 13, 1, 1.08, 4.23, 1, 0.689, True
0, 3, 1, 40, 12, 1, 4.9, 1.76, 0, 0.68, False
0, 3, 1, 41, 13, 0, 5.14, 2.0, 0, 0.712, True
0, 3, 1, 42, 13, 0, 0.9, 4.04, 0, 0.566, True
0, 3, 1, 43, 12, 1, 5.53, 2.39, 0, 0.658, False
0, 3, 1, 44, 13, 0, 1.68, 4.82, 0, 0.635, True
0, 3, 1, 45, 13, 1, 3.38, 0.23, 0, 0.86, False
0, 3, 1, 46, 14, 1, 4.33, 1.18, 0, 0.884, False
0, 3, 1, 47, 15, 0, 4.93, 1.78, 0, 0.97, True
0, 3, 1, 48, 15, 0, 1.16, 4.3, 0, 0.649, True
0, 3, 1, 49, 14, 1, 5.21, 2.07, 0, 0.808, False
0, 4, 1, 0, 13, 1, 0.5, 3.64, 1, 0.727, True
0, 4, 1, 1, 13, 1, 2.21, 5.35, 1, 0.58, True
0, 4, 1, 2, 12, 0, 3.97, 0.83, 0, 0.713, True
0, 4, 1, 3, 12, 1, 5.53, 2.39, 0, 0.918, False
0, 4, 1, 4, 13, 0, 3.04, 6.18, 0, 0.932, True
0, 4, 1, 5, 13, 1, 0.37, 3.51, 1, 0.682, True
0, 4, 1, 6, 12, 0, 1.53, 4.67, 0, 0.793, True
0, 4, 1, 7, 12, 1, 1.86, 5.01, 0, 0.868, False
0, 4, 1, 8, 13, 0, 1.8, 4.94, 0, 0.772, True
0, 4, 1, 9, 13, 0, 0.44, 3.59, 0, 0.76, True
0, 4, 1, 10, 12, 0, 2.39, 5.53, 0, 0.802, True
0, 4, 1, 11, 12, 1, 4.45, 1.31, 0, 1.131, False
0, 4, 1, 12, 13, 0, 2.69, 5.83, 1, 0.824, False
0, 4, 1, 13, 14, 0, 0.32, 3.46, 0, 0.978, True
0, 4, 1, 14, 14, 1, 5.76, 2.61, 1, 1.157, True
0, 4, 1, 15, 13, 0, 2.57, 5.71, 0, 0.666, True
0, 4, 1, 16, 13, 1, 1.96, 5.1, 0, 0.77, False
0, 4, 1, 17, 14, 0, 5.04, 1.9, 0, 0.838, True
0, 4, 1, 18, 14, 1, 5.64, 2.5, 0, 1.391, False
0, 4, 1, 19, 15, 1, 2.28, 5.42, 1, 0.586, True
0, 4, 1, 20, 15, 0, 3.03, 6.17, 0, 1.013, True
0, 4, 1, 21, 14, 0, 2.51, 5.65, 0, 0.711, True
0, 4, 1, 22, 14, 1, 5.31, 2.17, 1, 1.197, True
0, 4, 1, 23, 13, 1, 2.55, 5.69, 0, 0.886, False
0, 4, 1, 24, 14, 0, 4.33, 1.19, 0, 0.972, True
0, 4, 1, 25, 14, 0, 1.45, 4.6, 0, 0.584, True
0, 4, 1, 26, 13, 0, 4.56, 1.42, 0, 1.268, True
0, 4, 1, 27, 13, 0, 3.36, 0.22, 1, 0.9, False
0, 4, 1, 28, 14, 1, 4.71, 1.57, 0, 0.954, False
0, 4, 1, 29, 15, 0, 0.82, 3.96, 0, 1.927, True
0, 4, 1, 30, 15, 0, 0.22, 3.36, 0, 0.692, True
0, 4, 1, 31, 14, 1, 1.74, 4.88, 0, 1.043, False
0, 4, 1, 32, 15, 0, 3.9, 0.76, 1, 1.092, False
0, 4, 1, 33, 16, 0, 2.3, 5.44, 0, 0.619, True
0, 4, 1, 34, 16, 0, 0.83, 3.97, 0, 0.565, True
0, 4, 1, 35, 15, 1, 1.6, 4.74, 1, 0.609, True
0, 4, 1, 36, 15, 0, 0.87, 4.01, 1, 0.727, False
0, 4, 1, 37, 16, 1, 4.42, 1.28, 0, 0.837, False
0, 4, 1, 38, 17, 0, 6.08, 2.94, 1, 0.838, False
0, 4, 1, 39, 18, 0, 5.82, 2.68, 0, 0.775, True
0, 4, 1, 40, 18, 0, 4.1, 0.96, 0, 1.139, True
0, 4, 1, 41, 17, 0, 2.66, 5.8, 0, 0.664, True
0, 4, 1, 42, 17, 0, 4.49, 1.35, 0, 1.288, True
0, 4, 1, 43, 16, 1, 2.18, 5.32, 1, 0.655, True
0, 4, 1, 44, 16, 0, 1.49, 4.63, 0, 0.68, True
0, 4, 1, 45, 15, 0, 6.16, 3.02, 1, 0.807, False
0, 4, 1, 46, 16, 1, 3.12, 6.26, 1, 0.859, True
0, 4, 1, 47, 16, 1, 3.26, 0.11, 1, 0.681, True
0, 4, 1, 48, 15, 1, 4.23, 1.08, 0, 0.859, False
0, 4, 1, 49, 16, 1, 1.07, 4.21, 1, 0.666, True
0, 5, 0, 0, 7, 0, 1.04, 1.04, 0, 0.78, True
0, 5, 0, 1, 7, 0, 2.31, 2.31, 0, 0.599, True
0, 5, 0, 2, 6, 0, 4.86, 4.86, 1, 1.194, False
0, 5, 0, 3, 7, 1, 5.19, 5.19, 1, 1.213, True
0, 5, 0, 4, 7, 0, 1.74, 1.74, 0, 0.592, True
0, 5, 0, 5, 6, 1, 5.07, 5.07, 1, 0.907, True
0, 5, 0, 6, 6, 0, 4.21, 4.21, 0, 0.618, True
0, 5, 0, 7, 5, 0, 3.21, 3.21, 0, 0.659, True
0, 5, 0, 8, 5, 0, 1.67, 1.67, 0, 0.54, True
0, 5, 0, 9, 4, 0, 4.28, 4.28, 0, 0.729, True
0, 5, 0, 10, 4, 0, 5.14, 5.14, 0, 0.855, True
0, 5, 0, 11, 3, 0, 1.0, 1.0, 0, 0.949, True
0, 5, 0, 12, 3, 0, 0.59, 0.59, 0, 1.058, True
0, 5, 0, 13, 2, 0, 3.53, 3.53, 0, 0.779, True
0, 5, 0, 14, 2, 1, 1.82, 1.82, 0, 0.79, False
0, 5, 0, 15, 3, 1, 5.22, 5.22, 1, 0.689, True
0, 5, 0, 16, 3, 0, 5.15, 5.15, 0, 1.432, True
0, 5, 0, 17, 2, 1, 6.16, 6.16, 0, 0.625, False
0, 5, 0, 18, 3, 1, 4.65, 4.65, 0, 0.659, False
0, 5, 0, 19, 4, 0, 3.72, 3.72, 0, 0.585, True
0, 5, 0, 20, 4, 0, 0.55, 0.55, 0, 0.628, True
0, 5, 0, 21, 3, 1, 6.14, 6.14, 1, 1.244, True
0, 5, 0, 22, 3, 0, 0.6, 0.6, 0, 0.605, True
0, 5, 0, 23, 2, 0, 2.83, 2.83, 0, 0.739, True
0, 5, 0, 24, 2, 0, 4.94, 4.94, 0, 0.6, True
0, 5, 0, 25, 1, 0, 4.64, 4.64, 0, 0.594, True
0, 5, 0, 26, 1, 0, 0.73, 0.73, 0, 0.549, True
0, 5, 0, 27, 1, 1, 1.89, 1.89, 0, 0.514, False
0, 5, 0, 28, 2, 1, 4.75, 4.75, 0, 0.512, False
0, 5, 0, 29, 3, 0, 1.25, 1.25, 0, 0.55, True
0, 5, 0, 30, 3, 0, 3.69, 3.69, 0, 0.515, True
0, 5, 0, 31, 2, 0, 0.67, 0.67, 0, 0.529, True
0, 5, 0, 32, 2, 1, 4.45, 4.45, 0, 0.596, False
0, 5, 0, 33, 3, 0, 3.16, 3.16, 0, 0.54, True
0, 5, 0, 34, 3, 0, 5.29, 5.29, 0, 0.544, True
0, 5, 0, 35, 2, 0, 5.01, 5.01, 0, 0.625, True
0, 5, 0, 36, 2, 0, 1.76, 1.76, 0, 0.499, True
0, 5, 0, 37, 1, 1, 4.42, 4.42, 0, 0.45, False
0, 5, 0, 38, 2, 1, 5.79, 5.79, 0, 0.498, False
0, 5, 0, 39, 3, 0, 4.25, 4.25, 0, 0.505, True
0, 5, 0, 40, 3, 1, 4.44, 4.44, 0, 0.488, False
0, 5, 0, 41, 4, 1, 5.81, 5.81, 1, 0.679, True
0, 5, 0, 42, 4, 0, 5.26, 5.26, 0, 0.631, True
0, 5, 0, 43, 3, 1, 5.56, 5.56, 0, 0.552, False
0, 5, 0, 44, 4, 1, 5.02, 5.02, 0, 0.517, False
0, 5, 0, 45, 5, 0, 0.94, 0.94, 0, 0.52, True
0, 5, 0, 46, 5, 1, 4.0, 4.0, 0, 0.636, False
0, 5, 0, 47, 6, 1, 3.09, 3.09, 0, 0.513, False
0, 5, 0, 48, 7, 1, 2.28, 2.28, 1, 0.559, True
0, 5, 0, 49, 7, 1, 6.13, 6.13, 1, 0.571, True
0, 6, 0, 0, 7, 1, 0.5, 0.5, 1, 0.666, True
0, 6, 0, 1, 7, 0, 4.62, 4.62, 0, 0.626, True
0, 6, 0, 2, 6, 1, 3.25, 3.25, 1, 0.531, True
0, 6, 0, 3, 6, 0, 3.07, 3.07, 0, 0.513, True
0, 6, 0, 4, 5, 0, 1.65, 1.65, 0, 0.683, True
0, 6, 0, 5, 5, 0, 4.06, 4.06, 0, 0.53, True
0, 6, 0, 6, 4, 0, 5.85, 5.85, 0, 0.808, True
0, 6, 0, 7, 4, 1, 5.52, 5.52, 0, 0.571, False
0, 6, 0, 8, 5, 1, 2.68, 2.68, 1, 0.55, True
0, 6, 0, 9, 5, 1, 3.32, 3.32, 1, 0.547, True
0, 6, 0, 10, 4, 0, 0.67, 0.67, 0, 0.792, True
0, 6, 0, 11, 4, 1, 3.04, 3.04, 0, 0.579, False
0, 6, 0, 12, 5, 0, 2.83, 2.83, 0, 0.583, True
0, 6, 0, 13, 5, 1, 2.39, 2.39, 1, 0.562, True
0, 6, 0, 14, 4, 1, 6.02, 6.02, 0, 0.71, False
0, 6, 0, 15, 5, 1, 3.02, 3.02, 1, 0.788, True
0, 6, 0, 16, 5, 0, 5.27, 5.27, 0, 0.664, True
0, 6, 0, 17, 4, 0, 5.8, 5.8, 0, 0.616, True
0, 6, 0, 18, 4, 1, 2.52, 2.52, 1, 0.754, True
0, 6, 0, 19, 3, 1, 2.39, 2.39, 0, 0.62, False
0, 6, 0, 20, 4, 0, 1.16, 1.16, 0, 0.581, True
0, 6, 0, 21, 4, 0, 6.22, 6.22, 1, 0.591, False
0, 6, 0, 22, 5, 0, 6.22, 6.22, 0, 0.712, True
0, 6, 0, 23, 5, 1, 5.85, 5.85, 1, 0.701, True
0, 6, 0, 24, 4, 1, 3.39, 3.39, 0, 0.548, False
0, 6, 0, 25, 5, 0, 3.66, 3.66, 0, 0.713, True
0, 6, 0, 26, 5, 1, 1.5, 1.5, 1, 0.775, True
0, 6, 0, 27, 4, 1, 4.44, 4.44, 1, 0.675, True
0, 6, 0, 28, 4, 0, 6.13, 6.13, 0, 0.674, True
0, 6, 0, 29, 3, 0, 3.44, 3.44, 0, 0.722, True
0, 6, 0, 30, 3, 1, 2.01, 2.01, 0, 0.648, False
0, 6, 0, 31, 4, 0, 3.57, 3.57, 0, 0.673, True
0, 6, 0, 32, 4, 0, 6.07, 6.07, 0, 0.736, True
0, 6, 0, 33, 3, 0, 2.95, 2.95, 0, 0.565, True
0, 6, 0, 34, 3, 1, 2.03, 2.03, 0, 0.575, False
0, 6, 0, 35, 4, 0, 0.81, 0.81, 0, 0.727, True
0, 6, 0, 36, 4, 1, 0.07, 0.07, 0, 1.314, False
0, 6, 0, 37, 5, 0, 0.06, 0.06, 0, 0.831, True
0, 6, 0, 38, 5, 0, 0.16, 0.16, 0, 0.617, True
0, 6, 0, 39, 4, 0, 5.6, 5.6, 0, 0.563, True
0, 6, 0, 40, 4, 0, 1.99, 1.99, 0, 0.455, True
0, 6, 0, 41, 3, 0, 3.35, 3.35, 0, 0.479, True
0, 6, 0, 42, 3, 0, 5.77, 5.77, 0, 0.647, True
0, 6, 0, 43, 2, 1, 4.81, 4.81, 0, 1.1, False
0, 6, 0, 44, 3, 0, 2.08, 2.08, 0, 0.662, True
0, 6, 0, 45, 3, 1, 5.54, 5.54, 0, 0.773, False
0, 6, 0, 46, 4, 1, 5.6, 5.6, 1, 0.584, True
0, 6, 0, 47, 4, 1, 4.86, 4.86, 0, 0.659, False
0, 6, 0, 48, 5, 0, 4.2, 4.2, 0, 0.723, True
0, 6, 0, 49, 5, 0, 6.05, 6.05, 0, 0.585, True
0, 7, 1, 0, 13, 1, 4.53, 1.39, 0, 1.277, False
0, 7, 1, 1, 14, 1, 0.64, 3.78, 0, 0.949, False
0, 7, 1, 2, 15, 1, 4.68, 1.54, 0, 0.778, False
0, 7, 1, 3, 16, 0, 0.58, 3.73, 0, 0.565, True
0, 7, 1, 4, 16, 0, 4.93, 1.79, 0, 0.714, True
0, 7, 1, 5, 15, 1, 4.73, 1.59, 0, 0.576, False
0, 7, 1, 6, 16, 0, 0.08, 3.22, 0, 0.595, True
0, 7, 1, 7, 16, 1, 4.42, 1.28, 0, 0.523, False
0, 7, 1, 8, 17, 0, 4.24, 1.1, 0, 0.543, True
0, 7, 1, 9, 17, 1, 5.21, 2.07, 0, 0.524, False
0, 7, 1, 10, 18, 0, 5.24, 2.1, 0, 0.762, True
0, 7, 1, 11, 18, 0, 0.37, 3.51, 0, 0.693, True
0, 7, 1, 12, 17, 1, 3.78, 0.64, 0, 0.716, False
0, 7, 1, 13, 18, 0, 4.56, 1.42, 0, 0.729, True
0, 7, 1, 14, 18, 1, 4.37, 1.23, 1, 0.607, True
0, 7, 1, 15, 17, 1, 0.54, 3.68, 0, 0.833, False
0, 7, 1, 16, 18, 0, 0.89, 4.03, 1, 0.762, False
0, 7, 1, 17, 19, 1, 2.31, 5.45, 1, 0.743, True
0, 7, 1, 18, 19, 0, 2.57, 5.71, 0, 0.788, True
0, 7, 1, 19, 18, 0, 1.24, 4.38, 0, 0.583, True
0, 7, 1, 20, 18, 0, 4.35, 1.21, 0, 0.626, True
0, 7, 1, 21, 17, 1, 4.81, 1.67, 0, 0.716, False
0, 7, 1, 22, 18, 1, 1.81, 4.95, 1, 0.618, True
0, 7, 1, 23, 18, 0, 6.19, 3.05, 0, 0.772, True
0, 7, 1, 24, 17, 1, 4.47, 1.32, 0, 0.872, False
0, 7, 1, 25, 18, 1, 6.22, 3.08, 0, 0.703, False
0, 7, 1, 26, 19, 0, 4.92, 1.78, 0, 0.742, True
0, 7, 1, 27, 19, 0, 3.68, 0.54, 0, 0.915, True
0, 7, 1, 28, 18, 0, 2.32, 5.46, 0, 0.905, True
0, 7, 1, 29, 18, 1, 0.74, 3.88, 0, 0.806, False
0, 7, 1, 30, 19, 1, 5.17, 2.03, 0, 0.791, False
0, 7, 1, 31, 20, 0, 5.71, 2.57, 0, 0.69, True
0, 7, 1, 32, 20, 0, 0.6, 3.74, 0, 0.657, True
0, 7, 1, 33, 19, 0, 4.48, 1.34, 0, 0.64, True
0, 7, 1, 34, 19, 1, 2.29, 5.43, 0, 0.881, False
0, 7, 1, 35, 20, 1, 0.29, 3.43, 0, 0.744, False
0, 7, 1, 36, 21, 1, 0.02, 3.16, 0, 0.725, False
0, 7, 1, 37, 22, 1, 5.71, 2.57, 0, 0.867, False
0, 7, 1, 38, 23, 0, 4.6, 1.46, 0, 0.595, True
0, 7, 1, 39, 23, 0, 4.18, 1.04, 0, 0.582, True
0, 7, 1, 40, 22, 0, 2.91, 6.05, 0, 0.785, True
0, 7, 1, 41, 22, 1, 0.79, 3.93, 1, 0.613, True
0, 7, 1, 42, 21, 0, 0.37, 3.51, 1, 0.669, False
0, 7, 1, 43, 22, 0, 1.75, 4.89, 0, 0.683, True
0, 7, 1, 44, 22, 0, 6.21, 3.07, 0, 0.73, True
0, 7, 1, 45, 21, 0, 5.04, 1.89, 0, 0.559, True
0, 7, 1, 46, 21, 0, 6.22, 3.07, 1, 0.691, False
0, 7, 1, 47, 22, 0, 1.94, 5.08, 0, 0.658, True
0, 7, 1, 48, 22, 1, 3.6, 0.46, 0, 0.851, False
0, 7, 1, 49, 23, 0, 2.52, 5.66, 0, 0.723, True
