2, 0, 1, 0, 30, 0, 6.18, 3.04, 0, 3.305, True
2, 0, 1, 1, 30, 1, 2.98, 6.12, 1, 31.241, True
2, 0, 1, 2, 29, 1, 1.72, 4.87, 0, 0.671, False
2, 0, 1, 3, 30, 1, 3.13, 6.28, 1, 0.911, True
2, 0, 1, 4, 30, 0, 0.69, 3.83, 0, 1.175, True
2, 0, 1, 5, 29, 1, 2.16, 5.3, 1, 0.687, True
2, 0, 1, 6, 29, 1, 5.58, 2.44, 1, 1.028, True
2, 0, 1, 7, 28, 0, 5.24, 2.1, 1, 0.982, False
2, 0, 1, 8, 29, 0, 2.27, 5.41, 1, 0.889, False
2, 0, 1, 9, 30, 0, 5.89, 2.75, 0, 0.8, True
2, 1, 0, 0, 30, 0, 5.61, 5.61, 0, 0.646, True
2, 1, 0, 1, 30, 1, 3.08, 3.08, 1, 0.692, True
2, 1, 0, 2, 29, 0, 3.94, 3.94, 1, 0.639, False
2, 1, 0, 3, 30, 1, 3.18, 3.18, 1, 0.938, True
2, 1, 0, 4, 30, 1, 1.4, 1.4, 1, 0.8, True
2, 1, 0, 5, 29, 0, 2.8, 2.8, 0, 0.572, True
2, 1, 0, 6, 29, 1, 3.26, 3.26, 1, 0.691, True
2, 1, 0, 7, 28, 1, 3.09, 3.09, 1, 0.646, True
2, 1, 0, 8, 28, 0, 0.13, 0.13, 0, 0.645, True
2, 1, 0, 9, 27, 1, 5.12, 5.12, 1, 0.63, True
2, 2, 0, 0, 7, 0, 1.52, 1.52, 0, 0.799, True
2, 2, 0, 1, 7, 0, 6.03, 6.03, 0, 0.569, True
2, 2, 0, 2, 6, 0, 1.17, 1.17, 1, 0.477, False
2, 2, 0, 3, 7, 1, 3.96, 3.96, 1, 0.533, True
2, 2, 0, 4, 7, 0, 5.61, 5.61, 0, 0.635, True
2, 2, 0, 5, 6, 0, 1.81, 1.81, 1, 0.711, False
2, 2, 0, 6, 7, 0, 4.53, 4.53, 0, 0.774, True
2, 2, 0, 7, 7, 0, 0.95, 0.95, 1, 0.421, False
2, 2, 0, 8, 8, 0, 0.66, 0.66, 1, 0.579, False
2, 2, 0, 9, 9, 0, 2.88, 2.88, 0, 0.542, True
2, 2, 0, 10, 9, 1, 0.24, 0.24, 1, 0.499, True
2, 2, 0, 11, 8, 0, 1.75, 1.75, 0, 0.641, True
2, 2, 0, 12, 8, 1, 1.85, 1.85, 1, 0.482, True
2, 2, 0, 13, 7, 1, 4.21, 4.21, 1, 0.522, True
2, 2, 0, 14, 7, 0, 1.12, 1.12, 0, 0.632, True
2, 2, 0, 15, 6, 0, 2.74, 2.74, 0, 0.465, True
2, 2, 0, 16, 6, 0, 5.09, 5.09, 0, 0.561, True
2, 2, 0, 17, 5, 1, 0.79, 0.79, 1, 0.36, True
2, 2, 0, 18, 5, 0, 2.21, 2.21, 1, 0.558, False
2, 2, 0, 19, 6, 1, 2.08, 2.08, 0, 0.72, False
2, 2, 0, 20, 7, 0, 6.0, 6.0, 0, 0.726, True
2, 2, 0, 21, 7, 0, 6.21, 6.21, 1, 0.708, False
2, 2, 0, 22, 8, 1, 0.88, 0.88, 1, 0.642, True
2, 2, 0, 23, 8, 1, 2.82, 2.82, 1, 0.531, True
2, 2, 0, 24, 7, 1, 2.93, 2.93, 1, 0.584, True
2, 2, 0, 25, 7, 0, 1.73, 1.73, 0, 0.539, True
2, 2, 0, 26, 6, 0, 3.82, 3.82, 1, 0.52, False
2, 2, 0, 27, 7, 0, 5.26, 5.26, 0, 0.486, True
2, 2, 0, 28, 7, 0, 3.32, 3.32, 0, 0.614, True
2, 2, 0, 29, 6, 1, 4.07, 4.07, 1, 0.638, True
2, 2, 0, 30, 6, 1, 3.96, 3.96, 1, 0.557, True
2, 2, 0, 31, 5, 1, 1.97, 1.97, 0, 0.482, False
2, 2, 0, 32, 6, 0, 2.82, 2.82, 0, 0.777, True
2, 2, 0, 33, 6, 0, 0.11, 0.11, 0, 0.565, True
2, 2, 0, 34, 5, 1, 3.68, 3.68, 1, 0.601, True
2, 2, 0, 35, 5, 0, 4.03, 4.03, 1, 0.66, False
2, 2, 0, 36, 6, 0, 5.36, 5.36, 0, 0.724, True
2, 2, 0, 37, 6, 1, 1.71, 1.71, 0, 0.666, False
2, 2, 0, 38, 7, 0, 5.8, 5.8, 0, 0.65, True
2, 2, 0, 39, 7, 1, 5.99, 5.99, 1, 0.387, True
2, 2, 0, 40, 6, 1, 2.27, 2.27, 1, 0.534, True
2, 2, 0, 41, 6, 1, 3.06, 3.06, 1, 0.531, True
2, 2, 0, 42, 5, 1, 5.64, 5.64, 1, 0.552, True
2, 2, 0, 43, 5, 0, 1.19, 1.19, 0, 0.629, True
2, 2, 0, 44, 4, 1, 4.22, 4.22, 1, 0.823, True
2, 2, 0, 45, 4, 1, 3.25, 3.25, 1, 0.601, True
2, 2, 0, 46, 3, 1, 2.44, 2.44, 1, 0.563, True
2, 2, 0, 47, 3, 0, 2.71, 2.71, 0, 0.495, True
2, 2, 0, 48, 2, 1, 3.19, 3.19, 0, 0.742, False
2, 2, 0, 49, 3, 1, 1.98, 1.98, 1, 0.627, True
2, 3, 1, 0, 13, 1, 1.8, 4.94, 1, 0.959, True
2, 3, 1, 1, 13, 1, 1.97, 5.12, 0, 0.531, False
2, 3, 1, 2, 14, 1, 3.76, 0.62, 0, 0.801, False
2, 3, 1, 3, 15, 1, 1.4, 4.54, 1, 0.694, True
2, 3, 1, 4, 15, 1, 5.36, 2.22, 1, 0.674, True
2, 3, 1, 5, 14, 1, 2.27, 5.41, 1, 0.704, True
2, 3, 1, 6, 14, 1, 6.09, 2.95, 0, 0.702, False
2, 3, 1, 7, 15, 1, 0.8, 3.94, 1, 0.548, True
2, 3, 1, 8, 15, 1, 4.04, 0.9, 0, 0.617, False
2, 3, 1, 9, 16, 0, 3.59, 0.44, 1, 0.435, False
2, 3, 1, 10, 17, 0, 4.57, 1.43, 1, 0.765, False
2, 3, 1, 11, 18, 0, 2.45, 5.59, 0, 0.553, True
2, 3, 1, 12, 18, 0, 2.83, 5.97, 0, 0.638, True
2, 3, 1, 13, 17, 1, 4.24, 1.1, 1, 0.576, True
2, 3, 1, 14, 17, 1, 5.15, 2.01, 0, 0.62, False
2, 3, 1, 15, 18, 1, 3.03, 6.17, 1, 0.582, True
2, 3, 1, 16, 18, 1, 4.76, 1.62, 0, 0.577, False
2, 3, 1, 17, 19, 1, 4.17, 1.03, 1, 0.378, True
2, 3, 1, 18, 19, 1, 4.26, 1.12, 1, 0.71, True
2, 3, 1, 19, 18, 1, 5.8, 2.66, 0, 0.404, False
2, 3, 1, 20, 19, 1, 0.8, 3.94, 1, 0.615, True
2, 3, 1, 21, 19, 0, 1.5, 4.65, 1, 0.433, False
2, 3, 1, 22, 20, 1, 4.79, 1.65, 0, 0.402, False
2, 3, 1, 23, 21, 0, 2.13, 5.27, 0, 0.453, True
2, 3, 1, 24, 21, 0, 4.45, 1.31, 1, 0.469, False
2, 3, 1, 25, 22, 0, 4.23, 1.09, 1, 0.677, False
2, 3, 1, 26, 23, 1, 6.19, 3.05, 0, 0.517, False
2, 3, 1, 27, 24, 1, 1.75, 4.89, 1, 0.387, True
2, 3, 1, 28, 24, 0, 5.7, 2.56, 0, 0.662, True
2, 3, 1, 29, 23, 1, 1.99, 5.14, 1, 0.742, True
2, 3, 1, 30, 23, 0, 2.35, 5.49, 0, 0.563, True
2, 3, 1, 31, 22, 1, 0.77, 3.91, 1, 0.591, True
2, 3, 1, 32, 22, 0, 4.66, 1.51, 1, 0.737, False
2, 3, 1, 33, 23, 1, 3.18, 0.04, 0, 0.646, False
2, 3, 1, 34, 24, 1, 1.02, 4.16, 1, 0.895, True
2, 3, 1, 35, 24, 0, 0.51, 3.66, 0, 0.662, True
2, 3, 1, 36, 23, 0, 6.13, 2.99, 0, 0.565, True
2, 3, 1, 37, 23, 0, 4.48, 1.34, 0, 0.745, True
2, 3, 1, 38, 22, 0, 3.17, 0.03, 0, 0.678, True
2, 3, 1, 39, 22, 0, 0.49, 3.63, 0, 0.629, True
2, 3, 1, 40, 21, 0, 2.36, 5.5, 0, 0.647, True
2, 3, 1, 41, 21, 0, 3.73, 0.59, 0, 0.399, True
2, 3, 1, 42, 20, 0, 2.04, 5.18, 0, 0.457, True
2, 3, 1, 43, 20, 1, 5.17, 2.03, 0, 1.945, False
2, 3, 1, 44, 21, 1, 6.03, 2.88, 1, 0.55, True
2, 3, 1, 45, 21, 1, 2.4, 5.54, 1, 0.419, True
2, 3, 1, 46, 20, 1, 2.5, 5.64, 1, 0.485, True
2, 3, 1, 47, 20, 1, 4.62, 1.48, 0, 0.74, False
2, 3, 1, 48, 21, 1, 0.97, 4.12, 1, 0.745, True
2, 3, 1, 49, 21, 0, 2.5, 5.64, 0, 0.582, True
2, 4, 1, 0, 13, 1, 3.77, 0.63, 1, 0.668, True
2, 4, 1, 1, 13, 0, 2.86, 6.01, 0, 0.548, True
2, 4, 1, 2, 12, 1, 4.03, 0.89, 0, 0.553, False
2, 4, 1, 3, 13, 0, 0.53, 3.67, 1, 0.459, False
2, 4, 1, 4, 14, 0, 3.34, 0.2, 0, 0.555, True
2, 4, 1, 5, 14, 1, 0.29, 3.43, 0, 0.672, False
2, 4, 1, 6, 15, 1, 3.09, 6.23, 1, 0.407, True
2, 4, 1, 7, 15, 1, 3.99, 0.85, 0, 0.442, False
2, 4, 1, 8, 16, 1, 1.09, 4.23, 0, 0.579, False
2, 4, 1, 9, 17, 1, 4.08, 0.94, 1, 0.535, True
2, 4, 1, 10, 17, 1, 2.86, 6.0, 1, 0.564, True
2, 4, 1, 11, 16, 1, 1.17, 4.31, 1, 0.632, True
2, 4, 1, 12, 16, 0, 6.09, 2.95, 0, 0.375, True
2, 4, 1, 13, 15, 0, 0.29, 3.43, 1, 0.53, False
2, 4, 1, 14, 16, 1, 4.5, 1.36, 1, 0.56, True
2, 4, 1, 15, 16, 0, 0.32, 3.46, 0, 0.562, True
2, 4, 1, 16, 15, 0, 5.0, 1.86, 0, 0.629, True
2, 4, 1, 17, 15, 1, 3.19, 0.05, 1, 0.487, True
2, 4, 1, 18, 14, 0, 4.89, 1.75, 1, 0.63, False
2, 4, 1, 19, 15, 0, 5.37, 2.23, 0, 0.44, True
2, 4, 1, 20, 15, 0, 3.7, 0.56, 1, 0.577, False
2, 4, 1, 21, 16, 1, 4.58, 1.44, 1, 0.516, True
2, 4, 1, 22, 16, 0, 3.76, 0.61, 0, 0.434, True
2, 4, 1, 23, 15, 1, 2.94, 6.08, 1, 0.691, True
2, 4, 1, 24, 15, 1, 2.55, 5.69, 1, 0.642, True
2, 4, 1, 25, 14, 1, 2.82, 5.96, 1, 0.515, True
2, 4, 1, 26, 14, 0, 5.69, 2.55, 0, 0.505, True
2, 4, 1, 27, 13, 0, 3.75, 0.61, 1, 0.581, False
2, 4, 1, 28, 14, 1, 0.72, 3.86, 1, 0.544, True
2, 4, 1, 29, 14, 1, 1.26, 4.4, 0, 0.437, False
2, 4, 1, 30, 15, 0, 0.7, 3.84, 1, 0.566, False
2, 4, 1, 31, 16, 1, 4.35, 1.21, 1, 0.61, True
2, 4, 1, 32, 16, 1, 3.19, 0.05, 1, 0.612, True
2, 4, 1, 33, 15, 0, 3.81, 0.67, 0, 0.582, True
2, 4, 1, 34, 15, 1, 2.91, 6.05, 1, 0.466, True
2, 4, 1, 35, 14, 1, 0.47, 3.61, 1, 0.666, True
2, 4, 1, 36, 14, 1, 3.24, 0.1, 1, 0.658, True
2, 4, 1, 37, 13, 1, 5.95, 2.81, 1, 0.53, True
2, 4, 1, 38, 13, 1, 2.25, 5.39, 1, 0.557, True
2, 4, 1, 39, 12, 0, 4.3, 1.16, 1, 0.63, False
2, 4, 1, 40, 13, 0, 1.6, 4.75, 1, 0.711, False
2, 4, 1, 41, 14, 0, 2.49, 5.63, 0, 0.534, True
2, 4, 1, 42, 14, 1, 0.33, 3.47, 1, 0.739, True
2, 4, 1, 43, 13, 0, 3.59, 0.45, 0, 0.872, True
2, 4, 1, 44, 13, 1, 1.22, 4.36, 1, 0.616, True
2, 4, 1, 45, 12, 0, 4.41, 1.26, 0, 0.69, True
2, 4, 1, 46, 12, 0, 1.53, 4.67, 0, 0.593, True
2, 4, 1, 47, 11, 0, 1.65, 4.79, 0, 0.5, True
2, 4, 1, 48, 11, 1, 0.23, 3.37, 0, 2.658, False
2, 4, 1, 49, 12, 0, 3.98, 0.84, 0, 0.73, True
2, 5, 0, 0, 7, 1, 2.47, 2.47, 1, 0.639, True
2, 5, 0, 1, 7, 0, 1.26, 1.26, 0, 0.592, True
2, 5, 0, 2, 6, 0, 1.63, 1.63, 1, 0.627, False
2, 5, 0, 3, 7, 1, 1.25, 1.25, 1, 0.605, True
2, 5, 0, 4, 7, 1, 6.23, 6.23, 0, 0.888, False
2, 5, 0, 5, 8, 0, 2.19, 2.19, 0, 0.863, True
2, 5, 0, 6, 8, 0, 2.31, 2.31, 0, 0.512, True
2, 5, 0, 7, 7, 1, 4.96, 4.96, 1, 0.486, True
2, 5, 0, 8, 7, 1, 4.88, 4.88, 0, 0.526, False
2, 5, 0, 9, 8, 1, 4.59, 4.59, 1, 0.579, True
2, 5, 0, 10, 8, 1, 6.04, 6.04, 1, 0.478, True
2, 5, 0, 11, 7, 0, 2.54, 2.54, 0, 0.806, True
2, 5, 0, 12, 7, 1, 3.53, 3.53, 1, 0.553, True
2, 5, 0, 13, 6, 1, 2.49, 2.49, 0, 0.597, False
2, 5, 0, 14, 7, 0, 1.46, 1.46, 1, 0.569, False
2, 5, 0, 15, 8, 1, 5.46, 5.46, 0, 0.701, False
2, 5, 0, 16, 9, 0, 1.66, 1.66, 0, 0.884, True
2, 5, 0, 17, 9, 1, 2.74, 2.74, 1, 0.611, True
2, 5, 0, 18, 8, 0, 5.2, 5.2, 0, 0.677, True
2, 5, 0, 19, 8, 0, 0.16, 0.16, 1, 0.901, False
2, 5, 0, 20, 9, 0, 4.81, 4.81, 0, 0.707, True
2, 5, 0, 21, 9, 1, 6.18, 6.18, 1, 0.49, True
2, 5, 0, 22, 8, 0, 4.47, 4.47, 0, 0.609, True
2, 5, 0, 23, 8, 1, 2.33, 2.33, 1, 0.538, True
2, 5, 0, 24, 7, 1, 0.46, 0.46, 1, 0.597, True
2, 5, 0, 25, 7, 1, 1.79, 1.79, 1, 0.678, True
2, 5, 0, 26, 6, 0, 5.44, 5.44, 0, 0.425, True
2, 5, 0, 27, 6, 0, 1.1, 1.1, 0, 0.635, True
2, 5, 0, 28, 5, 0, 6.05, 6.05, 0, 0.388, True
2, 5, 0, 29, 5, 1, 5.13, 5.13, 0, 2.719, False
2, 5, 0, 30, 6, 0, 5.04, 5.04, 0, 0.428, True
2, 5, 0, 31, 6, 1, 4.3, 4.3, 1, 0.47, True
2, 5, 0, 32, 5, 0, 4.94, 4.94, 0, 0.406, True
2, 5, 0, 33, 5, 0, 5.98, 5.98, 0, 0.512, True
2, 5, 0, 34, 4, 0, 1.45, 1.45, 0, 0.414, True
2, 5, 0, 35, 4, 1, 3.01, 3.01, 0, 0.431, False
2, 5, 0, 36, 5, 0, 2.59, 2.59, 0, 0.254, True
2, 5, 0, 37, 5, 0, 2.04, 2.04, 1, 0.476, False
2, 5, 0, 38, 6, 0, 0.57, 0.57, 0, 0.433, True
2, 5, 0, 39, 6, 0, 3.71, 3.71, 0, 0.298, True
2, 5, 0, 40, 5, 1, 2.53, 2.53, 0, 0.393, False
2, 5, 0, 41, 6, 0, 1.01, 1.01, 1, 0.228, False
2, 5, 0, 42, 7, 1, 4.4, 4.4, 0, 0.358, False
2, 5, 0, 43, 8, 1, 1.56, 1.56, 1, 0.514, True
2, 5, 0, 44, 8, 1, 3.95, 3.95, 1, 0.416, True
2, 5, 0, 45, 7, 0, 1.02, 1.02, 0, 0.481, True
2, 5, 0, 46, 7, 0, 3.64, 3.64, 0, 0.313, True
2, 5, 0, 47, 6, 1, 2.79, 2.79, 1, 0.502, True
2, 5, 0, 48, 6, 1, 5.38, 5.38, 0, 0.403, False
2, 5, 0, 49, 7, 0, 1.97, 1.97, 0, 0.308, True
2, 6, 0, 0, 7, 1, 0.11, 0.11, 1, 0.629, True
2, 6, 0, 1, 7, 1, 1.19, 1.19, 1, 0.503, True
2, 6, 0, 2, 6, 1, 2.86, 2.86, 1, 0.437, True
2, 6, 0, 3, 6, 1, 4.19, 4.19, 1, 0.382, True
2, 6, 0, 4, 5, 0, 2.44, 2.44, 0, 0.497, True
2, 6, 0, 5, 5, 0, 6.05, 6.05, 0, 0.504, True
2, 6, 0, 6, 4, 1, 3.96, 3.96, 0, 0.423, False
2, 6, 0, 7, 5, 1, 4.98, 4.98, 1, 0.359, True
2, 6, 0, 8, 5, 0, 0.36, 0.36, 1, 0.516, False
2, 6, 0, 9, 6, 0, 0.03, 0.03, 0, 0.522, True
2, 6, 0, 10, 6, 1, 3.16, 3.16, 1, 0.496, True
2, 6, 0, 11, 5, 0, 1.99, 1.99, 0, 0.471, True
2, 6, 0, 12, 5, 1, 4.89, 4.89, 1, 0.239, True
2, 6, 0, 13, 4, 1, 6.07, 6.07, 1, 0.257, True
2, 6, 0, 14, 4, 1, 2.83, 2.83, 1, 0.465, True
2, 6, 0, 15, 3, 1, 1.76, 1.76, 0, 0.313, False
2, 6, 0, 16, 4, 0, 5.27, 5.27, 0, 0.264, True
2, 6, 0, 17, 4, 1, 6.07, 6.07, 1, 0.512, True
2, 6, 0, 18, 3, 0, 5.22, 5.22, 0, 0.342, True
2, 6, 0, 19, 3, 0, 1.38, 1.38, 0, 0.211, True
2, 6, 0, 20, 2, 0, 5.37, 5.37, 1, 0.197, False
2, 6, 0, 21, 3, 0, 2.11, 2.11, 1, 0.216, False
2, 6, 0, 22, 4, 0, 4.47, 4.47, 0, 0.117, True
2, 6, 0, 23, 4, 0, 0.15, 0.15, 1, 0.192, False
2, 6, 0, 24, 5, 0, 5.72, 5.72, 0, 0.369, True
2, 6, 0, 25, 5, 0, 2.06, 2.06, 1, 0.229, False
2, 6, 0, 26, 6, 0, 1.29, 1.29, 0, 0.201, True
2, 6, 0, 27, 6, 0, 2.13, 2.13, 0, 0.352, True
2, 6, 0, 28, 5, 0, 1.67, 1.67, 0, 0.229, True
2, 6, 0, 29, 5, 0, 3.67, 3.67, 1, 0.679, False
2, 6, 0, 30, 6, 0, 4.9, 4.9, 0, 0.366, True
2, 6, 0, 31, 6, 1, 2.55, 2.55, 1, 0.546, True
2, 6, 0, 32, 5, 0, 0.84, 0.84, 0, 0.439, True
2, 6, 0, 33, 5, 0, 0.01, 0.01, 0, 0.256, True
2, 6, 0, 34, 4, 1, 4.07, 4.07, 0, 0.262, False
2, 6, 0, 35, 5, 1, 5.4, 5.4, 0, 0.364, False
2, 6, 0, 36, 6, 1, 1.04, 1.04, 1, 0.159, True
2, 6, 0, 37, 6, 0, 3.65, 3.65, 0, 0.394, True
2, 6, 0, 38, 5, 1, 0.16, 0.16, 1, 0.54, True
2, 6, 0, 39, 5, 1, 3.44, 3.44, 1, 0.416, True
2, 6, 0, 40, 4, 0, 1.03, 1.03, 0, 0.434, True
2, 6, 0, 41, 4, 0, 2.22, 2.22, 0, 0.531, True
2, 6, 0, 42, 3, 1, 6.23, 6.23, 1, 0.385, True
2, 6, 0, 43, 3, 1, 5.22, 5.22, 1, 0.468, True
2, 6, 0, 44, 2, 1, 5.38, 5.38, 0, 0.26, False
2, 6, 0, 45, 3, 0, 0.17, 0.17, 0, 0.332, True
2, 6, 0, 46, 3, 1, 2.66, 2.66, 1, 0.359, True
2, 6, 0, 47, 2, 1, 1.57, 1.57, 0, 0.37, False
2, 6, 0, 48, 3, 1, 5.32, 5.32, 1, 0.244, True
2, 6, 0, 49, 3, 1, 1.36, 1.36, 0, 0.469, False
2, 7, 1, 0, 13, 1, 0.98, 4.12, 1, 0.62, True
2, 7, 1, 1, 13, 0, 1.11, 4.25, 0, 0.582, True
2, 7, 1, 2, 12, 1, 0.66, 3.8, 1, 0.593, True
2, 7, 1, 3, 12, 1, 5.0, 1.85, 0, 0.741, False
2, 7, 1, 4, 13, 0, 1.57, 4.72, 1, 0.649, False
2, 7, 1, 5, 14, 1, 0.94, 4.08, 1, 0.586, True
2, 7, 1, 6, 14, 1, 4.9, 1.76, 1, 0.55, True
2, 7, 1, 7, 13, 1, 4.15, 1.01, 1, 0.434, True
2, 7, 1, 8, 13, 1, 6.01, 2.87, 1, 0.49, True
2, 7, 1, 9, 12, 0, 3.51, 0.37, 0, 0.511, True
2, 7, 1, 10, 12, 1, 0.25, 3.39, 1, 0.628, True
2, 7, 1, 11, 11, 1, 3.05, 6.19, 0, 0.494, False
2, 7, 1, 12, 12, 1, 5.28, 2.14, 1, 0.332, True
2, 7, 1, 13, 12, 0, 3.06, 6.2, 1, 0.578, False
2, 7, 1, 14, 13, 0, 1.98, 5.12, 1, 0.453, False
2, 7, 1, 15, 14, 1, 5.54, 2.4, 0, 0.438, False
2, 7, 1, 16, 15, 1, 5.23, 2.09, 1, 0.303, True
2, 7, 1, 17, 15, 1, 1.43, 4.57, 1, 0.405, True
2, 7, 1, 18, 14, 0, 4.13, 0.99, 1, 0.408, False
2, 7, 1, 19, 15, 0, 0.8, 3.94, 0, 0.443, True
2, 7, 1, 20, 15, 0, 4.5, 1.36, 1, 0.394, False
2, 7, 1, 21, 16, 1, 1.04, 4.18, 1, 0.387, True
2, 7, 1, 22, 16, 1, 5.7, 2.55, 1, 0.436, True
2, 7, 1, 23, 15, 0, 3.55, 0.41, 0, 0.348, True
2, 7, 1, 24, 15, 0, 1.29, 4.43, 1, 0.457, False
2, 7, 1, 25, 16, 1, 1.52, 4.66, 0, 0.425, False
2, 7, 1, 26, 17, 1, 4.18, 1.04, 0, 0.483, False
2, 7, 1, 27, 18, 0, 1.31, 4.45, 1, 0.393, False
2, 7, 1, 28, 19, 1, 0.93, 4.07, 1, 0.491, True
2, 7, 1, 29, 19, 0, 3.81, 0.67, 1, 0.69, False
2, 7, 1, 30, 20, 0, 5.82, 2.68, 0, 0.449, True
2, 7, 1, 31, 20, 1, 3.22, 0.08, 1, 0.482, True
2, 7, 1, 32, 19, 1, 1.34, 4.49, 1, 0.457, True
2, 7, 1, 33, 19, 0, 2.42, 5.56, 0, 0.586, True
2, 7, 1, 34, 18, 1, 0.63, 3.78, 1, 0.549, True
2, 7, 1, 35, 18, 0, 5.11, 1.97, 0, 0.624, True
2, 7, 1, 36, 17, 0, 4.99, 1.85, 0, 0.57, True
2, 7, 1, 37, 17, 0, 0.09, 3.23, 1, 0.446, False
2, 7, 1, 38, 18, 1, 0.38, 3.53, 1, 0.583, True
2, 7, 1, 39, 18, 0, 4.09, 0.95, 1, 0.562, False
2, 7, 1, 40, 19, 0, 1.75, 4.89, 0, 0.55, True
2, 7, 1, 41, 19, 1, 3.19, 0.05, 1, 0.627, True
2, 7, 1, 42, 18, 0, 4.36, 1.22, 0, 0.581, True
2, 7, 1, 43, 18, 0, 4.53, 1.39, 0, 0.552, True
2, 7, 1, 44, 17, 1, 4.53, 1.39, 0, 0.612, False
2, 7, 1, 45, 18, 0, 4.86, 1.72, 0, 0.494, True
2, 7, 1, 46, 18, 1, 4.95, 1.81, 1, 0.349, True
2, 7, 1, 47, 17, 0, 3.87, 0.73, 0, 0.465, True
2, 7, 1, 48, 17, 0, 3.1, 6.24, 1, 0.475, False
2, 7, 1, 49, 18, 1, 5.89, 2.75, 1, 0.516, True
