1, 0, 1, 0, 30, 1, 0.22, 3.37, 1, 0.88, True
1, 0, 1, 1, 30, 0, 2.22, 5.36, 0, 0.687, True
1, 0, 1, 2, 29, 0, 4.4, 1.26, 0, 0.815, True
1, 0, 1, 3, 29, 0, 5.77, 2.63, 0, 0.69, True
1, 0, 1, 4, 28, 0, 1.76, 4.9, 0, 1.059, True
1, 0, 1, 5, 28, 0, 4.63, 1.49, 0, 0.815, True
1, 0, 1, 6, 27, 0, 2.02, 5.16, 0, 1.079, True
1, 0, 1, 7, 27, 1, 2.48, 5.62, 0, 0.759, False
1, 0, 1, 8, 28, 1, 1.19, 4.33, 0, 0.683, False
1, 0, 1, 9, 29, 0, 1.07, 4.22, 1, 1.123, False
1, 1, 0, 0, 30, 1, 4.63, 4.63, 1, 0.725, True
1, 1, 0, 1, 30, 1, 4.46, 4.46, 1, 0.56, True
1, 1, 0, 2, 29, 1, 2.71, 2.71, 1, 0.509, True
1, 1, 0, 3, 29, 0, 1.06, 1.06, 0, 0.541, True
1, 1, 0, 4, 28, 1, 4.53, 4.53, 1, 0.63, True
1, 1, 0, 5, 28, 0, 4.13, 4.13, 0, 0.461, True
1, 1, 0, 6, 27, 0, 1.66, 1.66, 0, 0.509, True
1, 1, 0, 7, 27, 1, 0.48, 0.48, 1, 0.556, True
1, 1, 0, 8, 26, 0, 2.47, 2.47, 0, 0.409, True
1, 1, 0, 9, 26, 1, 6.0, 6.0, 1, 0.375, True
1, 2, 0, 0, 7, 1, 6.12, 6.12, 1, 0.587, True
1, 2, 0, 1, 7, 0, 1.26, 1.26, 0, 0.614, True
1, 2, 0, 2, 6, 1, 3.37, 3.37, 0, 0.816, False
1, 2, 0, 3, 7, 1, 3.87, 3.87, 1, 0.63, True
1, 2, 0, 4, 7, 0, 0.18, 0.18, 0, 0.624, True
1, 2, 0, 5, 6, 1, 4.36, 4.36, 1, 0.499, True
1, 2, 0, 6, 6, 1, 2.78, 2.78, 0, 0.602, False
1, 2, 0, 7, 7, 1, 1.24, 1.24, 1, 0.68, True
1, 2, 0, 8, 7, 1, 1.64, 1.64, 1, 0.621, True
1, 2, 0, 9, 6, 1, 5.76, 5.76, 1, 0.525, True
1, 2, 0, 10, 6, 0, 3.97, 3.97, 0, 0.587, True
1, 2, 0, 11, 5, 1, 1.75, 1.75, 0, 0.598, False
1, 2, 0, 12, 6, 1, 5.67, 5.67, 1, 0.513, True
1, 2, 0, 13, 6, 1, 3.81, 3.81, 0, 0.519, False
1, 2, 0, 14, 7, 1, 3.76, 3.76, 1, 0.453, True
1, 2, 0, 15, 7, 1, 3.26, 3.26, 1, 0.598, True
1, 2, 0, 16, 6, 1, 3.18, 3.18, 1, 0.552, True
1, 2, 0, 17, 6, 1, 5.94, 5.94, 1, 0.441, True
1, 2, 0, 18, 5, 1, 3.16, 3.16, 1, 0.43, True
1, 2, 0, 19, 5, 0, 4.79, 4.79, 1, 0.615, False
1, 2, 0, 20, 6, 0, 4.83, 4.83, 1, 0.602, False
1, 2, 0, 21, 7, 0, 4.27, 4.27, 0, 1.06, True
1, 2, 0, 22, 7, 1, 0.81, 0.81, 1, 0.724, True
1, 2, 0, 23, 6, 1, 2.28, 2.28, 0, 0.722, False
1, 2, 0, 24, 7, 0, 1.89, 1.89, 0, 0.632, True
1, 2, 0, 25, 7, 1, 1.95, 1.95, 1, 0.666, True
1, 2, 0, 26, 6, 0, 2.39, 2.39, 1, 1.066, False
1, 2, 0, 27, 7, 1, 6.02, 6.02, 1, 0.57, True
1, 2, 0, 28, 7, 0, 3.73, 3.73, 0, 0.501, True
1, 2, 0, 29, 6, 1, 2.87, 2.87, 1, 0.639, True
1, 2, 0, 30, 6, 0, 5.06, 5.06, 1, 0.832, False
1, 2, 0, 31, 7, 0, 1.58, 1.58, 0, 0.625, True
1, 2, 0, 32, 7, 1, 1.53, 1.53, 0, 0.572, False
1, 2, 0, 33, 8, 1, 0.78, 0.78, 1, 0.615, True
1, 2, 0, 34, 8, 0, 5.89, 5.89, 0, 0.586, True
1, 2, 0, 35, 7, 0, 1.49, 1.49, 0, 0.613, True
1, 2, 0, 36, 7, 0, 6.06, 6.06, 0, 0.535, True
1, 2, 0, 37, 6, 0, 1.25, 1.25, 0, 1.005, True
1, 2, 0, 38, 6, 1, 0.09, 0.09, 1, 0.471, True
1, 2, 0, 39, 5, 0, 1.2, 1.2, 0, 0.591, True
1, 2, 0, 40, 5, 0, 1.35, 1.35, 0, 0.57, True
1, 2, 0, 41, 4, 0, 3.78, 3.78, 0, 0.87, True
1, 2, 0, 42, 4, 0, 5.95, 5.95, 0, 0.63, True
1, 2, 0, 43, 3, 1, 6.22, 6.22, 0, 0.455, False
1, 2, 0, 44, 4, 1, 2.16, 2.16, 1, 0.552, True
1, 2, 0, 45, 4, 0, 2.63, 2.63, 0, 0.548, True
1, 2, 0, 46, 3, 0, 5.12, 5.12, 0, 0.529, True
1, 2, 0, 47, 3, 1, 2.69, 2.69, 1, 0.471, True
1, 2, 0, 48, 2, 0, 0.45, 0.45, 0, 0.551, True
1, 2, 0, 49, 2, 1, 3.76, 3.76, 0, 0.595, False
1, 3, 1, 0, 13, 1, 0.92, 4.07, 0, 0.902, False
1, 3, 1, 1, 14, 0, 1.67, 4.81, 0, 1.056, True
1, 3, 1, 2, 14, 0, 5.39, 2.25, 0, 0.88, True
1, 3, 1, 3, 13, 0, 2.68, 5.82, 1, 0.808, False
1, 3, 1, 4, 14, 0, 3.29, 0.15, 0, 0.787, True
1, 3, 1, 5, 14, 0, 5.03, 1.89, 0, 1.125, True
1, 3, 1, 6, 13, 0, 4.27, 1.12, 1, 0.979, False
1, 3, 1, 7, 14, 0, 0.83, 3.97, 0, 0.726, True
1, 3, 1, 8, 14, 0, 4.02, 0.88, 0, 0.716, True
1, 3, 1, 9, 13, 0, 5.38, 2.24, 1, 1.026, False
1, 3, 1, 10, 14, 1, 2.48, 5.62, 0, 0.732, False
1, 3, 1, 11, 15, 0, 3.42, 0.28, 1, 0.802, False
1, 3, 1, 12, 16, 1, 6.2, 3.06, 1, 0.708, True
1, 3, 1, 13, 16, 0, 3.9, 0.76, 0, 0.644, True
1, 3, 1, 14, 15, 0, 3.74, 0.6, 0, 0.593, True
1, 3, 1, 15, 15, 1, 4.45, 1.31, 0, 0.667, False
1, 3, 1, 16, 16, 1, 1.05, 4.19, 1, 0.891, True
1, 3, 1, 17, 16, 0, 4.95, 1.81, 0, 0.527, True
1, 3, 1, 18, 15, 1, 5.64, 2.5, 0, 0.643, False
1, 3, 1, 19, 16, 0, 3.03, 6.17, 1, 0.85, False
1, 3, 1, 20, 17, 1, 4.4, 1.26, 1, 0.736, True
1, 3, 1, 21, 17, 1, 2.91, 6.05, 1, 0.635, True
1, 3, 1, 22, 16, 1, 6.26, 3.12, 0, 0.849, False
1, 3, 1, 23, 17, 1, 5.93, 2.79, 0, 0.992, False
1, 3, 1, 24, 18, 1, 6.06, 2.92, 1, 0.577, True
1, 3, 1, 25, 18, 0, 1.56, 4.7, 0, 0.642, True
1, 3, 1, 26, 17, 1, 5.17, 2.03, 1, 0.754, True
1, 3, 1, 27, 17, 0, 4.99, 1.85, 1, 0.678, False
1, 3, 1, 28, 18, 1, 1.49, 4.63, 0, 0.797, False
1, 3, 1, 29, 19, 1, 1.04, 4.18, 0, 0.718, False
1, 3, 1, 30, 20, 1, 1.92, 5.06, 1, 0.699, True
1, 3, 1, 31, 20, 1, 1.8, 4.94, 1, 0.567, True
1, 3, 1, 32, 19, 1, 0.16, 3.3, 1, 0.658, True
1, 3, 1, 33, 19, 0, 3.81, 0.67, 0, 0.848, True
1, 3, 1, 34, 18, 0, 1.24, 4.39, 0, 0.631, True
1, 3, 1, 35, 18, 1, 2.7, 5.84, 1, 0.517, True
1, 3, 1, 36, 17, 1, 2.5, 5.64, 1, 0.514, True
1, 3, 1, 37, 17, 1, 3.17, 0.03, 1, 0.518, True
1, 3, 1, 38, 16, 0, 1.26, 4.4, 1, 0.746, False
1, 3, 1, 39, 17, 0, 0.8, 3.94, 0, 0.599, True
1, 3, 1, 40, 17, 0, 4.01, 0.87, 0, 0.721, True
1, 3, 1, 41, 16, 0, 4.92, 1.77, 0, 0.99, True
1, 3, 1, 42, 16, 0, 2.79, 5.93, 0, 0.639, True
1, 3, 1, 43, 15, 0, 3.38, 0.24, 0, 0.598, True
1, 3, 1, 44, 15, 1, 4.52, 1.38, 1, 0.831, True
1, 3, 1, 45, 14, 0, 2.95, 6.09, 0, 0.726, True
1, 3, 1, 46, 14, 0, 4.99, 1.85, 0, 0.49, True
1, 3, 1, 47, 13, 1, 4.52, 1.38, 1, 0.967, True
1, 3, 1, 48, 13, 1, 5.55, 2.41, 0, 0.673, False
1, 3, 1, 49, 14, 0, 2.75, 5.89, 0, 0.615, True
1, 4, 1, 0, 13, 1, 2.06, 5.2, 0, 0.705, False
1, 4, 1, 1, 14, 1, 0.21, 3.35, 1, 0.856, True
1, 4, 1, 2, 14, 1, 2.4, 5.54, 0, 0.616, False
1, 4, 1, 3, 15, 0, 5.51, 2.37, 0, 0.681, True
1, 4, 1, 4, 15, 0, 0.59, 3.73, 0, 0.639, True
1, 4, 1, 5, 14, 0, 4.68, 1.54, 0, 0.806, True
1, 4, 1, 6, 14, 0, 4.3, 1.16, 0, 0.703, True
1, 4, 1, 7, 13, 1, 4.73, 1.59, 1, 0.755, True
1, 4, 1, 8, 13, 1, 3.61, 0.47, 0, 0.653, False
1, 4, 1, 9, 14, 0, 6.14, 3.0, 0, 0.651, True
1, 4, 1, 10, 14, 1, 5.28, 2.14, 1, 0.658, True
1, 4, 1, 11, 13, 0, 3.47, 0.33, 0, 0.672, True
1, 4, 1, 12, 13, 1, 2.73, 5.87, 0, 0.647, False
1, 4, 1, 13, 14, 1, 0.34, 3.48, 0, 1.088, False
1, 4, 1, 14, 15, 1, 1.8, 4.94, 1, 1.023, True
1, 4, 1, 15, 15, 0, 0.51, 3.65, 0, 0.648, True
1, 4, 1, 16, 14, 1, 4.23, 1.09, 1, 0.791, True
1, 4, 1, 17, 14, 1, 2.98, 6.13, 1, 0.592, True
1, 4, 1, 18, 13, 1, 1.73, 4.88, 0, 0.689, False
1, 4, 1, 19, 14, 1, 5.04, 1.9, 1, 0.63, True
1, 4, 1, 20, 14, 0, 6.07, 2.93, 0, 0.621, True
1, 4, 1, 21, 13, 0, 0.05, 3.2, 0, 0.644, True
1, 4, 1, 22, 13, 0, 1.53, 4.67, 0, 0.963, True
1, 4, 1, 23, 12, 1, 2.43, 5.57, 1, 0.901, True
1, 4, 1, 24, 12, 0, 2.39, 5.53, 1, 0.779, False
1, 4, 1, 25, 13, 0, 4.49, 1.35, 0, 0.615, True
1, 4, 1, 26, 13, 0, 4.12, 0.98, 0, 0.881, True
1, 4, 1, 27, 12, 1, 1.07, 4.21, 0, 0.936, False
1, 4, 1, 28, 13, 0, 2.03, 5.17, 1, 0.804, False
1, 4, 1, 29, 14, 1, 4.8, 1.66, 0, 0.828, False
1, 4, 1, 30, 15, 0, 2.02, 5.16, 0, 0.723, True
1, 4, 1, 31, 15, 1, 3.28, 0.14, 0, 0.767, False
1, 4, 1, 32, 16, 1, 2.07, 5.21, 1, 0.608, True
1, 4, 1, 33, 16, 1, 1.93, 5.07, 1, 0.528, True
1, 4, 1, 34, 15, 0, 3.97, 0.83, 1, 0.66, False
1, 4, 1, 35, 16, 0, 1.82, 4.96, 0, 0.643, True
1, 4, 1, 36, 16, 1, 4.52, 1.38, 0, 0.68, False
1, 4, 1, 37, 17, 1, 3.44, 0.29, 1, 0.535, True
1, 4, 1, 38, 17, 0, 0.04, 3.19, 0, 0.693, True
1, 4, 1, 39, 16, 1, 3.86, 0.72, 1, 0.692, True
1, 4, 1, 40, 16, 0, 5.89, 2.75, 0, 0.778, True
1, 4, 1, 41, 15, 1, 0.22, 3.36, 1, 0.772, True
1, 4, 1, 42, 15, 0, 5.86, 2.72, 0, 0.678, True
1, 4, 1, 43, 14, 1, 0.38, 3.53, 1, 1.075, True
1, 4, 1, 44, 14, 0, 3.34, 0.2, 0, 0.737, True
1, 4, 1, 45, 13, 0, 5.56, 2.41, 0, 0.548, True
1, 4, 1, 46, 13, 1, 4.58, 1.44, 1, 0.591, True
1, 4, 1, 47, 12, 0, 2.06, 5.2, 0, 0.656, True
1, 4, 1, 48, 12, 0, 3.73, 0.59, 0, 0.531, True
1, 4, 1, 49, 11, 1, 4.16, 1.02, 0, 0.617, False
1, 5, 0, 0, 7, 0, 5.16, 5.16, 0, 0.893, True
1, 5, 0, 1, 7, 0, 1.22, 1.22, 1, 0.844, False
1, 5, 0, 2, 8, 0, 3.4, 3.4, 0, 0.693, True
1, 5, 0, 3, 8, 1, 0.23, 0.23, 1, 0.475, True
1, 5, 0, 4, 7, 1, 0.44, 0.44, 1, 0.451, True
1, 5, 0, 5, 7, 0, 1.5, 1.5, 0, 0.451, True
1, 5, 0, 6, 6, 1, 0.67, 0.67, 1, 0.387, True
1, 5, 0, 7, 6, 0, 0.85, 0.85, 0, 0.476, True
1, 5, 0, 8, 5, 1, 1.99, 1.99, 1, 0.435, True
1, 5, 0, 9, 5, 1, 2.74, 2.74, 1, 0.514, True
1, 5, 0, 10, 4, 1, 5.49, 5.49, 1, 0.494, True
1, 5, 0, 11, 4, 1, 6.03, 6.03, 1, 0.458, True
1, 5, 0, 12, 3, 0, 1.79, 1.79, 0, 0.467, True
1, 5, 0, 13, 3, 1, 3.08, 3.08, 1, 0.515, True
1, 5, 0, 14, 2, 1, 6.18, 6.18, 1, 0.569, True
1, 5, 0, 15, 2, 0, 4.65, 4.65, 0, 0.572, True
1, 5, 0, 16, 1, 1, 4.29, 4.29, 0, 0.615, False
1, 5, 0, 17, 2, 1, 6.23, 6.23, 1, 0.607, True
1, 5, 0, 18, 2, 1, 3.1, 3.1, 0, 0.975, False
1, 5, 0, 19, 3, 0, 5.7, 5.7, 1, 0.625, False
1, 5, 0, 20, 4, 1, 4.44, 4.44, 0, 0.656, False
1, 5, 0, 21, 5, 1, 2.55, 2.55, 1, 0.527, True
1, 5, 0, 22, 5, 1, 1.53, 1.53, 1, 0.602, True
1, 5, 0, 23, 4, 1, 2.88, 2.88, 1, 0.608, True
1, 5, 0, 24, 4, 0, 5.82, 5.82, 0, 0.666, True
1, 5, 0, 25, 3, 0, 1.21, 1.21, 1, 0.683, False
1, 5, 0, 26, 4, 0, 4.48, 4.48, 0, 0.642, True
1, 5, 0, 27, 4, 1, 5.55, 5.55, 1, 0.499, True
1, 5, 0, 28, 3, 0, 5.72, 5.72, 1, 0.505, False
1, 5, 0, 29, 4, 0, 1.79, 1.79, 1, 0.613, False
1, 5, 0, 30, 5, 0, 4.49, 4.49, 0, 0.725, True
1, 5, 0, 31, 5, 0, 5.68, 5.68, 1, 0.536, False
1, 5, 0, 32, 6, 0, 2.56, 2.56, 0, 0.635, True
1, 5, 0, 33, 6, 1, 4.74, 4.74, 1, 0.674, True
1, 5, 0, 34, 5, 0, 3.11, 3.11, 1, 0.56, False
1, 5, 0, 35, 6, 1, 1.43, 1.43, 1, 0.599, True
1, 5, 0, 36, 6, 1, 3.37, 3.37, 1, 0.514, True
1, 5, 0, 37, 5, 0, 2.01, 2.01, 0, 0.52, True
1, 5, 0, 38, 5, 0, 6.16, 6.16, 0, 0.551, True
1, 5, 0, 39, 4, 1, 4.73, 4.73, 0, 0.602, False
1, 5, 0, 40, 5, 0, 0.86, 0.86, 1, 0.675, False
1, 5, 0, 41, 6, 1, 0.82, 0.82, 1, 0.528, True
1, 5, 0, 42, 6, 1, 0.67, 0.67, 1, 0.531, True
1, 5, 0, 43, 5, 0, 0.83, 0.83, 0, 0.55, True
1, 5, 0, 44, 5, 1, 0.88, 0.88, 1, 0.584, True
1, 5, 0, 45, 4, 0, 0.86, 0.86, 0, 0.601, True
1, 5, 0, 46, 4, 1, 2.2, 2.2, 1, 0.553, True
1, 5, 0, 47, 3, 1, 2.45, 2.45, 1, 0.586, True
1, 5, 0, 48, 3, 1, 4.84, 4.84, 0, 0.517, False
1, 5, 0, 49, 4, 1, 2.73, 2.73, 1, 0.547, True
1, 6, 0, 0, 7, 0, 4.82, 4.82, 0, 0.592, True
1, 6, 0, 1, 7, 1, 5.38, 5.38, 1, 0.435, True
1, 6, 0, 2, 6, 1, 3.56, 3.56, 1, 0.508, True
1, 6, 0, 3, 6, 0, 5.23, 5.23, 0, 0.482, True
1, 6, 0, 4, 5, 1, 4.27, 4.27, 1, 0.496, True
1, 6, 0, 5, 5, 0, 3.21, 3.21, 1, 0.51, False
1, 6, 0, 6, 6, 0, 2.46, 2.46, 0, 0.715, True
1, 6, 0, 7, 6, 0, 1.27, 1.27, 0, 0.567, True
1, 6, 0, 8, 5, 1, 5.39, 5.39, 1, 0.482, True
1, 6, 0, 9, 5, 0, 0.14, 0.14, 0, 0.575, True
1, 6, 0, 10, 4, 1, 1.68, 1.68, 0, 0.642, False
1, 6, 0, 11, 5, 1, 3.74, 3.74, 1, 0.491, True
1, 6, 0, 12, 5, 0, 2.14, 2.14, 0, 0.562, True
1, 6, 0, 13, 4, 0, 2.99, 2.99, 0, 0.551, True
1, 6, 0, 14, 4, 0, 3.04, 3.04, 0, 0.579, True
1, 6, 0, 15, 3, 1, 2.58, 2.58, 1, 0.518, True
1, 6, 0, 16, 3, 1, 4.49, 4.49, 0, 0.858, False
1, 6, 0, 17, 4, 1, 1.49, 1.49, 0, 0.798, False
1, 6, 0, 18, 5, 1, 4.34, 4.34, 1, 0.526, True
1, 6, 0, 19, 5, 1, 2.36, 2.36, 0, 0.505, False
1, 6, 0, 20, 6, 1, 2.4, 2.4, 0, 0.758, False
1, 6, 0, 21, 7, 1, 1.4, 1.4, 0, 0.791, False
1, 6, 0, 22, 8, 1, 0.57, 0.57, 1, 0.528, True
1, 6, 0, 23, 8, 1, 0.47, 0.47, 1, 0.509, True
1, 6, 0, 24, 7, 1, 3.45, 3.45, 1, 0.507, True
1, 6, 0, 25, 7, 0, 3.03, 3.03, 0, 0.513, True
1, 6, 0, 26, 6, 0, 0.29, 0.29, 0, 0.519, True
1, 6, 0, 27, 6, 0, 5.79, 5.79, 0, 0.485, True
1, 6, 0, 28, 5, 0, 3.2, 3.2, 0, 0.453, True
1, 6, 0, 29, 5, 0, 0.16, 0.16, 0, 0.493, True
1, 6, 0, 30, 4, 0, 3.66, 3.66, 0, 0.482, True
1, 6, 0, 31, 4, 0, 3.99, 3.99, 0, 0.448, True
1, 6, 0, 32, 3, 1, 2.35, 2.35, 0, 0.631, False
1, 6, 0, 33, 4, 1, 3.29, 3.29, 1, 0.599, True
1, 6, 0, 34, 4, 1, 1.14, 1.14, 1, 0.983, True
1, 6, 0, 35, 3, 1, 5.4, 5.4, 1, 0.834, True
1, 6, 0, 36, 3, 1, 5.11, 5.11, 0, 0.724, False
1, 6, 0, 37, 4, 0, 5.35, 5.35, 0, 0.929, True
1, 6, 0, 38, 4, 1, 1.75, 1.75, 0, 0.766, False
1, 6, 0, 39, 5, 0, 4.74, 4.74, 0, 0.626, True
1, 6, 0, 40, 5, 0, 1.62, 1.62, 0, 0.772, True
1, 6, 0, 41, 4, 1, 3.03, 3.03, 1, 0.511, True
1, 6, 0, 42, 4, 0, 4.16, 4.16, 1, 0.948, False
1, 6, 0, 43, 5, 0, 5.88, 5.88, 0, 0.535, True
1, 6, 0, 44, 5, 1, 5.54, 5.54, 1, 0.498, True
1, 6, 0, 45, 4, 0, 5.28, 5.28, 0, 0.575, True
1, 6, 0, 46, 4, 0, 1.62, 1.62, 0, 1.019, True
1, 6, 0, 47, 3, 1, 0.11, 0.11, 1, 0.453, True
1, 6, 0, 48, 3, 1, 0.26, 0.26, 0, 0.725, False
1, 6, 0, 49, 4, 1, 3.97, 3.97, 1, 0.515, True
1, 7, 1, 0, 13, 1, 1.07, 4.22, 0, 1.337, False
1, 7, 1, 1, 14, 1, 4.0, 0.86, 0, 0.742, False
1, 7, 1, 2, 15, 1, 3.99, 0.85, 1, 0.595, True
1, 7, 1, 3, 15, 0, 4.67, 1.53, 0, 0.59, True
1, 7, 1, 4, 14, 0, 0.53, 3.67, 1, 0.784, False
1, 7, 1, 5, 15, 0, 4.23, 1.09, 1, 0.793, False
1, 7, 1, 6, 16, 1, 0.12, 3.27, 1, 0.594, True
1, 7, 1, 7, 16, 0, 2.03, 5.17, 0, 0.635, True
1, 7, 1, 8, 15, 1, 2.4, 5.54, 1, 0.588, True
1, 7, 1, 9, 15, 0, 5.57, 2.43, 1, 0.646, False
1, 7, 1, 10, 16, 0, 1.36, 4.5, 0, 0.686, True
1, 7, 1, 11, 16, 0, 5.33, 2.19, 0, 0.598, True
1, 7, 1, 12, 15, 0, 2.73, 5.87, 1, 0.648, False
1, 7, 1, 13, 16, 1, 4.91, 1.77, 0, 0.561, False
1, 7, 1, 14, 17, 1, 1.9, 5.04, 1, 0.613, True
1, 7, 1, 15, 17, 0, 6.08, 2.93, 0, 0.655, True
1, 7, 1, 16, 16, 0, 0.26, 3.4, 1, 0.95, False
1, 7, 1, 17, 17, 0, 2.0, 5.14, 1, 0.553, False
1, 7, 1, 18, 18, 0, 0.71, 3.85, 0, 0.515, True
1, 7, 1, 19, 18, 1, 3.95, 0.81, 1, 0.944, True
1, 7, 1, 20, 17, 0, 4.78, 1.64, 0, 0.548, True
1, 7, 1, 21, 17, 1, 4.79, 1.64, 0, 0.792, False
1, 7, 1, 22, 18, 0, 2.87, 6.02, 1, 0.867, False
1, 7, 1, 23, 19, 0, 1.88, 5.02, 0, 0.739, True
1, 7, 1, 24, 19, 1, 0.67, 3.81, 1, 0.672, True
1, 7, 1, 25, 18, 0, 5.73, 2.59, 0, 0.544, True
1, 7, 1, 26, 18, 1, 0.98, 4.13, 1, 0.533, True
1, 7, 1, 27, 17, 0, 1.45, 4.59, 0, 0.578, True
1, 7, 1, 28, 17, 0, 3.56, 0.42, 0, 0.941, True
1, 7, 1, 29, 16, 1, 3.82, 0.68, 1, 0.642, True
1, 7, 1, 30, 16, 1, 2.29, 5.43, 0, 0.627, False
1, 7, 1, 31, 17, 0, 3.65, 0.51, 0, 0.596, True
1, 7, 1, 32, 17, 0, 5.46, 2.32, 0, 0.582, True
1, 7, 1, 33, 16, 1, 1.96, 5.1, 0, 0.617, False
1, 7, 1, 34, 17, 1, 4.28, 1.13, 1, 0.563, True
1, 7, 1, 35, 17, 1, 0.85, 3.99, 1, 0.519, True
1, 7, 1, 36, 16, 0, 1.22, 4.36, 0, 0.677, True
1, 7, 1, 37, 16, 1, 3.95, 0.81, 1, 0.613, True
1, 7, 1, 38, 15, 1, 5.7, 2.55, 1, 0.519, True
1, 7, 1, 39, 15, 1, 5.52, 2.37, 1, 0.477, True
1, 7, 1, 40, 14, 0, 0.25, 3.39, 0, 0.532, True
1, 7, 1, 41, 14, 0, 1.06, 4.2, 0, 0.607, True
1, 7, 1, 42, 13, 1, 1.7, 4.84, 0, 0.495, False
1, 7, 1, 43, 14, 1, 6.27, 3.13, 0, 0.598, False
1, 7, 1, 44, 15, 0, 3.16, 0.02, 0, 0.544, True
1, 7, 1, 45, 15, 0, 5.34, 2.2, 0, 0.701, True
1, 7, 1, 46, 14, 1, 4.34, 1.2, 1, 0.611, True
1, 7, 1, 47, 14, 0, 5.61, 2.46, 0, 0.533, True
1, 7, 1, 48, 13, 0, 2.69, 5.83, 0, 0.627, True
1, 7, 1, 49, 13, 1, 1.43, 4.57, 0, 0.548, False
