7, 0, 1, 0, 30, 0, 1.16, 4.3, 1, 12.968, False
7, 0, 1, 1, 31, 1, 1.98, 5.12, 1, 0.786, True
7, 0, 1, 2, 31, 0, 4.14, 1.0, 0, 1.327, True
7, 0, 1, 3, 30, 0, 6.16, 3.01, 1, 0.942, False
7, 0, 1, 4, 31, 1, 4.02, 0.88, 0, 1.389, False
7, 0, 1, 5, 32, 1, 1.2, 4.34, 1, 1.62, True
7, 0, 1, 6, 32, 0, 0.0, 3.14, 0, 0.924, True
7, 0, 1, 7, 31, 0, 4.92, 1.78, 0, 0.954, True
7, 0, 1, 8, 31, 1, 1.76, 4.9, 1, 0.775, True
7, 0, 1, 9, 30, 0, 0.25, 3.4, 1, 0.475, False
7, 1, 0, 0, 30, 0, 2.64, 2.64, 0, 0.792, True
7, 1, 0, 1, 30, 1, 5.28, 5.28, 1, 0.535, True
7, 1, 0, 2, 29, 1, 3.26, 3.26, 1, 0.732, True
7, 1, 0, 3, 29, 1, 5.34, 5.34, 1, 0.515, True
7, 1, 0, 4, 28, 1, 3.18, 3.18, 1, 0.517, True
7, 1, 0, 5, 28, 1, 6.01, 6.01, 1, 0.473, True
7, 1, 0, 6, 27, 0, 4.79, 4.79, 0, 0.569, True
7, 1, 0, 7, 27, 1, 5.65, 5.65, 1, 0.629, True
7, 1, 0, 8, 26, 0, 3.91, 3.91, 0, 0.515, True
7, 1, 0, 9, 26, 0, 4.16, 4.16, 0, 0.666, True
7, 2, 0, 0, 7, 0, 1.6, 1.6, 0, 0.815, True
7, 2, 0, 1, 7, 1, 5.71, 5.71, 1, 0.609, True
7, 2, 0, 2, 6, 0, 2.72, 2.72, 1, 0.771, False
7, 2, 0, 3, 7, 0, 3.37, 3.37, 0, 0.79, True
7, 2, 0, 4, 7, 1, 4.99, 4.99, 1, 0.802, True
7, 2, 0, 5, 6, 1, 1.99, 1.99, 0, 0.878, False
7, 2, 0, 6, 7, 0, 3.14, 3.14, 0, 0.736, True
7, 2, 0, 7, 7, 1, 1.67, 1.67, 1, 0.616, True
7, 2, 0, 8, 6, 1, 2.04, 2.04, 1, 0.766, True
7, 2, 0, 9, 6, 0, 0.4, 0.4, 0, 0.953, True
7, 2, 0, 10, 5, 1, 5.07, 5.07, 1, 0.598, True
7, 2, 0, 11, 5, 0, 2.35, 2.35, 0, 0.472, True
7, 2, 0, 12, 4, 1, 4.38, 4.38, 1, 0.472, True
7, 2, 0, 13, 4, 1, 2.75, 2.75, 1, 0.616, True
7, 2, 0, 14, 3, 1, 1.04, 1.04, 1, 1.659, True
7, 2, 0, 15, 3, 1, 0.79, 0.79, 0, 0.891, False
7, 2, 0, 16, 4, 0, 1.58, 1.58, 1, 1.143, False
7, 2, 0, 17, 5, 0, 3.78, 3.78, 1, 0.871, False
7, 2, 0, 18, 6, 1, 4.37, 4.37, 1, 0.683, True
7, 2, 0, 19, 6, 1, 0.78, 0.78, 1, 0.715, True
7, 2, 0, 20, 5, 0, 2.58, 2.58, 0, 0.649, True
7, 2, 0, 21, 5, 1, 6.1, 6.1, 1, 0.858, True
7, 2, 0, 22, 4, 0, 1.76, 1.76, 1, 0.715, False
7, 2, 0, 23, 5, 0, 5.73, 5.73, 1, 0.761, False
7, 2, 0, 24, 6, 0, 2.69, 2.69, 0, 1.141, True
7, 2, 0, 25, 6, 0, 2.38, 2.38, 0, 0.906, True
7, 2, 0, 26, 5, 0, 6.28, 6.28, 0, 0.633, True
7, 2, 0, 27, 5, 1, 0.24, 0.24, 1, 0.554, True
7, 2, 0, 28, 4, 0, 5.6, 5.6, 1, 1.019, False
7, 2, 0, 29, 5, 1, 0.83, 0.83, 1, 0.745, True
7, 2, 0, 30, 5, 0, 3.86, 3.86, 0, 0.614, True
7, 2, 0, 31, 4, 1, 0.27, 0.27, 1, 0.552, True
7, 2, 0, 32, 4, 0, 1.95, 1.95, 1, 0.789, False
7, 2, 0, 33, 5, 1, 5.58, 5.58, 1, 0.648, True
7, 2, 0, 34, 5, 1, 4.94, 4.94, 1, 0.569, True
7, 2, 0, 35, 4, 1, 5.59, 5.59, 1, 0.613, True
7, 2, 0, 36, 4, 1, 2.93, 2.93, 0, 0.663, False
7, 2, 0, 37, 5, 0, 6.25, 6.25, 1, 0.535, False
7, 2, 0, 38, 6, 0, 2.4, 2.4, 1, 0.589, False
7, 2, 0, 39, 7, 1, 5.69, 5.69, 1, 0.504, True
7, 2, 0, 40, 7, 0, 0.89, 0.89, 1, 0.69, False
7, 2, 0, 41, 8, 1, 6.06, 6.06, 1, 0.713, True
7, 2, 0, 42, 8, 1, 4.15, 4.15, 1, 0.551, True
7, 2, 0, 43, 7, 0, 3.31, 3.31, 1, 0.804, False
7, 2, 0, 44, 8, 0, 3.67, 3.67, 1, 0.727, False
7, 2, 0, 45, 9, 0, 5.42, 5.42, 1, 0.676, False
7, 2, 0, 46, 10, 1, 2.28, 2.28, 1, 0.604, True
7, 2, 0, 47, 10, 0, 5.78, 5.78, 0, 0.519, True
7, 2, 0, 48, 9, 0, 0.71, 0.71, 0, 0.701, True
7, 2, 0, 49, 9, 1, 4.83, 4.83, 1, 0.524, True
7, 3, 1, 0, 13, 1, 4.41, 1.27, 1, 1.129, True
7, 3, 1, 1, 13, 1, 2.13, 5.28, 1, 1.066, True
7, 3, 1, 2, 12, 1, 2.59, 5.73, 1, 2.322, True
7, 3, 1, 3, 12, 1, 5.61, 2.47, 1, 1.128, True
7, 3, 1, 4, 11, 1, 0.74, 3.89, 0, 1.718, False
7, 3, 1, 5, 12, 1, 4.15, 1.01, 0, 1.171, False
7, 3, 1, 6, 13, 0, 4.01, 0.87, 0, 0.68, True
7, 3, 1, 7, 13, 1, 0.38, 3.52, 1, 0.647, True
7, 3, 1, 8, 12, 1, 1.7, 4.84, 1, 0.495, True
7, 3, 1, 9, 12, 1, 2.51, 5.65, 0, 0.646, False
7, 3, 1, 10, 13, 0, 4.87, 1.73, 0, 0.903, True
7, 3, 1, 11, 13, 1, 3.45, 0.31, 1, 0.614, True
7, 3, 1, 12, 12, 1, 4.4, 1.26, 1, 0.68, True
7, 3, 1, 13, 12, 0, 1.79, 4.93, 1, 0.696, False
7, 3, 1, 14, 13, 0, 2.92, 6.06, 0, 0.458, True
7, 3, 1, 15, 13, 0, 4.33, 1.19, 1, 0.857, False
7, 3, 1, 16, 14, 1, 4.14, 1.0, 1, 0.538, True
7, 3, 1, 17, 14, 0, 0.86, 4.0, 0, 0.551, True
7, 3, 1, 18, 13, 0, 0.4, 3.54, 1, 0.788, False
7, 3, 1, 19, 14, 0, 3.58, 0.44, 0, 0.951, True
7, 3, 1, 20, 14, 1, 6.12, 2.98, 1, 0.668, True
7, 3, 1, 21, 13, 1, 3.84, 0.7, 0, 0.644, False
7, 3, 1, 22, 14, 1, 0.17, 3.31, 1, 0.597, True
7, 3, 1, 23, 14, 1, 4.22, 1.08, 1, 0.648, True
7, 3, 1, 24, 13, 1, 3.25, 0.11, 0, 2.201, False
7, 3, 1, 25, 14, 1, 2.99, 6.13, 1, 1.507, True
7, 3, 1, 26, 14, 1, 0.46, 3.6, 0, 1.188, False
7, 3, 1, 27, 15, 1, 2.93, 6.07, 0, 1.158, False
7, 3, 1, 28, 16, 1, 6.12, 2.98, 0, 0.954, False
7, 3, 1, 29, 17, 0, 1.79, 4.93, 0, 0.823, True
7, 3, 1, 30, 17, 1, 5.68, 2.54, 0, 0.633, False
7, 3, 1, 31, 18, 1, 5.45, 2.31, 0, 0.77, False
7, 3, 1, 32, 19, 0, 2.51, 5.65, 0, 0.758, True
7, 3, 1, 33, 19, 0, 5.98, 2.84, 1, 0.875, False
7, 3, 1, 34, 20, 1, 6.23, 3.09, 1, 0.634, True
7, 3, 1, 35, 20, 1, 2.07, 5.21, 0, 1.188, False
7, 3, 1, 36, 21, 0, 3.54, 0.4, 0, 0.807, True
7, 3, 1, 37, 21, 1, 3.36, 0.22, 1, 0.497, True
7, 3, 1, 38, 20, 1, 4.57, 1.42, 0, 1.154, False
7, 3, 1, 39, 21, 1, 4.24, 1.1, 1, 0.519, True
7, 3, 1, 40, 21, 1, 2.61, 5.75, 1, 0.564, True
7, 3, 1, 41, 20, 0, 5.77, 2.63, 0, 0.799, True
7, 3, 1, 42, 20, 1, 1.14, 4.28, 0, 1.002, False
7, 3, 1, 43, 21, 1, 0.44, 3.58, 0, 0.677, False
7, 3, 1, 44, 22, 1, 5.38, 2.24, 1, 0.692, True
7, 3, 1, 45, 22, 1, 5.79, 2.65, 1, 1.083, True
7, 3, 1, 46, 21, 1, 4.0, 0.85, 1, 0.595, True
7, 3, 1, 47, 21, 1, 0.14, 3.29, 1, 1.782, True
7, 3, 1, 48, 20, 0, 2.57, 5.71, 0, 0.713, True
7, 3, 1, 49, 20, 1, 1.29, 4.43, 1, 0.559, True
7, 4, 1, 0, 13, 0, 6.24, 3.09, 0, 0.681, True
7, 4, 1, 1, 13, 1, 4.62, 1.48, 1, 1.04, True
7, 4, 1, 2, 12, 0, 1.71, 4.85, 0, 1.649, True
7, 4, 1, 3, 12, 1, 4.98, 1.84, 1, 0.762, True
7, 4, 1, 4, 11, 1, 5.35, 2.21, 1, 0.726, True
7, 4, 1, 5, 11, 0, 1.56, 4.7, 0, 0.787, True
7, 4, 1, 6, 10, 0, 3.15, 0.01, 0, 0.774, True
7, 4, 1, 7, 10, 0, 1.75, 4.89, 1, 0.69, False
7, 4, 1, 8, 11, 0, 2.59, 5.73, 0, 0.761, True
7, 4, 1, 9, 11, 0, 2.29, 5.43, 0, 0.645, True
7, 4, 1, 10, 10, 1, 4.09, 0.95, 1, 0.63, True
7, 4, 1, 11, 10, 1, 0.19, 3.33, 0, 1.774, False
7, 4, 1, 12, 11, 1, 3.35, 0.21, 1, 0.68, True
7, 4, 1, 13, 11, 0, 2.35, 5.49, 0, 0.68, True
7, 4, 1, 14, 10, 1, 0.05, 3.19, 0, 0.703, False
7, 4, 1, 15, 11, 1, 5.24, 2.09, 0, 0.613, False
7, 4, 1, 16, 12, 1, 5.08, 1.94, 0, 0.552, False
7, 4, 1, 17, 13, 1, 0.64, 3.79, 0, 0.653, False
7, 4, 1, 18, 14, 0, 0.49, 3.63, 0, 0.693, True
7, 4, 1, 19, 14, 1, 0.31, 3.45, 1, 0.564, True
7, 4, 1, 20, 13, 0, 1.53, 4.67, 0, 0.776, True
7, 4, 1, 21, 13, 0, 6.18, 3.03, 0, 0.772, True
7, 4, 1, 22, 12, 1, 5.31, 2.17, 0, 0.728, False
7, 4, 1, 23, 13, 0, 0.39, 3.53, 0, 0.726, True
7, 4, 1, 24, 13, 0, 1.25, 4.39, 0, 0.852, True
7, 4, 1, 25, 12, 0, 3.56, 0.42, 0, 0.933, True
7, 4, 1, 26, 12, 1, 3.69, 0.55, 1, 0.546, True
7, 4, 1, 27, 11, 0, 5.4, 2.26, 0, 0.727, True
7, 4, 1, 28, 11, 1, 0.64, 3.78, 1, 0.772, True
7, 4, 1, 29, 10, 1, 5.67, 2.53, 1, 0.376, True
7, 4, 1, 30, 10, 0, 4.62, 1.47, 0, 0.804, True
7, 4, 1, 31, 9, 1, 5.46, 2.32, 0, 1.51, False
7, 4, 1, 32, 10, 0, 5.63, 2.49, 1, 1.045, False
7, 4, 1, 33, 11, 0, 3.2, 0.06, 1, 0.934, False
7, 4, 1, 34, 12, 1, 5.94, 2.79, 0, 0.995, False
7, 4, 1, 35, 13, 0, 2.93, 6.07, 0, 0.678, True
7, 4, 1, 36, 13, 0, 4.76, 1.62, 0, 0.693, True
7, 4, 1, 37, 12, 0, 5.58, 2.44, 0, 1.035, True
7, 4, 1, 38, 12, 0, 3.14, 0.0, 0, 1.557, True
7, 4, 1, 39, 11, 0, 1.23, 4.37, 0, 0.913, True
7, 4, 1, 40, 11, 1, 0.23, 3.37, 0, 0.791, False
7, 4, 1, 41, 12, 1, 1.33, 4.47, 0, 1.386, False
7, 4, 1, 42, 13, 1, 2.28, 5.42, 0, 0.789, False
7, 4, 1, 43, 14, 0, 4.78, 1.64, 0, 0.744, True
7, 4, 1, 44, 14, 1, 0.91, 4.05, 0, 0.71, False
7, 4, 1, 45, 15, 1, 4.47, 1.33, 0, 0.724, False
7, 4, 1, 46, 16, 1, 0.05, 3.19, 0, 1.137, False
7, 4, 1, 47, 17, 1, 3.19, 0.05, 0, 0.774, False
7, 4, 1, 48, 18, 0, 3.35, 0.21, 0, 0.649, True
7, 4, 1, 49, 18, 0, 4.71, 1.57, 0, 0.546, True
7, 5, 0, 0, 7, 0, 4.08, 4.08, 0, 0.72, True
7, 5, 0, 1, 7, 1, 1.79, 1.79, 0, 0.662, False
7, 5, 0, 2, 8, 0, 5.54, 5.54, 0, 0.535, True
7, 5, 0, 3, 8, 1, 6.18, 6.18, 1, 0.604, True
7, 5, 0, 4, 7, 1, 3.27, 3.27, 1, 0.559, True
7, 5, 0, 5, 7, 1, 2.23, 2.23, 1, 0.492, True
7, 5, 0, 6, 6, 0, 4.82, 4.82, 0, 0.643, True
7, 5, 0, 7, 6, 0, 0.1, 0.1, 0, 0.546, True
7, 5, 0, 8, 5, 1, 3.88, 3.88, 1, 0.406, True
7, 5, 0, 9, 5, 0, 4.33, 4.33, 0, 1.185, True
7, 5, 0, 10, 4, 0, 4.48, 4.48, 0, 0.612, True
7, 5, 0, 11, 4, 1, 5.03, 5.03, 0, 0.669, False
7, 5, 0, 12, 5, 0, 1.57, 1.57, 0, 0.725, True
7, 5, 0, 13, 5, 1, 5.24, 5.24, 0, 0.65, False
7, 5, 0, 14, 6, 0, 5.97, 5.97, 0, 0.579, True
7, 5, 0, 15, 6, 1, 3.24, 3.24, 1, 0.471, True
7, 5, 0, 16, 5, 0, 0.34, 0.34, 0, 0.519, True
7, 5, 0, 17, 5, 0, 6.18, 6.18, 0, 0.437, True
7, 5, 0, 18, 4, 1, 1.74, 1.74, 1, 0.454, True
7, 5, 0, 19, 4, 0, 2.38, 2.38, 0, 0.39, True
7, 5, 0, 20, 3, 0, 1.85, 1.85, 0, 0.465, True
7, 5, 0, 21, 3, 0, 2.58, 2.58, 0, 0.465, True
7, 5, 0, 22, 2, 0, 2.0, 2.0, 0, 0.479, True
7, 5, 0, 23, 2, 0, 0.46, 0.46, 0, 0.708, True
7, 5, 0, 24, 1, 1, 2.73, 2.73, 0, 0.594, False
7, 5, 0, 25, 2, 0, 5.46, 5.46, 0, 0.549, True
7, 5, 0, 26, 2, 1, 3.85, 3.85, 0, 0.602, False
7, 5, 0, 27, 3, 1, 3.25, 3.25, 0, 0.66, False
7, 5, 0, 28, 4, 0, 0.97, 0.97, 0, 0.581, True
7, 5, 0, 29, 4, 0, 2.13, 2.13, 0, 0.52, True
7, 5, 0, 30, 3, 1, 5.67, 5.67, 0, 0.582, False
7, 5, 0, 31, 4, 1, 5.84, 5.84, 1, 0.433, True
7, 5, 0, 32, 4, 1, 4.09, 4.09, 0, 0.723, False
7, 5, 0, 33, 5, 0, 0.94, 0.94, 0, 0.648, True
7, 5, 0, 34, 5, 1, 2.36, 2.36, 1, 0.67, True
7, 5, 0, 35, 4, 0, 6.08, 6.08, 1, 0.91, False
7, 5, 0, 36, 5, 0, 4.79, 4.79, 1, 0.532, False
7, 5, 0, 37, 6, 1, 6.0, 6.0, 1, 0.417, True
7, 5, 0, 38, 6, 1, 6.02, 6.02, 0, 0.499, False
7, 5, 0, 39, 7, 1, 0.19, 0.19, 1, 0.37, True
7, 5, 0, 40, 7, 0, 2.68, 2.68, 0, 0.774, True
7, 5, 0, 41, 6, 1, 3.02, 3.02, 1, 0.578, True
7, 5, 0, 42, 6, 1, 3.94, 3.94, 1, 0.501, True
7, 5, 0, 43, 5, 0, 3.12, 3.12, 0, 0.58, True
7, 5, 0, 44, 5, 0, 5.09, 5.09, 1, 0.44, False
7, 5, 0, 45, 6, 0, 3.01, 3.01, 0, 0.583, True
7, 5, 0, 46, 6, 0, 2.22, 2.22, 1, 0.513, False
7, 5, 0, 47, 7, 0, 6.2, 6.2, 0, 0.527, True
7, 5, 0, 48, 7, 1, 5.75, 5.75, 1, 0.508, True
7, 5, 0, 49, 6, 1, 3.65, 3.65, 0, 0.667, False
7, 6, 0, 0, 7, 1, 2.8, 2.8, 1, 0.493, True
7, 6, 0, 1, 7, 1, 4.65, 4.65, 1, 0.509, True
7, 6, 0, 2, 6, 1, 5.53, 5.53, 1, 0.531, True
7, 6, 0, 3, 6, 0, 5.57, 5.57, 0, 0.577, True
7, 6, 0, 4, 5, 1, 2.76, 2.76, 1, 0.509, True
7, 6, 0, 5, 5, 0, 2.51, 2.51, 1, 0.451, False
7, 6, 0, 6, 6, 1, 5.82, 5.82, 1, 0.492, True
7, 6, 0, 7, 6, 0, 1.87, 1.87, 0, 1.715, True
7, 6, 0, 8, 5, 1, 0.0, 0.0, 1, 0.433, True
7, 6, 0, 9, 5, 1, 3.13, 3.13, 1, 0.442, True
7, 6, 0, 10, 4, 1, 1.21, 1.21, 1, 0.443, True
7, 6, 0, 11, 4, 1, 4.06, 4.06, 1, 0.468, True
7, 6, 0, 12, 3, 0, 5.95, 5.95, 0, 0.476, True
7, 6, 0, 13, 3, 1, 1.16, 1.16, 1, 0.452, True
7, 6, 0, 14, 2, 0, 2.2, 2.2, 0, 0.541, True
7, 6, 0, 15, 2, 0, 1.39, 1.39, 1, 0.698, False
7, 6, 0, 16, 3, 1, 0.81, 0.81, 1, 0.729, True
7, 6, 0, 17, 3, 1, 5.19, 5.19, 0, 0.599, False
7, 6, 0, 18, 4, 0, 4.5, 4.5, 0, 0.721, True
7, 6, 0, 19, 4, 1, 2.79, 2.79, 1, 0.485, True
7, 6, 0, 20, 3, 0, 5.92, 5.92, 0, 0.458, True
7, 6, 0, 21, 3, 1, 5.74, 5.74, 0, 0.528, False
7, 6, 0, 22, 4, 0, 3.35, 3.35, 0, 0.694, True
7, 6, 0, 23, 4, 0, 3.32, 3.32, 0, 0.42, True
7, 6, 0, 24, 3, 0, 2.89, 2.89, 0, 0.454, True
7, 6, 0, 25, 3, 0, 1.63, 1.63, 0, 0.535, True
7, 6, 0, 26, 2, 0, 4.39, 4.39, 1, 0.772, False
7, 6, 0, 27, 3, 1, 5.1, 5.1, 1, 0.496, True
7, 6, 0, 28, 3, 0, 3.84, 3.84, 1, 0.694, False
7, 6, 0, 29, 4, 1, 6.26, 6.26, 0, 0.869, False
7, 6, 0, 30, 5, 0, 0.18, 0.18, 0, 0.549, True
7, 6, 0, 31, 5, 1, 1.57, 1.57, 1, 0.457, True
7, 6, 0, 32, 4, 0, 1.07, 1.07, 0, 0.527, True
7, 6, 0, 33, 4, 0, 5.64, 5.64, 1, 1.298, False
7, 6, 0, 34, 5, 1, 2.39, 2.39, 1, 0.552, True
7, 6, 0, 35, 5, 1, 5.15, 5.15, 0, 1.189, False
7, 6, 0, 36, 6, 1, 1.37, 1.37, 1, 0.48, True
7, 6, 0, 37, 6, 1, 3.94, 3.94, 1, 0.471, True
7, 6, 0, 38, 5, 0, 2.65, 2.65, 1, 0.712, False
7, 6, 0, 39, 6, 0, 5.63, 5.63, 1, 0.678, False
7, 6, 0, 40, 7, 1, 4.73, 4.73, 1, 0.661, True
7, 6, 0, 41, 7, 1, 4.8, 4.8, 1, 0.613, True
7, 6, 0, 42, 6, 1, 1.88, 1.88, 1, 0.48, True
7, 6, 0, 43, 6, 1, 1.15, 1.15, 1, 0.422, True
7, 6, 0, 44, 5, 0, 0.72, 0.72, 0, 0.718, True
7, 6, 0, 45, 5, 0, 6.02, 6.02, 0, 0.69, True
7, 6, 0, 46, 4, 1, 0.45, 0.45, 0, 0.704, False
7, 6, 0, 47, 5, 0, 6.01, 6.01, 0, 0.599, True
7, 6, 0, 48, 5, 1, 4.07, 4.07, 1, 0.625, True
7, 6, 0, 49, 4, 1, 3.57, 3.57, 1, 0.627, True
7, 7, 1, 0, 13, 0, 1.39, 4.53, 0, 0.954, True
7, 7, 1, 1, 13, 1, 2.24, 5.38, 1, 0.599, True
7, 7, 1, 2, 12, 0, 4.72, 1.58, 1, 0.658, False
7, 7, 1, 3, 13, 0, 3.85, 0.71, 0, 0.698, True
7, 7, 1, 4, 13, 1, 5.95, 2.81, 1, 0.665, True
7, 7, 1, 5, 12, 1, 2.04, 5.18, 1, 0.801, True
7, 7, 1, 6, 12, 0, 1.47, 4.61, 0, 0.626, True
7, 7, 1, 7, 11, 1, 1.14, 4.28, 1, 0.601, True
7, 7, 1, 8, 11, 1, 1.32, 4.46, 1, 0.426, True
7, 7, 1, 9, 10, 0, 6.18, 3.04, 0, 0.572, True
7, 7, 1, 10, 10, 0, 0.81, 3.95, 1, 0.52, False
7, 7, 1, 11, 11, 1, 3.54, 0.4, 1, 0.551, True
7, 7, 1, 12, 11, 0, 2.98, 6.12, 0, 0.82, True
7, 7, 1, 13, 10, 0, 6.09, 2.95, 1, 0.549, False
7, 7, 1, 14, 11, 1, 5.78, 2.64, 1, 0.546, True
7, 7, 1, 15, 11, 0, 2.8, 5.94, 0, 0.582, True
7, 7, 1, 16, 10, 0, 5.31, 2.16, 1, 0.618, False
7, 7, 1, 17, 11, 1, 1.9, 5.05, 1, 0.523, True
7, 7, 1, 18, 11, 1, 4.17, 1.03, 0, 0.672, False
7, 7, 1, 19, 12, 1, 2.76, 5.9, 1, 0.511, True
7, 7, 1, 20, 12, 1, 3.2, 0.06, 1, 0.412, True
7, 7, 1, 21, 11, 1, 0.35, 3.49, 1, 0.414, True
7, 7, 1, 22, 11, 1, 5.78, 2.64, 1, 0.697, True
7, 7, 1, 23, 10, 0, 3.39, 0.24, 0, 0.408, True
7, 7, 1, 24, 10, 0, 0.39, 3.53, 1, 0.706, False
7, 7, 1, 25, 11, 1, 0.83, 3.97, 1, 0.553, True
7, 7, 1, 26, 11, 1, 5.6, 2.46, 1, 0.645, True
7, 7, 1, 27, 10, 1, 5.66, 2.52, 1, 0.438, True
7, 7, 1, 28, 10, 0, 4.96, 1.82, 1, 0.487, False
7, 7, 1, 29, 11, 1, 2.51, 5.65, 1, 0.519, True
7, 7, 1, 30, 11, 1, 4.56, 1.42, 1, 0.484, True
7, 7, 1, 31, 10, 1, 1.19, 4.33, 1, 0.491, True
7, 7, 1, 32, 10, 0, 5.58, 2.44, 0, 0.793, True
7, 7, 1, 33, 9, 0, 1.14, 4.28, 1, 0.676, False
7, 7, 1, 34, 10, 0, 2.5, 5.64, 0, 0.899, True
7, 7, 1, 35, 10, 1, 6.28, 3.14, 1, 0.498, True
7, 7, 1, 36, 9, 0, 2.39, 5.53, 1, 0.449, False
7, 7, 1, 37, 10, 1, 4.64, 1.49, 0, 0.719, False
7, 7, 1, 38, 11, 0, 4.34, 1.2, 1, 0.437, False
7, 7, 1, 39, 12, 0, 1.29, 4.43, 0, 0.854, True
7, 7, 1, 40, 12, 0, 5.73, 2.59, 1, 0.599, False
7, 7, 1, 41, 13, 0, 3.4, 0.25, 0, 0.649, True
7, 7, 1, 42, 13, 0, 0.01, 3.15, 0, 0.912, True
7, 7, 1, 43, 12, 1, 4.27, 1.13, 1, 0.542, True
7, 7, 1, 44, 12, 1, 3.31, 0.17, 1, 0.554, True
7, 7, 1, 45, 11, 1, 3.84, 0.7, 0, 0.622, False
7, 7, 1, 46, 12, 1, 4.19, 1.05, 1, 0.488, True
7, 7, 1, 47, 12, 1, 3.83, 0.69, 1, 0.424, True
7, 7, 1, 48, 11, 1, 3.47, 0.33, 1, 0.378, True
7, 7, 1, 49, 11, 1, 1.98, 5.12, 1, 0.421, True
