4, 0, 1, 0, 30, 0, 6.02, 2.88, 0, 7.759, True
4, 0, 1, 1, 30, 0, 3.91, 0.77, 0, 2.716, True
4, 0, 1, 2, 29, 1, 2.53, 5.67, 0, 1.899, False
4, 0, 1, 3, 30, 1, 0.44, 3.58, 0, 1.843, False
4, 0, 1, 4, 31, 1, 2.45, 5.59, 1, 1.814, True
4, 0, 1, 5, 31, 0, 3.12, 6.26, 0, 1.634, True
4, 0, 1, 6, 30, 1, 4.33, 1.19, 1, 1.281, True
4, 0, 1, 7, 30, 1, 2.02, 5.17, 1, 0.744, True
4, 0, 1, 8, 29, 0, 2.98, 6.12, 0, 0.659, True
4, 0, 1, 9, 29, 1, 4.59, 1.44, 1, 0.596, True
4, 1, 0, 0, 30, 1, 1.34, 1.34, 1, 0.542, True
4, 1, 0, 1, 30, 0, 1.92, 1.92, 0, 0.807, True
4, 1, 0, 2, 29, 1, 3.48, 3.48, 1, 0.642, True
4, 1, 0, 3, 29, 0, 2.56, 2.56, 0, 0.636, True
4, 1, 0, 4, 28, 1, 5.33, 5.33, 1, 0.553, True
4, 1, 0, 5, 28, 0, 3.58, 3.58, 0, 0.843, True
4, 1, 0, 6, 27, 1, 0.6, 0.6, 1, 0.475, True
4, 1, 0, 7, 27, 1, 4.13, 4.13, 0, 0.418, False
4, 1, 0, 8, 28, 0, 0.4, 0.4, 0, 0.735, True
4, 1, 0, 9, 28, 0, 2.81, 2.81, 0, 0.636, True
4, 2, 0, 0, 7, 0, 3.1, 3.1, 0, 0.643, True
4, 2, 0, 1, 7, 0, 3.09, 3.09, 0, 0.564, True
4, 2, 0, 2, 6, 1, 1.7, 1.7, 1, 0.496, True
4, 2, 0, 3, 6, 1, 4.25, 4.25, 1, 0.604, True
4, 2, 0, 4, 5, 0, 3.91, 3.91, 0, 0.829, True
4, 2, 0, 5, 5, 1, 0.77, 0.77, 1, 0.448, True
4, 2, 0, 6, 4, 0, 3.31, 3.31, 0, 0.601, True
4, 2, 0, 7, 4, 0, 2.44, 2.44, 1, 1.053, False
4, 2, 0, 8, 5, 0, 0.89, 0.89, 1, 0.818, False
4, 2, 0, 9, 6, 0, 4.93, 4.93, 0, 0.779, True
4, 2, 0, 10, 6, 1, 5.09, 5.09, 1, 0.519, True
4, 2, 0, 11, 5, 0, 5.47, 5.47, 1, 0.805, False
4, 2, 0, 12, 6, 0, 3.06, 3.06, 0, 0.391, True
4, 2, 0, 13, 6, 0, 1.28, 1.28, 1, 0.456, False
4, 2, 0, 14, 7, 1, 2.45, 2.45, 1, 0.574, True
4, 2, 0, 15, 7, 0, 5.4, 5.4, 0, 0.589, True
4, 2, 0, 16, 6, 1, 3.06, 3.06, 1, 0.628, True
4, 2, 0, 17, 6, 0, 3.45, 3.45, 0, 0.408, True
4, 2, 0, 18, 5, 1, 2.87, 2.87, 1, 0.423, True
4, 2, 0, 19, 5, 0, 2.8, 2.8, 0, 0.569, True
4, 2, 0, 20, 4, 0, 4.53, 4.53, 1, 0.596, False
4, 2, 0, 21, 5, 0, 0.63, 0.63, 1, 0.711, False
4, 2, 0, 22, 6, 0, 5.16, 5.16, 1, 0.43, False
4, 2, 0, 23, 7, 0, 5.0, 5.0, 1, 0.664, False
4, 2, 0, 24, 8, 0, 1.45, 1.45, 1, 0.678, False
4, 2, 0, 25, 9, 0, 0.89, 0.89, 0, 0.427, True
4, 2, 0, 26, 9, 0, 3.8, 3.8, 0, 0.291, True
4, 2, 0, 27, 8, 1, 4.55, 4.55, 0, 0.402, False
4, 2, 0, 28, 9, 1, 1.5, 1.5, 1, 0.337, True
4, 2, 0, 29, 9, 1, 0.29, 0.29, 1, 0.399, True
4, 2, 0, 30, 8, 0, 0.96, 0.96, 0, 0.522, True
4, 2, 0, 31, 8, 1, 0.07, 0.07, 1, 0.377, True
4, 2, 0, 32, 7, 1, 4.49, 4.49, 1, 0.396, True
4, 2, 0, 33, 7, 1, 1.13, 1.13, 1, 0.327, True
4, 2, 0, 34, 6, 0, 3.54, 3.54, 1, 0.477, False
4, 2, 0, 35, 7, 0, 4.23, 4.23, 0, 0.429, True
4, 2, 0, 36, 7, 0, 1.53, 1.53, 0, 0.503, True
4, 2, 0, 37, 6, 1, 5.65, 5.65, 1, 0.446, True
4, 2, 0, 38, 6, 0, 4.39, 4.39, 1, 0.446, False
4, 2, 0, 39, 7, 1, 2.32, 2.32, 1, 0.374, True
4, 2, 0, 40, 7, 1, 4.89, 4.89, 1, 0.26, True
4, 2, 0, 41, 6, 1, 0.71, 0.71, 1, 0.276, True
4, 2, 0, 42, 6, 0, 4.1, 4.1, 1, 0.323, False
4, 2, 0, 43, 7, 1, 0.36, 0.36, 1, 0.377, True
4, 2, 0, 44, 7, 0, 0.74, 0.74, 1, 0.397, False
4, 2, 0, 45, 8, 0, 1.8, 1.8, 0, 0.376, True
4, 2, 0, 46, 8, 0, 1.72, 1.72, 0, 0.396, True
4, 2, 0, 47, 7, 1, 4.11, 4.11, 1, 0.535, True
4, 2, 0, 48, 7, 1, 5.67, 5.67, 1, 0.491, True
4, 2, 0, 49, 6, 0, 5.06, 5.06, 0, 0.48, True
4, 3, 1, 0, 13, 1, 4.44, 1.3, 1, 0.855, True
4, 3, 1, 1, 13, 1, 1.08, 4.23, 1, 0.867, True
4, 3, 1, 2, 12, 1, 1.35, 4.49, 1, 0.786, True
4, 3, 1, 3, 12, 0, 2.02, 5.16, 0, 0.644, True
4, 3, 1, 4, 11, 0, 2.81, 5.95, 0, 0.966, True
4, 3, 1, 5, 11, 0, 4.21, 1.07, 1, 0.977, False
4, 3, 1, 6, 12, 0, 1.08, 4.23, 0, 1.053, True
4, 3, 1, 7, 12, 0, 0.39, 3.53, 1, 0.854, False
4, 3, 1, 8, 13, 0, 1.39, 4.53, 0, 0.758, True
4, 3, 1, 9, 13, 0, 1.1, 4.24, 0, 0.617, True
4, 3, 1, 10, 12, 0, 5.71, 2.57, 1, 0.732, False
4, 3, 1, 11, 13, 0, 1.03, 4.17, 0, 0.552, True
4, 3, 1, 12, 13, 1, 3.77, 0.63, 0, 0.715, False
4, 3, 1, 13, 14, 0, 4.9, 1.76, 1, 0.697, False
4, 3, 1, 14, 15, 0, 1.36, 4.5, 0, 0.545, True
4, 3, 1, 15, 15, 1, 3.34, 0.2, 1, 0.501, True
4, 3, 1, 16, 14, 1, 0.98, 4.12, 1, 0.611, True
4, 3, 1, 17, 14, 0, 2.26, 5.4, 0, 0.55, True
4, 3, 1, 18, 13, 0, 2.26, 5.4, 0, 0.571, True
4, 3, 1, 19, 13, 1, 4.11, 0.97, 0, 0.647, False
4, 3, 1, 20, 14, 1, 0.93, 4.07, 0, 0.392, False
4, 3, 1, 21, 15, 0, 5.92, 2.78, 1, 0.667, False
4, 3, 1, 22, 16, 0, 3.78, 0.63, 0, 0.531, True
4, 3, 1, 23, 16, 0, 0.5, 3.64, 1, 0.639, False
4, 3, 1, 24, 17, 1, 4.03, 0.89, 0, 0.91, False
4, 3, 1, 25, 18, 0, 3.58, 0.44, 0, 0.58, True
4, 3, 1, 26, 18, 0, 0.2, 3.34, 0, 0.561, True
4, 3, 1, 27, 17, 0, 0.28, 3.42, 1, 0.717, False
4, 3, 1, 28, 18, 0, 0.81, 3.95, 1, 0.539, False
4, 3, 1, 29, 19, 1, 5.73, 2.59, 1, 0.488, True
4, 3, 1, 30, 19, 0, 0.29, 3.44, 0, 0.519, True
4, 3, 1, 31, 18, 0, 0.23, 3.37, 0, 0.478, True
4, 3, 1, 32, 18, 0, 2.33, 5.47, 0, 0.398, True
4, 3, 1, 33, 17, 0, 4.88, 1.74, 1, 0.425, False
4, 3, 1, 34, 18, 0, 2.23, 5.37, 0, 0.45, True
4, 3, 1, 35, 18, 0, 2.24, 5.38, 0, 0.443, True
4, 3, 1, 36, 17, 0, 1.59, 4.73, 1, 0.752, False
4, 3, 1, 37, 18, 1, 2.63, 5.78, 1, 0.533, True
4, 3, 1, 38, 18, 1, 1.18, 4.32, 1, 0.533, True
4, 3, 1, 39, 17, 1, 4.29, 1.15, 1, 0.498, True
4, 3, 1, 40, 17, 0, 1.44, 4.58, 0, 0.529, True
4, 3, 1, 41, 16, 0, 5.37, 2.22, 1, 0.742, False
4, 3, 1, 42, 17, 0, 3.59, 0.44, 0, 0.515, True
4, 3, 1, 43, 17, 1, 0.92, 4.07, 1, 0.514, True
4, 3, 1, 44, 16, 0, 5.68, 2.54, 1, 0.718, False
4, 3, 1, 45, 17, 0, 1.71, 4.86, 1, 0.713, False
4, 3, 1, 46, 18, 0, 1.71, 4.85, 0, 0.588, True
4, 3, 1, 47, 18, 1, 1.27, 4.41, 1, 0.415, True
4, 3, 1, 48, 17, 0, 3.63, 0.49, 0, 0.912, True
4, 3, 1, 49, 17, 0, 2.19, 5.33, 1, 0.55, False
4, 4, 1, 0, 13, 1, 2.66, 5.8, 1, 0.593, True
4, 4, 1, 1, 13, 1, 3.56, 0.42, 1, 0.5, True
4, 4, 1, 2, 12, 1, 1.21, 4.36, 1, 0.523, True
4, 4, 1, 3, 12, 1, 4.19, 1.05, 1, 0.729, True
4, 4, 1, 4, 11, 1, 5.44, 2.3, 0, 0.774, False
4, 4, 1, 5, 12, 1, 1.26, 4.4, 1, 0.522, True
4, 4, 1, 6, 12, 0, 0.66, 3.8, 1, 0.456, False
4, 4, 1, 7, 13, 1, 2.21, 5.35, 1, 0.513, True
4, 4, 1, 8, 13, 0, 0.2, 3.34, 0, 0.655, True
4, 4, 1, 9, 12, 0, 6.19, 3.05, 1, 0.486, False
4, 4, 1, 10, 13, 0, 3.12, 6.27, 1, 0.809, False
4, 4, 1, 11, 14, 0, 2.23, 5.37, 0, 0.555, True
4, 4, 1, 12, 14, 0, 0.09, 3.23, 1, 0.557, False
4, 4, 1, 13, 15, 0, 2.25, 5.39, 1, 0.664, False
4, 4, 1, 14, 16, 1, 1.33, 4.47, 1, 0.585, True
4, 4, 1, 15, 16, 1, 2.09, 5.23, 1, 0.58, True
4, 4, 1, 16, 15, 0, 0.86, 4.01, 1, 0.632, False
4, 4, 1, 17, 16, 0, 0.54, 3.68, 0, 0.745, True
4, 4, 1, 18, 16, 0, 5.82, 2.68, 1, 0.614, False
4, 4, 1, 19, 17, 1, 1.84, 4.98, 1, 0.504, True
4, 4, 1, 20, 17, 1, 6.24, 3.1, 0, 0.679, False
4, 4, 1, 21, 18, 0, 3.79, 0.65, 1, 0.629, False
4, 4, 1, 22, 19, 0, 1.11, 4.25, 0, 0.612, True
4, 4, 1, 23, 19, 0, 4.9, 1.75, 1, 0.847, False
4, 4, 1, 24, 20, 1, 3.43, 0.29, 1, 0.688, True
4, 4, 1, 25, 20, 1, 1.27, 4.41, 1, 0.583, True
4, 4, 1, 26, 19, 1, 4.37, 1.23, 1, 0.643, True
4, 4, 1, 27, 19, 0, 4.05, 0.91, 1, 0.723, False
4, 4, 1, 28, 20, 1, 0.29, 3.43, 1, 0.489, True
4, 4, 1, 29, 20, 0, 2.82, 5.96, 0, 0.696, True
4, 4, 1, 30, 19, 0, 0.91, 4.06, 1, 0.542, False
4, 4, 1, 31, 20, 0, 3.77, 0.63, 0, 0.611, True
4, 4, 1, 32, 20, 1, 5.92, 2.77, 1, 0.453, True
4, 4, 1, 33, 19, 1, 6.02, 2.88, 1, 0.397, True
4, 4, 1, 34, 19, 1, 5.69, 2.55, 1, 0.446, True
4, 4, 1, 35, 18, 1, 4.79, 1.65, 1, 0.502, True
4, 4, 1, 36, 18, 0, 4.8, 1.66, 0, 0.572, True
4, 4, 1, 37, 17, 0, 0.37, 3.51, 0, 0.576, True
4, 4, 1, 38, 17, 1, 5.57, 2.43, 1, 0.508, True
4, 4, 1, 39, 16, 0, 3.79, 0.65, 0, 0.514, True
4, 4, 1, 40, 16, 0, 5.47, 2.33, 0, 0.457, True
4, 4, 1, 41, 15, 1, 3.75, 0.61, 1, 0.505, True
4, 4, 1, 42, 15, 1, 3.07, 6.21, 1, 0.728, True
4, 4, 1, 43, 14, 1, 2.03, 5.17, 1, 0.549, True
4, 4, 1, 44, 14, 1, 2.61, 5.75, 1, 0.523, True
4, 4, 1, 45, 13, 1, 4.3, 1.16, 1, 0.671, True
4, 4, 1, 46, 13, 0, 0.11, 3.25, 0, 0.453, True
4, 4, 1, 47, 12, 0, 1.14, 4.28, 1, 0.438, False
4, 4, 1, 48, 13, 1, 0.57, 3.71, 0, 0.715, False
4, 4, 1, 49, 14, 1, 2.61, 5.75, 1, 0.441, True
4, 5, 0, 0, 7, 0, 2.88, 2.88, 0, 0.717, True
4, 5, 0, 1, 7, 0, 4.63, 4.63, 0, 0.54, True
4, 5, 0, 2, 6, 0, 0.22, 0.22, 1, 0.569, False
4, 5, 0, 3, 7, 1, 1.82, 1.82, 1, 0.461, True
4, 5, 0, 4, 7, 1, 4.48, 4.48, 1, 0.518, True
4, 5, 0, 5, 6, 0, 2.5, 2.5, 0, 0.483, True
4, 5, 0, 6, 6, 1, 6.07, 6.07, 1, 0.515, True
4, 5, 0, 7, 5, 0, 4.56, 4.56, 0, 0.473, True
4, 5, 0, 8, 5, 0, 3.14, 3.14, 1, 0.545, False
4, 5, 0, 9, 6, 0, 3.92, 3.92, 0, 0.421, True
4, 5, 0, 10, 6, 1, 2.21, 2.21, 1, 0.427, True
4, 5, 0, 11, 5, 0, 1.6, 1.6, 0, 0.46, True
4, 5, 0, 12, 5, 1, 0.12, 0.12, 1, 0.333, True
4, 5, 0, 13, 4, 1, 2.74, 2.74, 1, 0.443, True
4, 5, 0, 14, 4, 1, 5.13, 5.13, 1, 0.436, True
4, 5, 0, 15, 3, 0, 1.42, 1.42, 1, 0.421, False
4, 5, 0, 16, 4, 0, 3.58, 3.58, 1, 0.535, False
4, 5, 0, 17, 5, 1, 5.18, 5.18, 1, 0.538, True
4, 5, 0, 18, 5, 1, 0.31, 0.31, 1, 0.422, True
4, 5, 0, 19, 4, 0, 5.06, 5.06, 1, 0.694, False
4, 5, 0, 20, 5, 0, 2.69, 2.69, 1, 0.764, False
4, 5, 0, 21, 6, 0, 5.82, 5.82, 0, 0.703, True
4, 5, 0, 22, 6, 1, 1.02, 1.02, 1, 0.417, True
4, 5, 0, 23, 5, 1, 0.12, 0.12, 1, 0.491, True
4, 5, 0, 24, 5, 1, 0.3, 0.3, 1, 0.418, True
4, 5, 0, 25, 4, 0, 1.21, 1.21, 1, 0.708, False
4, 5, 0, 26, 5, 1, 6.27, 6.27, 1, 0.338, True
4, 5, 0, 27, 5, 0, 0.09, 0.09, 1, 0.615, False
4, 5, 0, 28, 6, 1, 3.63, 3.63, 1, 0.633, True
4, 5, 0, 29, 6, 1, 1.54, 1.54, 1, 0.418, True
4, 5, 0, 30, 5, 1, 5.76, 5.76, 1, 0.389, True
4, 5, 0, 31, 5, 0, 5.63, 5.63, 1, 0.335, False
4, 5, 0, 32, 6, 0, 2.17, 2.17, 0, 0.45, True
4, 5, 0, 33, 6, 0, 6.11, 6.11, 0, 0.546, True
4, 5, 0, 34, 5, 0, 5.05, 5.05, 0, 0.42, True
4, 5, 0, 35, 5, 0, 4.94, 4.94, 0, 0.43, True
4, 5, 0, 36, 4, 0, 2.11, 2.11, 0, 0.631, True
4, 5, 0, 37, 4, 1, 5.08, 5.08, 1, 0.785, True
4, 5, 0, 38, 3, 0, 3.23, 3.23, 0, 0.548, True
4, 5, 0, 39, 3, 1, 1.84, 1.84, 0, 0.666, False
4, 5, 0, 40, 4, 1, 0.77, 0.77, 1, 0.537, True
4, 5, 0, 41, 4, 1, 1.66, 1.66, 1, 0.662, True
4, 5, 0, 42, 3, 0, 4.82, 4.82, 0, 0.551, True
4, 5, 0, 43, 3, 1, 2.3, 2.3, 1, 0.787, True
4, 5, 0, 44, 2, 1, 2.84, 2.84, 0, 0.765, False
4, 5, 0, 45, 3, 0, 5.05, 5.05, 1, 0.528, False
4, 5, 0, 46, 4, 0, 2.1, 2.1, 0, 0.74, True
4, 5, 0, 47, 4, 0, 0.19, 0.19, 0, 0.504, True
4, 5, 0, 48, 3, 1, 0.04, 0.04, 0, 0.55, False
4, 5, 0, 49, 4, 1, 2.11, 2.11, 1, 0.467, True
4, 6, 0, 0, 7, 0, 0.36, 0.36, 0, 0.635, True
4, 6, 0, 1, 7, 1, 5.22, 5.22, 1, 0.42, True
4, 6, 0, 2, 6, 1, 3.88, 3.88, 1, 0.399, True
4, 6, 0, 3, 6, 1, 0.56, 0.56, 1, 0.41, True
4, 6, 0, 4, 5, 0, 5.87, 5.87, 1, 0.652, False
4, 6, 0, 5, 6, 0, 2.88, 2.88, 1, 0.693, False
4, 6, 0, 6, 7, 1, 2.49, 2.49, 1, 0.436, True
4, 6, 0, 7, 7, 1, 5.45, 5.45, 1, 0.404, True
4, 6, 0, 8, 6, 0, 3.09, 3.09, 1, 0.598, False
4, 6, 0, 9, 7, 0, 4.56, 4.56, 1, 0.488, False
4, 6, 0, 10, 8, 0, 4.4, 4.4, 1, 0.655, False
4, 6, 0, 11, 9, 0, 1.76, 1.76, 0, 0.679, True
4, 6, 0, 12, 9, 0, 5.15, 5.15, 0, 0.548, True
4, 6, 0, 13, 8, 0, 2.85, 2.85, 0, 0.423, True
4, 6, 0, 14, 8, 0, 0.24, 0.24, 1, 0.593, False
4, 6, 0, 15, 9, 1, 1.75, 1.75, 1, 0.452, True
4, 6, 0, 16, 9, 0, 0.29, 0.29, 0, 0.539, True
4, 6, 0, 17, 8, 1, 0.95, 0.95, 1, 0.432, True
4, 6, 0, 18, 8, 1, 3.12, 3.12, 1, 0.527, True
4, 6, 0, 19, 7, 0, 4.12, 4.12, 1, 1.115, False
4, 6, 0, 20, 8, 0, 3.04, 3.04, 0, 1.144, True
4, 6, 0, 21, 8, 1, 5.86, 5.86, 1, 0.349, True
4, 6, 0, 22, 7, 0, 1.19, 1.19, 1, 0.778, False
4, 6, 0, 23, 8, 0, 4.53, 4.53, 0, 0.533, True
4, 6, 0, 24, 8, 1, 5.99, 5.99, 1, 0.411, True
4, 6, 0, 25, 7, 0, 2.76, 2.76, 0, 0.501, True
4, 6, 0, 26, 7, 0, 2.27, 2.27, 0, 1.108, True
4, 6, 0, 27, 6, 1, 3.86, 3.86, 1, 0.451, True
4, 6, 0, 28, 6, 0, 0.38, 0.38, 0, 0.963, True
4, 6, 0, 29, 5, 0, 0.26, 0.26, 0, 0.709, True
4, 6, 0, 30, 5, 1, 6.24, 6.24, 1, 0.409, True
4, 6, 0, 31, 4, 1, 3.8, 3.8, 1, 0.498, True
4, 6, 0, 32, 4, 0, 4.58, 4.58, 1, 0.665, False
4, 6, 0, 33, 5, 0, 0.15, 0.15, 0, 0.424, True
4, 6, 0, 34, 5, 1, 1.84, 1.84, 1, 0.45, True
4, 6, 0, 35, 4, 0, 3.54, 3.54, 0, 0.595, True
4, 6, 0, 36, 4, 1, 0.22, 0.22, 1, 0.421, True
4, 6, 0, 37, 3, 1, 2.0, 2.0, 1, 0.455, True
4, 6, 0, 38, 3, 1, 3.56, 3.56, 1, 0.416, True
4, 6, 0, 39, 2, 1, 2.79, 2.79, 1, 0.418, True
4, 6, 0, 40, 2, 0, 2.35, 2.35, 1, 0.436, False
4, 6, 0, 41, 3, 1, 4.46, 4.46, 1, 0.363, True
4, 6, 0, 42, 3, 1, 1.54, 1.54, 1, 0.367, True
4, 6, 0, 43, 2, 1, 5.92, 5.92, 1, 0.235, True
4, 6, 0, 44, 2, 0, 3.79, 3.79, 1, 1.229, False
4, 6, 0, 45, 3, 1, 4.43, 4.43, 1, 0.486, True
4, 6, 0, 46, 3, 0, 1.62, 1.62, 0, 0.421, True
4, 6, 0, 47, 2, 1, 4.17, 4.17, 1, 0.679, True
4, 6, 0, 48, 2, 0, 0.84, 0.84, 1, 0.391, False
4, 6, 0, 49, 3, 1, 1.27, 1.27, 1, 0.442, True
4, 7, 1, 0, 13, 0, 1.73, 4.87, 1, 0.59, False
4, 7, 1, 1, 14, 1, 1.26, 4.4, 1, 0.481, True
4, 7, 1, 2, 14, 1, 4.89, 1.75, 1, 0.608, True
4, 7, 1, 3, 13, 1, 0.25, 3.39, 1, 0.393, True
4, 7, 1, 4, 13, 0, 1.23, 4.37, 0, 0.506, True
4, 7, 1, 5, 12, 1, 4.1, 0.96, 1, 0.856, True
4, 7, 1, 6, 12, 1, 0.65, 3.79, 1, 0.456, True
4, 7, 1, 7, 11, 0, 3.89, 0.75, 1, 0.544, False
4, 7, 1, 8, 12, 1, 2.05, 5.19, 1, 0.533, True
4, 7, 1, 9, 12, 1, 3.09, 6.23, 1, 0.53, True
4, 7, 1, 10, 11, 1, 4.24, 1.1, 1, 0.424, True
4, 7, 1, 11, 11, 1, 4.83, 1.68, 0, 0.746, False
4, 7, 1, 12, 12, 0, 5.45, 2.31, 0, 0.743, True
4, 7, 1, 13, 12, 1, 1.02, 4.16, 1, 0.436, True
4, 7, 1, 14, 11, 0, 4.76, 1.61, 1, 0.469, False
4, 7, 1, 15, 12, 0, 1.1, 4.25, 1, 0.428, False
4, 7, 1, 16, 13, 1, 0.6, 3.75, 1, 0.5, True
4, 7, 1, 17, 13, 1, 6.24, 3.1, 1, 0.49, True
4, 7, 1, 18, 12, 0, 1.18, 4.33, 1, 0.361, False
4, 7, 1, 19, 13, 0, 1.01, 4.15, 1, 0.43, False
4, 7, 1, 20, 14, 1, 1.51, 4.65, 1, 0.359, True
4, 7, 1, 21, 14, 0, 5.87, 2.72, 1, 0.387, False
4, 7, 1, 22, 15, 1, 3.68, 0.53, 1, 0.455, True
4, 7, 1, 23, 15, 0, 2.07, 5.21, 0, 0.559, True
4, 7, 1, 24, 14, 0, 3.0, 6.15, 0, 0.467, True
4, 7, 1, 25, 14, 0, 3.4, 0.26, 0, 0.355, True
4, 7, 1, 26, 13, 1, 2.11, 5.25, 0, 0.488, False
4, 7, 1, 27, 14, 1, 1.12, 4.26, 1, 0.439, True
4, 7, 1, 28, 14, 0, 4.99, 1.84, 1, 0.528, False
4, 7, 1, 29, 15, 1, 0.69, 3.83, 1, 0.389, True
4, 7, 1, 30, 15, 0, 0.5, 3.64, 1, 0.383, False
4, 7, 1, 31, 16, 0, 2.63, 5.78, 0, 0.506, True
4, 7, 1, 32, 16, 0, 2.87, 6.01, 0, 0.361, True
4, 7, 1, 33, 15, 1, 3.79, 0.65, 0, 0.469, False
4, 7, 1, 34, 16, 1, 2.21, 5.35, 1, 0.373, True
4, 7, 1, 35, 16, 1, 3.08, 6.22, 1, 0.41, True
4, 7, 1, 36, 15, 1, 0.53, 3.67, 1, 1.219, True
4, 7, 1, 37, 15, 0, 5.91, 2.77, 0, 0.709, True
4, 7, 1, 38, 14, 1, 5.48, 2.34, 1, 0.483, True
4, 7, 1, 39, 14, 1, 5.23, 2.09, 1, 0.418, True
4, 7, 1, 40, 13, 1, 5.28, 2.14, 1, 0.416, True
4, 7, 1, 41, 13, 1, 3.3, 0.16, 0, 0.345, False
4, 7, 1, 42, 14, 1, 0.25, 3.39, 1, 0.47, True
4, 7, 1, 43, 14, 1, 4.61, 1.47, 1, 0.373, True
4, 7, 1, 44, 13, 1, 3.61, 0.47, 1, 0.392, True
4, 7, 1, 45, 13, 1, 1.28, 4.42, 1, 0.387, True
4, 7, 1, 46, 12, 0, 0.71, 3.86, 1, 0.43, False
4, 7, 1, 47, 13, 1, 4.07, 0.93, 1, 0.376, True
4, 7, 1, 48, 13, 1, 5.96, 2.82, 1, 0.332, True
4, 7, 1, 49, 12, 0, 6.13, 2.99, 1, 0.362, False
