3, 0, 1, 0, 30, 1, 3.03, 6.17, 0, 13.822, False
3, 0, 1, 1, 31, 1, 4.31, 1.17, 1, 1.871, True
3, 0, 1, 2, 31, 1, 5.2, 2.06, 1, 2.423, True
3, 0, 1, 3, 30, 0, 4.91, 1.76, 0, 2.232, True
3, 0, 1, 4, 30, 1, 4.89, 1.75, 1, 1.9, True
3, 0, 1, 5, 29, 0, 1.06, 4.2, 0, 2.014, True
3, 0, 1, 6, 29, 1, 5.04, 1.9, 1, 1.359, True
3, 0, 1, 7, 28, 1, 3.91, 0.77, 1, 0.427, True
3, 0, 1, 8, 28, 1, 2.67, 5.81, 1, 0.541, True
3, 0, 1, 9, 27, 0, 3.17, 0.02, 1, 0.427, False
3, 1, 0, 0, 30, 1, 5.77, 5.77, 1, 0.502, True
3, 1, 0, 1, 30, 0, 2.3, 2.3, 1, 0.481, False
3, 1, 0, 2, 31, 0, 4.3, 4.3, 0, 0.473, True
3, 1, 0, 3, 31, 0, 1.96, 1.96, 0, 0.42, True
3, 1, 0, 4, 30, 0, 1.58, 1.58, 0, 0.601, True
3, 1, 0, 5, 30, 1, 6.1, 6.1, 1, 0.392, True
3, 1, 0, 6, 29, 0, 2.34, 2.34, 0, 0.436, True
3, 1, 0, 7, 29, 0, 2.73, 2.73, 0, 0.422, True
3, 1, 0, 8, 28, 0, 3.91, 3.91, 0, 0.423, True
3, 1, 0, 9, 28, 0, 6.13, 6.13, 0, 0.505, True
3, 2, 0, 0, 7, 1, 2.14, 2.14, 0, 1.326, False
3, 2, 0, 1, 8, 0, 4.51, 4.51, 0, 0.796, True
3, 2, 0, 2, 8, 0, 1.11, 1.11, 0, 0.903, True
3, 2, 0, 3, 7, 1, 1.95, 1.95, 1, 8.986, True
3, 2, 0, 4, 7, 1, 2.88, 2.88, 1, 1.149, True
3, 2, 0, 5, 6, 1, 5.76, 5.76, 1, 0.77, True
3, 2, 0, 6, 6, 0, 5.29, 5.29, 0, 0.975, True
3, 2, 0, 7, 5, 1, 2.02, 2.02, 1, 1.271, True
3, 2, 0, 8, 5, 1, 1.86, 1.86, 0, 0.675, False
3, 2, 0, 9, 6, 0, 2.43, 2.43, 0, 0.634, True
3, 2, 0, 10, 6, 1, 0.72, 0.72, 1, 0.523, True
3, 2, 0, 11, 5, 0, 2.01, 2.01, 0, 0.697, True
3, 2, 0, 12, 5, 0, 2.31, 2.31, 1, 1.048, False
3, 2, 0, 13, 6, 0, 1.1, 1.1, 1, 1.273, False
3, 2, 0, 14, 7, 1, 3.42, 3.42, 1, 0.553, True
3, 2, 0, 15, 7, 1, 0.94, 0.94, 1, 1.149, True
3, 2, 0, 16, 6, 1, 0.85, 0.85, 1, 0.642, True
3, 2, 0, 17, 6, 1, 1.51, 1.51, 1, 1.679, True
3, 2, 0, 18, 5, 1, 2.24, 2.24, 1, 0.762, True
3, 2, 0, 19, 5, 0, 2.55, 2.55, 0, 1.206, True
3, 2, 0, 20, 4, 1, 4.48, 4.48, 0, 0.489, False
3, 2, 0, 21, 5, 0, 1.07, 1.07, 0, 0.488, True
3, 2, 0, 22, 5, 0, 4.9, 4.9, 1, 0.728, False
3, 2, 0, 23, 6, 1, 0.24, 0.24, 1, 0.837, True
3, 2, 0, 24, 6, 0, 1.19, 1.19, 0, 0.695, True
3, 2, 0, 25, 5, 1, 3.21, 3.21, 1, 0.421, True
3, 2, 0, 26, 5, 0, 6.07, 6.07, 1, 0.423, False
3, 2, 0, 27, 6, 1, 4.58, 4.58, 1, 0.457, True
3, 2, 0, 28, 6, 0, 4.09, 4.09, 1, 0.618, False
3, 2, 0, 29, 7, 1, 1.97, 1.97, 0, 1.32, False
3, 2, 0, 30, 8, 0, 3.38, 3.38, 0, 0.613, True
3, 2, 0, 31, 8, 0, 2.44, 2.44, 1, 0.591, False
3, 2, 0, 32, 9, 0, 2.32, 2.32, 1, 0.674, False
3, 2, 0, 33, 10, 1, 2.47, 2.47, 1, 0.442, True
3, 2, 0, 34, 10, 0, 5.81, 5.81, 0, 0.771, True
3, 2, 0, 35, 9, 0, 4.36, 4.36, 0, 0.439, True
3, 2, 0, 36, 9, 0, 2.19, 2.19, 0, 0.464, True
3, 2, 0, 37, 8, 0, 1.4, 1.4, 0, 0.584, True
3, 2, 0, 38, 8, 0, 2.43, 2.43, 1, 0.58, False
3, 2, 0, 39, 9, 1, 2.29, 2.29, 0, 0.455, False
3, 2, 0, 40, 10, 1, 4.59, 4.59, 1, 0.558, True
3, 2, 0, 41, 10, 0, 5.42, 5.42, 0, 0.946, True
3, 2, 0, 42, 9, 1, 0.64, 0.64, 1, 0.455, True
3, 2, 0, 43, 9, 1, 3.93, 3.93, 1, 0.456, True
3, 2, 0, 44, 8, 1, 4.17, 4.17, 1, 0.936, True
3, 2, 0, 45, 8, 0, 1.82, 1.82, 0, 0.453, True
3, 2, 0, 46, 7, 0, 1.06, 1.06, 0, 0.486, True
3, 2, 0, 47, 7, 0, 1.31, 1.31, 0, 0.853, True
3, 2, 0, 48, 6, 1, 1.16, 1.16, 1, 0.582, True
3, 2, 0, 49, 6, 0, 2.49, 2.49, 0, 0.601, True
3, 3, 1, 0, 13, 0, 2.87, 6.01, 0, 0.877, True
3, 3, 1, 1, 13, 1, 2.14, 5.28, 1, 0.489, True
3, 3, 1, 2, 12, 1, 3.96, 0.82, 0, 0.904, False
3, 3, 1, 3, 13, 0, 1.13, 4.27, 0, 1.255, True
3, 3, 1, 4, 13, 0, 3.23, 0.09, 1, 1.127, False
3, 3, 1, 5, 14, 1, 2.12, 5.26, 1, 0.917, True
3, 3, 1, 6, 14, 0, 3.15, 0.01, 0, 0.691, True
3, 3, 1, 7, 13, 0, 6.19, 3.05, 0, 0.754, True
3, 3, 1, 8, 13, 1, 1.52, 4.66, 1, 0.55, True
3, 3, 1, 9, 12, 1, 3.86, 0.71, 0, 0.771, False
3, 3, 1, 10, 13, 1, 4.98, 1.83, 0, 0.775, False
3, 3, 1, 11, 14, 0, 4.57, 1.43, 0, 0.683, True
3, 3, 1, 12, 14, 1, 6.09, 2.95, 0, 0.818, False
3, 3, 1, 13, 15, 1, 4.94, 1.8, 1, 0.572, True
3, 3, 1, 14, 15, 0, 2.28, 5.42, 1, 0.734, False
3, 3, 1, 15, 16, 0, 4.1, 0.96, 0, 0.883, True
3, 3, 1, 16, 16, 0, 2.74, 5.88, 0, 0.69, True
3, 3, 1, 17, 15, 0, 1.62, 4.76, 1, 0.769, False
3, 3, 1, 18, 16, 0, 2.85, 5.99, 1, 1.317, False
3, 3, 1, 19, 17, 1, 4.53, 1.38, 1, 0.697, True
3, 3, 1, 20, 17, 0, 1.21, 4.35, 0, 0.552, True
3, 3, 1, 21, 16, 0, 4.1, 0.96, 0, 1.14, True
3, 3, 1, 22, 16, 0, 5.82, 2.68, 0, 0.585, True
3, 3, 1, 23, 15, 1, 2.19, 5.34, 1, 0.517, True
3, 3, 1, 24, 15, 0, 4.91, 1.77, 1, 0.691, False
3, 3, 1, 25, 16, 1, 2.5, 5.64, 1, 1.215, True
3, 3, 1, 26, 16, 1, 6.13, 2.99, 1, 0.51, True
3, 3, 1, 27, 15, 1, 4.57, 1.43, 0, 0.62, False
3, 3, 1, 28, 16, 1, 5.64, 2.5, 1, 0.422, True
3, 3, 1, 29, 16, 1, 5.47, 2.33, 1, 0.583, True
3, 3, 1, 30, 15, 0, 0.88, 4.02, 1, 0.85, False
3, 3, 1, 31, 16, 0, 0.74, 3.88, 0, 0.803, True
3, 3, 1, 32, 16, 0, 0.69, 3.83, 0, 0.533, True
3, 3, 1, 33, 15, 0, 2.46, 5.6, 0, 0.699, True
3, 3, 1, 34, 15, 1, 6.15, 3.01, 1, 0.529, True
3, 3, 1, 35, 14, 0, 6.02, 2.88, 0, 0.583, True
3, 3, 1, 36, 14, 0, 3.65, 0.51, 0, 1.57, True
3, 3, 1, 37, 13, 0, 5.19, 2.05, 0, 0.683, True
3, 3, 1, 38, 13, 1, 2.06, 5.21, 1, 0.551, True
3, 3, 1, 39, 12, 0, 0.61, 3.75, 0, 0.564, True
3, 3, 1, 40, 12, 1, 4.53, 1.39, 1, 0.791, True
3, 3, 1, 41, 11, 1, 4.44, 1.3, 1, 0.602, True
3, 3, 1, 42, 11, 0, 3.96, 0.82, 0, 0.965, True
3, 3, 1, 43, 10, 1, 3.18, 0.04, 1, 0.521, True
3, 3, 1, 44, 10, 1, 2.71, 5.85, 0, 0.951, False
3, 3, 1, 45, 11, 0, 6.06, 2.92, 0, 0.756, True
3, 3, 1, 46, 11, 0, 1.39, 4.53, 1, 1.016, False
3, 3, 1, 47, 12, 1, 2.61, 5.75, 1, 0.882, True
3, 3, 1, 48, 12, 0, 3.63, 0.49, 0, 1.528, True
3, 3, 1, 49, 11, 0, 1.29, 4.43, 0, 0.899, True
3, 4, 1, 0, 13, 1, 4.43, 1.29, 1, 1.174, True
3, 4, 1, 1, 13, 1, 2.19, 5.33, 1, 1.37, True
3, 4, 1, 2, 12, 0, 4.73, 1.59, 0, 0.677, True
3, 4, 1, 3, 12, 1, 0.09, 3.23, 1, 1.349, True
3, 4, 1, 4, 11, 0, 4.39, 1.25, 1, 0.89, False
3, 4, 1, 5, 12, 0, 4.58, 1.44, 0, 0.719, True
3, 4, 1, 6, 12, 1, 3.27, 0.12, 0, 0.517, False
3, 4, 1, 7, 13, 0, 2.21, 5.35, 1, 1.323, False
3, 4, 1, 8, 14, 1, 4.47, 1.33, 1, 0.633, True
3, 4, 1, 9, 14, 1, 5.26, 2.11, 1, 0.842, True
3, 4, 1, 10, 13, 0, 2.31, 5.45, 0, 0.787, True
3, 4, 1, 11, 13, 0, 0.61, 3.75, 0, 0.572, True
3, 4, 1, 12, 12, 1, 5.0, 1.86, 1, 2.2, True
3, 4, 1, 13, 12, 0, 5.86, 2.72, 0, 0.587, True
3, 4, 1, 14, 11, 1, 3.33, 0.19, 1, 0.934, True
3, 4, 1, 15, 11, 1, 5.86, 2.72, 1, 0.883, True
3, 4, 1, 16, 10, 0, 3.9, 0.75, 0, 1.379, True
3, 4, 1, 17, 10, 1, 1.7, 4.84, 1, 0.854, True
3, 4, 1, 18, 9, 0, 1.9, 5.04, 0, 1.895, True
3, 4, 1, 19, 9, 1, 2.08, 5.22, 0, 0.918, False
3, 4, 1, 20, 10, 0, 5.91, 2.77, 1, 0.803, False
3, 4, 1, 21, 11, 1, 3.41, 0.27, 1, 0.614, True
3, 4, 1, 22, 11, 1, 5.68, 2.54, 1, 0.495, True
3, 4, 1, 23, 10, 0, 5.83, 2.69, 0, 0.804, True
3, 4, 1, 24, 10, 0, 3.79, 0.65, 0, 1.494, True
3, 4, 1, 25, 9, 0, 2.18, 5.32, 1, 0.789, False
3, 4, 1, 26, 10, 1, 2.65, 5.79, 0, 0.857, False
3, 4, 1, 27, 11, 1, 1.13, 4.27, 0, 1.801, False
3, 4, 1, 28, 12, 0, 5.73, 2.59, 1, 1.155, False
3, 4, 1, 29, 13, 0, 0.05, 3.19, 0, 1.288, True
3, 4, 1, 30, 13, 0, 1.69, 4.83, 0, 0.791, True
3, 4, 1, 31, 12, 1, 1.83, 4.97, 1, 0.61, True
3, 4, 1, 32, 12, 0, 4.94, 1.8, 0, 0.884, True
3, 4, 1, 33, 11, 0, 3.89, 0.75, 1, 0.892, False
3, 4, 1, 34, 12, 0, 1.97, 5.11, 0, 0.593, True
3, 4, 1, 35, 12, 0, 4.75, 1.6, 0, 1.042, True
3, 4, 1, 36, 11, 1, 0.27, 3.41, 1, 0.896, True
3, 4, 1, 37, 11, 1, 4.36, 1.22, 1, 0.886, True
3, 4, 1, 38, 10, 1, 3.92, 0.78, 0, 0.87, False
3, 4, 1, 39, 11, 0, 1.73, 4.87, 1, 0.885, False
3, 4, 1, 40, 12, 1, 2.46, 5.61, 1, 0.677, True
3, 4, 1, 41, 12, 0, 3.24, 0.1, 0, 1.108, True
3, 4, 1, 42, 11, 0, 4.43, 1.29, 1, 0.843, False
3, 4, 1, 43, 12, 0, 0.38, 3.52, 1, 0.708, False
3, 4, 1, 44, 13, 1, 5.03, 1.89, 1, 0.721, True
3, 4, 1, 45, 13, 1, 2.72, 5.86, 1, 0.615, True
3, 4, 1, 46, 12, 1, 4.84, 1.7, 0, 0.791, False
3, 4, 1, 47, 13, 1, 0.31, 3.45, 1, 1.104, True
3, 4, 1, 48, 13, 0, 3.67, 0.53, 0, 0.747, True
3, 4, 1, 49, 12, 1, 1.9, 5.04, 0, 0.616, False
3, 5, 0, 0, 7, 0, 0.84, 0.84, 1, 1.535, False
3, 5, 0, 1, 8, 1, 0.76, 0.76, 1, 1.301, True
3, 5, 0, 2, 8, 1, 4.21, 4.21, 0, 0.899, False
3, 5, 0, 3, 9, 0, 3.36, 3.36, 0, 0.722, True
3, 5, 0, 4, 9, 0, 1.85, 1.85, 0, 0.56, True
3, 5, 0, 5, 8, 0, 2.81, 2.81, 0, 0.509, True
3, 5, 0, 6, 8, 1, 0.29, 0.29, 1, 0.508, True
3, 5, 0, 7, 7, 0, 4.39, 4.39, 0, 0.578, True
3, 5, 0, 8, 7, 1, 2.66, 2.66, 1, 0.734, True
3, 5, 0, 9, 6, 0, 4.82, 4.82, 0, 0.963, True
3, 5, 0, 10, 6, 1, 6.04, 6.04, 1, 0.76, True
3, 5, 0, 11, 5, 1, 1.95, 1.95, 0, 0.579, False
3, 5, 0, 12, 6, 0, 0.46, 0.46, 0, 0.503, True
3, 5, 0, 13, 6, 0, 5.03, 5.03, 0, 0.661, True
3, 5, 0, 14, 5, 0, 3.01, 3.01, 0, 1.205, True
3, 5, 0, 15, 5, 0, 5.8, 5.8, 1, 0.728, False
3, 5, 0, 16, 6, 1, 2.0, 2.0, 1, 0.517, True
3, 5, 0, 17, 6, 0, 4.36, 4.36, 0, 0.675, True
3, 5, 0, 18, 5, 1, 4.84, 4.84, 1, 0.515, True
3, 5, 0, 19, 5, 1, 3.05, 3.05, 1, 0.497, True
3, 5, 0, 20, 4, 1, 2.08, 2.08, 1, 1.078, True
3, 5, 0, 21, 4, 1, 1.72, 1.72, 1, 0.467, True
3, 5, 0, 22, 3, 0, 3.66, 3.66, 0, 0.657, True
3, 5, 0, 23, 3, 1, 3.09, 3.09, 0, 0.542, False
3, 5, 0, 24, 4, 1, 2.99, 2.99, 0, 0.674, False
3, 5, 0, 25, 5, 1, 3.72, 3.72, 1, 0.53, True
3, 5, 0, 26, 5, 1, 3.06, 3.06, 1, 0.984, True
3, 5, 0, 27, 4, 1, 4.02, 4.02, 1, 0.747, True
3, 5, 0, 28, 4, 0, 1.57, 1.57, 0, 0.584, True
3, 5, 0, 29, 3, 0, 1.49, 1.49, 0, 0.963, True
3, 5, 0, 30, 3, 0, 3.88, 3.88, 1, 0.544, False
3, 5, 0, 31, 4, 1, 6.11, 6.11, 0, 0.956, False
3, 5, 0, 32, 5, 1, 4.48, 4.48, 0, 1.423, False
3, 5, 0, 33, 6, 1, 3.11, 3.11, 0, 0.91, False
3, 5, 0, 34, 7, 0, 0.81, 0.81, 1, 0.634, False
3, 5, 0, 35, 8, 0, 4.47, 4.47, 0, 0.592, True
3, 5, 0, 36, 8, 1, 3.51, 3.51, 1, 0.978, True
3, 5, 0, 37, 7, 0, 2.56, 2.56, 0, 1.229, True
3, 5, 0, 38, 7, 0, 5.25, 5.25, 1, 0.855, False
3, 5, 0, 39, 8, 0, 5.14, 5.14, 1, 0.552, False
3, 5, 0, 40, 9, 0, 5.08, 5.08, 0, 0.804, True
3, 5, 0, 41, 9, 0, 4.74, 4.74, 0, 0.663, True
3, 5, 0, 42, 8, 1, 0.38, 0.38, 1, 0.463, True
3, 5, 0, 43, 8, 1, 3.66, 3.66, 1, 0.455, True
3, 5, 0, 44, 7, 0, 1.49, 1.49, 0, 0.59, True
3, 5, 0, 45, 7, 1, 3.98, 3.98, 1, 0.463, True
3, 5, 0, 46, 6, 1, 4.52, 4.52, 0, 1.357, False
3, 5, 0, 47, 7, 1, 5.69, 5.69, 1, 0.501, True
3, 5, 0, 48, 7, 1, 4.71, 4.71, 1, 0.523, True
3, 5, 0, 49, 6, 0, 2.29, 2.29, 0, 0.489, True
3, 6, 0, 0, 7, 0, 5.96, 5.96, 0, 0.877, True
3, 6, 0, 1, 7, 0, 5.12, 5.12, 0, 0.517, True
3, 6, 0, 2, 6, 0, 5.72, 5.72, 0, 1.042, True
3, 6, 0, 3, 6, 1, 6.07, 6.07, 1, 0.556, True
3, 6, 0, 4, 5, 0, 6.07, 6.07, 0, 0.552, True
3, 6, 0, 5, 5, 0, 0.91, 0.91, 0, 0.621, True
3, 6, 0, 6, 4, 1, 1.4, 1.4, 1, 0.599, True
3, 6, 0, 7, 4, 0, 0.57, 0.57, 0, 0.53, True
3, 6, 0, 8, 3, 1, 3.3, 3.3, 0, 0.663, False
3, 6, 0, 9, 4, 1, 5.86, 5.86, 1, 1.112, True
3, 6, 0, 10, 4, 0, 1.94, 1.94, 0, 0.644, True
3, 6, 0, 11, 3, 1, 1.32, 1.32, 1, 1.037, True
3, 6, 0, 12, 3, 0, 1.69, 1.69, 0, 0.55, True
3, 6, 0, 13, 2, 1, 4.77, 4.77, 1, 2.675, True
3, 6, 0, 14, 2, 1, 0.39, 0.39, 1, 1.058, True
3, 6, 0, 15, 1, 0, 1.26, 1.26, 0, 0.77, True
3, 6, 0, 16, 1, 1, 1.83, 1.83, 1, 0.934, True
3, 6, 0, 17, 1, 1, 2.59, 2.59, 0, 1.028, False
3, 6, 0, 18, 2, 0, 3.85, 3.85, 1, 0.74, False
3, 6, 0, 19, 3, 0, 0.02, 0.02, 1, 0.894, False
3, 6, 0, 20, 4, 1, 2.78, 2.78, 1, 0.786, True
3, 6, 0, 21, 4, 0, 1.41, 1.41, 1, 0.859, False
3, 6, 0, 22, 5, 1, 2.91, 2.91, 1, 0.577, True
3, 6, 0, 23, 5, 0, 5.22, 5.22, 1, 0.644, False
3, 6, 0, 24, 6, 1, 2.99, 2.99, 1, 0.468, True
3, 6, 0, 25, 6, 0, 2.94, 2.94, 1, 0.5, False
3, 6, 0, 26, 7, 0, 0.01, 0.01, 0, 0.675, True
3, 6, 0, 27, 7, 0, 0.11, 0.11, 1, 0.85, False
3, 6, 0, 28, 8, 0, 2.03, 2.03, 0, 1.635, True
3, 6, 0, 29, 8, 1, 2.34, 2.34, 1, 0.58, True
3, 6, 0, 30, 7, 1, 1.52, 1.52, 1, 0.479, True
3, 6, 0, 31, 7, 1, 0.24, 0.24, 1, 0.445, True
3, 6, 0, 32, 6, 1, 4.13, 4.13, 1, 0.428, True
3, 6, 0, 33, 6, 1, 4.29, 4.29, 1, 0.445, True
3, 6, 0, 34, 5, 0, 2.43, 2.43, 1, 0.58, False
3, 6, 0, 35, 6, 0, 3.56, 3.56, 0, 0.535, True
3, 6, 0, 36, 6, 1, 6.02, 6.02, 1, 0.436, True
3, 6, 0, 37, 5, 0, 5.91, 5.91, 0, 0.693, True
3, 6, 0, 38, 5, 0, 5.46, 5.46, 0, 0.724, True
3, 6, 0, 39, 4, 0, 2.08, 2.08, 1, 0.946, False
3, 6, 0, 40, 5, 1, 3.01, 3.01, 0, 0.534, False
3, 6, 0, 41, 6, 0, 3.03, 3.03, 1, 0.708, False
3, 6, 0, 42, 7, 0, 4.29, 4.29, 0, 0.482, True
3, 6, 0, 43, 7, 0, 3.67, 3.67, 0, 0.762, True
3, 6, 0, 44, 6, 1, 2.42, 2.42, 1, 0.789, True
3, 6, 0, 45, 6, 1, 2.96, 2.96, 1, 0.52, True
3, 6, 0, 46, 5, 0, 3.81, 3.81, 0, 0.702, True
3, 6, 0, 47, 5, 0, 5.47, 5.47, 1, 0.517, False
3, 6, 0, 48, 6, 0, 4.05, 4.05, 0, 0.531, True
3, 6, 0, 49, 6, 1, 4.77, 4.77, 1, 0.496, True
3, 7, 1, 0, 13, 0, 2.05, 5.19, 0, 1.431, True
3, 7, 1, 1, 13, 1, 5.19, 2.05, 1, 0.488, True
3, 7, 1, 2, 12, 1, 0.6, 3.74, 0, 1.519, False
3, 7, 1, 3, 13, 0, 4.63, 1.49, 1, 0.853, False
3, 7, 1, 4, 14, 0, 0.76, 3.9, 0, 0.862, True
3, 7, 1, 5, 14, 1, 1.36, 4.5, 1, 0.566, True
3, 7, 1, 6, 13, 1, 3.05, 6.19, 1, 1.202, True
3, 7, 1, 7, 13, 1, 3.47, 0.33, 0, 2.012, False
3, 7, 1, 8, 14, 0, 0.43, 3.57, 1, 0.622, False
3, 7, 1, 9, 15, 1, 3.59, 0.45, 1, 1.351, True
3, 7, 1, 10, 15, 0, 4.89, 1.75, 1, 0.884, False
3, 7, 1, 11, 16, 0, 2.55, 5.69, 0, 0.643, True
3, 7, 1, 12, 16, 1, 0.97, 4.11, 1, 0.516, True
3, 7, 1, 13, 15, 1, 4.37, 1.23, 0, 0.714, False
3, 7, 1, 14, 16, 0, 3.71, 0.57, 1, 0.553, False
3, 7, 1, 15, 17, 1, 4.65, 1.51, 1, 0.597, True
3, 7, 1, 16, 17, 1, 3.74, 0.6, 1, 1.344, True
3, 7, 1, 17, 16, 0, 5.07, 1.93, 0, 0.458, True
3, 7, 1, 18, 16, 1, 2.64, 5.78, 1, 0.497, True
3, 7, 1, 19, 15, 1, 0.99, 4.13, 1, 0.606, True
3, 7, 1, 20, 15, 0, 1.91, 5.05, 0, 0.84, True
3, 7, 1, 21, 14, 0, 1.31, 4.45, 1, 0.481, False
3, 7, 1, 22, 15, 1, 0.47, 3.61, 1, 0.528, True
3, 7, 1, 23, 15, 1, 3.49, 0.35, 1, 1.997, True
3, 7, 1, 24, 14, 1, 2.84, 5.98, 1, 0.59, True
3, 7, 1, 25, 14, 1, 1.45, 4.6, 1, 0.466, True
3, 7, 1, 26, 13, 0, 3.86, 0.72, 0, 0.985, True
3, 7, 1, 27, 13, 1, 2.3, 5.45, 1, 0.516, True
3, 7, 1, 28, 12, 1, 0.76, 3.9, 1, 0.546, True
3, 7, 1, 29, 12, 0, 5.65, 2.51, 0, 0.823, True
3, 7, 1, 30, 11, 1, 2.4, 5.55, 1, 0.416, True
3, 7, 1, 31, 11, 0, 1.32, 4.46, 0, 0.482, True
3, 7, 1, 32, 10, 1, 1.99, 5.13, 1, 0.402, True
3, 7, 1, 33, 10, 1, 2.93, 6.08, 1, 0.98, True
3, 7, 1, 34, 9, 0, 1.17, 4.31, 0, 0.76, True
3, 7, 1, 35, 9, 1, 3.24, 0.09, 1, 0.476, True
3, 7, 1, 36, 8, 0, 5.54, 2.4, 0, 0.723, True
3, 7, 1, 37, 8, 1, 4.66, 1.52, 0, 0.737, False
3, 7, 1, 38, 9, 0, 5.64, 2.5, 0, 0.582, True
3, 7, 1, 39, 9, 0, 5.26, 2.11, 0, 0.577, True
3, 7, 1, 40, 8, 0, 4.0, 0.86, 0, 1.189, True
3, 7, 1, 41, 8, 1, 2.84, 5.98, 1, 0.544, True
3, 7, 1, 42, 7, 0, 1.23, 4.37, 0, 1.048, True
3, 7, 1, 43, 7, 1, 3.95, 0.81, 1, 0.76, True
3, 7, 1, 44, 6, 0, 1.77, 4.91, 1, 0.515, False
3, 7, 1, 45, 7, 0, 3.36, 0.22, 1, 0.808, False
3, 7, 1, 46, 8, 0, 1.83, 4.97, 1, 0.803, False
3, 7, 1, 47, 9, 1, 2.11, 5.25, 1, 0.501, True
3, 7, 1, 48, 9, 0, 3.61, 0.47, 1, 0.676, False
3, 7, 1, 49, 10, 0, 6.09, 2.95, 0, 0.787, True
