5, 0, 1, 0, 30, 0, 3.55, 0.41, 0, 5.168, True
5, 0, 1, 1, 30, 0, 3.93, 0.79, 0, 2.731, True
5, 0, 1, 2, 29, 1, 1.02, 4.16, 1, 0.994, True
5, 0, 1, 3, 29, 1, 0.06, 3.2, 1, 0.805, True
5, 0, 1, 4, 28, 0, 3.68, 0.54, 0, 1.489, True
5, 0, 1, 5, 28, 0, 6.14, 3.0, 0, 0.684, True
5, 0, 1, 6, 27, 0, 0.4, 3.55, 0, 0.537, True
5, 0, 1, 7, 27, 0, 3.62, 0.47, 0, 0.55, True
5, 0, 1, 8, 26, 1, 4.01, 0.87, 1, 0.563, True
5, 0, 1, 9, 26, 0, 0.75, 3.89, 0, 0.567, True
5, 1, 0, 0, 30, 1, 1.16, 1.16, 1, 0.514, True
5, 1, 0, 1, 30, 1, 3.2, 3.2, 1, 0.493, True
5, 1, 0, 2, 29, 0, 5.08, 5.08, 0, 0.548, True
5, 1, 0, 3, 29, 1, 1.23, 1.23, 1, 0.506, True
5, 1, 0, 4, 28, 1, 0.68, 0.68, 1, 0.517, True
5, 1, 0, 5, 28, 1, 4.82, 4.82, 1, 0.489, True
5, 1, 0, 6, 27, 1, 0.36, 0.36, 1, 0.488, True
5, 1, 0, 7, 27, 0, 2.92, 2.92, 0, 0.456, True
5, 1, 0, 8, 26, 0, 5.08, 5.08, 0, 0.52, True
5, 1, 0, 9, 26, 1, 5.58, 5.58, 1, 0.406, True
5, 2, 0, 0, 7, 0, 4.53, 4.53, 0, 0.67, True
5, 2, 0, 1, 7, 1, 2.72, 2.72, 1, 0.486, True
5, 2, 0, 2, 6, 0, 6.04, 6.04, 0, 0.5, True
5, 2, 0, 3, 6, 0, 5.03, 5.03, 0, 0.687, True
5, 2, 0, 4, 5, 1, 4.82, 4.82, 0, 0.992, False
5, 2, 0, 5, 6, 1, 2.02, 2.02, 1, 0.524, True
5, 2, 0, 6, 6, 1, 0.97, 0.97, 1, 0.595, True
5, 2, 0, 7, 5, 1, 1.75, 1.75, 1, 0.537, True
5, 2, 0, 8, 5, 1, 0.09, 0.09, 1, 0.515, True
5, 2, 0, 9, 4, 0, 1.68, 1.68, 0, 0.68, True
5, 2, 0, 10, 4, 1, 6.18, 6.18, 1, 0.488, True
5, 2, 0, 11, 3, 0, 5.49, 5.49, 1, 0.599, False
5, 2, 0, 12, 4, 1, 2.38, 2.38, 0, 0.73, False
5, 2, 0, 13, 5, 0, 0.79, 0.79, 1, 0.807, False
5, 2, 0, 14, 6, 0, 3.57, 3.57, 0, 0.842, True
5, 2, 0, 15, 6, 1, 5.9, 5.9, 1, 0.522, True
5, 2, 0, 16, 5, 0, 4.87, 4.87, 0, 0.719, True
5, 2, 0, 17, 5, 0, 1.83, 1.83, 0, 0.817, True
5, 2, 0, 18, 4, 1, 5.83, 5.83, 1, 0.623, True
5, 2, 0, 19, 4, 0, 5.53, 5.53, 1, 0.569, False
5, 2, 0, 20, 5, 1, 1.9, 1.9, 1, 0.645, True
5, 2, 0, 21, 5, 0, 0.13, 0.13, 0, 0.486, True
5, 2, 0, 22, 4, 0, 0.23, 0.23, 0, 0.693, True
5, 2, 0, 23, 4, 0, 1.06, 1.06, 0, 0.724, True
5, 2, 0, 24, 3, 0, 4.88, 4.88, 1, 0.842, False
5, 2, 0, 25, 4, 0, 2.25, 2.25, 1, 0.721, False
5, 2, 0, 26, 5, 0, 1.57, 1.57, 0, 0.477, True
5, 2, 0, 27, 5, 0, 1.66, 1.66, 0, 0.728, True
5, 2, 0, 28, 4, 0, 3.13, 3.13, 1, 0.472, False
5, 2, 0, 29, 5, 0, 0.08, 0.08, 0, 0.515, True
5, 2, 0, 30, 5, 1, 4.37, 4.37, 1, 0.753, True
5, 2, 0, 31, 4, 0, 2.16, 2.16, 0, 0.654, True
5, 2, 0, 32, 4, 0, 3.89, 3.89, 1, 0.519, False
5, 2, 0, 33, 5, 1, 5.49, 5.49, 1, 0.549, True
5, 2, 0, 34, 5, 0, 0.4, 0.4, 1, 0.73, False
5, 2, 0, 35, 6, 1, 2.32, 2.32, 1, 0.504, True
5, 2, 0, 36, 6, 1, 5.94, 5.94, 1, 0.534, True
5, 2, 0, 37, 5, 1, 5.09, 5.09, 1, 0.515, True
5, 2, 0, 38, 5, 0, 0.02, 0.02, 0, 0.494, True
5, 2, 0, 39, 4, 1, 2.59, 2.59, 1, 0.451, True
5, 2, 0, 40, 4, 1, 5.28, 5.28, 1, 0.5, True
5, 2, 0, 41, 3, 0, 0.09, 0.09, 1, 0.923, False
5, 2, 0, 42, 4, 0, 5.18, 5.18, 1, 0.984, False
5, 2, 0, 43, 5, 0, 4.17, 4.17, 0, 0.996, True
5, 2, 0, 44, 5, 1, 5.0, 5.0, 1, 0.687, True
5, 2, 0, 45, 4, 0, 4.73, 4.73, 0, 1.206, True
5, 2, 0, 46, 4, 1, 3.77, 3.77, 1, 0.609, True
5, 2, 0, 47, 3, 1, 0.68, 0.68, 1, 0.819, True
5, 2, 0, 48, 3, 1, 3.16, 3.16, 1, 0.661, True
5, 2, 0, 49, 2, 1, 2.83, 2.83, 1, 0.74, True
5, 3, 1, 0, 13, 1, 3.04, 6.18, 1, 0.776, True
5, 3, 1, 1, 13, 1, 4.52, 1.38, 0, 0.71, False
5, 3, 1, 2, 14, 1, 3.94, 0.8, 1, 0.556, True
5, 3, 1, 3, 14, 0, 6.22, 3.08, 0, 0.537, True
5, 3, 1, 4, 13, 0, 6.25, 3.11, 0, 0.534, True
5, 3, 1, 5, 13, 0, 0.78, 3.92, 1, 0.668, False
5, 3, 1, 6, 14, 0, 3.04, 6.18, 0, 0.556, True
5, 3, 1, 7, 14, 0, 1.46, 4.61, 1, 0.745, False
5, 3, 1, 8, 15, 1, 0.68, 3.83, 1, 0.533, True
5, 3, 1, 9, 15, 1, 4.86, 1.72, 0, 0.827, False
5, 3, 1, 10, 16, 0, 0.63, 3.78, 0, 0.485, True
5, 3, 1, 11, 16, 1, 4.45, 1.31, 1, 0.507, True
5, 3, 1, 12, 15, 0, 1.98, 5.12, 0, 0.559, True
5, 3, 1, 13, 15, 0, 1.17, 4.31, 0, 1.401, True
5, 3, 1, 14, 14, 0, 0.12, 3.26, 0, 0.539, True
5, 3, 1, 15, 14, 1, 3.72, 0.58, 1, 0.984, True
5, 3, 1, 16, 13, 0, 3.25, 0.11, 0, 0.499, True
5, 3, 1, 17, 13, 0, 1.11, 4.25, 0, 0.49, True
5, 3, 1, 18, 12, 1, 3.65, 0.51, 1, 0.49, True
5, 3, 1, 19, 12, 0, 2.9, 6.04, 0, 0.505, True
5, 3, 1, 20, 11, 1, 1.44, 4.58, 1, 0.495, True
5, 3, 1, 21, 11, 0, 2.32, 5.47, 0, 0.47, True
5, 3, 1, 22, 10, 0, 2.36, 5.5, 0, 0.406, True
5, 3, 1, 23, 10, 1, 5.66, 2.52, 1, 0.472, True
5, 3, 1, 24, 9, 0, 0.15, 3.29, 0, 0.446, True
5, 3, 1, 25, 9, 0, 4.64, 1.5, 0, 0.517, True
5, 3, 1, 26, 8, 0, 0.67, 3.81, 1, 0.362, False
5, 3, 1, 27, 9, 0, 1.14, 4.29, 1, 0.446, False
5, 3, 1, 28, 10, 1, 2.89, 6.03, 1, 0.503, True
5, 3, 1, 29, 10, 0, 6.02, 2.88, 0, 0.389, True
5, 3, 1, 30, 9, 1, 4.83, 1.69, 1, 0.441, True
5, 3, 1, 31, 9, 0, 4.44, 1.3, 1, 0.922, False
5, 3, 1, 32, 10, 0, 0.49, 3.63, 0, 0.504, True
5, 3, 1, 33, 10, 0, 3.43, 0.29, 1, 0.526, False
5, 3, 1, 34, 11, 0, 2.2, 5.34, 0, 0.82, True
5, 3, 1, 35, 11, 1, 2.77, 5.91, 1, 0.605, True
5, 3, 1, 36, 10, 0, 2.16, 5.31, 0, 0.846, True
5, 3, 1, 37, 10, 1, 1.35, 4.5, 1, 0.484, True
5, 3, 1, 38, 9, 1, 0.42, 3.56, 1, 0.561, True
5, 3, 1, 39, 9, 0, 4.06, 0.92, 1, 1.141, False
5, 3, 1, 40, 10, 1, 0.26, 3.4, 1, 0.53, True
5, 3, 1, 41, 10, 1, 2.17, 5.32, 1, 0.855, True
5, 3, 1, 42, 9, 0, 5.94, 2.8, 0, 1.112, True
5, 3, 1, 43, 9, 1, 5.57, 2.42, 1, 0.486, True
5, 3, 1, 44, 8, 0, 1.98, 5.12, 0, 0.789, True
5, 3, 1, 45, 8, 0, 0.34, 3.48, 1, 0.585, False
5, 3, 1, 46, 9, 0, 3.13, 6.27, 1, 0.548, False
5, 3, 1, 47, 10, 1, 5.29, 2.15, 1, 0.832, True
5, 3, 1, 48, 10, 0, 0.68, 3.82, 0, 1.456, True
5, 3, 1, 49, 9, 0, 0.09, 3.24, 1, 0.526, False
5, 4, 1, 0, 13, 0, 1.1, 4.24, 0, 0.503, True
5, 4, 1, 1, 13, 1, 0.99, 4.13, 1, 0.573, True
5, 4, 1, 2, 12, 0, 2.11, 5.25, 0, 0.624, True
5, 4, 1, 3, 12, 0, 5.83, 2.68, 0, 0.658, True
5, 4, 1, 4, 11, 1, 4.25, 1.11, 1, 0.507, True
5, 4, 1, 5, 11, 1, 4.71, 1.57, 1, 0.537, True
5, 4, 1, 6, 10, 0, 0.05, 3.19, 1, 0.759, False
5, 4, 1, 7, 11, 0, 5.85, 2.71, 0, 0.579, True
5, 4, 1, 8, 11, 1, 2.06, 5.21, 1, 1.254, True
5, 4, 1, 9, 10, 0, 2.05, 5.2, 0, 0.439, True
5, 4, 1, 10, 10, 0, 0.93, 4.07, 0, 0.494, True
5, 4, 1, 11, 9, 1, 0.01, 3.15, 1, 0.507, True
5, 4, 1, 12, 9, 0, 5.09, 1.95, 0, 0.77, True
5, 4, 1, 13, 8, 0, 6.17, 3.03, 1, 0.789, False
5, 4, 1, 14, 9, 1, 5.06, 1.92, 1, 0.521, True
5, 4, 1, 15, 9, 1, 0.07, 3.21, 1, 0.503, True
5, 4, 1, 16, 8, 0, 5.89, 2.74, 0, 0.933, True
5, 4, 1, 17, 8, 0, 3.69, 0.54, 1, 0.499, False
5, 4, 1, 18, 9, 1, 3.82, 0.68, 0, 1.129, False
5, 4, 1, 19, 10, 1, 2.59, 5.73, 1, 0.455, True
5, 4, 1, 20, 10, 0, 6.05, 2.91, 1, 0.52, False
5, 4, 1, 21, 11, 1, 5.61, 2.47, 1, 0.493, True
5, 4, 1, 22, 11, 1, 3.77, 0.63, 1, 0.754, True
5, 4, 1, 23, 10, 0, 0.83, 3.98, 0, 0.829, True
5, 4, 1, 24, 10, 0, 2.11, 5.25, 0, 0.558, True
5, 4, 1, 25, 9, 1, 5.01, 1.87, 1, 0.674, True
5, 4, 1, 26, 9, 0, 0.68, 3.82, 0, 0.466, True
5, 4, 1, 27, 8, 1, 0.12, 3.26, 1, 0.866, True
5, 4, 1, 28, 8, 1, 4.45, 1.31, 0, 1.114, False
5, 4, 1, 29, 9, 1, 5.39, 2.24, 1, 0.472, True
5, 4, 1, 30, 9, 0, 2.67, 5.81, 1, 0.552, False
5, 4, 1, 31, 10, 1, 2.73, 5.88, 1, 0.549, True
5, 4, 1, 32, 10, 1, 0.71, 3.85, 1, 0.522, True
5, 4, 1, 33, 9, 0, 6.23, 3.09, 0, 0.559, True
5, 4, 1, 34, 9, 0, 5.88, 2.73, 1, 0.561, False
5, 4, 1, 35, 10, 1, 5.32, 2.17, 1, 0.66, True
5, 4, 1, 36, 10, 0, 2.12, 5.27, 0, 0.441, True
5, 4, 1, 37, 9, 0, 2.27, 5.41, 0, 0.705, True
5, 4, 1, 38, 9, 1, 4.33, 1.19, 1, 0.488, True
5, 4, 1, 39, 8, 0, 0.24, 3.38, 1, 1.016, False
5, 4, 1, 40, 9, 0, 6.04, 2.9, 0, 0.961, True
5, 4, 1, 41, 9, 1, 4.04, 0.9, 1, 0.581, True
5, 4, 1, 42, 8, 0, 4.15, 1.01, 0, 0.729, True
5, 4, 1, 43, 8, 1, 3.86, 0.72, 1, 0.791, True
5, 4, 1, 44, 7, 1, 4.25, 1.1, 1, 0.466, True
5, 4, 1, 45, 7, 0, 1.72, 4.86, 0, 0.866, True
5, 4, 1, 46, 6, 0, 0.33, 3.48, 1, 1.016, False
5, 4, 1, 47, 7, 1, 0.33, 3.47, 0, 1.168, False
5, 4, 1, 48, 8, 0, 4.61, 1.47, 1, 0.872, False
5, 4, 1, 49, 9, 1, 4.11, 0.97, 1, 0.584, True
5, 5, 0, 0, 7, 1, 0.0, 0.0, 1, 0.639, True
5, 5, 0, 1, 7, 1, 4.93, 4.93, 1, 0.824, True
5, 5, 0, 2, 6, 0, 4.94, 4.94, 0, 0.634, True
5, 5, 0, 3, 6, 0, 6.16, 6.16, 0, 0.708, True
5, 5, 0, 4, 5, 1, 2.11, 2.11, 1, 0.723, True
5, 5, 0, 5, 5, 1, 5.7, 5.7, 0, 0.921, False
5, 5, 0, 6, 6, 1, 6.08, 6.08, 1, 0.551, True
5, 5, 0, 7, 6, 0, 3.08, 3.08, 0, 0.531, True
5, 5, 0, 8, 5, 0, 2.3, 2.3, 0, 0.649, True
5, 5, 0, 9, 5, 1, 1.86, 1.86, 1, 0.714, True
5, 5, 0, 10, 4, 1, 5.94, 5.94, 0, 0.776, False
5, 5, 0, 11, 5, 1, 4.21, 4.21, 0, 1.507, False
5, 5, 0, 12, 6, 1, 3.61, 3.61, 1, 0.41, True
5, 5, 0, 13, 6, 0, 2.32, 2.32, 0, 0.628, True
5, 5, 0, 14, 5, 0, 2.61, 2.61, 0, 0.917, True
5, 5, 0, 15, 5, 1, 4.85, 4.85, 1, 0.492, True
5, 5, 0, 16, 4, 0, 4.0, 4.0, 0, 0.683, True
5, 5, 0, 17, 4, 0, 2.4, 2.4, 1, 0.939, False
5, 5, 0, 18, 5, 0, 1.12, 1.12, 0, 1.096, True
5, 5, 0, 19, 5, 0, 1.97, 1.97, 1, 0.878, False
5, 5, 0, 20, 6, 1, 0.54, 0.54, 1, 0.564, True
5, 5, 0, 21, 6, 1, 1.94, 1.94, 1, 0.654, True
5, 5, 0, 22, 5, 1, 3.49, 3.49, 0, 1.004, False
5, 5, 0, 23, 6, 0, 5.5, 5.5, 0, 0.93, True
5, 5, 0, 24, 6, 1, 5.15, 5.15, 1, 0.631, True
5, 5, 0, 25, 5, 1, 2.18, 2.18, 1, 0.881, True
5, 5, 0, 26, 5, 0, 2.24, 2.24, 0, 0.552, True
5, 5, 0, 27, 4, 1, 0.98, 0.98, 0, 0.997, False
5, 5, 0, 28, 5, 0, 5.66, 5.66, 1, 0.952, False
5, 5, 0, 29, 6, 1, 6.09, 6.09, 1, 0.5, True
5, 5, 0, 30, 6, 1, 1.71, 1.71, 1, 0.891, True
5, 5, 0, 31, 5, 0, 5.46, 5.46, 0, 0.586, True
5, 5, 0, 32, 5, 0, 1.41, 1.41, 1, 0.723, False
5, 5, 0, 33, 6, 0, 0.85, 0.85, 0, 0.526, True
5, 5, 0, 34, 6, 0, 0.96, 0.96, 0, 1.018, True
5, 5, 0, 35, 5, 0, 1.85, 1.85, 0, 0.656, True
5, 5, 0, 36, 5, 1, 2.73, 2.73, 1, 0.809, True
5, 5, 0, 37, 4, 0, 0.27, 0.27, 0, 1.187, True
5, 5, 0, 38, 4, 1, 0.33, 0.33, 1, 0.615, True
5, 5, 0, 39, 3, 0, 0.75, 0.75, 0, 0.888, True
5, 5, 0, 40, 3, 0, 0.46, 0.46, 0, 0.824, True
5, 5, 0, 41, 2, 0, 3.21, 3.21, 0, 0.778, True
5, 5, 0, 42, 2, 1, 2.78, 2.78, 1, 0.965, True
5, 5, 0, 43, 1, 1, 3.37, 3.37, 0, 0.913, False
5, 5, 0, 44, 2, 1, 2.68, 2.68, 0, 0.733, False
5, 5, 0, 45, 3, 1, 1.44, 1.44, 1, 0.752, True
5, 5, 0, 46, 3, 0, 3.35, 3.35, 0, 0.931, True
5, 5, 0, 47, 2, 1, 4.18, 4.18, 0, 1.156, False
5, 5, 0, 48, 3, 1, 1.58, 1.58, 1, 0.992, True
5, 5, 0, 49, 3, 1, 3.13, 3.13, 0, 1.091, False
5, 6, 0, 0, 7, 0, 5.94, 5.94, 0, 0.558, True
5, 6, 0, 1, 7, 1, 2.39, 2.39, 1, 0.41, True
5, 6, 0, 2, 6, 0, 1.88, 1.88, 0, 0.468, True
5, 6, 0, 3, 6, 1, 3.73, 3.73, 1, 0.445, True
5, 6, 0, 4, 5, 1, 6.2, 6.2, 1, 0.622, True
5, 6, 0, 5, 5, 0, 4.73, 4.73, 0, 0.784, True
5, 6, 0, 6, 4, 1, 6.15, 6.15, 1, 0.876, True
5, 6, 0, 7, 4, 0, 4.76, 4.76, 0, 0.883, True
5, 6, 0, 8, 3, 1, 4.69, 4.69, 0, 0.843, False
5, 6, 0, 9, 4, 0, 0.36, 0.36, 0, 1.083, True
5, 6, 0, 10, 4, 0, 2.17, 2.17, 1, 0.577, False
5, 6, 0, 11, 5, 1, 3.14, 3.14, 1, 0.572, True
5, 6, 0, 12, 5, 0, 1.4, 1.4, 0, 0.585, True
5, 6, 0, 13, 4, 0, 2.94, 2.94, 0, 0.772, True
5, 6, 0, 14, 4, 0, 5.46, 5.46, 0, 0.744, True
5, 6, 0, 15, 3, 1, 2.19, 2.19, 0, 1.556, False
5, 6, 0, 16, 4, 0, 2.41, 2.41, 1, 0.985, False
5, 6, 0, 17, 5, 0, 0.12, 0.12, 0, 0.548, True
5, 6, 0, 18, 5, 0, 3.75, 3.75, 1, 0.519, False
5, 6, 0, 19, 6, 0, 1.56, 1.56, 0, 0.691, True
5, 6, 0, 20, 6, 0, 4.13, 4.13, 1, 0.504, False
5, 6, 0, 21, 7, 1, 0.33, 0.33, 1, 0.542, True
5, 6, 0, 22, 7, 1, 0.25, 0.25, 1, 0.56, True
5, 6, 0, 23, 6, 0, 1.94, 1.94, 1, 1.579, False
5, 6, 0, 24, 7, 0, 4.31, 4.31, 0, 0.471, True
5, 6, 0, 25, 7, 0, 0.49, 0.49, 0, 0.487, True
5, 6, 0, 26, 6, 1, 1.43, 1.43, 1, 0.518, True
5, 6, 0, 27, 6, 0, 2.56, 2.56, 0, 0.628, True
5, 6, 0, 28, 5, 1, 4.04, 4.04, 1, 0.598, True
5, 6, 0, 29, 5, 0, 0.24, 0.24, 0, 0.864, True
5, 6, 0, 30, 4, 0, 0.96, 0.96, 0, 0.521, True
5, 6, 0, 31, 4, 1, 5.89, 5.89, 0, 0.975, False
5, 6, 0, 32, 5, 0, 0.62, 0.62, 0, 1.089, True
5, 6, 0, 33, 5, 1, 4.83, 4.83, 1, 0.503, True
5, 6, 0, 34, 4, 1, 1.26, 1.26, 1, 0.563, True
5, 6, 0, 35, 4, 1, 4.04, 4.04, 0, 0.759, False
5, 6, 0, 36, 5, 1, 0.86, 0.86, 1, 0.515, True
5, 6, 0, 37, 5, 1, 5.57, 5.57, 1, 0.641, True
5, 6, 0, 38, 4, 1, 3.55, 3.55, 1, 0.634, True
5, 6, 0, 39, 4, 1, 3.1, 3.1, 0, 0.74, False
5, 6, 0, 40, 5, 0, 3.43, 3.43, 0, 0.777, True
5, 6, 0, 41, 5, 0, 2.16, 2.16, 0, 1.621, True
5, 6, 0, 42, 4, 1, 1.51, 1.51, 1, 0.677, True
5, 6, 0, 43, 4, 0, 5.56, 5.56, 0, 1.002, True
5, 6, 0, 44, 3, 0, 2.66, 2.66, 0, 0.93, True
5, 6, 0, 45, 3, 0, 1.15, 1.15, 1, 0.887, False
5, 6, 0, 46, 4, 0, 4.11, 4.11, 0, 0.597, True
5, 6, 0, 47, 4, 0, 2.39, 2.39, 0, 0.511, True
5, 6, 0, 48, 3, 0, 4.26, 4.26, 0, 0.79, True
5, 6, 0, 49, 3, 0, 5.17, 5.17, 1, 0.896, False
5, 7, 1, 0, 13, 0, 3.33, 0.19, 0, 0.591, True
5, 7, 1, 1, 13, 0, 0.09, 3.23, 0, 0.434, True
5, 7, 1, 2, 12, 0, 4.6, 1.46, 0, 0.499, True
5, 7, 1, 3, 12, 1, 5.98, 2.84, 1, 0.45, True
5, 7, 1, 4, 11, 0, 4.18, 1.03, 0, 0.546, True
5, 7, 1, 5, 11, 1, 5.93, 2.79, 1, 0.421, True
5, 7, 1, 6, 10, 1, 2.28, 5.42, 0, 0.461, False
5, 7, 1, 7, 11, 1, 2.97, 6.11, 1, 0.452, True
5, 7, 1, 8, 11, 1, 1.75, 4.9, 1, 0.512, True
5, 7, 1, 9, 10, 0, 5.8, 2.65, 0, 0.413, True
5, 7, 1, 10, 10, 1, 1.55, 4.7, 1, 0.527, True
5, 7, 1, 11, 9, 1, 3.44, 0.29, 1, 0.516, True
5, 7, 1, 12, 9, 1, 1.64, 4.78, 1, 0.546, True
5, 7, 1, 13, 8, 0, 0.4, 3.54, 1, 1.12, False
5, 7, 1, 14, 9, 0, 5.73, 2.59, 0, 0.614, True
5, 7, 1, 15, 9, 1, 2.1, 5.24, 1, 0.44, True
5, 7, 1, 16, 8, 0, 4.46, 1.32, 0, 0.489, True
5, 7, 1, 17, 8, 1, 6.1, 2.96, 1, 0.464, True
5, 7, 1, 18, 7, 0, 6.24, 3.1, 1, 0.808, False
5, 7, 1, 19, 8, 1, 5.13, 1.98, 1, 0.539, True
5, 7, 1, 20, 8, 1, 2.93, 6.07, 1, 0.51, True
5, 7, 1, 21, 7, 1, 0.07, 3.21, 1, 0.45, True
5, 7, 1, 22, 7, 0, 4.32, 1.18, 1, 0.563, False
5, 7, 1, 23, 8, 1, 3.75, 0.61, 1, 0.455, True
5, 7, 1, 24, 8, 0, 0.26, 3.4, 0, 0.6, True
5, 7, 1, 25, 7, 0, 1.17, 4.31, 1, 0.594, False
5, 7, 1, 26, 8, 1, 5.53, 2.39, 1, 0.485, True
5, 7, 1, 27, 8, 1, 0.19, 3.33, 1, 0.5, True
5, 7, 1, 28, 7, 0, 2.7, 5.84, 1, 1.875, False
5, 7, 1, 29, 8, 1, 0.76, 3.9, 1, 0.539, True
5, 7, 1, 30, 8, 1, 2.26, 5.4, 1, 1.472, True
5, 7, 1, 31, 7, 1, 2.51, 5.65, 0, 0.893, False
5, 7, 1, 32, 8, 1, 5.7, 2.56, 1, 0.531, True
5, 7, 1, 33, 8, 0, 4.08, 0.94, 0, 0.743, True
5, 7, 1, 34, 7, 1, 0.63, 3.77, 1, 0.556, True
5, 7, 1, 35, 7, 0, 4.16, 1.02, 0, 0.697, True
5, 7, 1, 36, 6, 1, 2.42, 5.56, 0, 0.744, False
5, 7, 1, 37, 7, 1, 3.45, 0.31, 0, 0.757, False
5, 7, 1, 38, 8, 0, 3.52, 0.38, 1, 0.737, False
5, 7, 1, 39, 9, 1, 1.13, 4.27, 1, 0.678, True
5, 7, 1, 40, 9, 0, 0.02, 3.16, 0, 0.55, True
5, 7, 1, 41, 8, 0, 3.88, 0.74, 0, 0.555, True
5, 7, 1, 42, 8, 1, 0.58, 3.72, 1, 0.471, True
5, 7, 1, 43, 7, 0, 1.47, 4.62, 1, 0.59, False
5, 7, 1, 44, 8, 1, 2.87, 6.01, 1, 0.594, True
5, 7, 1, 45, 8, 1, 0.18, 3.33, 1, 0.54, True
5, 7, 1, 46, 7, 1, 1.76, 4.9, 0, 0.673, False
5, 7, 1, 47, 8, 1, 5.73, 2.58, 1, 0.489, True
5, 7, 1, 48, 8, 0, 3.6, 0.46, 1, 0.592, False
5, 7, 1, 49, 9, 0, 5.79, 2.65, 1, 0.507, False
