6, 0, 1, 0, 30, 0, 1.05, 4.19, 0, 3.365, True
6, 0, 1, 1, 30, 0, 0.3, 3.44, 0, 5.048, True
6, 0, 1, 2, 29, 0, 5.58, 2.44, 0, 0.889, True
6, 0, 1, 3, 29, 0, 0.32, 3.46, 0, 0.842, True
6, 0, 1, 4, 28, 1, 2.14, 5.29, 0, 0.981, False
6, 0, 1, 5, 29, 1, 4.65, 1.51, 0, 5.22, False
6, 0, 1, 6, 30, 0, 0.37, 3.52, 0, 1.667, True
6, 0, 1, 7, 30, 1, 0.15, 3.29, 1, 1.692, True
6, 0, 1, 8, 29, 0, 5.79, 2.65, 1, 1.579, False
6, 0, 1, 9, 30, 1, 3.16, 0.02, 0, 1.446, False
6, 1, 0, 0, 30, 1, 1.89, 1.89, 1, 0.6, True
6, 1, 0, 1, 30, 1, 1.37, 1.37, 1, 0.438, True
6, 1, 0, 2, 29, 1, 0.22, 0.22, 1, 0.384, True
6, 1, 0, 3, 29, 0, 5.77, 5.77, 0, 0.5, True
6, 1, 0, 4, 28, 0, 0.97, 0.97, 0, 0.462, True
6, 1, 0, 5, 28, 1, 5.29, 5.29, 1, 0.468, True
6, 1, 0, 6, 27, 1, 2.77, 2.77, 1, 0.387, True
6, 1, 0, 7, 27, 0, 2.4, 2.4, 0, 0.566, True
6, 1, 0, 8, 26, 0, 0.19, 0.19, 0, 0.491, True
6, 1, 0, 9, 26, 0, 4.82, 4.82, 0, 0.57, True
6, 2, 0, 0, 7, 0, 0.15, 0.15, 0, 0.815, True
6, 2, 0, 1, 7, 0, 1.16, 1.16, 0, 1.241, True
6, 2, 0, 2, 6, 0, 0.58, 0.58, 0, 0.69, True
6, 2, 0, 3, 6, 1, 1.75, 1.75, 1, 0.495, True
6, 2, 0, 4, 5, 0, 5.46, 5.46, 1, 1.004, False
6, 2, 0, 5, 6, 0, 0.67, 0.67, 1, 0.864, False
6, 2, 0, 6, 7, 1, 4.29, 4.29, 1, 0.45, True
6, 2, 0, 7, 7, 1, 1.38, 1.38, 1, 0.549, True
6, 2, 0, 8, 6, 1, 5.48, 5.48, 1, 0.758, True
6, 2, 0, 9, 6, 1, 1.15, 1.15, 1, 0.777, True
6, 2, 0, 10, 5, 1, 4.9, 4.9, 1, 0.644, True
6, 2, 0, 11, 5, 0, 0.97, 0.97, 1, 1.365, False
6, 2, 0, 12, 6, 0, 5.33, 5.33, 1, 0.825, False
6, 2, 0, 13, 7, 0, 3.23, 3.23, 0, 0.651, True
6, 2, 0, 14, 7, 0, 3.12, 3.12, 0, 0.652, True
6, 2, 0, 15, 6, 0, 4.07, 4.07, 0, 1.357, True
6, 2, 0, 16, 6, 0, 2.33, 2.33, 0, 0.789, True
6, 2, 0, 17, 5, 1, 0.75, 0.75, 1, 1.483, True
6, 2, 0, 18, 5, 1, 4.25, 4.25, 1, 0.614, True
6, 2, 0, 19, 4, 0, 0.38, 0.38, 1, 0.768, False
6, 2, 0, 20, 5, 0, 0.71, 0.71, 1, 0.772, False
6, 2, 0, 21, 6, 0, 2.28, 2.28, 1, 0.776, False
6, 2, 0, 22, 7, 0, 2.02, 2.02, 1, 0.828, False
6, 2, 0, 23, 8, 0, 3.29, 3.29, 1, 0.902, False
6, 2, 0, 24, 9, 1, 5.96, 5.96, 1, 1.052, True
6, 2, 0, 25, 9, 1, 2.03, 2.03, 1, 0.773, True
6, 2, 0, 26, 8, 1, 2.24, 2.24, 1, 0.905, True
6, 2, 0, 27, 8, 1, 3.98, 3.98, 1, 0.919, True
6, 2, 0, 28, 7, 1, 4.69, 4.69, 1, 0.545, True
6, 2, 0, 29, 7, 1, 1.72, 1.72, 1, 0.73, True
6, 2, 0, 30, 6, 1, 4.77, 4.77, 1, 0.576, True
6, 2, 0, 31, 6, 1, 3.47, 3.47, 1, 0.723, True
6, 2, 0, 32, 5, 0, 2.55, 2.55, 0, 0.737, True
6, 2, 0, 33, 5, 1, 4.65, 4.65, 0, 0.918, False
6, 2, 0, 34, 6, 0, 1.21, 1.21, 0, 0.764, True
6, 2, 0, 35, 6, 1, 1.54, 1.54, 1, 1.704, True
6, 2, 0, 36, 5, 0, 2.64, 2.64, 0, 1.343, True
6, 2, 0, 37, 5, 1, 1.82, 1.82, 0, 0.724, False
6, 2, 0, 38, 6, 1, 2.37, 2.37, 1, 0.618, True
6, 2, 0, 39, 6, 1, 4.71, 4.71, 1, 0.66, True
6, 2, 0, 40, 5, 1, 4.48, 4.48, 0, 0.96, False
6, 2, 0, 41, 6, 1, 5.25, 5.25, 0, 0.749, False
6, 2, 0, 42, 7, 1, 3.21, 3.21, 1, 0.721, True
6, 2, 0, 43, 7, 1, 1.36, 1.36, 0, 0.743, False
6, 2, 0, 44, 8, 1, 3.5, 3.5, 1, 0.548, True
6, 2, 0, 45, 8, 0, 1.9, 1.9, 0, 0.681, True
6, 2, 0, 46, 7, 0, 3.81, 3.81, 0, 0.553, True
6, 2, 0, 47, 7, 1, 0.5, 0.5, 0, 0.597, False
6, 2, 0, 48, 8, 0, 5.2, 5.2, 0, 0.968, True
6, 2, 0, 49, 8, 0, 3.12, 3.12, 0, 0.708, True
6, 3, 1, 0, 13, 0, 4.95, 1.8, 1, 1.599, False
6, 3, 1, 1, 14, 1, 0.55, 3.69, 0, 1.334, False
6, 3, 1, 2, 15, 1, 5.28, 2.14, 0, 0.876, False
6, 3, 1, 3, 16, 0, 0.68, 3.82, 0, 1.859, True
6, 3, 1, 4, 16, 0, 2.0, 5.14, 1, 1.484, False
6, 3, 1, 5, 17, 0, 2.14, 5.29, 0, 0.971, True
6, 3, 1, 6, 17, 0, 0.17, 3.31, 0, 1.703, True
6, 3, 1, 7, 16, 0, 4.54, 1.39, 1, 2.213, False
6, 3, 1, 8, 17, 0, 5.97, 2.83, 1, 2.007, False
6, 3, 1, 9, 18, 0, 4.59, 1.45, 0, 1.722, True
6, 3, 1, 10, 18, 1, 3.05, 6.19, 1, 1.383, True
6, 3, 1, 11, 17, 0, 4.34, 1.2, 0, 2.123, True
6, 3, 1, 12, 17, 1, 2.06, 5.21, 1, 2.217, True
6, 3, 1, 13, 16, 0, 5.78, 2.64, 0, 1.211, True
6, 3, 1, 14, 16, 0, 1.65, 4.8, 0, 1.11, True
6, 3, 1, 15, 15, 1, 0.91, 4.05, 0, 1.548, False
6, 3, 1, 16, 16, 1, 0.17, 3.31, 1, 1.097, True
6, 3, 1, 17, 16, 1, 4.28, 1.14, 1, 1.24, True
6, 3, 1, 18, 15, 0, 0.62, 3.77, 0, 1.145, True
6, 3, 1, 19, 15, 1, 0.35, 3.49, 1, 1.134, True
6, 3, 1, 20, 14, 1, 4.87, 1.73, 0, 1.244, False
6, 3, 1, 21, 15, 1, 3.05, 6.19, 0, 1.429, False
6, 3, 1, 22, 16, 1, 0.74, 3.88, 1, 1.11, True
6, 3, 1, 23, 16, 1, 4.37, 1.23, 0, 1.053, False
6, 3, 1, 24, 17, 0, 5.26, 2.12, 1, 1.198, False
6, 3, 1, 25, 18, 1, 3.98, 0.84, 1, 1.136, True
6, 3, 1, 26, 18, 0, 3.78, 0.64, 0, 2.408, True
6, 3, 1, 27, 17, 0, 5.31, 2.17, 0, 1.402, True
6, 3, 1, 28, 17, 1, 1.71, 4.85, 1, 1.428, True
6, 3, 1, 29, 16, 1, 4.05, 0.91, 1, 1.222, True
6, 3, 1, 30, 16, 0, 0.2, 3.34, 0, 1.192, True
6, 3, 1, 31, 15, 1, 5.92, 2.78, 0, 1.051, False
6, 3, 1, 32, 16, 0, 1.29, 4.43, 1, 1.539, False
6, 3, 1, 33, 17, 1, 1.22, 4.37, 1, 1.225, True
6, 3, 1, 34, 17, 1, 3.46, 0.31, 1, 1.674, True
6, 3, 1, 35, 16, 0, 5.5, 2.36, 0, 1.21, True
6, 3, 1, 36, 16, 0, 5.33, 2.19, 0, 1.332, True
6, 3, 1, 37, 15, 1, 0.18, 3.32, 1, 1.553, True
6, 3, 1, 38, 15, 1, 0.16, 3.3, 1, 1.617, True
6, 3, 1, 39, 14, 0, 2.64, 5.78, 0, 1.051, True
6, 3, 1, 40, 14, 0, 2.94, 6.08, 0, 1.436, True
6, 3, 1, 41, 13, 1, 0.02, 3.16, 1, 1.253, True
6, 3, 1, 42, 13, 1, 2.58, 5.72, 1, 1.541, True
6, 3, 1, 43, 12, 1, 0.16, 3.3, 0, 1.658, False
6, 3, 1, 44, 13, 0, 3.65, 0.51, 1, 1.01, False
6, 3, 1, 45, 14, 0, 4.2, 1.06, 1, 1.621, False
6, 3, 1, 46, 15, 1, 4.58, 1.43, 0, 1.126, False
6, 3, 1, 47, 16, 1, 4.29, 1.15, 0, 1.332, False
6, 3, 1, 48, 17, 1, 0.56, 3.71, 0, 1.113, False
6, 3, 1, 49, 18, 0, 3.24, 0.1, 1, 1.4, False
6, 4, 1, 0, 13, 0, 3.84, 0.7, 1, 1.218, False
6, 4, 1, 1, 14, 1, 1.22, 4.36, 0, 0.932, False
6, 4, 1, 2, 15, 0, 6.09, 2.94, 1, 1.409, False
6, 4, 1, 3, 16, 0, 0.61, 3.75, 0, 1.18, True
6, 4, 1, 4, 16, 0, 0.48, 3.63, 1, 0.967, False
6, 4, 1, 5, 17, 0, 5.89, 2.75, 0, 1.043, True
6, 4, 1, 6, 17, 1, 5.21, 2.06, 1, 0.885, True
6, 4, 1, 7, 16, 0, 2.29, 5.43, 1, 2.131, False
6, 4, 1, 8, 17, 0, 5.4, 2.26, 0, 0.768, True
6, 4, 1, 9, 17, 0, 2.18, 5.32, 0, 0.564, True
6, 4, 1, 10, 16, 0, 2.69, 5.83, 0, 0.536, True
6, 4, 1, 11, 16, 0, 4.03, 0.89, 0, 0.63, True
6, 4, 1, 12, 15, 1, 2.51, 5.65, 1, 0.612, True
6, 4, 1, 13, 15, 0, 5.58, 2.44, 0, 0.821, True
6, 4, 1, 14, 14, 1, 4.29, 1.15, 0, 0.615, False
6, 4, 1, 15, 15, 1, 5.64, 2.5, 0, 0.577, False
6, 4, 1, 16, 16, 1, 5.18, 2.03, 0, 0.517, False
6, 4, 1, 17, 17, 1, 4.3, 1.16, 1, 0.571, True
6, 4, 1, 18, 17, 1, 0.44, 3.59, 1, 0.535, True
6, 4, 1, 19, 16, 0, 0.1, 3.24, 0, 0.548, True
6, 4, 1, 20, 16, 0, 2.06, 5.2, 0, 0.489, True
6, 4, 1, 21, 15, 0, 2.68, 5.82, 0, 0.6, True
6, 4, 1, 22, 15, 1, 3.56, 0.42, 1, 0.531, True
6, 4, 1, 23, 14, 0, 0.06, 3.2, 0, 1.016, True
6, 4, 1, 24, 14, 1, 5.45, 2.31, 0, 0.904, False
6, 4, 1, 25, 15, 1, 5.32, 2.18, 1, 0.615, True
6, 4, 1, 26, 15, 0, 1.76, 4.91, 0, 0.569, True
6, 4, 1, 27, 14, 0, 5.5, 2.36, 0, 1.029, True
6, 4, 1, 28, 14, 1, 2.75, 5.89, 1, 0.503, True
6, 4, 1, 29, 13, 0, 3.41, 0.27, 0, 0.901, True
6, 4, 1, 30, 13, 1, 1.0, 4.14, 1, 0.628, True
6, 4, 1, 31, 12, 1, 2.37, 5.51, 1, 0.709, True
6, 4, 1, 32, 12, 0, 1.98, 5.12, 0, 0.66, True
6, 4, 1, 33, 11, 0, 6.27, 3.13, 0, 0.932, True
6, 4, 1, 34, 11, 1, 4.49, 1.35, 1, 0.721, True
6, 4, 1, 35, 10, 0, 1.3, 4.44, 1, 1.095, False
6, 4, 1, 36, 11, 0, 0.62, 3.76, 0, 0.941, True
6, 4, 1, 37, 11, 1, 1.8, 4.94, 1, 0.602, True
6, 4, 1, 38, 10, 1, 0.79, 3.93, 1, 0.613, True
6, 4, 1, 39, 10, 0, 1.21, 4.35, 1, 0.711, False
6, 4, 1, 40, 11, 1, 2.59, 5.73, 1, 0.454, True
6, 4, 1, 41, 11, 1, 4.95, 1.81, 1, 0.79, True
6, 4, 1, 42, 10, 0, 4.71, 1.57, 0, 0.705, True
6, 4, 1, 43, 10, 0, 4.19, 1.05, 0, 0.792, True
6, 4, 1, 44, 9, 1, 5.57, 2.43, 1, 0.642, True
6, 4, 1, 45, 9, 0, 1.92, 5.06, 0, 0.515, True
6, 4, 1, 46, 8, 1, 2.48, 5.62, 1, 0.465, True
6, 4, 1, 47, 8, 1, 0.29, 3.43, 1, 0.536, True
6, 4, 1, 48, 7, 0, 2.4, 5.54, 1, 0.645, False
6, 4, 1, 49, 8, 1, 0.6, 3.74, 1, 0.469, True
6, 5, 0, 0, 7, 0, 0.02, 0.02, 1, 0.749, False
6, 5, 0, 1, 8, 1, 5.05, 5.05, 1, 1.722, True
6, 5, 0, 2, 8, 1, 0.14, 0.14, 1, 0.712, True
6, 5, 0, 3, 7, 1, 2.55, 2.55, 1, 0.599, True
6, 5, 0, 4, 7, 1, 3.82, 3.82, 1, 0.546, True
6, 5, 0, 5, 6, 0, 4.98, 4.98, 1, 0.735, False
6, 5, 0, 6, 7, 0, 4.57, 4.57, 1, 0.692, False
6, 5, 0, 7, 8, 1, 3.23, 3.23, 1, 0.531, True
6, 5, 0, 8, 8, 0, 6.06, 6.06, 1, 0.873, False
6, 5, 0, 9, 9, 0, 1.48, 1.48, 1, 1.184, False
6, 5, 0, 10, 10, 0, 1.3, 1.3, 0, 0.692, True
6, 5, 0, 11, 10, 0, 4.77, 4.77, 0, 0.753, True
6, 5, 0, 12, 9, 1, 4.47, 4.47, 0, 0.837, False
6, 5, 0, 13, 10, 1, 4.64, 4.64, 1, 0.551, True
6, 5, 0, 14, 10, 0, 1.73, 1.73, 0, 0.804, True
6, 5, 0, 15, 9, 0, 6.2, 6.2, 0, 1.174, True
6, 5, 0, 16, 9, 0, 0.65, 0.65, 1, 0.554, False
6, 5, 0, 17, 10, 0, 0.54, 0.54, 0, 0.742, True
6, 5, 0, 18, 10, 0, 3.17, 3.17, 1, 0.516, False
6, 5, 0, 19, 11, 0, 1.93, 1.93, 1, 0.554, False
6, 5, 0, 20, 12, 0, 2.11, 2.11, 0, 1.429, True
6, 5, 0, 21, 12, 0, 2.19, 2.19, 0, 0.573, True
6, 5, 0, 22, 11, 1, 1.32, 1.32, 1, 0.558, True
6, 5, 0, 23, 11, 0, 0.49, 0.49, 1, 0.777, False
6, 5, 0, 24, 12, 1, 2.88, 2.88, 1, 0.484, True
6, 5, 0, 25, 12, 0, 1.05, 1.05, 0, 0.548, True
6, 5, 0, 26, 11, 0, 3.78, 3.78, 0, 0.704, True
6, 5, 0, 27, 11, 1, 4.77, 4.77, 1, 0.503, True
6, 5, 0, 28, 10, 1, 2.81, 2.81, 0, 0.677, False
6, 5, 0, 29, 11, 0, 4.47, 4.47, 0, 0.645, True
6, 5, 0, 30, 11, 1, 5.08, 5.08, 1, 0.454, True
6, 5, 0, 31, 10, 1, 1.33, 1.33, 1, 0.55, True
6, 5, 0, 32, 10, 1, 6.07, 6.07, 1, 0.571, True
6, 5, 0, 33, 9, 0, 0.41, 0.41, 1, 0.837, False
6, 5, 0, 34, 10, 1, 0.26, 0.26, 1, 0.628, True
6, 5, 0, 35, 10, 1, 6.1, 6.1, 1, 0.588, True
6, 5, 0, 36, 9, 0, 4.68, 4.68, 1, 0.664, False
6, 5, 0, 37, 10, 0, 5.2, 5.2, 0, 0.616, True
6, 5, 0, 38, 10, 0, 1.09, 1.09, 1, 0.522, False
6, 5, 0, 39, 11, 1, 0.92, 0.92, 1, 0.424, True
6, 5, 0, 40, 11, 0, 4.71, 4.71, 1, 0.786, False
6, 5, 0, 41, 12, 1, 4.29, 4.29, 0, 0.645, False
6, 5, 0, 42, 13, 0, 1.85, 1.85, 0, 0.662, True
6, 5, 0, 43, 13, 0, 1.17, 1.17, 0, 0.566, True
6, 5, 0, 44, 12, 1, 3.35, 3.35, 1, 1.138, True
6, 5, 0, 45, 12, 1, 1.92, 1.92, 1, 0.565, True
6, 5, 0, 46, 11, 0, 5.09, 5.09, 0, 0.959, True
6, 5, 0, 47, 11, 0, 2.64, 2.64, 1, 0.46, False
6, 5, 0, 48, 12, 0, 2.05, 2.05, 0, 5.74, True
6, 5, 0, 49, 12, 1, 6.24, 6.24, 1, 0.56, True
6, 6, 0, 0, 7, 1, 2.63, 2.63, 1, 0.507, True
6, 6, 0, 1, 7, 1, 0.54, 0.54, 1, 0.761, True
6, 6, 0, 2, 6, 1, 4.35, 4.35, 1, 0.533, True
6, 6, 0, 3, 6, 1, 0.22, 0.22, 1, 0.522, True
6, 6, 0, 4, 5, 0, 2.5, 2.5, 1, 0.481, False
6, 6, 0, 5, 6, 1, 3.63, 3.63, 0, 0.681, False
6, 6, 0, 6, 7, 0, 2.04, 2.04, 1, 0.632, False
6, 6, 0, 7, 8, 0, 1.95, 1.95, 1, 1.697, False
6, 6, 0, 8, 9, 1, 2.1, 2.1, 1, 0.464, True
6, 6, 0, 9, 9, 0, 0.73, 0.73, 0, 0.761, True
6, 6, 0, 10, 8, 1, 1.49, 1.49, 1, 0.493, True
6, 6, 0, 11, 8, 0, 4.07, 4.07, 0, 0.676, True
6, 6, 0, 12, 7, 0, 0.71, 0.71, 1, 0.979, False
6, 6, 0, 13, 8, 0, 3.48, 3.48, 1, 0.719, False
6, 6, 0, 14, 9, 1, 5.75, 5.75, 1, 0.869, True
6, 6, 0, 15, 9, 0, 1.28, 1.28, 1, 0.845, False
6, 6, 0, 16, 10, 1, 3.96, 3.96, 1, 0.95, True
6, 6, 0, 17, 10, 0, 5.9, 5.9, 0, 0.723, True
6, 6, 0, 18, 9, 0, 5.2, 5.2, 1, 0.856, False
6, 6, 0, 19, 10, 0, 5.15, 5.15, 1, 1.001, False
6, 6, 0, 20, 11, 1, 1.42, 1.42, 1, 0.564, True
6, 6, 0, 21, 11, 0, 2.48, 2.48, 0, 0.576, True
6, 6, 0, 22, 10, 1, 5.44, 5.44, 0, 1.249, False
6, 6, 0, 23, 11, 1, 3.53, 3.53, 1, 0.473, True
6, 6, 0, 24, 11, 1, 6.08, 6.08, 1, 0.512, True
6, 6, 0, 25, 10, 0, 4.94, 4.94, 0, 1.495, True
6, 6, 0, 26, 10, 0, 5.98, 5.98, 0, 1.061, True
6, 6, 0, 27, 9, 1, 4.54, 4.54, 1, 0.885, True
6, 6, 0, 28, 9, 1, 4.39, 4.39, 1, 0.757, True
6, 6, 0, 29, 8, 1, 0.58, 0.58, 1, 0.634, True
6, 6, 0, 30, 8, 0, 5.32, 5.32, 0, 0.923, True
6, 6, 0, 31, 7, 0, 3.92, 3.92, 1, 1.168, False
6, 6, 0, 32, 8, 1, 1.52, 1.52, 0, 0.514, False
6, 6, 0, 33, 9, 1, 3.62, 3.62, 1, 0.989, True
6, 6, 0, 34, 9, 1, 1.3, 1.3, 1, 0.549, True
6, 6, 0, 35, 8, 1, 5.92, 5.92, 0, 0.778, False
6, 6, 0, 36, 9, 1, 3.44, 3.44, 1, 0.533, True
6, 6, 0, 37, 9, 1, 4.34, 4.34, 1, 2.402, True
6, 6, 0, 38, 8, 1, 2.62, 2.62, 1, 1.845, True
6, 6, 0, 39, 8, 0, 0.52, 0.52, 0, 0.71, True
6, 6, 0, 40, 7, 1, 4.28, 4.28, 0, 1.028, False
6, 6, 0, 41, 8, 0, 0.43, 0.43, 0, 1.331, True
6, 6, 0, 42, 8, 1, 1.77, 1.77, 1, 0.457, True
6, 6, 0, 43, 7, 1, 1.95, 1.95, 1, 0.649, True
6, 6, 0, 44, 7, 0, 0.89, 0.89, 0, 1.007, True
6, 6, 0, 45, 6, 1, 0.67, 0.67, 1, 0.575, True
6, 6, 0, 46, 6, 1, 5.38, 5.38, 1, 0.89, True
6, 6, 0, 47, 5, 0, 3.29, 3.29, 1, 0.76, False
6, 6, 0, 48, 6, 1, 6.15, 6.15, 0, 0.932, False
6, 6, 0, 49, 7, 1, 5.25, 5.25, 1, 3.514, True
6, 7, 1, 0, 13, 1, 3.96, 0.82, 0, 4.42, False
6, 7, 1, 1, 14, 1, 1.91, 5.06, 1, 0.558, True
6, 7, 1, 2, 14, 1, 1.91, 5.05, 1, 0.402, True
6, 7, 1, 3, 13, 1, 0.66, 3.8, 1, 0.42, True
6, 7, 1, 4, 13, 0, 5.29, 2.15, 0, 0.83, True
6, 7, 1, 5, 12, 1, 5.87, 2.73, 1, 0.68, True
6, 7, 1, 6, 12, 1, 1.04, 4.18, 1, 0.503, True
6, 7, 1, 7, 11, 0, 0.11, 3.25, 0, 1.116, True
6, 7, 1, 8, 11, 0, 1.85, 4.99, 1, 2.88, False
6, 7, 1, 9, 12, 1, 3.77, 0.63, 1, 0.534, True
6, 7, 1, 10, 12, 1, 6.27, 3.13, 0, 0.9, False
6, 7, 1, 11, 13, 1, 4.04, 0.9, 1, 1.298, True
6, 7, 1, 12, 13, 0, 0.32, 3.46, 0, 0.953, True
6, 7, 1, 13, 12, 1, 3.27, 0.12, 1, -0.083, True
6, 7, 1, 14, 12, 0, 0.3, 3.44, 1, 1.262, False
6, 7, 1, 15, 13, 0, 4.34, 1.2, 0, 2.102, True
6, 7, 1, 16, 13, 1, 4.63, 1.49, 1, 0.612, True
6, 7, 1, 17, 12, 0, 5.06, 1.92, 1, 3.847, False
6, 7, 1, 18, 13, 1, 4.65, 1.51, 1, 0.63, True
6, 7, 1, 19, 13, 0, 3.14, 6.28, 0, 0.798, True
6, 7, 1, 20, 12, 0, 5.89, 2.74, 0, 0.79, True
6, 7, 1, 21, 12, 0, 0.73, 3.87, 1, 1.985, False
6, 7, 1, 22, 13, 0, 5.55, 2.41, 0, 0.845, True
6, 7, 1, 23, 13, 0, 0.38, 3.52, 0, 0.789, True
6, 7, 1, 24, 12, 1, 5.96, 2.82, 1, 3.224, True
6, 7, 1, 25, 12, 0, 3.16, 0.02, 0, 1.009, True
6, 7, 1, 26, 11, 1, 3.41, 0.27, 0, 1.42, False
6, 7, 1, 27, 12, 0, 3.86, 0.72, 1, 1.27, False
6, 7, 1, 28, 13, 1, 4.51, 1.37, 1, 0.597, True
6, 7, 1, 29, 13, 1, 0.26, 3.41, 1, 4.672, True
6, 7, 1, 30, 12, 1, 4.81, 1.67, 1, 0.671, True
6, 7, 1, 31, 12, 1, 3.67, 0.53, 1, 0.492, True
6, 7, 1, 32, 11, 1, 2.83, 5.98, 1, 0.427, True
6, 7, 1, 33, 11, 1, 0.41, 3.55, 1, 0.526, True
6, 7, 1, 34, 10, 0, 0.57, 3.71, 0, 0.539, True
6, 7, 1, 35, 10, 0, 1.66, 4.8, 1, 0.568, False
6, 7, 1, 36, 11, 1, 0.84, 3.98, 0, 2.9, False
6, 7, 1, 37, 12, 1, 0.25, 3.39, 1, 1.355, True
6, 7, 1, 38, 12, 1, 4.29, 1.15, 1, 0.871, True
6, 7, 1, 39, 11, 0, 2.27, 5.41, 1, 0.711, False
6, 7, 1, 40, 12, 0, 4.18, 1.03, 1, 0.557, False
6, 7, 1, 41, 13, 1, 4.28, 1.14, 1, 0.704, True
6, 7, 1, 42, 13, 0, 1.48, 4.63, 0, 0.967, True
6, 7, 1, 43, 12, 1, 3.23, 0.09, 1, 0.595, True
6, 7, 1, 44, 12, 0, 6.09, 2.95, 1, -1.1, False
6, 7, 1, 45, 13, 0, 3.65, 0.51, 0, 0.586, True
6, 7, 1, 46, 13, 1, 5.55, 2.41, 0, 0.697, False
6, 7, 1, 47, 14, 1, 0.66, 3.81, 1, 1.055, True
6, 7, 1, 48, 14, 1, 5.08, 1.94, 0, 3.206, False
6, 7, 1, 49, 15, 1, 4.5, 1.35, 1, 0.464, True
