8, 0, 0, 0, 20, 1, 1.36, 1.36, 1, 0.828, True
8, 0, 0, 1, 20, 1, 5.53, 5.53, 1, 0.697, True
8, 0, 0, 2, 19, 1, 0.85, 0.85, 1, 0.699, True
8, 0, 0, 3, 19, 1, 5.37, 5.37, 1, 0.494, True
8, 0, 0, 4, 18, 0, 5.42, 5.42, 0, 0.646, True
8, 0, 0, 5, 18, 1, 4.53, 4.53, 1, 0.812, True
8, 0, 0, 6, 17, 1, 4.37, 4.37, 1, 0.657, True
8, 0, 0, 7, 17, 1, 2.08, 2.08, 1, 0.617, True
8, 0, 0, 8, 16, 0, 1.15, 1.15, 0, 0.697, True
8, 0, 0, 9, 16, 1, 1.18, 1.18, 1, 0.523, True
8, 1, 1, 0, 20, 1, 3.6, 0.46, 0, 2.051, False
8, 1, 1, 1, 21, 0, 0.95, 4.09, 0, 0.644, True
8, 1, 1, 2, 21, 1, 5.73, 2.59, 1, 0.521, True
8, 1, 1, 3, 20, 1, 5.52, 2.38, 1, 0.614, True
8, 1, 1, 4, 20, 1, 5.25, 2.11, 1, 0.502, True
8, 1, 1, 5, 19, 0, 5.59, 2.45, 0, 0.625, True
8, 1, 1, 6, 19, 0, 0.01, 3.16, 0, 0.563, True
8, 1, 1, 7, 18, 0, 4.66, 1.52, 0, 0.507, True
8, 1, 1, 8, 18, 1, 3.06, 6.2, 1, 0.566, True
8, 1, 1, 9, 17, 1, 3.58, 0.43, 1, 0.686, True
8, 2, 1, 0, 9, 0, 2.19, 5.33, 0, 0.788, True
8, 2, 1, 1, 9, 0, 2.33, 5.47, 0, 0.515, True
8, 2, 1, 2, 8, 1, 5.0, 1.86, 1, 0.638, True
8, 2, 1, 3, 8, 1, 3.83, 0.69, 1, 0.481, True
8, 2, 1, 4, 7, 0, 1.03, 4.17, 0, 0.694, True
8, 2, 1, 5, 7, 1, 3.27, 0.13, 1, 0.515, True
8, 2, 1, 6, 6, 1, 3.86, 0.72, 0, 0.302, False
8, 2, 1, 7, 7, 0, 5.2, 2.06, 0, 0.478, True
8, 2, 1, 8, 7, 0, 0.6, 3.74, 1, 0.593, False
8, 2, 1, 9, 8, 0, 0.13, 3.27, 0, 0.491, True
8, 2, 1, 10, 8, 1, 3.8, 0.65, 1, 0.449, True
8, 2, 1, 11, 7, 1, 3.41, 0.27, 1, 0.478, True
8, 2, 1, 12, 7, 1, 0.57, 3.71, 1, 0.561, True
8, 2, 1, 13, 6, 1, 1.21, 4.35, 0, 0.518, False
8, 2, 1, 14, 7, 1, 4.24, 1.1, 1, 0.47, True
8, 2, 1, 15, 7, 0, 4.64, 1.5, 1, 0.518, False
8, 2, 1, 16, 8, 1, 3.65, 0.51, 0, 0.337, False
8, 2, 1, 17, 9, 0, 0.82, 3.96, 1, 0.505, False
8, 2, 1, 18, 10, 0, 5.75, 2.61, 0, 0.593, True
8, 2, 1, 19, 10, 1, 1.85, 5.0, 0, 0.542, False
8, 2, 1, 20, 11, 1, 4.01, 0.87, 1, 0.51, True
8, 2, 1, 21, 11, 1, 4.13, 0.99, 1, 0.409, True
8, 2, 1, 22, 10, 1, 4.52, 1.38, 1, 0.417, True
8, 2, 1, 23, 10, 0, 1.37, 4.51, 0, 0.537, True
8, 2, 1, 24, 9, 0, 5.07, 1.92, 1, 0.414, False
8, 2, 1, 25, 10, 1, 3.12, 6.27, 1, 0.483, True
8, 2, 1, 26, 10, 0, 0.25, 3.39, 0, 0.377, True
8, 2, 1, 27, 9, 1, 0.01, 3.15, 0, 0.441, False
8, 2, 1, 28, 10, 1, 3.2, 0.06, 1, 0.55, True
8, 2, 1, 29, 10, 0, 5.57, 2.43, 0, 0.507, True
8, 2, 1, 30, 9, 0, 5.84, 2.7, 0, 0.531, True
8, 2, 1, 31, 9, 1, 3.11, 6.25, 1, 0.467, True
8, 2, 1, 32, 8, 1, 3.85, 0.71, 0, 0.358, False
8, 2, 1, 33, 9, 0, 4.47, 1.33, 0, 0.561, True
8, 2, 1, 34, 9, 1, 1.18, 4.32, 1, 0.894, True
8, 2, 1, 35, 8, 0, 1.83, 4.97, 1, 0.915, False
8, 2, 1, 36, 9, 1, 0.17, 3.32, 1, 0.462, True
8, 2, 1, 37, 9, 1, 1.51, 4.65, 0, 0.734, False
8, 2, 1, 38, 10, 0, 3.75, 0.61, 0, 0.404, True
8, 2, 1, 39, 10, 1, 1.16, 4.3, 1, 0.473, True
8, 2, 1, 40, 9, 0, 3.63, 0.49, 0, 0.555, True
8, 2, 1, 41, 9, 1, 5.41, 2.27, 1, 0.43, True
8, 2, 1, 42, 8, 0, 4.14, 1.0, 0, 0.329, True
8, 2, 1, 43, 8, 1, 1.28, 4.42, 1, 0.462, True
8, 2, 1, 44, 7, 1, 3.23, 0.09, 1, 0.561, True
8, 2, 1, 45, 7, 1, 6.16, 3.02, 1, 0.483, True
8, 2, 1, 46, 6, 0, 4.25, 1.11, 0, 0.55, True
8, 2, 1, 47, 6, 0, 5.14, 1.99, 1, 0.374, False
8, 2, 1, 48, 7, 1, 3.29, 0.14, 1, 0.548, True
8, 2, 1, 49, 7, 1, 3.54, 0.4, 1, 0.534, True
8, 3, 0, 0, 5, 1, 1.73, 1.73, 1, 0.739, True
8, 3, 0, 1, 5, 1, 0.32, 0.32, 1, 0.651, True
8, 3, 0, 2, 4, 0, 2.36, 2.36, 1, 0.478, False
8, 3, 0, 3, 5, 1, 2.21, 2.21, 1, 0.478, True
8, 3, 0, 4, 5, 1, 3.61, 3.61, 1, 0.577, True
8, 3, 0, 5, 4, 1, 1.55, 1.55, 1, 0.483, True
8, 3, 0, 6, 4, 1, 6.07, 6.07, 1, 0.502, True
8, 3, 0, 7, 3, 0, 3.26, 3.26, 0, 0.665, True
8, 3, 0, 8, 3, 0, 3.54, 3.54, 1, 0.526, False
8, 3, 0, 9, 4, 1, 3.89, 3.89, 1, 0.55, True
8, 3, 0, 10, 4, 1, 4.14, 4.14, 0, 0.529, False
8, 3, 0, 11, 5, 1, 5.88, 5.88, 1, 0.619, True
8, 3, 0, 12, 5, 0, 1.1, 1.1, 1, 0.47, False
8, 3, 0, 13, 6, 0, 2.21, 2.21, 0, 0.532, True
8, 3, 0, 14, 6, 1, 4.11, 4.11, 1, 0.497, True
8, 3, 0, 15, 5, 1, 4.31, 4.31, 1, 0.467, True
8, 3, 0, 16, 5, 1, 1.27, 1.27, 1, 0.449, True
8, 3, 0, 17, 4, 1, 0.83, 0.83, 1, 0.489, True
8, 3, 0, 18, 4, 1, 0.1, 0.1, 1, 0.505, True
8, 3, 0, 19, 3, 1, 0.99, 0.99, 1, 0.475, True
8, 3, 0, 20, 3, 0, 2.45, 2.45, 1, 0.393, False
8, 3, 0, 21, 4, 0, 3.23, 3.23, 1, 0.406, False
8, 3, 0, 22, 5, 0, 0.62, 0.62, 1, 0.454, False
8, 3, 0, 23, 6, 0, 1.99, 1.99, 1, 0.465, False
8, 3, 0, 24, 7, 0, 4.67, 4.67, 0, 0.529, True
8, 3, 0, 25, 7, 0, 0.81, 0.81, 0, 0.393, True
8, 3, 0, 26, 6, 1, 1.43, 1.43, 1, 0.534, True
8, 3, 0, 27, 6, 1, 2.49, 2.49, 1, 0.51, True
8, 3, 0, 28, 5, 1, 0.37, 0.37, 1, 0.435, True
8, 3, 0, 29, 5, 0, 6.25, 6.25, 0, 0.539, True
8, 3, 0, 30, 4, 1, 3.73, 3.73, 1, 0.502, True
8, 3, 0, 31, 4, 1, 2.97, 2.97, 1, 0.473, True
8, 3, 0, 32, 3, 1, 1.9, 1.9, 1, 0.534, True
8, 3, 0, 33, 3, 0, 5.24, 5.24, 0, 0.686, True
8, 3, 0, 34, 2, 0, 4.89, 4.89, 0, 0.569, True
8, 3, 0, 35, 2, 1, 1.86, 1.86, 0, 0.697, False
8, 3, 0, 36, 3, 0, 6.11, 6.11, 1, 0.643, False
8, 3, 0, 37, 4, 0, 4.06, 4.06, 1, 0.547, False
8, 3, 0, 38, 5, 0, 0.48, 0.48, 0, 0.382, True
8, 3, 0, 39, 5, 1, 1.31, 1.31, 0, 0.377, False
8, 3, 0, 40, 6, 0, 0.9, 0.9, 0, 0.5, True
8, 3, 0, 41, 6, 1, 3.34, 3.34, 1, 0.358, True
8, 3, 0, 42, 5, 1, 3.81, 3.81, 1, 0.491, True
8, 3, 0, 43, 5, 0, 1.84, 1.84, 0, 0.555, True
8, 3, 0, 44, 4, 0, 4.88, 4.88, 0, 0.577, True
8, 3, 0, 45, 4, 1, 6.16, 6.16, 1, 0.561, True
8, 3, 0, 46, 3, 0, 4.11, 4.11, 0, 0.193, True
8, 3, 0, 47, 3, 0, 2.26, 2.26, 0, 0.435, True
8, 3, 0, 48, 2, 1, 2.49, 2.49, 0, 0.345, False
8, 3, 0, 49, 3, 0, 0.61, 0.61, 1, 0.555, False
8, 4, 0, 0, 5, 1, 2.79, 2.79, 1, 0.571, True
8, 4, 0, 1, 5, 0, 5.0, 5.0, 0, 0.491, True
8, 4, 0, 2, 4, 1, 2.8, 2.8, 1, 0.491, True
8, 4, 0, 3, 4, 0, 3.99, 3.99, 1, 0.539, False
8, 4, 0, 4, 5, 0, 2.77, 2.77, 0, 0.617, True
8, 4, 0, 5, 5, 1, 1.94, 1.94, 1, 0.516, True
8, 4, 0, 6, 4, 0, 4.02, 4.02, 0, 0.502, True
8, 4, 0, 7, 4, 1, 4.14, 4.14, 1, 0.553, True
8, 4, 0, 8, 3, 0, 4.35, 4.35, 0, 0.627, True
8, 4, 0, 9, 3, 1, 4.18, 4.18, 1, 0.494, True
8, 4, 0, 10, 2, 0, 3.72, 3.72, 0, 0.449, True
8, 4, 0, 11, 2, 1, 0.73, 0.73, 1, 0.345, True
8, 4, 0, 12, 1, 0, 0.45, 0.45, 1, 0.363, False
8, 4, 0, 13, 2, 1, 0.67, 0.67, 0, 0.417, False
8, 4, 0, 14, 3, 0, 4.96, 4.96, 1, 0.454, False
8, 4, 0, 15, 4, 0, 2.14, 2.14, 0, 0.369, True
8, 4, 0, 16, 4, 0, 4.09, 4.09, 0, 0.47, True
8, 4, 0, 17, 3, 0, 6.03, 6.03, 1, 0.401, False
8, 4, 0, 18, 4, 0, 0.48, 0.48, 0, 0.463, True
8, 4, 0, 19, 4, 1, 5.77, 5.77, 0, 0.345, False
8, 4, 0, 20, 5, 1, 5.44, 5.44, 1, 0.507, True
8, 4, 0, 21, 5, 1, 4.29, 4.29, 0, 0.446, False
8, 4, 0, 22, 6, 1, 3.98, 3.98, 1, 0.47, True
8, 4, 0, 23, 6, 0, 1.75, 1.75, 1, 0.513, False
8, 4, 0, 24, 7, 1, 5.88, 5.88, 1, 0.505, True
8, 4, 0, 25, 7, 1, 0.45, 0.45, 1, 0.539, True
8, 4, 0, 26, 6, 1, 5.56, 5.56, 1, 0.419, True
8, 4, 0, 27, 6, 0, 4.32, 4.32, 0, 0.516, True
8, 4, 0, 28, 5, 0, 2.34, 2.34, 0, 0.441, True
8, 4, 0, 29, 5, 1, 2.29, 2.29, 1, 0.542, True
8, 4, 0, 30, 4, 1, 3.52, 3.52, 1, 0.457, True
8, 4, 0, 31, 4, 1, 2.76, 2.76, 0, 0.561, False
8, 4, 0, 32, 5, 1, 3.29, 3.29, 1, 0.478, True
8, 4, 0, 33, 5, 1, 4.73, 4.73, 1, 0.465, True
8, 4, 0, 34, 4, 0, 4.75, 4.75, 0, 0.494, True
8, 4, 0, 35, 4, 1, 2.74, 2.74, 0, 0.433, False
8, 4, 0, 36, 5, 1, 0.66, 0.66, 1, 0.451, True
8, 4, 0, 37, 5, 1, 0.37, 0.37, 1, 0.475, True
8, 4, 0, 38, 4, 1, 0.26, 0.26, 1, 0.425, True
8, 4, 0, 39, 4, 1, 2.75, 2.75, 1, 0.683, True
8, 4, 0, 40, 3, 1, 5.95, 5.95, 1, 0.483, True
8, 4, 0, 41, 3, 1, 2.23, 2.23, 1, 0.465, True
8, 4, 0, 42, 2, 0, 1.85, 1.85, 1, 0.507, False
8, 4, 0, 43, 3, 1, 1.5, 1.5, 1, 0.465, True
8, 4, 0, 44, 3, 1, 3.09, 3.09, 1, 0.43, True
8, 4, 0, 45, 2, 1, 0.42, 0.42, 0, 0.5, False
8, 4, 0, 46, 3, 0, 5.53, 5.53, 1, 0.342, False
8, 4, 0, 47, 4, 0, 5.96, 5.96, 1, 0.473, False
8, 4, 0, 48, 5, 0, 0.16, 0.16, 0, 0.454, True
8, 4, 0, 49, 5, 0, 1.36, 1.36, 0, 0.35, True
8, 5, 1, 0, 9, 0, 1.4, 4.54, 1, 0.43, False
8, 5, 1, 1, 10, 0, 1.68, 4.82, 0, 0.513, True
8, 5, 1, 2, 10, 0, 2.43, 5.57, 1, 0.902, False
8, 5, 1, 3, 11, 0, 4.9, 1.75, 0, 0.921, True
8, 5, 1, 4, 11, 0, 4.22, 1.08, 0, 0.851, True
8, 5, 1, 5, 10, 0, 1.06, 4.2, 0, 0.331, True
8, 5, 1, 6, 10, 0, 1.81, 4.95, 0, 0.443, True
8, 5, 1, 7, 9, 0, 0.52, 3.66, 1, 0.481, False
8, 5, 1, 8, 10, 0, 2.38, 5.53, 0, 0.302, True
8, 5, 1, 9, 10, 0, 2.74, 5.88, 0, 0.313, True
8, 5, 1, 10, 9, 1, 3.94, 0.8, 0, 0.419, False
8, 5, 1, 11, 10, 1, 2.54, 5.68, 1, 0.371, True
8, 5, 1, 12, 10, 0, 1.44, 4.59, 0, 0.38, True
8, 5, 1, 13, 9, 0, 3.29, 0.15, 1, 0.486, False
8, 5, 1, 14, 10, 0, 4.97, 1.82, 0, 0.46, True
8, 5, 1, 15, 10, 1, 4.73, 1.59, 0, 0.355, False
8, 5, 1, 16, 11, 0, 3.22, 0.08, 1, 0.521, False
8, 5, 1, 17, 12, 1, 0.19, 3.33, 0, 0.382, False
8, 5, 1, 18, 13, 0, 2.02, 5.16, 0, 0.553, True
8, 5, 1, 19, 13, 0, 1.84, 4.98, 0, 0.457, True
8, 5, 1, 20, 12, 1, 6.1, 2.96, 1, 0.673, True
8, 5, 1, 21, 12, 1, 6.04, 2.89, 1, 0.454, True
8, 5, 1, 22, 11, 0, 0.72, 3.86, 0, 0.513, True
8, 5, 1, 23, 11, 0, 4.52, 1.38, 1, 0.806, False
8, 5, 1, 24, 12, 0, 3.96, 0.81, 0, 0.475, True
8, 5, 1, 25, 12, 1, 0.19, 3.33, 1, 0.393, True
8, 5, 1, 26, 11, 0, 4.66, 1.52, 1, 0.579, False
8, 5, 1, 27, 12, 0, 2.05, 5.19, 0, 0.435, True
8, 5, 1, 28, 12, 1, 0.49, 3.64, 1, 0.441, True
8, 5, 1, 29, 11, 0, 3.72, 0.58, 0, 0.289, True
8, 5, 1, 30, 11, 0, 2.88, 6.02, 0, 0.24, True
8, 5, 1, 31, 10, 1, 5.52, 2.38, 0, 0.227, False
8, 5, 1, 32, 11, 0, 2.99, 6.14, 0, 0.04, True
8, 5, 1, 33, 11, 0, 1.13, 4.28, 1, 0.502, False
8, 5, 1, 34, 12, 0, 2.5, 5.64, 0, 2.044, True
8, 5, 1, 35, 12, 0, 5.74, 2.6, 0, 0.609, True
8, 5, 1, 36, 11, 0, 4.93, 1.79, 0, 0.665, True
8, 5, 1, 37, 11, 1, 3.08, 6.22, 0, 0.539, False
8, 5, 1, 38, 12, 0, 1.86, 5.0, 0, 0.595, True
8, 5, 1, 39, 12, 0, 4.53, 1.39, 0, 0.377, True
8, 5, 1, 40, 11, 0, 1.03, 4.17, 0, 0.531, True
8, 5, 1, 41, 11, 1, 4.65, 1.5, 0, 0.475, False
8, 5, 1, 42, 12, 0, 4.85, 1.7, 1, 0.409, False
8, 5, 1, 43, 13, 0, 5.62, 2.48, 0, 0.329, True
8, 5, 1, 44, 13, 0, 0.21, 3.35, 0, 0.526, True
8, 5, 1, 45, 12, 0, 1.61, 4.75, 0, 0.451, True
8, 5, 1, 46, 12, 1, 4.25, 1.1, 1, 0.411, True
8, 5, 1, 47, 11, 1, 3.66, 0.51, 1, 0.443, True
8, 5, 1, 48, 11, 0, 3.21, 0.07, 0, 0.289, True
8, 5, 1, 49, 10, 1, 1.69, 4.83, 1, 0.473, True
8, 6, 1, 0, 9, 0, 0.0, 3.14, 0, 0.777, True
8, 6, 1, 1, 9, 1, 0.96, 4.1, 1, 0.452, True
8, 6, 1, 2, 8, 0, 4.21, 1.07, 0, 0.443, True
8, 6, 1, 3, 8, 0, 5.48, 2.34, 0, 0.628, True
8, 6, 1, 4, 7, 0, 4.15, 1.01, 0, 0.43, True
8, 6, 1, 5, 7, 0, 3.65, 0.51, 0, 0.435, True
8, 6, 1, 6, 6, 1, 0.79, 3.94, 1, 0.457, True
8, 6, 1, 7, 6, 0, 5.5, 2.36, 0, 0.563, True
8, 6, 1, 8, 5, 1, 4.92, 1.78, 1, 0.433, True
8, 6, 1, 9, 5, 1, 2.14, 5.28, 0, 0.435, False
8, 6, 1, 10, 6, 0, 3.65, 0.5, 0, 0.473, True
8, 6, 1, 11, 6, 1, 1.81, 4.95, 0, 0.563, False
8, 6, 1, 12, 7, 1, 5.3, 2.16, 1, 0.531, True
8, 6, 1, 13, 7, 1, 1.03, 4.17, 1, 0.686, True
8, 6, 1, 14, 6, 0, 4.61, 1.47, 1, 0.579, False
8, 6, 1, 15, 7, 1, 5.74, 2.6, 1, 0.436, True
8, 6, 1, 16, 7, 1, 5.19, 2.05, 1, 0.425, True
8, 6, 1, 17, 6, 1, 0.54, 3.68, 1, 0.459, True
8, 6, 1, 18, 6, 1, 0.74, 3.88, 1, 0.436, True
8, 6, 1, 19, 5, 0, 5.67, 2.52, 1, 0.582, False
8, 6, 1, 20, 6, 0, 1.35, 4.49, 0, 0.486, True
8, 6, 1, 21, 6, 1, 4.84, 1.69, 1, 0.566, True
8, 6, 1, 22, 5, 0, 0.31, 3.46, 0, 0.71, True
8, 6, 1, 23, 5, 1, 2.14, 5.28, 1, 0.547, True
8, 6, 1, 24, 4, 1, 3.12, 6.26, 0, 0.334, False
8, 6, 1, 25, 5, 0, 5.95, 2.81, 1, 0.08, False
8, 6, 1, 26, 6, 1, 3.35, 0.21, 0, 0.382, False
8, 6, 1, 27, 7, 0, 5.79, 2.65, 0, 0.553, True
8, 6, 1, 28, 7, 1, 5.02, 1.88, 0, 0.323, False
8, 6, 1, 29, 8, 1, 5.92, 2.78, 0, 0.417, False
8, 6, 1, 30, 9, 0, 0.43, 3.57, 0, 0.593, True
8, 6, 1, 31, 9, 1, 0.73, 3.88, 1, 0.55, True
8, 6, 1, 32, 8, 0, 0.34, 3.49, 0, 0.532, True
8, 6, 1, 33, 8, 0, 6.28, 3.14, 0, 0.35, True
8, 6, 1, 34, 7, 1, 0.71, 3.85, 0, 0.369, False
8, 6, 1, 35, 8, 1, 4.76, 1.62, 1, 0.505, True
8, 6, 1, 36, 8, 1, 2.67, 5.81, 1, 0.668, True
8, 6, 1, 37, 7, 0, 1.8, 4.95, 0, 0.766, True
8, 6, 1, 38, 7, 1, 4.45, 1.31, 1, 0.612, True
8, 6, 1, 39, 6, 0, 2.55, 5.69, 0, 0.587, True
8, 6, 1, 40, 6, 1, 2.44, 5.58, 1, 0.526, True
8, 6, 1, 41, 5, 1, 6.12, 2.97, 1, 0.643, True
8, 6, 1, 42, 5, 0, 5.48, 2.33, 1, 0.417, False
8, 6, 1, 43, 6, 1, 6.03, 2.89, 1, 0.387, True
8, 6, 1, 44, 6, 0, 4.51, 1.37, 1, 0.462, False
8, 6, 1, 45, 7, 0, 4.61, 1.47, 1, 0.713, False
8, 6, 1, 46, 8, 1, 4.78, 1.64, 0, 0.47, False
8, 6, 1, 47, 9, 0, 1.69, 4.83, 0, 1.107, True
8, 6, 1, 48, 9, 0, 0.05, 3.19, 1, 0.526, False
8, 6, 1, 49, 10, 0, 1.35, 4.49, 0, 0.739, True
8, 7, 0, 0, 5, 0, 5.28, 5.28, 1, 0.814, False
8, 7, 0, 1, 6, 1, 0.24, 0.24, 1, 0.478, True
8, 7, 0, 2, 6, 0, 0.11, 0.11, 1, 0.385, False
8, 7, 0, 3, 7, 0, 2.95, 2.95, 0, 0.526, True
8, 7, 0, 4, 7, 0, 0.35, 0.35, 0, 0.339, True
8, 7, 0, 5, 6, 0, 5.03, 5.03, 0, 0.406, True
8, 7, 0, 6, 6, 1, 5.57, 5.57, 0, 0.388, False
8, 7, 0, 7, 7, 0, 1.91, 1.91, 0, 0.43, True
8, 7, 0, 8, 7, 1, 4.53, 4.53, 1, 0.481, True
8, 7, 0, 9, 6, 0, 0.98, 0.98, 0, 0.99, True
8, 7, 0, 10, 6, 1, 5.71, 5.71, 1, 0.627, True
8, 7, 0, 11, 5, 1, 0.72, 0.72, 1, 0.51, True
8, 7, 0, 12, 5, 0, 0.99, 0.99, 0, 0.577, True
8, 7, 0, 13, 4, 1, 3.84, 3.84, 1, 0.596, True
8, 7, 0, 14, 4, 0, 1.38, 1.38, 1, 0.473, False
8, 7, 0, 15, 5, 1, 4.34, 4.34, 1, 0.486, True
8, 7, 0, 16, 5, 1, 5.69, 5.69, 1, 0.963, True
8, 7, 0, 17, 4, 1, 5.76, 5.76, 1, 0.497, True
8, 7, 0, 18, 4, 1, 5.21, 5.21, 1, 0.531, True
8, 7, 0, 19, 3, 1, 4.43, 4.43, 1, 0.555, True
8, 7, 0, 20, 3, 0, 4.98, 4.98, 0, 0.633, True
8, 7, 0, 21, 2, 0, 5.41, 5.41, 1, 0.659, False
8, 7, 0, 22, 3, 1, 0.16, 0.16, 1, 0.499, True
8, 7, 0, 23, 3, 0, 2.79, 2.79, 1, 0.107, False
8, 7, 0, 24, 4, 1, 5.06, 5.06, 1, 0.054, True
8, 7, 0, 25, 4, 1, 4.15, 4.15, 1, 0.337, True
8, 7, 0, 26, 3, 1, 0.62, 0.62, 1, 0.369, True
8, 7, 0, 27, 3, 1, 2.66, 2.66, 0, 0.438, False
8, 7, 0, 28, 4, 0, 1.16, 1.16, 1, 0.425, False
8, 7, 0, 29, 5, 0, 4.09, 4.09, 1, 0.427, False
8, 7, 0, 30, 6, 1, 1.31, 1.31, 1, 0.465, True
8, 7, 0, 31, 6, 1, 2.84, 2.84, 1, 0.667, True
8, 7, 0, 32, 5, 0, 1.35, 1.35, 1, 0.51, False
8, 7, 0, 33, 6, 1, 0.32, 0.32, 1, 0.435, True
8, 7, 0, 34, 6, 1, 1.47, 1.47, 1, 0.409, True
8, 7, 0, 35, 5, 0, 2.81, 2.81, 1, 0.457, False
8, 7, 0, 36, 6, 0, 0.95, 0.95, 0, 0.545, True
8, 7, 0, 37, 6, 1, 2.77, 2.77, 1, 0.523, True
8, 7, 0, 38, 5, 0, 3.65, 3.65, 0, 0.673, True
8, 7, 0, 39, 5, 1, 0.81, 0.81, 1, 0.419, True
8, 7, 0, 40, 4, 1, 2.38, 2.38, 0, 0.518, False
8, 7, 0, 41, 5, 1, 4.43, 4.43, 0, 0.299, False
8, 7, 0, 42, 6, 0, 2.73, 2.73, 1, 0.486, False
8, 7, 0, 43, 7, 0, 3.89, 3.89, 0, 0.409, True
8, 7, 0, 44, 7, 1, 2.63, 2.63, 0, 0.31, False
8, 7, 0, 45, 8, 0, 1.82, 1.82, 0, 0.433, True
8, 7, 0, 46, 8, 1, 5.67, 5.67, 1, 0.465, True
8, 7, 0, 47, 7, 0, 1.56, 1.56, 0, 0.281, True
8, 7, 0, 48, 7, 1, 5.88, 5.88, 1, 0.251, True
8, 7, 0, 49, 6, 0, 1.49, 1.49, 0, 0.585, True
