7, 0, 0, 0, 20, 0, 1.13, 1.13, 1, 4.997, False
7, 0, 0, 1, 21, 0, 5.72, 5.72, 1, 0.334, False
7, 0, 0, 2, 22, 0, 2.36, 2.36, 0, 0.134, True
7, 0, 0, 3, 22, 0, 2.43, 2.43, 0, 0.04, True
7, 0, 0, 4, 21, 1, 2.05, 2.05, 0, 0.04, False
7, 0, 0, 5, 22, 1, 2.97, 2.97, 1, 0.671, True
7, 0, 0, 6, 22, 1, 5.82, 5.82, 1, 0.407, True
7, 0, 0, 7, 21, 0, 5.88, 5.88, 0, 0.586, True
7, 0, 0, 8, 21, 1, 5.84, 5.84, 1, 0.463, True
7, 0, 0, 9, 20, 1, 5.31, 5.31, 1, 0.445, True
7, 1, 1, 0, 20, 0, 0.54, 3.68, 0, 1.693, True
7, 1, 1, 1, 20, 1, 2.18, 5.32, 1, 1.359, True
7, 1, 1, 2, 19, 1, 1.12, 4.26, 0, 1.282, False
7, 1, 1, 3, 20, 1, 2.73, 5.87, 1, 0.639, True
7, 1, 1, 4, 20, 0, 2.03, 5.17, 0, 0.767, True
7, 1, 1, 5, 19, 1, 4.92, 1.78, 0, 0.839, False
7, 1, 1, 6, 20, 0, 4.85, 1.71, 1, 1.103, False
7, 1, 1, 7, 21, 0, 1.19, 4.34, 0, 1.375, True
7, 1, 1, 8, 21, 1, 1.09, 4.24, 0, 0.914, False
7, 1, 1, 9, 22, 0, 4.41, 1.26, 0, 0.845, True
7, 2, 1, 0, 9, 1, 3.43, 0.29, 0, 0.863, False
7, 2, 1, 1, 10, 0, 5.96, 2.82, 0, 0.653, True
7, 2, 1, 2, 10, 0, 2.51, 5.65, 0, 0.77, True
7, 2, 1, 3, 9, 1, 5.29, 2.15, 1, 1.053, True
7, 2, 1, 4, 9, 1, 1.28, 4.43, 0, 0.735, False
7, 2, 1, 5, 10, 0, 4.81, 1.67, 0, 0.658, True
7, 2, 1, 6, 10, 0, 4.04, 0.9, 0, 0.535, True
7, 2, 1, 7, 9, 0, 5.77, 2.63, 0, 0.546, True
7, 2, 1, 8, 9, 1, 2.08, 5.22, 0, 0.719, False
7, 2, 1, 9, 10, 0, 5.2, 2.06, 0, 0.559, True
7, 2, 1, 10, 10, 0, 3.59, 0.45, 0, 0.509, True
7, 2, 1, 11, 9, 1, 2.9, 6.04, 0, 0.53, False
7, 2, 1, 12, 10, 1, 5.38, 2.23, 1, 0.477, True
7, 2, 1, 13, 10, 1, 5.49, 2.35, 1, 0.509, True
7, 2, 1, 14, 9, 0, 4.95, 1.81, 0, 0.535, True
7, 2, 1, 15, 9, 1, 5.41, 2.27, 1, 0.514, True
7, 2, 1, 16, 8, 0, 0.04, 3.18, 0, 0.634, True
7, 2, 1, 17, 8, 1, 5.63, 2.49, 1, 0.458, True
7, 2, 1, 18, 7, 0, 2.42, 5.56, 0, 0.519, True
7, 2, 1, 19, 7, 1, 0.96, 4.1, 0, 0.514, False
7, 2, 1, 20, 8, 0, 2.56, 5.71, 0, 0.682, True
7, 2, 1, 21, 8, 0, 1.09, 4.23, 1, 0.914, False
7, 2, 1, 22, 9, 1, 2.26, 5.4, 1, 0.666, True
7, 2, 1, 23, 9, 1, 1.27, 4.41, 1, 0.639, True
7, 2, 1, 24, 8, 1, 4.37, 1.23, 1, 0.546, True
7, 2, 1, 25, 8, 1, 3.01, 6.15, 1, 0.541, True
7, 2, 1, 26, 7, 1, 4.22, 1.08, 1, 0.535, True
7, 2, 1, 27, 7, 1, 1.93, 5.07, 1, 0.45, True
7, 2, 1, 28, 6, 0, 0.98, 4.12, 0, 0.746, True
7, 2, 1, 29, 6, 1, 1.17, 4.31, 1, 0.463, True
7, 2, 1, 30, 5, 1, 2.44, 5.58, 1, 0.506, True
7, 2, 1, 31, 5, 1, 1.93, 5.07, 1, 0.495, True
7, 2, 1, 32, 4, 1, 0.06, 3.2, 1, 0.498, True
7, 2, 1, 33, 4, 1, 2.87, 6.01, 1, 0.533, True
7, 2, 1, 34, 3, 1, 0.98, 4.12, 1, 0.658, True
7, 2, 1, 35, 3, 1, 0.5, 3.64, 1, 0.469, True
7, 2, 1, 36, 2, 0, 3.3, 0.16, 1, 0.978, False
7, 2, 1, 37, 3, 1, 3.42, 0.28, 0, 0.789, False
7, 2, 1, 38, 4, 0, 3.93, 0.79, 1, 0.623, False
7, 2, 1, 39, 5, 0, 2.36, 5.5, 1, 0.525, False
7, 2, 1, 40, 6, 0, 0.9, 4.04, 1, 0.581, False
7, 2, 1, 41, 7, 1, 5.4, 2.25, 1, 0.807, True
7, 2, 1, 42, 7, 0, 1.48, 4.62, 1, 0.999, False
7, 2, 1, 43, 8, 1, 2.56, 5.7, 1, 0.525, True
7, 2, 1, 44, 8, 1, 4.2, 1.05, 1, 0.711, True
7, 2, 1, 45, 7, 0, 5.43, 2.28, 0, 0.853, True
7, 2, 1, 46, 7, 1, 3.92, 0.78, 1, 0.589, True
7, 2, 1, 47, 6, 0, 1.45, 4.59, 1, 0.866, False
7, 2, 1, 48, 7, 1, 5.8, 2.66, 1, 1.039, True
7, 2, 1, 49, 7, 0, 5.51, 2.37, 0, 0.671, True
7, 3, 0, 0, 5, 0, 2.95, 2.95, 0, 1.277, True
7, 3, 0, 1, 5, 1, 5.16, 5.16, 1, 0.682, True
7, 3, 0, 2, 4, 1, 0.48, 0.48, 0, 0.863, False
7, 3, 0, 3, 5, 1, 3.11, 3.11, 1, 0.842, True
7, 3, 0, 4, 5, 1, 3.38, 3.38, 0, 0.997, False
7, 3, 0, 5, 6, 0, 4.1, 4.1, 0, 0.922, True
7, 3, 0, 6, 6, 0, 5.08, 5.08, 1, 0.997, False
7, 3, 0, 7, 7, 0, 0.61, 0.61, 0, 0.765, True
7, 3, 0, 8, 7, 0, 5.28, 5.28, 0, 0.581, True
7, 3, 0, 9, 6, 1, 2.67, 2.67, 1, 0.73, True
7, 3, 0, 10, 6, 0, 3.79, 3.79, 0, 0.57, True
7, 3, 0, 11, 5, 0, 3.99, 3.99, 0, 0.589, True
7, 3, 0, 12, 5, 1, 4.84, 4.84, 1, 0.479, True
7, 3, 0, 13, 4, 0, 3.38, 3.38, 0, 0.621, True
7, 3, 0, 14, 4, 0, 2.76, 2.76, 0, 0.538, True
7, 3, 0, 15, 3, 0, 5.66, 5.66, 0, 0.69, True
7, 3, 0, 16, 3, 1, 1.88, 1.88, 1, 0.493, True
7, 3, 0, 17, 2, 1, 6.0, 6.0, 0, 0.493, False
7, 3, 0, 18, 3, 0, 4.73, 4.73, 1, 0.493, False
7, 3, 0, 19, 4, 1, 3.55, 3.55, 0, 0.717, False
7, 3, 0, 20, 5, 1, 0.98, 0.98, 1, 0.522, True
7, 3, 0, 21, 5, 1, 3.88, 3.88, 0, 0.562, False
7, 3, 0, 22, 6, 1, 1.56, 1.56, 1, 0.527, True
7, 3, 0, 23, 6, 0, 1.66, 1.66, 0, 0.728, True
7, 3, 0, 24, 5, 1, 0.9, 0.9, 1, 0.762, True
7, 3, 0, 25, 5, 1, 1.18, 1.18, 0, 0.674, False
7, 3, 0, 26, 6, 1, 5.01, 5.01, 1, 0.743, True
7, 3, 0, 27, 6, 1, 0.29, 0.29, 1, 0.57, True
7, 3, 0, 28, 5, 0, 3.02, 3.02, 0, 0.554, True
7, 3, 0, 29, 5, 1, 4.48, 4.48, 1, 0.615, True
7, 3, 0, 30, 4, 1, 0.81, 0.81, 0, 0.594, False
7, 3, 0, 31, 5, 1, 1.58, 1.58, 1, 0.522, True
7, 3, 0, 32, 5, 1, 2.72, 2.72, 1, 0.639, True
7, 3, 0, 33, 4, 1, 5.78, 5.78, 0, 0.509, False
7, 3, 0, 34, 5, 0, 0.07, 0.07, 0, 0.597, True
7, 3, 0, 35, 5, 1, 3.35, 3.35, 1, 0.458, True
7, 3, 0, 36, 4, 0, 5.47, 5.47, 1, 0.645, False
7, 3, 0, 37, 5, 0, 0.69, 0.69, 0, 0.53, True
7, 3, 0, 38, 5, 1, 1.68, 1.68, 1, 0.698, True
7, 3, 0, 39, 4, 1, 5.08, 5.08, 1, 0.629, True
7, 3, 0, 40, 4, 0, 0.12, 0.12, 0, 0.479, True
7, 3, 0, 41, 3, 0, 1.24, 1.24, 1, 0.623, False
7, 3, 0, 42, 4, 1, 3.4, 3.4, 1, 0.49, True
7, 3, 0, 43, 4, 0, 6.2, 6.2, 0, 0.618, True
7, 3, 0, 44, 3, 0, 3.99, 3.99, 1, 0.501, False
7, 3, 0, 45, 4, 0, 0.76, 0.76, 0, 0.565, True
7, 3, 0, 46, 4, 0, 4.59, 4.59, 0, 0.634, True
7, 3, 0, 47, 3, 0, 5.15, 5.15, 1, 0.647, False
7, 3, 0, 48, 4, 0, 1.1, 1.1, 1, 0.663, False
7, 3, 0, 49, 5, 0, 4.13, 4.13, 0, 0.714, True
7, 4, 0, 0, 5, 1, 5.81, 5.81, 1, 0.477, True
7, 4, 0, 1, 5, 0, 4.05, 4.05, 0, 0.538, True
7, 4, 0, 2, 4, 1, 4.38, 4.38, 1, 0.501, True
7, 4, 0, 3, 4, 1, 5.33, 5.33, 1, 0.823, True
7, 4, 0, 4, 3, 1, 3.32, 3.32, 1, 0.557, True
7, 4, 0, 5, 3, 0, 5.38, 5.38, 1, 0.506, False
7, 4, 0, 6, 4, 1, 2.78, 2.78, 1, 0.637, True
7, 4, 0, 7, 4, 1, 4.17, 4.17, 1, 0.57, True
7, 4, 0, 8, 3, 0, 0.42, 0.42, 0, 0.602, True
7, 4, 0, 9, 3, 1, 5.28, 5.28, 1, 0.656, True
7, 4, 0, 10, 2, 1, 4.61, 4.61, 1, 0.578, True
7, 4, 0, 11, 2, 0, 2.33, 2.33, 0, 0.725, True
7, 4, 0, 12, 1, 1, 0.7, 0.7, 1, 0.597, True
7, 4, 0, 13, 1, 1, 2.65, 2.65, 1, 0.57, True
7, 4, 0, 14, 1, 1, 6.1, 6.1, 1, 0.671, True
7, 4, 0, 15, 1, 1, 5.34, 5.34, 0, 0.546, False
7, 4, 0, 16, 2, 0, 1.68, 1.68, 1, 0.65, False
7, 4, 0, 17, 3, 1, 0.77, 0.77, 1, 0.631, True
7, 4, 0, 18, 3, 1, 5.55, 5.55, 1, 0.581, True
7, 4, 0, 19, 2, 0, 4.98, 4.98, 1, 0.631, False
7, 4, 0, 20, 3, 0, 2.35, 2.35, 1, 0.741, False
7, 4, 0, 21, 4, 0, 0.43, 0.43, 1, 0.631, False
7, 4, 0, 22, 5, 0, 4.07, 4.07, 0, 0.981, True
7, 4, 0, 23, 5, 1, 2.45, 2.45, 1, 0.567, True
7, 4, 0, 24, 4, 0, 3.92, 3.92, 0, 0.65, True
7, 4, 0, 25, 4, 1, 2.1, 2.1, 1, 0.586, True
7, 4, 0, 26, 3, 1, 1.75, 1.75, 1, 0.621, True
7, 4, 0, 27, 3, 0, 0.33, 0.33, 0, 0.663, True
7, 4, 0, 28, 2, 0, 2.4, 2.4, 1, 0.57, False
7, 4, 0, 29, 3, 0, 3.02, 3.02, 0, 0.538, True
7, 4, 0, 30, 3, 0, 5.18, 5.18, 0, 0.677, True
7, 4, 0, 31, 2, 1, 5.53, 5.53, 1, 0.65, True
7, 4, 0, 32, 2, 1, 2.68, 2.68, 0, 0.57, False
7, 4, 0, 33, 3, 0, 3.22, 3.22, 0, 0.634, True
7, 4, 0, 34, 3, 0, 2.54, 2.54, 1, 0.554, False
7, 4, 0, 35, 4, 1, 3.56, 3.56, 0, 0.647, False
7, 4, 0, 36, 5, 1, 0.12, 0.12, 1, 0.535, True
7, 4, 0, 37, 5, 1, 0.31, 0.31, 1, 0.623, True
7, 4, 0, 38, 4, 0, 0.87, 0.87, 0, 0.49, True
7, 4, 0, 39, 4, 1, 2.18, 2.18, 1, 0.618, True
7, 4, 0, 40, 3, 1, 0.8, 0.8, 1, 0.645, True
7, 4, 0, 41, 3, 1, 5.69, 5.69, 1, 0.562, True
7, 4, 0, 42, 2, 0, 3.54, 3.54, 0, 0.674, True
7, 4, 0, 43, 2, 1, 2.46, 2.46, 0, 0.775, False
7, 4, 0, 44, 3, 0, 0.36, 0.36, 1, 0.642, False
7, 4, 0, 45, 4, 1, 1.21, 1.21, 1, 0.559, True
7, 4, 0, 46, 4, 0, 3.21, 3.21, 0, 0.621, True
7, 4, 0, 47, 3, 0, 3.48, 3.48, 0, 0.647, True
7, 4, 0, 48, 3, 0, 4.39, 4.39, 1, 0.583, False
7, 4, 0, 49, 4, 0, 5.52, 5.52, 1, 0.458, False
7, 5, 1, 0, 9, 1, 1.44, 4.58, 0, 0.823, False
7, 5, 1, 1, 10, 1, 3.45, 0.31, 1, 0.65, True
7, 5, 1, 2, 10, 1, 4.07, 0.93, 0, 0.714, False
7, 5, 1, 3, 11, 1, 0.88, 4.02, 1, 0.535, True
7, 5, 1, 4, 11, 0, 4.87, 1.73, 0, 0.642, True
7, 5, 1, 5, 10, 1, 4.39, 1.25, 0, 0.543, False
7, 5, 1, 6, 11, 1, 2.04, 5.18, 1, 0.57, True
7, 5, 1, 7, 11, 0, 0.87, 4.01, 1, 0.666, False
7, 5, 1, 8, 12, 0, 5.35, 2.2, 0, 0.589, True
7, 5, 1, 9, 12, 1, 1.23, 4.37, 1, 0.85, True
7, 5, 1, 10, 11, 1, 0.5, 3.64, 0, 0.73, False
7, 5, 1, 11, 12, 0, 1.98, 5.12, 0, 0.714, True
7, 5, 1, 12, 12, 0, 3.93, 0.79, 0, 0.567, True
7, 5, 1, 13, 11, 1, 3.43, 0.29, 1, 0.551, True
7, 5, 1, 14, 11, 0, 2.11, 5.25, 0, 0.567, True
7, 5, 1, 15, 10, 1, 0.92, 4.06, 1, 0.517, True
7, 5, 1, 16, 10, 0, 6.22, 3.07, 0, 0.73, True
7, 5, 1, 17, 9, 1, 6.26, 3.12, 1, 0.554, True
7, 5, 1, 18, 9, 1, 3.65, 0.5, 1, 0.533, True
7, 5, 1, 19, 8, 0, 4.13, 0.98, 0, 0.653, True
7, 5, 1, 20, 8, 1, 1.79, 4.93, 1, 0.509, True
7, 5, 1, 21, 7, 0, 3.01, 6.15, 0, 0.639, True
7, 5, 1, 22, 7, 0, 4.66, 1.52, 1, 0.669, False
7, 5, 1, 23, 8, 0, 3.6, 0.46, 0, 0.575, True
7, 5, 1, 24, 8, 1, 3.11, 6.25, 1, 0.661, True
7, 5, 1, 25, 7, 1, 5.22, 2.08, 1, 0.567, True
7, 5, 1, 26, 7, 0, 3.32, 0.18, 1, 0.695, False
7, 5, 1, 27, 8, 0, 0.92, 4.06, 0, 0.671, True
7, 5, 1, 28, 8, 1, 4.46, 1.32, 1, 0.514, True
7, 5, 1, 29, 7, 0, 3.99, 0.85, 0, 0.647, True
7, 5, 1, 30, 7, 0, 0.03, 3.17, 0, 0.709, True
7, 5, 1, 31, 6, 1, 3.82, 0.68, 1, 0.591, True
7, 5, 1, 32, 6, 1, 0.73, 3.87, 0, 0.594, False
7, 5, 1, 33, 7, 1, 3.75, 0.61, 1, 0.535, True
7, 5, 1, 34, 7, 1, 1.52, 4.66, 0, 0.69, False
7, 5, 1, 35, 8, 0, 5.33, 2.19, 0, 0.551, True
7, 5, 1, 36, 8, 0, 1.98, 5.12, 0, 0.722, True
7, 5, 1, 37, 7, 1, 1.0, 4.14, 1, 0.639, True
7, 5, 1, 38, 7, 1, 0.14, 3.28, 0, 0.698, False
7, 5, 1, 39, 8, 0, 2.77, 5.91, 0, 0.834, True
7, 5, 1, 40, 8, 0, 3.34, 0.2, 0, 0.679, True
7, 5, 1, 41, 7, 0, 1.77, 4.92, 0, 0.653, True
7, 5, 1, 42, 7, 0, 4.58, 1.44, 0, 0.701, True
7, 5, 1, 43, 6, 0, 3.29, 0.15, 1, 0.871, False
7, 5, 1, 44, 7, 1, 1.65, 4.79, 0, 0.872, False
7, 5, 1, 45, 8, 1, 0.15, 3.29, 1, 0.69, True
7, 5, 1, 46, 8, 0, 0.17, 3.31, 0, 0.602, True
7, 5, 1, 47, 7, 1, 4.92, 1.77, 0, 0.783, False
7, 5, 1, 48, 8, 0, 3.38, 0.24, 0, 0.698, True
7, 5, 1, 49, 8, 0, 5.99, 2.85, 0, 0.517, True
7, 6, 1, 0, 9, 1, 0.56, 3.7, 0, 0.821, False
7, 6, 1, 1, 10, 0, 2.08, 5.22, 0, 0.744, True
7, 6, 1, 2, 10, 0, 0.6, 3.74, 0, 0.605, True
7, 6, 1, 3, 9, 1, 0.69, 3.84, 1, 0.725, True
7, 6, 1, 4, 9, 1, 0.33, 3.47, 0, 0.626, False
7, 6, 1, 5, 10, 1, 0.01, 3.15, 1, 0.669, True
7, 6, 1, 6, 10, 1, 3.23, 0.08, 1, 0.735, True
7, 6, 1, 7, 9, 0, 3.28, 0.14, 0, 0.562, True
7, 6, 1, 8, 9, 0, 3.33, 0.19, 0, 0.607, True
7, 6, 1, 9, 8, 1, 1.97, 5.12, 0, 0.631, False
7, 6, 1, 10, 9, 1, 5.62, 2.47, 1, 0.629, True
7, 6, 1, 11, 9, 1, 0.33, 3.47, 0, 0.623, False
7, 6, 1, 12, 10, 1, 5.46, 2.32, 1, 0.845, True
7, 6, 1, 13, 10, 0, 6.14, 3.0, 1, 0.935, False
7, 6, 1, 14, 11, 0, 0.55, 3.7, 1, 0.559, False
7, 6, 1, 15, 12, 0, 3.72, 0.58, 0, 0.589, True
7, 6, 1, 16, 12, 1, 2.26, 5.4, 1, 0.637, True
7, 6, 1, 17, 11, 1, 1.98, 5.12, 1, 0.631, True
7, 6, 1, 18, 11, 0, 3.85, 0.71, 0, 0.559, True
7, 6, 1, 19, 10, 0, 1.29, 4.44, 1, 0.714, False
7, 6, 1, 20, 11, 0, 1.76, 4.9, 0, 0.549, True
7, 6, 1, 21, 11, 1, 5.44, 2.3, 1, 0.637, True
7, 6, 1, 22, 10, 0, 5.32, 2.18, 0, 0.746, True
7, 6, 1, 23, 10, 0, 1.57, 4.72, 0, 0.701, True
7, 6, 1, 24, 9, 0, 1.37, 4.52, 0, 0.581, True
7, 6, 1, 25, 9, 0, 4.72, 1.58, 0, 0.613, True
7, 6, 1, 26, 8, 0, 2.08, 5.22, 0, 0.506, True
7, 6, 1, 27, 8, 1, 6.04, 2.9, 1, 0.557, True
7, 6, 1, 28, 7, 0, 2.39, 5.54, 0, 0.599, True
7, 6, 1, 29, 7, 0, 0.94, 4.08, 1, 0.57, False
7, 6, 1, 30, 8, 1, 5.13, 1.99, 1, 0.567, True
7, 6, 1, 31, 8, 0, 3.4, 0.26, 0, 0.501, True
7, 6, 1, 32, 7, 0, 4.45, 1.31, 0, 0.501, True
7, 6, 1, 33, 7, 0, 3.31, 0.17, 0, 0.458, True
7, 6, 1, 34, 6, 0, 1.19, 4.33, 1, 0.61, False
7, 6, 1, 35, 7, 1, 1.16, 4.3, 1, 0.743, True
7, 6, 1, 36, 7, 1, 0.34, 3.48, 1, 0.519, True
7, 6, 1, 37, 6, 0, 1.65, 4.79, 1, 0.925, False
7, 6, 1, 38, 7, 1, 2.15, 5.29, 1, 0.527, True
7, 6, 1, 39, 7, 0, 3.56, 0.42, 0, 0.565, True
7, 6, 1, 40, 6, 0, 3.21, 0.07, 1, 0.706, False
7, 6, 1, 41, 7, 0, 2.88, 6.02, 0, 0.522, True
7, 6, 1, 42, 7, 0, 3.96, 0.82, 0, 0.703, True
7, 6, 1, 43, 6, 0, 3.37, 0.23, 0, 0.506, True
7, 6, 1, 44, 6, 0, 2.21, 5.35, 0, 0.682, True
7, 6, 1, 45, 5, 1, 3.4, 0.26, 1, 0.576, True
7, 6, 1, 46, 5, 0, 3.27, 0.13, 0, 0.573, True
7, 6, 1, 47, 4, 0, 1.01, 4.15, 1, 0.749, False
7, 6, 1, 48, 5, 1, 3.15, 0.01, 1, 0.781, True
7, 6, 1, 49, 5, 1, 5.56, 2.41, 1, 0.565, True
7, 7, 0, 0, 5, 0, 2.4, 2.4, 0, 1.149, True
7, 7, 0, 1, 5, 0, 4.0, 4.0, 1, 0.957, False
7, 7, 0, 2, 6, 1, 2.27, 2.27, 0, 0.583, False
7, 7, 0, 3, 7, 1, 2.08, 2.08, 1, 0.506, True
7, 7, 0, 4, 7, 0, 5.13, 5.13, 0, 0.634, True
7, 7, 0, 5, 6, 0, 0.68, 0.68, 1, 0.677, False
7, 7, 0, 6, 7, 0, 1.6, 1.6, 0, 0.663, True
7, 7, 0, 7, 7, 1, 3.15, 3.15, 1, 0.535, True
7, 7, 0, 8, 6, 1, 1.28, 1.28, 0, 0.637, False
7, 7, 0, 9, 7, 1, 0.7, 0.7, 1, 0.567, True
7, 7, 0, 10, 7, 0, 5.47, 5.47, 0, 0.645, True
7, 7, 0, 11, 6, 0, 3.7, 3.7, 0, 0.623, True
7, 7, 0, 12, 6, 1, 2.61, 2.61, 1, 0.536, True
7, 7, 0, 13, 5, 1, 2.36, 2.36, 0, 0.738, False
7, 7, 0, 14, 6, 0, 5.82, 5.82, 0, 0.543, True
7, 7, 0, 15, 6, 0, 6.02, 6.02, 1, 0.81, False
7, 7, 0, 16, 7, 0, 2.32, 2.32, 0, 0.535, True
7, 7, 0, 17, 7, 0, 3.29, 3.29, 0, 0.541, True
7, 7, 0, 18, 6, 1, 0.58, 0.58, 1, 0.629, True
7, 7, 0, 19, 6, 1, 5.5, 5.5, 1, 0.573, True
7, 7, 0, 20, 5, 1, 6.26, 6.26, 1, 0.525, True
7, 7, 0, 21, 5, 1, 3.8, 3.8, 1, 0.575, True
7, 7, 0, 22, 4, 0, 5.83, 5.83, 1, 0.477, False
7, 7, 0, 23, 5, 1, 1.92, 1.92, 1, 0.682, True
7, 7, 0, 24, 5, 0, 0.44, 0.44, 0, 0.477, True
7, 7, 0, 25, 4, 0, 0.64, 0.64, 1, 0.49, False
7, 7, 0, 26, 5, 1, 0.43, 0.43, 1, 0.583, True
7, 7, 0, 27, 5, 0, 0.13, 0.13, 0, 0.487, True
7, 7, 0, 28, 4, 1, 1.04, 1.04, 1, 0.501, True
7, 7, 0, 29, 4, 0, 1.61, 1.61, 0, 0.517, True
7, 7, 0, 30, 3, 0, 3.59, 3.59, 0, 0.634, True
7, 7, 0, 31, 3, 1, 5.05, 5.05, 1, 0.693, True
7, 7, 0, 32, 2, 1, 2.21, 2.21, 1, 0.634, True
7, 7, 0, 33, 2, 0, 1.7, 1.7, 0, 0.647, True
7, 7, 0, 34, 1, 0, 3.66, 3.66, 0, 0.725, True
7, 7, 0, 35, 1, 0, 1.94, 1.94, 1, 0.61, False
7, 7, 0, 36, 2, 1, 1.56, 1.56, 1, 0.519, True
7, 7, 0, 37, 2, 0, 5.79, 5.79, 1, 0.762, False
7, 7, 0, 38, 3, 1, 6.2, 6.2, 1, 0.669, True
7, 7, 0, 39, 3, 1, 1.16, 1.16, 0, 0.735, False
7, 7, 0, 40, 4, 1, 0.94, 0.94, 0, 0.511, False
7, 7, 0, 41, 5, 1, 1.17, 1.17, 1, 0.511, True
7, 7, 0, 42, 5, 0, 0.6, 0.6, 0, 0.658, True
7, 7, 0, 43, 4, 0, 3.46, 3.46, 0, 0.434, True
7, 7, 0, 44, 4, 0, 2.42, 2.42, 1, 0.597, False
7, 7, 0, 45, 5, 0, 3.25, 3.25, 1, 0.407, False
7, 7, 0, 46, 6, 1, 1.23, 1.23, 1, 0.613, True
7, 7, 0, 47, 6, 0, 0.59, 0.59, 0, 0.554, True
7, 7, 0, 48, 5, 1, 0.6, 0.6, 1, 0.549, True
7, 7, 0, 49, 5, 1, 6.16, 6.16, 1, 0.573, True
