2, 0, 0, 0, 20, 1, 0.6, 0.6, 1, 2.255, True
2, 0, 0, 1, 20, 0, 5.46, 5.46, 1, 5.413, False
2, 0, 0, 2, 21, 1, 3.24, 3.24, 1, 2.797, True
2, 0, 0, 3, 21, 0, 3.75, 3.75, 0, 3.898, True
2, 0, 0, 4, 20, 0, 4.72, 4.72, 0, 11.908, True
2, 0, 0, 5, 20, 0, 1.74, 1.74, 0, 1.615, True
2, 0, 0, 6, 19, 1, 2.29, 2.29, 1, 1.461, True
2, 0, 0, 7, 19, 1, 5.9, 5.9, 1, 1.282, True
2, 0, 0, 8, 18, 0, 4.22, 4.22, 0, 1.42, True
2, 0, 0, 9, 18, 1, 1.24, 1.24, 1, 1.682, True
2, 1, 1, 0, 20, 1, 0.96, 4.1, 1, 1.644, True
2, 1, 1, 1, 20, 0, 6.24, 3.1, 1, 2.975, False
2, 1, 1, 2, 21, 1, 4.7, 1.56, 1, 1.615, True
2, 1, 1, 3, 21, 0, 3.13, 6.27, 1, 3.676, False
2, 1, 1, 4, 22, 1, 0.97, 4.11, 1, 1.428, True
2, 1, 1, 5, 22, 1, 6.02, 2.88, 0, 1.271, False
2, 1, 1, 6, 23, 0, 0.75, 3.89, 1, 1.916, False
2, 1, 1, 7, 24, 0, 3.41, 0.27, 0, 1.439, True
2, 1, 1, 8, 24, 1, 2.96, 6.1, 1, 1.444, True
2, 1, 1, 9, 23, 0, 1.16, 4.3, 1, 1.442, False
2, 2, 1, 0, 9, 1, 0.57, 3.72, 1, 1.231, True
2, 2, 1, 1, 9, 1, 2.7, 5.84, 0, 1.405, False
2, 2, 1, 2, 10, 1, 5.63, 2.49, 0, 1.308, False
2, 2, 1, 3, 11, 1, 5.36, 2.22, 1, 1.162, True
2, 2, 1, 4, 11, 1, 5.14, 2.0, 1, 1.098, True
2, 2, 1, 5, 10, 1, 2.71, 5.85, 0, 1.164, False
2, 2, 1, 6, 11, 1, 1.77, 4.92, 1, 3.194, True
2, 2, 1, 7, 11, 0, 1.11, 4.26, 0, 1.005, True
2, 2, 1, 8, 10, 0, 1.79, 4.93, 0, 0.671, True
2, 2, 1, 9, 10, 1, 5.13, 1.99, 1, 0.938, True
2, 2, 1, 10, 9, 1, 4.31, 1.17, 0, 1.372, False
2, 2, 1, 11, 10, 0, 5.97, 2.83, 1, 1.143, False
2, 2, 1, 12, 11, 1, 3.94, 0.8, 1, 1.17, True
2, 2, 1, 13, 11, 0, 2.97, 6.11, 0, 1.042, True
2, 2, 1, 14, 10, 0, 3.14, 6.28, 0, 1.127, True
2, 2, 1, 15, 10, 0, 4.44, 1.29, 0, 1.874, True
2, 2, 1, 16, 9, 0, 5.67, 2.53, 0, 1.407, True
2, 2, 1, 17, 9, 1, 3.02, 6.17, 0, 2.559, False
2, 2, 1, 18, 10, 1, 3.02, 6.16, 0, 2.058, False
2, 2, 1, 19, 11, 1, 3.23, 0.09, 1, 0.89, True
2, 2, 1, 20, 11, 1, 2.38, 5.52, 1, 1.746, True
2, 2, 1, 21, 10, 1, 5.62, 2.47, 1, 1.666, True
2, 2, 1, 22, 10, 1, 3.44, 0.3, 1, 1.89, True
2, 2, 1, 23, 9, 1, 0.37, 3.51, 1, 1.538, True
2, 2, 1, 24, 9, 1, 4.84, 1.7, 1, 0.919, True
2, 2, 1, 25, 8, 0, 1.99, 5.14, 1, 1.226, False
2, 2, 1, 26, 9, 0, 5.32, 2.18, 0, 1.031, True
2, 2, 1, 27, 9, 0, 3.04, 6.18, 0, 0.695, True
2, 2, 1, 28, 8, 0, 3.67, 0.53, 0, 0.746, True
2, 2, 1, 29, 8, 0, 3.08, 6.22, 0, 0.674, True
2, 2, 1, 30, 7, 1, 5.12, 1.98, 1, 1.226, True
2, 2, 1, 31, 7, 1, 1.1, 4.24, 0, 0.837, False
2, 2, 1, 32, 8, 0, 5.28, 2.13, 0, 1.151, True
2, 2, 1, 33, 8, 0, 5.63, 2.49, 0, 0.746, True
2, 2, 1, 34, 7, 0, 0.64, 3.78, 0, 0.642, True
2, 2, 1, 35, 7, 1, 6.11, 2.96, 1, 0.714, True
2, 2, 1, 36, 6, 0, 5.47, 2.33, 0, 0.589, True
2, 2, 1, 37, 6, 0, 2.38, 5.53, 0, 0.548, True
2, 2, 1, 38, 5, 1, 1.18, 4.32, 0, 0.839, False
2, 2, 1, 39, 6, 0, 5.31, 2.17, 0, 0.9, True
2, 2, 1, 40, 6, 1, 0.74, 3.89, 1, 0.684, True
2, 2, 1, 41, 5, 0, 4.59, 1.45, 0, 1.002, True
2, 2, 1, 42, 5, 0, 4.28, 1.14, 1, 0.871, False
2, 2, 1, 43, 6, 0, 3.76, 0.61, 1, 0.844, False
2, 2, 1, 44, 7, 0, 0.93, 4.07, 0, 0.556, True
2, 2, 1, 45, 7, 1, 5.11, 1.97, 1, 0.674, True
2, 2, 1, 46, 6, 0, 4.4, 1.26, 0, 0.972, True
2, 2, 1, 47, 6, 1, 0.93, 4.08, 1, 0.754, True
2, 2, 1, 48, 5, 1, 3.11, 6.25, 0, 0.895, False
2, 2, 1, 49, 6, 1, 2.87, 6.01, 0, 0.743, False
2, 3, 0, 0, 5, 0, 1.03, 1.03, 0, 1.375, True
2, 3, 0, 1, 5, 0, 4.27, 4.27, 0, 0.823, True
2, 3, 0, 2, 4, 1, 1.52, 1.52, 0, 0.927, False
2, 3, 0, 3, 5, 1, 2.68, 2.68, 0, 1.292, False
2, 3, 0, 4, 6, 0, 5.92, 5.92, 1, 2.546, False
2, 3, 0, 5, 7, 1, 4.39, 4.39, 0, 2.298, False
2, 3, 0, 6, 8, 0, 5.71, 5.71, 0, 0.762, True
2, 3, 0, 7, 8, 0, 4.97, 4.97, 0, 0.69, True
2, 3, 0, 8, 7, 0, 6.13, 6.13, 0, 0.53, True
2, 3, 0, 9, 7, 1, 3.23, 3.23, 1, 0.898, True
2, 3, 0, 10, 6, 1, 4.51, 4.51, 1, 0.682, True
2, 3, 0, 11, 6, 1, 3.03, 3.03, 1, 0.775, True
2, 3, 0, 12, 5, 1, 4.73, 4.73, 1, 0.356, True
2, 3, 0, 13, 5, 0, 3.89, 3.89, 0, 0.674, True
2, 3, 0, 14, 4, 0, 6.18, 6.18, 0, 0.668, True
2, 3, 0, 15, 4, 0, 4.26, 4.26, 0, 0.794, True
2, 3, 0, 16, 3, 1, 1.88, 1.88, 1, 0.623, True
2, 3, 0, 17, 3, 0, 1.64, 1.64, 0, 0.767, True
2, 3, 0, 18, 2, 1, 4.23, 4.23, 0, 0.895, False
2, 3, 0, 19, 3, 0, 2.76, 2.76, 0, 0.628, True
2, 3, 0, 20, 3, 1, 2.4, 2.4, 0, 0.775, False
2, 3, 0, 21, 4, 1, 3.14, 3.14, 1, 0.855, True
2, 3, 0, 22, 4, 0, 6.28, 6.28, 0, 0.676, True
2, 3, 0, 23, 3, 0, 4.25, 4.25, 0, 0.783, True
2, 3, 0, 24, 3, 0, 2.47, 2.47, 0, 0.818, True
2, 3, 0, 25, 2, 1, 4.12, 4.12, 1, 1.218, True
2, 3, 0, 26, 2, 0, 5.16, 5.16, 0, 0.652, True
2, 3, 0, 27, 1, 1, 5.73, 5.73, 0, 0.757, False
2, 3, 0, 28, 2, 1, 3.19, 3.19, 0, 0.671, False
2, 3, 0, 29, 3, 0, 3.47, 3.47, 0, 0.631, True
2, 3, 0, 30, 3, 1, 2.56, 2.56, 1, 0.858, True
2, 3, 0, 31, 2, 0, 4.31, 4.31, 0, 0.634, True
2, 3, 0, 32, 2, 0, 2.01, 2.01, 0, 0.652, True
2, 3, 0, 33, 1, 0, 4.69, 4.69, 0, 0.818, True
2, 3, 0, 34, 1, 1, 5.24, 5.24, 1, 1.098, True
2, 3, 0, 35, 1, 0, 3.65, 3.65, 0, 0.623, True
2, 3, 0, 36, 1, 0, 1.85, 1.85, 0, 0.591, True
2, 3, 0, 37, 1, 0, 1.22, 1.22, 1, 1.084, False
2, 3, 0, 38, 2, 0, 5.44, 5.44, 0, 0.634, True
2, 3, 0, 39, 2, 0, 2.6, 2.6, 0, 0.748, True
2, 3, 0, 40, 1, 0, 5.04, 5.04, 1, 0.823, False
2, 3, 0, 41, 2, 0, 1.82, 1.82, 0, 0.559, True
2, 3, 0, 42, 2, 1, 0.27, 0.27, 0, 1.599, False
2, 3, 0, 43, 3, 0, 1.41, 1.41, 0, 0.831, True
2, 3, 0, 44, 3, 1, 4.54, 4.54, 1, 1.354, True
2, 3, 0, 45, 2, 1, 0.78, 0.78, 0, 2.418, False
2, 3, 0, 46, 3, 1, 3.05, 3.05, 1, 0.89, True
2, 3, 0, 47, 3, 0, 4.71, 4.71, 0, 0.655, True
2, 3, 0, 48, 2, 0, 1.37, 1.37, 0, 1.234, True
2, 3, 0, 49, 2, 1, 3.8, 3.8, 1, 0.65, True
2, 4, 0, 0, 5, 0, 2.9, 2.9, 0, 0.724, True
2, 4, 0, 1, 5, 1, 3.66, 3.66, 1, 0.362, True
2, 4, 0, 2, 4, 1, 0.27, 0.27, 1, 0.66, True
2, 4, 0, 3, 4, 1, 1.67, 1.67, 1, 0.666, True
2, 4, 0, 4, 3, 1, 5.75, 5.75, 1, 0.532, True
2, 4, 0, 5, 3, 0, 0.2, 0.2, 1, 0.327, False
2, 4, 0, 6, 4, 0, 0.84, 0.84, 1, 0.81, False
2, 4, 0, 7, 5, 1, 5.87, 5.87, 1, 0.527, True
2, 4, 0, 8, 5, 1, 1.3, 1.3, 1, 0.543, True
2, 4, 0, 9, 4, 1, 3.82, 3.82, 0, 0.834, False
2, 4, 0, 10, 5, 0, 4.91, 4.91, 0, 0.639, True
2, 4, 0, 11, 5, 0, 3.26, 3.26, 0, 0.69, True
2, 4, 0, 12, 4, 0, 3.03, 3.03, 0, 0.479, True
2, 4, 0, 13, 4, 0, 4.83, 4.83, 0, 0.53, True
2, 4, 0, 14, 3, 0, 0.69, 0.69, 1, 0.623, False
2, 4, 0, 15, 4, 1, 2.22, 2.22, 0, 0.61, False
2, 4, 0, 16, 5, 0, 2.83, 2.83, 0, 0.589, True
2, 4, 0, 17, 5, 0, 2.06, 2.06, 0, 0.562, True
2, 4, 0, 18, 4, 1, 1.92, 1.92, 0, 0.594, False
2, 4, 0, 19, 5, 1, 0.32, 0.32, 0, 0.682, False
2, 4, 0, 20, 6, 1, 3.2, 3.2, 1, 0.423, True
2, 4, 0, 21, 6, 0, 1.38, 1.38, 0, 0.559, True
2, 4, 0, 22, 5, 1, 3.23, 3.23, 1, 1.055, True
2, 4, 0, 23, 5, 0, 3.57, 3.57, 0, 0.53, True
2, 4, 0, 24, 4, 1, 3.26, 3.26, 1, 0.703, True
2, 4, 0, 25, 4, 1, 2.37, 2.37, 1, 0.711, True
2, 4, 0, 26, 3, 0, 1.41, 1.41, 0, 0.679, True
2, 4, 0, 27, 3, 0, 0.43, 0.43, 0, 0.559, True
2, 4, 0, 28, 2, 0, 2.58, 2.58, 0, 0.532, True
2, 4, 0, 29, 2, 1, 2.61, 2.61, 1, 0.676, True
2, 4, 0, 30, 1, 0, 5.83, 5.83, 0, 0.703, True
2, 4, 0, 31, 1, 0, 1.43, 1.43, 0, 0.764, True
2, 4, 0, 32, 1, 1, 1.98, 1.98, 1, 0.711, True
2, 4, 0, 33, 1, 1, 5.58, 5.58, 0, 0.647, False
2, 4, 0, 34, 2, 1, 3.6, 3.6, 1, 0.957, True
2, 4, 0, 35, 2, 0, 4.05, 4.05, 0, 0.567, True
2, 4, 0, 36, 1, 0, 1.72, 1.72, 1, 1.098, False
2, 4, 0, 37, 2, 1, 2.78, 2.78, 0, 0.717, False
2, 4, 0, 38, 3, 1, 2.23, 2.23, 1, 0.655, True
2, 4, 0, 39, 3, 1, 2.46, 2.46, 0, 0.711, False
2, 4, 0, 40, 4, 1, 4.75, 4.75, 1, 0.556, True
2, 4, 0, 41, 4, 0, 1.06, 1.06, 0, 0.591, True
2, 4, 0, 42, 3, 0, 3.51, 3.51, 0, 0.999, True
2, 4, 0, 43, 3, 0, 1.83, 1.83, 1, 0.77, False
2, 4, 0, 44, 4, 0, 3.09, 3.09, 0, 1.138, True
2, 4, 0, 45, 4, 1, 2.41, 2.41, 1, 0.62, True
2, 4, 0, 46, 3, 1, 4.87, 4.87, 1, 0.652, True
2, 4, 0, 47, 3, 1, 5.07, 5.07, 1, 0.639, True
2, 4, 0, 48, 2, 0, 2.14, 2.14, 0, 0.863, True
2, 4, 0, 49, 2, 0, 5.81, 5.81, 1, 0.671, False
2, 5, 1, 0, 9, 1, 3.31, 0.17, 0, 1.487, False
2, 5, 1, 1, 10, 0, 2.64, 5.78, 1, 1.146, False
2, 5, 1, 2, 11, 1, 3.29, 0.15, 1, 0.788, True
2, 5, 1, 3, 11, 1, 4.83, 1.69, 0, 1.3, False
2, 5, 1, 4, 12, 0, 4.26, 1.12, 1, 1.711, False
2, 5, 1, 5, 13, 1, 0.39, 3.54, 1, 0.727, True
2, 5, 1, 6, 13, 0, 5.8, 2.66, 0, 0.794, True
2, 5, 1, 7, 12, 1, 0.08, 3.22, 1, 0.719, True
2, 5, 1, 8, 12, 1, 5.76, 2.61, 1, 0.676, True
2, 5, 1, 9, 11, 0, 1.89, 5.03, 0, 0.671, True
2, 5, 1, 10, 11, 0, 0.57, 3.71, 0, 0.631, True
2, 5, 1, 11, 10, 1, 4.37, 1.22, 0, 0.954, False
2, 5, 1, 12, 11, 0, 0.22, 3.36, 0, 0.602, True
2, 5, 1, 13, 11, 0, 5.25, 2.11, 1, 0.631, False
2, 5, 1, 14, 12, 0, 1.87, 5.01, 0, 0.637, True
2, 5, 1, 15, 12, 1, 1.17, 4.32, 1, 0.861, True
2, 5, 1, 16, 11, 0, 0.98, 4.13, 0, 0.636, True
2, 5, 1, 17, 11, 1, 3.64, 0.5, 1, 0.591, True
2, 5, 1, 18, 10, 0, 5.46, 2.32, 0, 0.631, True
2, 5, 1, 19, 10, 0, 0.58, 3.73, 0, 0.62, True
2, 5, 1, 20, 9, 1, 2.71, 5.86, 1, 0.602, True
2, 5, 1, 21, 9, 1, 1.34, 4.48, 1, 0.612, True
2, 5, 1, 22, 8, 1, 1.54, 4.68, 1, 0.482, True
2, 5, 1, 23, 8, 1, 0.69, 3.83, 1, 0.535, True
2, 5, 1, 24, 7, 1, 0.39, 3.53, 1, 0.524, True
2, 5, 1, 25, 7, 0, 1.7, 4.84, 0, 0.631, True
2, 5, 1, 26, 6, 1, 5.32, 2.18, 1, 0.519, True
2, 5, 1, 27, 6, 1, 3.7, 0.56, 0, 0.85, False
2, 5, 1, 28, 7, 0, 2.92, 6.06, 0, 0.863, True
2, 5, 1, 29, 7, 0, 3.95, 0.8, 0, 1.122, True
2, 5, 1, 30, 6, 0, 1.53, 4.67, 0, 0.658, True
2, 5, 1, 31, 6, 0, 1.16, 4.3, 0, 0.538, True
2, 5, 1, 32, 5, 0, 0.83, 3.97, 0, 0.551, True
2, 5, 1, 33, 5, 1, 5.06, 1.92, 1, 1.287, True
2, 5, 1, 34, 4, 0, 2.47, 5.62, 0, 1.012, True
2, 5, 1, 35, 4, 0, 4.02, 0.88, 0, 0.754, True
2, 5, 1, 36, 3, 1, 0.32, 3.46, 0, 0.602, False
2, 5, 1, 37, 4, 1, 5.13, 1.99, 0, 0.773, False
2, 5, 1, 38, 5, 1, 3.32, 0.18, 1, 0.786, True
2, 5, 1, 39, 5, 0, 5.0, 1.86, 0, 1.058, True
2, 5, 1, 40, 4, 0, 4.74, 1.6, 0, 0.775, True
2, 5, 1, 41, 4, 1, 4.14, 0.99, 0, 0.996, False
2, 5, 1, 42, 5, 0, 6.15, 3.01, 0, 0.703, True
2, 5, 1, 43, 5, 0, 1.62, 4.76, 0, 0.813, True
2, 5, 1, 44, 4, 0, 1.01, 4.16, 0, 0.57, True
2, 5, 1, 45, 4, 0, 3.22, 0.08, 0, 0.557, True
2, 5, 1, 46, 3, 0, 2.32, 5.46, 0, 0.652, True
2, 5, 1, 47, 3, 0, 0.21, 3.35, 0, 0.799, True
2, 5, 1, 48, 2, 1, 0.96, 4.1, 1, 0.767, True
2, 5, 1, 49, 2, 1, 6.2, 3.06, 1, 1.5, True
2, 6, 1, 0, 9, 0, 1.84, 4.98, 0, 0.78, True
2, 6, 1, 1, 9, 0, 5.73, 2.59, 0, 0.7, True
2, 6, 1, 2, 8, 0, 0.77, 3.91, 0, 0.495, True
2, 6, 1, 3, 8, 1, 2.85, 5.99, 1, 0.565, True
2, 6, 1, 4, 7, 1, 3.71, 0.57, 1, 1.18, True
2, 6, 1, 5, 7, 1, 1.15, 4.29, 1, 0.508, True
2, 6, 1, 6, 6, 0, 2.98, 6.12, 0, 0.932, True
2, 6, 1, 7, 6, 0, 0.02, 3.16, 0, 0.663, True
2, 6, 1, 8, 5, 0, 5.25, 2.11, 0, 0.828, True
2, 6, 1, 9, 5, 0, 0.2, 3.34, 1, 0.532, False
2, 6, 1, 10, 6, 1, 4.35, 1.2, 1, 0.607, True
2, 6, 1, 11, 6, 1, 2.76, 5.9, 0, 0.794, False
2, 6, 1, 12, 7, 1, 5.27, 2.13, 0, 0.943, False
2, 6, 1, 13, 8, 0, 0.15, 3.29, 0, 0.7, True
2, 6, 1, 14, 8, 1, 3.58, 0.44, 1, 1.052, True
2, 6, 1, 15, 7, 0, 0.52, 3.66, 0, 0.626, True
2, 6, 1, 16, 7, 1, 5.2, 2.05, 0, 1.231, False
2, 6, 1, 17, 8, 0, 1.36, 4.5, 0, 0.589, True
2, 6, 1, 18, 8, 0, 3.79, 0.65, 1, 1.124, False
2, 6, 1, 19, 9, 1, 1.63, 4.77, 1, 0.567, True
2, 6, 1, 20, 9, 0, 3.25, 0.11, 0, 0.698, True
2, 6, 1, 21, 8, 0, 5.02, 1.87, 0, 0.826, True
2, 6, 1, 22, 8, 1, 1.81, 4.96, 1, 0.674, True
2, 6, 1, 23, 7, 0, 0.01, 3.15, 0, 0.701, True
2, 6, 1, 24, 7, 1, 6.04, 2.89, 1, 0.978, True
2, 6, 1, 25, 6, 1, 0.38, 3.53, 1, 0.538, True
2, 6, 1, 26, 6, 1, 1.95, 5.09, 1, 0.812, True
2, 6, 1, 27, 5, 1, 2.58, 5.72, 1, 0.711, True
2, 6, 1, 28, 5, 0, 1.72, 4.86, 0, 0.749, True
2, 6, 1, 29, 4, 1, 3.23, 0.09, 1, 0.764, True
2, 6, 1, 30, 4, 0, 1.73, 4.87, 0, 0.668, True
2, 6, 1, 31, 3, 1, 6.07, 2.93, 1, 0.807, True
2, 6, 1, 32, 3, 1, 5.29, 2.15, 1, 0.847, True
2, 6, 1, 33, 2, 0, 3.32, 0.18, 0, 0.687, True
2, 6, 1, 34, 2, 1, 6.26, 3.12, 1, 0.679, True
2, 6, 1, 35, 1, 0, 4.74, 1.6, 1, 1.364, False
2, 6, 1, 36, 2, 0, 0.34, 3.48, 0, 0.783, True
2, 6, 1, 37, 2, 0, 0.21, 3.35, 1, 0.759, False
2, 6, 1, 38, 3, 0, 3.04, 6.19, 0, 1.17, True
2, 6, 1, 39, 3, 1, 5.64, 2.49, 1, 0.868, True
2, 6, 1, 40, 2, 1, 4.55, 1.41, 1, 0.938, True
2, 6, 1, 41, 2, 0, 2.89, 6.03, 0, 1.756, True
2, 6, 1, 42, 1, 1, 4.65, 1.5, 1, 0.709, True
2, 6, 1, 43, 1, 0, 1.28, 4.42, 1, 0.679, False
2, 6, 1, 44, 2, 0, 5.47, 2.33, 0, 0.906, True
2, 6, 1, 45, 2, 0, 2.2, 5.35, 0, 0.775, True
2, 6, 1, 46, 1, 1, 4.64, 1.49, 1, 0.778, True
2, 6, 1, 47, 1, 0, 3.88, 0.74, 0, 0.604, True
2, 6, 1, 48, 1, 0, 1.12, 4.26, 1, 0.639, False
2, 6, 1, 49, 2, 1, 5.28, 2.13, 1, 0.727, True
2, 7, 0, 0, 5, 0, 5.75, 5.75, 0, 1.375, True
2, 7, 0, 1, 5, 1, 5.9, 5.9, 1, 1.65, True
2, 7, 0, 2, 4, 0, 0.35, 0.35, 0, 1.186, True
2, 7, 0, 3, 4, 1, 0.57, 0.57, 0, 0.98, False
2, 7, 0, 4, 5, 0, 0.87, 0.87, 0, 1.954, True
2, 7, 0, 5, 5, 1, 2.39, 2.39, 0, 1.487, False
2, 7, 0, 6, 6, 1, 6.05, 6.05, 0, 1.098, False
2, 7, 0, 7, 7, 1, 3.67, 3.67, 1, 0.743, True
2, 7, 0, 8, 7, 1, 2.23, 2.23, 1, 0.61, True
2, 7, 0, 9, 6, 1, 1.36, 1.36, 1, 0.463, True
2, 7, 0, 10, 6, 0, 5.43, 5.43, 1, 0.37, False
2, 7, 0, 11, 7, 0, 1.69, 1.69, 0, 0.543, True
2, 7, 0, 12, 7, 1, 3.77, 3.77, 1, 0.543, True
2, 7, 0, 13, 6, 1, 2.07, 2.07, 1, 0.434, True
2, 7, 0, 14, 6, 1, 0.35, 0.35, 1, 0.37, True
2, 7, 0, 15, 5, 1, 4.95, 4.95, 1, 0.338, True
2, 7, 0, 16, 5, 1, 1.57, 1.57, 1, 0.359, True
2, 7, 0, 17, 4, 1, 6.0, 6.0, 0, 0.834, False
2, 7, 0, 18, 5, 1, 5.56, 5.56, 1, 0.418, True
2, 7, 0, 19, 5, 0, 0.51, 0.51, 1, 1.114, False
2, 7, 0, 20, 6, 1, 0.99, 0.99, 1, 0.479, True
2, 7, 0, 21, 6, 1, 1.58, 1.58, 1, 0.482, True
2, 7, 0, 22, 5, 1, 1.82, 1.82, 1, 0.903, True
2, 7, 0, 23, 5, 0, 1.77, 1.77, 0, 0.594, True
2, 7, 0, 24, 4, 1, 3.88, 3.88, 1, 0.564, True
2, 7, 0, 25, 4, 0, 0.79, 0.79, 1, 1.514, False
2, 7, 0, 26, 5, 0, 0.31, 0.31, 0, 0.684, True
2, 7, 0, 27, 5, 0, 2.8, 2.8, 0, 0.618, True
2, 7, 0, 28, 4, 0, 2.93, 2.93, 0, 1.229, True
2, 7, 0, 29, 4, 1, 5.49, 5.49, 1, 0.583, True
2, 7, 0, 30, 3, 0, 3.55, 3.55, 0, 0.751, True
2, 7, 0, 31, 3, 1, 4.37, 4.37, 1, 0.746, True
2, 7, 0, 32, 2, 0, 1.53, 1.53, 0, 0.594, True
2, 7, 0, 33, 2, 0, 0.97, 0.97, 1, 0.866, False
2, 7, 0, 34, 3, 1, 1.34, 1.34, 0, 0.57, False
2, 7, 0, 35, 4, 1, 3.49, 3.49, 1, 0.562, True
2, 7, 0, 36, 4, 0, 0.48, 0.48, 0, 0.663, True
2, 7, 0, 37, 3, 0, 5.48, 5.48, 0, 0.724, True
2, 7, 0, 38, 3, 1, 0.71, 0.71, 1, 0.959, True
2, 7, 0, 39, 2, 1, 2.48, 2.48, 0, 0.613, False
2, 7, 0, 40, 3, 0, 5.87, 5.87, 0, 0.663, True
2, 7, 0, 41, 3, 0, 0.04, 0.04, 1, 0.844, False
2, 7, 0, 42, 4, 1, 2.37, 2.37, 1, 0.668, True
2, 7, 0, 43, 4, 0, 4.19, 4.19, 0, 0.663, True
2, 7, 0, 44, 3, 1, 0.32, 0.32, 1, 0.714, True
2, 7, 0, 45, 3, 0, 5.18, 5.18, 0, 0.799, True
2, 7, 0, 46, 2, 1, 6.12, 6.12, 1, 0.836, True
2, 7, 0, 47, 2, 1, 5.87, 5.87, 0, 0.642, False
2, 7, 0, 48, 3, 0, 4.35, 4.35, 0, 0.796, True
2, 7, 0, 49, 3, 0, 2.42, 2.42, 1, 0.828, False
