9, 0, 0, 0, 20, 1, 4.4, 4.4, 1, 1.588, True
9, 0, 0, 1, 20, 1, 0.85, 0.85, 1, 1.177, True
9, 0, 0, 2, 19, 0, 5.72, 5.72, 0, 1.292, True
9, 0, 0, 3, 19, 1, 1.75, 1.75, 1, 12.983, True
9, 0, 0, 4, 18, 1, 0.18, 0.18, 1, 0.961, True
9, 0, 0, 5, 18, 1, 1.87, 1.87, 1, 1.289, True
9, 0, 0, 6, 17, 1, 0.27, 0.27, 1, 0.737, True
9, 0, 0, 7, 17, 0, 4.08, 4.08, 0, 0.601, True
9, 0, 0, 8, 16, 1, 6.18, 6.18, 1, 0.425, True
9, 0, 0, 9, 16, 0, 5.99, 5.99, 0, 0.839, True
9, 1, 1, 0, 20, 0, 6.25, 3.11, 0, 1.828, True
9, 1, 1, 1, 20, 0, 5.58, 2.44, 1, 1.265, False
9, 1, 1, 2, 21, 1, 4.26, 1.12, 0, 1.345, False
9, 1, 1, 3, 22, 1, 3.71, 0.56, 1, 1.039, True
9, 1, 1, 4, 22, 1, 4.62, 1.48, 1, 0.721, True
9, 1, 1, 5, 21, 0, 5.99, 2.85, 0, 0.945, True
9, 1, 1, 6, 21, 1, 3.67, 0.53, 1, 0.751, True
9, 1, 1, 7, 20, 0, 3.8, 0.65, 0, 0.823, True
9, 1, 1, 8, 20, 1, 2.55, 5.69, 1, 0.94, True
9, 1, 1, 9, 19, 1, 5.14, 2.0, 1, 0.943, True
9, 2, 1, 0, 9, 1, 2.07, 5.21, 1, 0.842, True
9, 2, 1, 1, 9, 1, 5.15, 2.01, 1, 0.785, True
9, 2, 1, 2, 8, 1, 4.43, 1.29, 1, 0.719, True
9, 2, 1, 3, 8, 1, 4.59, 1.45, 1, 0.636, True
9, 2, 1, 4, 7, 0, 2.87, 6.01, 1, 0.812, False
9, 2, 1, 5, 8, 1, 1.83, 4.97, 1, 1.025, True
9, 2, 1, 6, 8, 0, 0.37, 3.51, 1, 0.927, False
9, 2, 1, 7, 9, 1, 5.96, 2.82, 1, 0.841, True
9, 2, 1, 8, 9, 1, 0.44, 3.58, 1, 0.721, True
9, 2, 1, 9, 8, 1, 2.89, 6.04, 1, 0.721, True
9, 2, 1, 10, 8, 0, 4.81, 1.66, 0, 0.801, True
9, 2, 1, 11, 7, 0, 1.02, 4.16, 1, 0.993, False
9, 2, 1, 12, 8, 0, 4.13, 0.99, 1, 1.433, False
9, 2, 1, 13, 9, 1, 5.69, 2.54, 0, 0.855, False
9, 2, 1, 14, 10, 0, 2.44, 5.58, 0, 0.625, True
9, 2, 1, 15, 10, 1, 4.8, 1.66, 1, 0.545, True
9, 2, 1, 16, 9, 1, 3.48, 0.33, 1, 0.572, True
9, 2, 1, 17, 9, 1, 4.69, 1.55, 0, 0.895, False
9, 2, 1, 18, 10, 1, 4.95, 1.81, 1, 0.847, True
9, 2, 1, 19, 10, 1, 2.9, 6.04, 1, 0.631, True
9, 2, 1, 20, 9, 0, 0.52, 3.67, 0, 0.516, True
9, 2, 1, 21, 9, 1, 3.42, 0.28, 1, 0.489, True
9, 2, 1, 22, 8, 0, 2.43, 5.57, 1, 0.889, False
9, 2, 1, 23, 9, 0, 4.17, 1.03, 1, 0.665, False
9, 2, 1, 24, 10, 0, 3.97, 0.83, 0, 0.716, True
9, 2, 1, 25, 10, 1, 3.25, 0.1, 1, 0.639, True
9, 2, 1, 26, 9, 1, 2.34, 5.48, 0, 0.719, False
9, 2, 1, 27, 10, 1, 0.69, 3.83, 1, 0.687, True
9, 2, 1, 28, 10, 1, 0.5, 3.64, 1, 1.063, True
9, 2, 1, 29, 9, 1, 0.76, 3.9, 1, 0.793, True
9, 2, 1, 30, 9, 0, 6.24, 3.1, 1, 0.903, False
9, 2, 1, 31, 10, 1, 3.33, 0.19, 0, 0.777, False
9, 2, 1, 32, 11, 0, 4.5, 1.36, 1, 0.692, False
9, 2, 1, 33, 12, 1, 0.14, 3.28, 1, 0.508, True
9, 2, 1, 34, 12, 0, 5.56, 2.42, 0, 0.767, True
9, 2, 1, 35, 11, 1, 0.24, 3.38, 1, 0.537, True
9, 2, 1, 36, 11, 1, 0.78, 3.93, 1, 0.593, True
9, 2, 1, 37, 10, 1, 4.51, 1.37, 1, 0.695, True
9, 2, 1, 38, 10, 0, 4.59, 1.44, 1, 0.927, False
9, 2, 1, 39, 11, 0, 4.17, 1.02, 0, 0.724, True
9, 2, 1, 40, 11, 0, 4.11, 0.97, 0, 0.721, True
9, 2, 1, 41, 10, 0, 0.88, 4.03, 0, 0.623, True
9, 2, 1, 42, 10, 0, 1.32, 4.47, 0, 0.665, True
9, 2, 1, 43, 9, 1, 3.61, 0.47, 1, 0.652, True
9, 2, 1, 44, 9, 0, 4.75, 1.6, 0, 0.62, True
9, 2, 1, 45, 8, 0, 5.12, 1.98, 1, 0.937, False
9, 2, 1, 46, 9, 1, 5.78, 2.64, 1, 0.641, True
9, 2, 1, 47, 9, 1, 1.78, 4.92, 1, 0.785, True
9, 2, 1, 48, 8, 0, 6.22, 3.08, 0, 0.617, True
9, 2, 1, 49, 8, 1, 2.64, 5.78, 1, 0.562, True
9, 3, 0, 0, 5, 0, 1.67, 1.67, 0, 0.823, True
9, 3, 0, 1, 5, 1, 2.42, 2.42, 1, 0.601, True
9, 3, 0, 2, 4, 0, 4.98, 4.98, 1, 0.991, False
9, 3, 0, 3, 5, 1, 1.59, 1.59, 1, 0.548, True
9, 3, 0, 4, 5, 0, 5.31, 5.31, 0, 0.593, True
9, 3, 0, 5, 4, 1, 5.92, 5.92, 1, 0.761, True
9, 3, 0, 6, 4, 0, 1.87, 1.87, 0, 0.687, True
9, 3, 0, 7, 3, 1, 1.4, 1.4, 1, 0.564, True
9, 3, 0, 8, 3, 1, 2.88, 2.88, 1, 0.689, True
9, 3, 0, 9, 2, 1, 6.25, 6.25, 1, 0.809, True
9, 3, 0, 10, 2, 1, 1.86, 1.86, 1, 0.796, True
9, 3, 0, 11, 1, 1, 1.47, 1.47, 1, 0.761, True
9, 3, 0, 12, 1, 1, 1.14, 1.14, 1, 0.993, True
9, 3, 0, 13, 1, 1, 3.16, 3.16, 1, 0.839, True
9, 3, 0, 14, 1, 0, 4.92, 4.92, 0, 0.783, True
9, 3, 0, 15, 1, 1, 1.34, 1.34, 1, 0.975, True
9, 3, 0, 16, 1, 1, 5.92, 5.92, 1, 0.812, True
9, 3, 0, 17, 1, 1, 2.01, 2.01, 1, 0.732, True
9, 3, 0, 18, 1, 0, 4.84, 4.84, 1, 0.559, False
9, 3, 0, 19, 2, 1, 4.35, 4.35, 0, 0.767, False
9, 3, 0, 20, 3, 1, 0.15, 0.15, 1, 0.519, True
9, 3, 0, 21, 3, 0, 4.54, 4.54, 1, 0.716, False
9, 3, 0, 22, 4, 1, 1.33, 1.33, 1, 0.585, True
9, 3, 0, 23, 4, 0, 3.94, 3.94, 0, 0.607, True
9, 3, 0, 24, 3, 0, 2.17, 2.17, 1, 0.711, False
9, 3, 0, 25, 4, 1, 5.4, 5.4, 1, 0.535, True
9, 3, 0, 26, 4, 0, 3.33, 3.33, 1, 1.228, False
9, 3, 0, 27, 5, 1, 4.16, 4.16, 1, 0.559, True
9, 3, 0, 28, 5, 1, 3.88, 3.88, 1, 0.588, True
9, 3, 0, 29, 4, 1, 5.49, 5.49, 1, 0.495, True
9, 3, 0, 30, 4, 0, 2.61, 2.61, 0, 0.657, True
9, 3, 0, 31, 3, 0, 1.59, 1.59, 0, 1.201, True
9, 3, 0, 32, 3, 1, 4.46, 4.46, 1, 0.625, True
9, 3, 0, 33, 2, 0, 1.53, 1.53, 0, 0.703, True
9, 3, 0, 34, 2, 1, 3.28, 3.28, 0, 0.841, False
9, 3, 0, 35, 3, 0, 2.26, 2.26, 0, 0.727, True
9, 3, 0, 36, 3, 0, 1.7, 1.7, 0, 0.74, True
9, 3, 0, 37, 2, 1, 4.99, 4.99, 0, 0.948, False
9, 3, 0, 38, 3, 1, 4.09, 4.09, 0, 0.879, False
9, 3, 0, 39, 4, 0, 1.36, 1.36, 0, 0.793, True
9, 3, 0, 40, 4, 0, 5.07, 5.07, 0, 0.852, True
9, 3, 0, 41, 3, 0, 5.33, 5.33, 0, 0.636, True
9, 3, 0, 42, 3, 0, 0.67, 0.67, 0, 0.631, True
9, 3, 0, 43, 2, 1, 2.37, 2.37, 1, 0.879, True
9, 3, 0, 44, 2, 0, 5.61, 5.61, 0, 0.812, True
9, 3, 0, 45, 1, 1, 1.92, 1.92, 0, 0.783, False
9, 3, 0, 46, 2, 0, 3.35, 3.35, 1, 0.999, False
9, 3, 0, 47, 3, 0, 5.64, 5.64, 0, 0.732, True
9, 3, 0, 48, 3, 0, 2.79, 2.79, 0, 0.748, True
9, 3, 0, 49, 2, 1, 2.52, 2.52, 1, 0.844, True
9, 4, 0, 0, 5, 0, 0.45, 0.45, 0, 0.62, True
9, 4, 0, 1, 5, 1, 2.76, 2.76, 1, 0.596, True
9, 4, 0, 2, 4, 0, 3.48, 3.48, 0, 0.583, True
9, 4, 0, 3, 4, 0, 0.33, 0.33, 0, 0.967, True
9, 4, 0, 4, 3, 0, 5.47, 5.47, 1, 0.535, False
9, 4, 0, 5, 4, 0, 0.78, 0.78, 0, 0.556, True
9, 4, 0, 6, 4, 0, 1.04, 1.04, 0, 0.583, True
9, 4, 0, 7, 3, 1, 2.42, 2.42, 1, 0.855, True
9, 4, 0, 8, 3, 1, 5.19, 5.19, 1, 0.847, True
9, 4, 0, 9, 2, 1, 0.42, 0.42, 0, 0.66, False
9, 4, 0, 10, 3, 1, 3.31, 3.31, 1, 0.497, True
9, 4, 0, 11, 3, 0, 5.44, 5.44, 0, 0.626, True
9, 4, 0, 12, 2, 1, 2.8, 2.8, 1, 0.729, True
9, 4, 0, 13, 2, 1, 4.78, 4.78, 0, 0.727, False
9, 4, 0, 14, 3, 0, 5.44, 5.44, 0, 0.551, True
9, 4, 0, 15, 3, 0, 4.39, 4.39, 0, 0.559, True
9, 4, 0, 16, 2, 0, 4.4, 4.4, 1, 0.873, False
9, 4, 0, 17, 3, 1, 4.15, 4.15, 1, 0.583, True
9, 4, 0, 18, 3, 1, 4.73, 4.73, 1, 0.551, True
9, 4, 0, 19, 2, 0, 1.22, 1.22, 0, 1.249, True
9, 4, 0, 20, 2, 1, 3.99, 3.99, 0, 0.791, False
9, 4, 0, 21, 3, 0, 3.91, 3.91, 1, 0.865, False
9, 4, 0, 22, 4, 0, 0.56, 0.56, 0, 0.652, True
9, 4, 0, 23, 4, 1, 2.28, 2.28, 1, 0.492, True
9, 4, 0, 24, 3, 1, 2.75, 2.75, 1, 0.561, True
9, 4, 0, 25, 3, 0, 4.44, 4.44, 1, 0.78, False
9, 4, 0, 26, 4, 0, 0.88, 0.88, 0, 0.58, True
9, 4, 0, 27, 4, 0, 6.07, 6.07, 0, 0.644, True
9, 4, 0, 28, 3, 1, 1.07, 1.07, 1, 0.513, True
9, 4, 0, 29, 3, 0, 3.27, 3.27, 0, 0.615, True
9, 4, 0, 30, 2, 1, 3.35, 3.35, 1, 0.495, True
9, 4, 0, 31, 2, 1, 5.29, 5.29, 0, 0.673, False
9, 4, 0, 32, 3, 0, 0.69, 0.69, 0, 0.967, True
9, 4, 0, 33, 3, 1, 4.96, 4.96, 1, 0.569, True
9, 4, 0, 34, 2, 1, 3.73, 3.73, 1, 0.559, True
9, 4, 0, 35, 2, 0, 5.47, 5.47, 1, 0.809, False
9, 4, 0, 36, 3, 0, 1.28, 1.28, 1, 0.743, False
9, 4, 0, 37, 4, 0, 5.32, 5.32, 0, 0.791, True
9, 4, 0, 38, 4, 0, 2.49, 2.49, 0, 0.689, True
9, 4, 0, 39, 3, 1, 4.64, 4.64, 1, 0.537, True
9, 4, 0, 40, 3, 1, 5.07, 5.07, 1, 0.529, True
9, 4, 0, 41, 2, 0, 2.14, 2.14, 0, 0.617, True
9, 4, 0, 42, 2, 0, 0.06, 0.06, 1, 0.514, False
9, 4, 0, 43, 3, 0, 4.4, 4.4, 0, 0.583, True
9, 4, 0, 44, 3, 1, 1.92, 1.92, 1, 0.527, True
9, 4, 0, 45, 2, 1, 5.42, 5.42, 1, 0.513, True
9, 4, 0, 46, 2, 0, 3.69, 3.69, 0, 0.74, True
9, 4, 0, 47, 1, 0, 5.23, 5.23, 1, 0.676, False
9, 4, 0, 48, 2, 0, 2.44, 2.44, 1, 0.535, False
9, 4, 0, 49, 3, 1, 3.76, 3.76, 1, 0.431, True
9, 5, 1, 0, 9, 1, 2.64, 5.78, 1, 2.049, True
9, 5, 1, 1, 9, 0, 3.36, 0.22, 0, 1.223, True
9, 5, 1, 2, 8, 0, 4.03, 0.89, 0, 0.62, True
9, 5, 1, 3, 8, 1, 0.11, 3.25, 1, 0.612, True
9, 5, 1, 4, 7, 0, 4.08, 0.94, 0, 0.657, True
9, 5, 1, 5, 7, 0, 0.21, 3.36, 1, 0.639, False
9, 5, 1, 6, 8, 1, 2.48, 5.62, 0, 0.745, False
9, 5, 1, 7, 9, 1, 1.93, 5.07, 1, 0.892, True
9, 5, 1, 8, 9, 0, 6.2, 3.05, 0, 0.601, True
9, 5, 1, 9, 8, 0, 0.15, 3.29, 0, 0.607, True
9, 5, 1, 10, 8, 0, 5.86, 2.72, 0, 0.599, True
9, 5, 1, 11, 7, 0, 3.47, 0.33, 0, 0.617, True
9, 5, 1, 12, 7, 1, 0.03, 3.17, 1, 0.644, True
9, 5, 1, 13, 6, 1, 1.78, 4.92, 1, 0.577, True
9, 5, 1, 14, 6, 0, 2.47, 5.61, 0, 0.649, True
9, 5, 1, 15, 5, 0, 6.08, 2.94, 0, 0.519, True
9, 5, 1, 16, 5, 0, 1.16, 4.31, 0, 0.521, True
9, 5, 1, 17, 4, 0, 5.73, 2.59, 0, 0.623, True
9, 5, 1, 18, 4, 1, 2.32, 5.47, 1, 0.567, True
9, 5, 1, 19, 3, 0, 5.12, 1.98, 0, 0.644, True
9, 5, 1, 20, 3, 1, 1.0, 4.14, 1, 0.532, True
9, 5, 1, 21, 2, 0, 2.14, 5.28, 1, 0.684, False
9, 5, 1, 22, 3, 0, 1.22, 4.36, 1, 0.567, False
9, 5, 1, 23, 4, 0, 1.88, 5.03, 1, 0.516, False
9, 5, 1, 24, 5, 1, 5.57, 2.43, 1, 0.625, True
9, 5, 1, 25, 5, 1, 5.12, 1.98, 1, 0.495, True
9, 5, 1, 26, 4, 1, 0.52, 3.67, 1, 0.431, True
9, 5, 1, 27, 4, 1, 1.25, 4.39, 1, 0.484, True
9, 5, 1, 28, 3, 1, 6.21, 3.06, 1, 0.628, True
9, 5, 1, 29, 3, 0, 2.93, 6.08, 1, 0.641, False
9, 5, 1, 30, 4, 1, 0.93, 4.07, 1, 0.513, True
9, 5, 1, 31, 4, 0, 3.77, 0.63, 1, 0.503, False
9, 5, 1, 32, 5, 1, 5.13, 1.99, 1, 0.476, True
9, 5, 1, 33, 5, 0, 0.17, 3.32, 1, 0.553, False
9, 5, 1, 34, 6, 1, 3.07, 6.21, 1, 0.559, True
9, 5, 1, 35, 6, 0, 4.54, 1.4, 1, 0.649, False
9, 5, 1, 36, 7, 1, 4.37, 1.22, 1, 0.695, True
9, 5, 1, 37, 7, 0, 0.35, 3.49, 1, 0.911, False
9, 5, 1, 38, 8, 1, 3.4, 0.25, 1, 1.217, True
9, 5, 1, 39, 8, 0, 6.18, 3.04, 0, 0.708, True
9, 5, 1, 40, 7, 0, 3.85, 0.71, 0, 0.545, True
9, 5, 1, 41, 7, 0, 4.7, 1.56, 0, 0.463, True
9, 5, 1, 42, 6, 0, 2.68, 5.82, 1, 0.655, False
9, 5, 1, 43, 7, 0, 0.39, 3.53, 0, 0.593, True
9, 5, 1, 44, 7, 1, 4.95, 1.81, 1, 0.908, True
9, 5, 1, 45, 6, 0, 1.83, 4.97, 1, 0.54, False
9, 5, 1, 46, 7, 1, 0.95, 4.09, 1, 0.612, True
9, 5, 1, 47, 7, 0, 5.64, 2.5, 1, 0.444, False
9, 5, 1, 48, 8, 0, 5.26, 2.12, 0, 0.625, True
9, 5, 1, 49, 8, 1, 0.82, 3.97, 1, 0.463, True
9, 6, 1, 0, 9, 0, 0.12, 3.26, 0, 0.748, True
9, 6, 1, 1, 9, 0, 1.04, 4.18, 1, 0.641, False
9, 6, 1, 2, 10, 0, 5.77, 2.63, 0, 0.58, True
9, 6, 1, 3, 10, 0, 4.55, 1.41, 0, 0.636, True
9, 6, 1, 4, 9, 1, 2.05, 5.19, 1, 0.529, True
9, 6, 1, 5, 9, 0, 4.78, 1.64, 0, 0.457, True
9, 6, 1, 6, 8, 0, 1.53, 4.67, 1, 0.948, False
9, 6, 1, 7, 9, 0, 6.0, 2.86, 0, 0.577, True
9, 6, 1, 8, 9, 0, 2.4, 5.55, 0, 0.58, True
9, 6, 1, 9, 8, 1, 5.1, 1.96, 0, 0.631, False
9, 6, 1, 10, 9, 1, 4.82, 1.68, 1, 0.516, True
9, 6, 1, 11, 9, 1, 4.17, 1.03, 1, 0.473, True
9, 6, 1, 12, 8, 0, 4.6, 1.46, 0, 0.569, True
9, 6, 1, 13, 8, 0, 5.19, 2.05, 0, 0.604, True
9, 6, 1, 14, 7, 0, 3.48, 0.34, 0, 0.585, True
9, 6, 1, 15, 7, 1, 4.88, 1.74, 1, 0.54, True
9, 6, 1, 16, 6, 1, 3.36, 0.22, 1, 0.532, True
9, 6, 1, 17, 6, 1, 5.26, 2.12, 1, 0.524, True
9, 6, 1, 18, 5, 0, 2.31, 5.46, 1, 0.561, False
9, 6, 1, 19, 6, 0, 5.35, 2.2, 0, 0.575, True
9, 6, 1, 20, 6, 0, 0.12, 3.26, 1, 0.559, False
9, 6, 1, 21, 7, 0, 3.48, 0.34, 0, 0.748, True
9, 6, 1, 22, 7, 0, 1.81, 4.96, 0, 0.641, True
9, 6, 1, 23, 6, 1, 0.21, 3.35, 1, 0.578, True
9, 6, 1, 24, 6, 1, 0.7, 3.85, 1, 0.457, True
9, 6, 1, 25, 5, 1, 3.93, 0.79, 1, 0.465, True
9, 6, 1, 26, 5, 0, 0.05, 3.19, 1, 0.553, False
9, 6, 1, 27, 6, 0, 2.03, 5.17, 0, 0.599, True
9, 6, 1, 28, 6, 0, 2.81, 5.95, 1, 0.508, False
9, 6, 1, 29, 7, 0, 0.92, 4.06, 0, 0.591, True
9, 6, 1, 30, 7, 1, 3.68, 0.54, 1, 0.481, True
9, 6, 1, 31, 6, 1, 2.06, 5.2, 1, 0.527, True
9, 6, 1, 32, 6, 1, 3.29, 0.15, 1, 0.505, True
9, 6, 1, 33, 5, 1, 5.82, 2.68, 1, 0.511, True
9, 6, 1, 34, 5, 0, 1.23, 4.37, 1, 0.519, False
9, 6, 1, 35, 6, 0, 1.79, 4.93, 1, 0.745, False
9, 6, 1, 36, 7, 0, 5.82, 2.68, 0, 0.585, True
9, 6, 1, 37, 7, 1, 1.17, 4.31, 1, 0.62, True
9, 6, 1, 38, 6, 1, 5.09, 1.95, 1, 0.519, True
9, 6, 1, 39, 6, 0, 5.52, 2.37, 1, 0.745, False
9, 6, 1, 40, 7, 1, 1.98, 5.12, 1, 0.892, True
9, 6, 1, 41, 7, 1, 1.12, 4.26, 0, 0.809, False
9, 6, 1, 42, 8, 0, 2.49, 5.63, 0, 0.812, True
9, 6, 1, 43, 8, 0, 2.44, 5.59, 0, 0.847, True
9, 6, 1, 44, 7, 0, 4.88, 1.74, 0, 0.953, True
9, 6, 1, 45, 7, 0, 5.82, 2.68, 0, 0.836, True
9, 6, 1, 46, 6, 1, 4.45, 1.31, 1, 0.759, True
9, 6, 1, 47, 6, 1, 0.15, 3.3, 1, 0.825, True
9, 6, 1, 48, 5, 1, 5.54, 2.4, 1, 0.62, True
9, 6, 1, 49, 5, 1, 3.98, 0.84, 1, 0.612, True
9, 7, 0, 0, 5, 1, 5.1, 5.1, 1, 0.74, True
9, 7, 0, 1, 5, 0, 1.86, 1.86, 1, 0.804, False
9, 7, 0, 2, 6, 0, 1.15, 1.15, 0, 0.82, True
9, 7, 0, 3, 6, 1, 3.42, 3.42, 1, 0.583, True
9, 7, 0, 4, 5, 1, 3.61, 3.61, 1, 0.607, True
9, 7, 0, 5, 5, 1, 3.05, 3.05, 1, 0.785, True
9, 7, 0, 6, 4, 0, 1.78, 1.78, 1, 0.985, False
9, 7, 0, 7, 5, 1, 6.12, 6.12, 1, 0.572, True
9, 7, 0, 8, 5, 0, 2.43, 2.43, 1, 0.668, False
9, 7, 0, 9, 6, 0, 4.29, 4.29, 0, 0.719, True
9, 7, 0, 10, 6, 1, 4.48, 4.48, 1, 0.636, True
9, 7, 0, 11, 5, 0, 4.38, 4.38, 1, 0.652, False
9, 7, 0, 12, 6, 1, 6.01, 6.01, 1, 0.671, True
9, 7, 0, 13, 6, 0, 2.06, 2.06, 0, 0.66, True
9, 7, 0, 14, 5, 0, 4.85, 4.85, 0, 0.508, True
9, 7, 0, 15, 5, 1, 5.2, 5.2, 1, 0.508, True
9, 7, 0, 16, 4, 1, 0.97, 0.97, 1, 0.524, True
9, 7, 0, 17, 4, 0, 3.53, 3.53, 0, 0.484, True
9, 7, 0, 18, 3, 1, 5.66, 5.66, 1, 0.42, True
9, 7, 0, 19, 3, 1, 2.43, 2.43, 1, 0.468, True
9, 7, 0, 20, 2, 1, 2.12, 2.12, 0, 0.735, False
9, 7, 0, 21, 3, 1, 4.34, 4.34, 1, 0.511, True
9, 7, 0, 22, 3, 0, 3.12, 3.12, 0, 0.564, True
9, 7, 0, 23, 2, 0, 2.28, 2.28, 1, 0.532, False
9, 7, 0, 24, 3, 1, 0.85, 0.85, 1, 0.449, True
9, 7, 0, 25, 3, 1, 4.2, 4.2, 1, 0.535, True
9, 7, 0, 26, 2, 1, 1.99, 1.99, 1, 0.54, True
9, 7, 0, 27, 2, 1, 5.19, 5.19, 1, 0.503, True
9, 7, 0, 28, 1, 1, 5.59, 5.59, 1, 0.519, True
9, 7, 0, 29, 1, 0, 5.72, 5.72, 1, 0.732, False
9, 7, 0, 30, 2, 0, 0.6, 0.6, 1, 0.46, False
9, 7, 0, 31, 3, 1, 1.02, 1.02, 1, 0.615, True
9, 7, 0, 32, 3, 1, 0.21, 0.21, 1, 0.705, True
9, 7, 0, 33, 2, 1, 5.52, 5.52, 0, 0.559, False
9, 7, 0, 34, 3, 0, 2.53, 2.53, 1, 0.801, False
9, 7, 0, 35, 4, 1, 4.47, 4.47, 1, 0.508, True
9, 7, 0, 36, 4, 1, 5.81, 5.81, 1, 0.732, True
9, 7, 0, 37, 3, 1, 4.0, 4.0, 1, 0.508, True
9, 7, 0, 38, 3, 0, 2.98, 2.98, 0, 0.572, True
9, 7, 0, 39, 2, 1, 1.69, 1.69, 1, 0.537, True
9, 7, 0, 40, 2, 1, 1.01, 1.01, 1, 0.497, True
9, 7, 0, 41, 1, 1, 5.58, 5.58, 1, 0.5, True
9, 7, 0, 42, 1, 0, 5.48, 5.48, 1, 0.583, False
9, 7, 0, 43, 2, 1, 4.91, 4.91, 0, 0.505, False
9, 7, 0, 44, 3, 1, 0.81, 0.81, 1, 0.465, True
9, 7, 0, 45, 3, 1, 5.74, 5.74, 1, 0.521, True
9, 7, 0, 46, 2, 0, 3.31, 3.31, 1, 0.735, False
9, 7, 0, 47, 3, 1, 3.27, 3.27, 1, 0.527, True
9, 7, 0, 48, 3, 0, 4.08, 4.08, 1, 0.58, False
9, 7, 0, 49, 4, 1, 2.52, 2.52, 1, 0.551, True
