6, 0, 0, 0, 20, 0, 2.93, 2.93, 0, 1.575, True
6, 0, 0, 1, 20, 0, 4.01, 4.01, 0, 0.506, True
6, 0, 0, 2, 19, 0, 0.66, 0.66, 0, 0.869, True
6, 0, 0, 3, 19, 1, 1.1, 1.1, 1, 0.826, True
6, 0, 0, 4, 18, 1, 4.11, 4.11, 1, 0.581, True
6, 0, 0, 5, 18, 0, 5.44, 5.44, 0, 0.589, True
6, 0, 0, 6, 17, 0, 1.27, 1.27, 0, 0.533, True
6, 0, 0, 7, 17, 0, 4.69, 4.69, 0, 0.581, True
6, 0, 0, 8, 16, 0, 4.75, 4.75, 0, 0.461, True
6, 0, 0, 9, 16, 0, 2.9, 2.9, 0, 0.479, True
6, 1, 1, 0, 20, 1, 1.13, 4.27, 1, 0.727, True
6, 1, 1, 1, 20, 0, 5.42, 2.27, 0, 0.81, True
6, 1, 1, 2, 19, 1, 4.56, 1.42, 1, 0.541, True
6, 1, 1, 3, 19, 0, 3.42, 0.27, 0, 0.599, True
6, 1, 1, 4, 18, 0, 0.15, 3.29, 1, 0.607, False
6, 1, 1, 5, 19, 1, 5.24, 2.1, 1, 0.698, True
6, 1, 1, 6, 19, 0, 4.48, 1.34, 0, 0.677, True
6, 1, 1, 7, 18, 1, 2.26, 5.4, 0, 0.845, False
6, 1, 1, 8, 19, 1, 4.63, 1.49, 1, 0.663, True
6, 1, 1, 9, 19, 1, 0.02, 3.16, 1, 0.573, True
6, 2, 1, 0, 9, 0, 3.32, 0.17, 0, 1.055, True
6, 2, 1, 1, 9, 1, 0.03, 3.17, 1, 0.511, True
6, 2, 1, 2, 8, 0, 0.69, 3.83, 0, 0.565, True
6, 2, 1, 3, 8, 0, 3.41, 0.27, 0, 0.693, True
6, 2, 1, 4, 7, 1, 5.97, 2.83, 1, 0.479, True
6, 2, 1, 5, 7, 1, 3.53, 0.39, 1, 0.831, True
6, 2, 1, 6, 6, 0, 4.87, 1.73, 0, 0.677, True
6, 2, 1, 7, 6, 1, 5.36, 2.22, 1, 0.682, True
6, 2, 1, 8, 5, 1, 4.23, 1.09, 0, 0.674, False
6, 2, 1, 9, 6, 0, 5.17, 2.03, 0, 0.65, True
6, 2, 1, 10, 6, 1, 0.35, 3.5, 1, 0.714, True
6, 2, 1, 11, 5, 0, 2.22, 5.36, 1, 1.127, False
6, 2, 1, 12, 6, 1, 1.7, 4.84, 0, 0.663, False
6, 2, 1, 13, 7, 0, 3.96, 0.82, 0, 0.906, True
6, 2, 1, 14, 7, 1, 3.36, 0.22, 1, 0.61, True
6, 2, 1, 15, 6, 0, 0.85, 3.99, 1, 0.874, False
6, 2, 1, 16, 7, 0, 1.28, 4.42, 0, 0.599, True
6, 2, 1, 17, 7, 0, 4.07, 0.93, 1, 1.023, False
6, 2, 1, 18, 8, 1, 4.11, 0.97, 1, 0.605, True
6, 2, 1, 19, 8, 1, 3.46, 0.31, 1, 0.597, True
6, 2, 1, 20, 7, 0, 0.95, 4.09, 1, 0.618, False
6, 2, 1, 21, 8, 1, 3.11, 6.25, 0, 0.773, False
6, 2, 1, 22, 9, 1, 4.37, 1.23, 1, 0.589, True
6, 2, 1, 23, 9, 0, 2.96, 6.1, 0, 1.698, True
6, 2, 1, 24, 8, 1, 3.07, 6.21, 1, 0.813, True
6, 2, 1, 25, 8, 1, 2.96, 6.1, 1, 0.477, True
6, 2, 1, 26, 7, 0, 3.4, 0.26, 0, 0.669, True
6, 2, 1, 27, 7, 1, 0.79, 3.93, 0, 1.65, False
6, 2, 1, 28, 8, 1, 2.37, 5.51, 1, 0.557, True
6, 2, 1, 29, 8, 0, 1.73, 4.87, 0, 0.589, True
6, 2, 1, 30, 7, 1, 0.72, 3.86, 1, 0.562, True
6, 2, 1, 31, 7, 1, 1.96, 5.1, 1, 0.482, True
6, 2, 1, 32, 6, 1, 4.61, 1.47, 0, 0.706, False
6, 2, 1, 33, 7, 1, 5.49, 2.35, 1, 0.607, True
6, 2, 1, 34, 7, 1, 2.13, 5.27, 1, 0.477, True
6, 2, 1, 35, 6, 0, 3.1, 6.24, 0, 0.65, True
6, 2, 1, 36, 6, 1, 4.03, 0.89, 1, 0.669, True
6, 2, 1, 37, 5, 1, 3.65, 0.51, 1, 0.754, True
6, 2, 1, 38, 5, 1, 1.52, 4.66, 1, 0.759, True
6, 2, 1, 39, 4, 0, 4.02, 0.88, 1, 0.671, False
6, 2, 1, 40, 5, 0, 3.8, 0.65, 0, 0.517, True
6, 2, 1, 41, 5, 1, 0.23, 3.37, 1, 0.762, True
6, 2, 1, 42, 4, 0, 4.38, 1.24, 1, 0.882, False
6, 2, 1, 43, 5, 1, 0.53, 3.67, 1, 0.754, True
6, 2, 1, 44, 5, 1, 5.17, 2.03, 0, 1.37, False
6, 2, 1, 45, 6, 1, 2.66, 5.8, 1, 0.474, True
6, 2, 1, 46, 6, 0, 3.35, 0.21, 1, 0.631, False
6, 2, 1, 47, 7, 1, 5.85, 2.71, 1, 0.677, True
6, 2, 1, 48, 7, 0, 4.85, 1.71, 1, 0.602, False
6, 2, 1, 49, 8, 1, 3.11, 6.25, 1, 0.674, True
6, 3, 0, 0, 5, 1, 0.23, 0.23, 1, 0.573, True
6, 3, 0, 1, 5, 0, 1.08, 1.08, 0, 0.573, True
6, 3, 0, 2, 4, 1, 5.37, 5.37, 1, 0.895, True
6, 3, 0, 3, 4, 0, 3.75, 3.75, 0, 0.69, True
6, 3, 0, 4, 3, 0, 4.49, 4.49, 0, 0.765, True
6, 3, 0, 5, 3, 1, 2.02, 2.02, 1, 0.645, True
6, 3, 0, 6, 2, 0, 3.03, 3.03, 1, 0.789, False
6, 3, 0, 7, 3, 0, 4.47, 4.47, 1, 0.815, False
6, 3, 0, 8, 4, 0, 0.72, 0.72, 0, 1.202, True
6, 3, 0, 9, 4, 1, 4.08, 4.08, 1, 0.658, True
6, 3, 0, 10, 3, 0, 3.49, 3.49, 0, 1.413, True
6, 3, 0, 11, 3, 1, 1.68, 1.68, 1, 0.927, True
6, 3, 0, 12, 2, 0, 0.25, 0.25, 1, 0.983, False
6, 3, 0, 13, 3, 1, 3.85, 3.85, 1, 0.714, True
6, 3, 0, 14, 3, 1, 0.08, 0.08, 1, 0.602, True
6, 3, 0, 15, 2, 0, 5.39, 5.39, 1, 0.847, False
6, 3, 0, 16, 3, 0, 5.74, 5.74, 1, 0.842, False
6, 3, 0, 17, 4, 0, 2.71, 2.71, 0, 1.391, True
6, 3, 0, 18, 4, 0, 1.64, 1.64, 1, 0.901, False
6, 3, 0, 19, 5, 0, 3.02, 3.02, 0, 0.535, True
6, 3, 0, 20, 5, 0, 1.21, 1.21, 0, 0.93, True
6, 3, 0, 21, 4, 0, 1.33, 1.33, 0, 0.843, True
6, 3, 0, 22, 4, 1, 5.5, 5.5, 1, 0.703, True
6, 3, 0, 23, 3, 1, 2.91, 2.91, 1, 0.778, True
6, 3, 0, 24, 3, 1, 2.97, 2.97, 1, 0.615, True
6, 3, 0, 25, 2, 1, 2.85, 2.85, 1, 0.639, True
6, 3, 0, 26, 2, 0, 4.09, 4.09, 1, 0.639, False
6, 3, 0, 27, 3, 0, 0.25, 0.25, 1, 0.717, False
6, 3, 0, 28, 4, 0, 3.52, 3.52, 0, 0.714, True
6, 3, 0, 29, 4, 1, 1.69, 1.69, 1, 0.695, True
6, 3, 0, 30, 3, 1, 2.69, 2.69, 1, 0.591, True
6, 3, 0, 31, 3, 0, 0.58, 0.58, 0, 0.789, True
6, 3, 0, 32, 2, 0, 6.13, 6.13, 1, 0.671, False
6, 3, 0, 33, 3, 0, 2.56, 2.56, 1, 0.629, False
6, 3, 0, 34, 4, 0, 3.91, 3.91, 0, 0.709, True
6, 3, 0, 35, 4, 0, 0.35, 0.35, 0, 0.511, True
6, 3, 0, 36, 3, 0, 0.54, 0.54, 0, 0.501, True
6, 3, 0, 37, 3, 0, 0.78, 0.78, 1, 0.855, False
6, 3, 0, 38, 4, 0, 1.44, 1.44, 0, 0.511, True
6, 3, 0, 39, 4, 0, 4.87, 4.87, 1, 1.445, False
6, 3, 0, 40, 5, 1, 0.06, 0.06, 1, 0.661, True
6, 3, 0, 41, 5, 1, 1.1, 1.1, 1, 0.647, True
6, 3, 0, 42, 4, 0, 3.47, 3.47, 0, 1.031, True
6, 3, 0, 43, 4, 1, 3.83, 3.83, 1, 0.61, True
6, 3, 0, 44, 3, 1, 5.32, 5.32, 1, 0.637, True
6, 3, 0, 45, 3, 1, 2.01, 2.01, 1, 0.874, True
6, 3, 0, 46, 2, 1, 2.97, 2.97, 1, 0.695, True
6, 3, 0, 47, 2, 1, 1.88, 1.88, 1, 0.719, True
6, 3, 0, 48, 1, 1, 1.49, 1.49, 1, 0.829, True
6, 3, 0, 49, 1, 1, 0.36, 0.36, 1, 0.757, True
6, 4, 0, 0, 5, 1, 0.69, 0.69, 1, 0.706, True
6, 4, 0, 1, 5, 1, 0.31, 0.31, 1, 0.557, True
6, 4, 0, 2, 4, 0, 2.75, 2.75, 1, 0.666, False
6, 4, 0, 3, 5, 1, 4.95, 4.95, 1, 0.605, True
6, 4, 0, 4, 5, 0, 0.96, 0.96, 1, 0.725, False
6, 4, 0, 5, 6, 1, 6.05, 6.05, 1, 0.581, True
6, 4, 0, 6, 6, 1, 3.21, 3.21, 1, 0.661, True
6, 4, 0, 7, 5, 0, 5.06, 5.06, 0, 0.629, True
6, 4, 0, 8, 5, 1, 6.25, 6.25, 1, 0.559, True
6, 4, 0, 9, 4, 1, 3.63, 3.63, 1, 0.556, True
6, 4, 0, 10, 4, 0, 4.76, 4.76, 1, 0.666, False
6, 4, 0, 11, 5, 1, 5.58, 5.58, 1, 0.589, True
6, 4, 0, 12, 5, 0, 2.69, 2.69, 0, 0.575, True
6, 4, 0, 13, 4, 0, 6.11, 6.11, 1, 0.751, False
6, 4, 0, 14, 5, 0, 6.24, 6.24, 0, 0.773, True
6, 4, 0, 15, 5, 1, 3.75, 3.75, 1, 0.718, True
6, 4, 0, 16, 4, 1, 4.18, 4.18, 1, 0.807, True
6, 4, 0, 17, 4, 0, 2.71, 2.71, 0, 1.493, True
6, 4, 0, 18, 3, 1, 0.11, 0.11, 1, 0.717, True
6, 4, 0, 19, 3, 0, 5.71, 5.71, 1, 0.746, False
6, 4, 0, 20, 4, 1, 5.9, 5.9, 1, 0.575, True
6, 4, 0, 21, 4, 0, 3.84, 3.84, 0, 0.719, True
6, 4, 0, 22, 3, 1, 3.84, 3.84, 1, 0.573, True
6, 4, 0, 23, 3, 0, 1.3, 1.3, 1, 0.639, False
6, 4, 0, 24, 4, 1, 3.83, 3.83, 1, 0.623, True
6, 4, 0, 25, 4, 0, 3.13, 3.13, 0, 0.49, True
6, 4, 0, 26, 3, 1, 5.43, 5.43, 1, 0.618, True
6, 4, 0, 27, 3, 0, 3.18, 3.18, 1, 1.266, False
6, 4, 0, 28, 4, 1, 1.67, 1.67, 1, 0.653, True
6, 4, 0, 29, 4, 1, 1.78, 1.78, 1, 0.781, True
6, 4, 0, 30, 3, 0, 5.39, 5.39, 1, 1.194, False
6, 4, 0, 31, 4, 0, 5.99, 5.99, 1, 7.288, False
6, 4, 0, 32, 5, 0, 4.19, 4.19, 0, 1.095, True
6, 4, 0, 33, 5, 1, 5.66, 5.66, 1, 0.559, True
6, 4, 0, 34, 4, 1, 1.04, 1.04, 1, 0.543, True
6, 4, 0, 35, 4, 1, 5.0, 5.0, 1, 0.57, True
6, 4, 0, 36, 3, 1, 6.18, 6.18, 1, 0.503, True
6, 4, 0, 37, 3, 1, 6.06, 6.06, 1, 0.679, True
6, 4, 0, 38, 2, 0, 0.14, 0.14, 1, 0.701, False
6, 4, 0, 39, 3, 0, 2.52, 2.52, 0, 0.663, True
6, 4, 0, 40, 3, 1, 2.86, 2.86, 1, 0.717, True
6, 4, 0, 41, 2, 0, 4.78, 4.78, 1, 0.906, False
6, 4, 0, 42, 3, 1, 1.13, 1.13, 0, 0.653, False
6, 4, 0, 43, 4, 1, 3.03, 3.03, 1, 0.525, True
6, 4, 0, 44, 4, 0, 2.51, 2.51, 1, 0.711, False
6, 4, 0, 45, 5, 1, 0.83, 0.83, 0, 0.725, False
6, 4, 0, 46, 6, 0, 1.75, 1.75, 0, 0.69, True
6, 4, 0, 47, 6, 0, 1.74, 1.74, 0, 0.538, True
6, 4, 0, 48, 5, 1, 2.86, 2.86, 1, 0.738, True
6, 4, 0, 49, 5, 1, 5.04, 5.04, 1, 0.613, True
6, 5, 1, 0, 9, 1, 4.96, 1.81, 0, 2.306, False
6, 5, 1, 1, 10, 1, 4.45, 1.31, 1, 1.135, True
6, 5, 1, 2, 10, 1, 3.67, 0.53, 1, 0.607, True
6, 5, 1, 3, 9, 1, 5.34, 2.19, 1, 1.197, True
6, 5, 1, 4, 9, 0, 0.59, 3.74, 0, 0.623, True
6, 5, 1, 5, 8, 1, 3.55, 0.4, 1, 0.407, True
6, 5, 1, 6, 8, 1, 3.96, 0.82, 0, 0.359, False
6, 5, 1, 7, 9, 1, 0.58, 3.72, 1, 0.797, True
6, 5, 1, 8, 9, 1, 2.88, 6.02, 1, 0.602, True
6, 5, 1, 9, 8, 0, 0.14, 3.28, 0, 0.834, True
6, 5, 1, 10, 8, 0, 5.54, 2.4, 0, 2.677, True
6, 5, 1, 11, 7, 0, 2.94, 6.09, 0, 0.698, True
6, 5, 1, 12, 7, 1, 4.98, 1.84, 1, 0.77, True
6, 5, 1, 13, 6, 0, 0.52, 3.66, 1, 0.826, False
6, 5, 1, 14, 7, 1, 0.77, 3.91, 1, 0.575, True
6, 5, 1, 15, 7, 0, 1.2, 4.35, 0, 0.831, True
6, 5, 1, 16, 6, 1, 0.84, 3.98, 1, 0.658, True
6, 5, 1, 17, 6, 0, 6.26, 3.12, 1, 0.738, False
6, 5, 1, 18, 7, 0, 5.07, 1.93, 0, 1.058, True
6, 5, 1, 19, 7, 0, 6.27, 3.12, 1, 0.565, False
6, 5, 1, 20, 8, 0, 2.36, 5.5, 0, 0.77, True
6, 5, 1, 21, 8, 0, 2.82, 5.96, 0, 0.65, True
6, 5, 1, 22, 7, 0, 3.52, 0.38, 0, 0.714, True
6, 5, 1, 23, 7, 1, 0.15, 3.29, 1, 0.631, True
6, 5, 1, 24, 6, 1, 4.36, 1.22, 1, 0.823, True
6, 5, 1, 25, 6, 0, 2.02, 5.16, 0, 0.727, True
6, 5, 1, 26, 5, 1, 4.33, 1.19, 1, 1.159, True
6, 5, 1, 27, 5, 1, 6.08, 2.94, 1, 0.557, True
6, 5, 1, 28, 4, 0, 1.49, 4.63, 1, 0.538, False
6, 5, 1, 29, 5, 0, 1.6, 4.74, 1, 0.738, False
6, 5, 1, 30, 6, 0, 1.76, 4.9, 0, 0.626, True
6, 5, 1, 31, 6, 0, 1.94, 5.08, 0, 0.541, True
6, 5, 1, 32, 5, 0, 2.57, 5.71, 0, 0.725, True
6, 5, 1, 33, 5, 1, 0.81, 3.95, 1, 1.042, True
6, 5, 1, 34, 4, 0, 2.16, 5.3, 0, 0.676, True
6, 5, 1, 35, 4, 1, 3.98, 0.84, 1, 0.874, True
6, 5, 1, 36, 3, 1, 3.31, 0.17, 0, 0.935, False
6, 5, 1, 37, 4, 1, 0.4, 3.54, 1, 0.626, True
6, 5, 1, 38, 4, 1, 0.32, 3.46, 1, 0.541, True
6, 5, 1, 39, 3, 1, 4.22, 1.08, 0, 0.743, False
6, 5, 1, 40, 4, 0, 4.69, 1.54, 1, 0.599, False
6, 5, 1, 41, 5, 0, 5.36, 2.22, 0, 0.653, True
6, 5, 1, 42, 5, 0, 2.01, 5.15, 1, 0.538, False
6, 5, 1, 43, 6, 0, 2.07, 5.21, 0, 0.61, True
6, 5, 1, 44, 6, 1, 6.02, 2.88, 1, 0.621, True
6, 5, 1, 45, 5, 0, 0.88, 4.03, 1, 0.677, False
6, 5, 1, 46, 6, 1, 0.27, 3.41, 0, 0.618, False
6, 5, 1, 47, 7, 0, 5.24, 2.1, 1, 0.45, False
6, 5, 1, 48, 8, 0, 4.25, 1.11, 0, 0.714, True
6, 5, 1, 49, 8, 1, 3.02, 6.16, 1, 0.679, True
6, 6, 1, 0, 9, 0, 0.41, 3.55, 0, 0.797, True
6, 6, 1, 1, 9, 1, 6.11, 2.97, 1, 0.57, True
6, 6, 1, 2, 8, 1, 0.52, 3.66, 1, 0.538, True
6, 6, 1, 3, 8, 0, 2.81, 5.95, 0, 0.645, True
6, 6, 1, 4, 7, 1, 4.88, 1.73, 1, 0.658, True
6, 6, 1, 5, 7, 1, 4.96, 1.82, 1, 0.562, True
6, 6, 1, 6, 6, 0, 5.42, 2.28, 1, 0.783, False
6, 6, 1, 7, 7, 1, 1.39, 4.54, 1, 0.762, True
6, 6, 1, 8, 7, 1, 2.2, 5.35, 1, 0.639, True
6, 6, 1, 9, 6, 0, 1.3, 4.44, 0, 0.65, True
6, 6, 1, 10, 6, 0, 2.27, 5.42, 0, 0.599, True
6, 6, 1, 11, 5, 0, 1.73, 4.87, 0, 0.714, True
6, 6, 1, 12, 5, 0, 0.35, 3.49, 1, 0.631, False
6, 6, 1, 13, 6, 1, 1.99, 5.13, 1, 0.597, True
6, 6, 1, 14, 6, 1, 3.07, 6.21, 1, 0.775, True
6, 6, 1, 15, 5, 0, 0.83, 3.97, 0, 0.655, True
6, 6, 1, 16, 5, 0, 6.09, 2.95, 1, 1.423, False
6, 6, 1, 17, 6, 0, 2.97, 6.11, 0, 0.57, True
6, 6, 1, 18, 6, 1, 6.13, 2.99, 0, 0.807, False
6, 6, 1, 19, 7, 1, 4.86, 1.72, 1, 0.757, True
6, 6, 1, 20, 7, 0, 0.28, 3.42, 0, 0.762, True
6, 6, 1, 21, 6, 1, 2.01, 5.15, 1, 0.687, True
6, 6, 1, 22, 6, 0, 6.23, 3.09, 0, 0.663, True
6, 6, 1, 23, 5, 0, 6.26, 3.12, 0, 0.621, True
6, 6, 1, 24, 5, 0, 4.14, 1.0, 1, 0.647, False
6, 6, 1, 25, 6, 1, 2.24, 5.38, 1, 0.711, True
6, 6, 1, 26, 6, 1, 2.57, 5.71, 1, 0.549, True
6, 6, 1, 27, 5, 1, 0.89, 4.03, 1, 0.594, True
6, 6, 1, 28, 5, 1, 0.79, 3.93, 1, 0.487, True
6, 6, 1, 29, 4, 0, 1.96, 5.11, 1, 0.551, False
6, 6, 1, 30, 5, 0, 4.02, 0.88, 1, 0.807, False
6, 6, 1, 31, 6, 1, 2.61, 5.75, 1, 0.615, True
6, 6, 1, 32, 6, 1, 0.99, 4.14, 1, 0.626, True
6, 6, 1, 33, 5, 0, 5.71, 2.57, 1, 1.103, False
6, 6, 1, 34, 6, 1, 2.0, 5.14, 0, 0.663, False
6, 6, 1, 35, 7, 1, 0.45, 3.59, 1, 0.682, True
6, 6, 1, 36, 7, 0, 3.89, 0.75, 1, 0.735, False
6, 6, 1, 37, 8, 0, 0.51, 3.66, 0, 0.61, True
6, 6, 1, 38, 8, 1, 2.46, 5.6, 1, 0.615, True
6, 6, 1, 39, 7, 1, 2.12, 5.26, 1, 0.591, True
6, 6, 1, 40, 7, 1, 3.76, 0.62, 1, 0.754, True
6, 6, 1, 41, 6, 0, 4.15, 1.01, 1, 0.757, False
6, 6, 1, 42, 7, 1, 5.09, 1.95, 1, 0.698, True
6, 6, 1, 43, 7, 0, 4.3, 1.15, 1, 0.997, False
6, 6, 1, 44, 8, 1, 3.75, 0.61, 1, 0.679, True
6, 6, 1, 45, 8, 1, 3.7, 0.56, 1, 0.602, True
6, 6, 1, 46, 7, 0, 0.88, 4.02, 0, 0.653, True
6, 6, 1, 47, 7, 0, 0.46, 3.61, 0, 0.573, True
6, 6, 1, 48, 6, 0, 5.23, 2.09, 0, 1.37, True
6, 6, 1, 49, 6, 1, 5.6, 2.46, 1, 0.599, True
6, 7, 0, 0, 5, 1, 0.92, 0.92, 1, 0.783, True
6, 7, 0, 1, 5, 1, 4.53, 4.53, 1, 0.762, True
6, 7, 0, 2, 4, 1, 4.64, 4.64, 1, 0.495, True
6, 7, 0, 3, 4, 0, 4.73, 4.73, 0, 0.613, True
6, 7, 0, 4, 3, 0, 6.15, 6.15, 1, 0.573, False
6, 7, 0, 5, 4, 0, 5.7, 5.7, 0, 0.671, True
6, 7, 0, 6, 4, 0, 3.87, 3.87, 0, 0.594, True
6, 7, 0, 7, 3, 1, 1.32, 1.32, 1, 0.599, True
6, 7, 0, 8, 3, 1, 6.27, 6.27, 1, 0.541, True
6, 7, 0, 9, 2, 1, 6.06, 6.06, 1, 0.647, True
6, 7, 0, 10, 2, 1, 1.07, 1.07, 1, 0.567, True
6, 7, 0, 11, 1, 1, 4.49, 4.49, 0, 0.581, False
6, 7, 0, 12, 2, 0, 2.14, 2.14, 0, 0.615, True
6, 7, 0, 13, 2, 1, 4.08, 4.08, 1, 0.61, True
6, 7, 0, 14, 1, 0, 3.86, 3.86, 0, 0.65, True
6, 7, 0, 15, 1, 0, 3.3, 3.3, 1, 0.57, False
6, 7, 0, 16, 2, 1, 0.31, 0.31, 0, 0.698, False
6, 7, 0, 17, 3, 1, 3.3, 3.3, 1, 0.629, True
6, 7, 0, 18, 3, 0, 1.97, 1.97, 1, 0.911, False
6, 7, 0, 19, 4, 0, 1.19, 1.19, 0, 0.674, True
6, 7, 0, 20, 4, 0, 5.23, 5.23, 0, 0.677, True
6, 7, 0, 21, 3, 1, 0.75, 0.75, 1, 0.583, True
6, 7, 0, 22, 3, 0, 1.44, 1.44, 0, 0.65, True
6, 7, 0, 23, 2, 0, 3.84, 3.84, 1, 0.733, False
6, 7, 0, 24, 3, 1, 4.58, 4.58, 1, 0.602, True
6, 7, 0, 25, 3, 1, 2.92, 2.92, 1, 0.767, True
6, 7, 0, 26, 2, 0, 3.02, 3.02, 1, 0.805, False
6, 7, 0, 27, 3, 0, 1.67, 1.67, 0, 0.722, True
6, 7, 0, 28, 3, 0, 3.91, 3.91, 1, 0.621, False
6, 7, 0, 29, 4, 1, 4.75, 4.75, 1, 0.789, True
6, 7, 0, 30, 4, 1, 6.14, 6.14, 1, 0.626, True
6, 7, 0, 31, 3, 0, 4.76, 4.76, 1, 0.749, False
6, 7, 0, 32, 4, 1, 3.42, 3.42, 1, 0.719, True
6, 7, 0, 33, 4, 1, 2.44, 2.44, 1, 0.671, True
6, 7, 0, 34, 3, 0, 4.51, 4.51, 1, 0.738, False
6, 7, 0, 35, 4, 1, 6.04, 6.04, 1, 0.581, True
6, 7, 0, 36, 4, 1, 2.39, 2.39, 1, 0.583, True
6, 7, 0, 37, 3, 1, 6.05, 6.05, 1, 0.682, True
6, 7, 0, 38, 3, 0, 4.74, 4.74, 0, 0.911, True
6, 7, 0, 39, 2, 1, 0.36, 0.36, 0, 0.821, False
6, 7, 0, 40, 3, 1, 2.98, 2.98, 0, 0.871, False
6, 7, 0, 41, 4, 0, 1.19, 1.19, 0, 0.661, True
6, 7, 0, 42, 4, 0, 0.38, 0.38, 1, 0.711, False
6, 7, 0, 43, 5, 1, 4.23, 4.23, 1, 0.647, True
6, 7, 0, 44, 5, 0, 2.19, 2.19, 0, 0.631, True
6, 7, 0, 45, 4, 1, 0.88, 0.88, 1, 0.661, True
6, 7, 0, 46, 4, 1, 5.44, 5.44, 1, 0.599, True
6, 7, 0, 47, 3, 1, 6.22, 6.22, 1, 0.589, True
6, 7, 0, 48, 3, 0, 1.63, 1.63, 1, 0.655, False
6, 7, 0, 49, 4, 1, 0.64, 0.64, 1, 0.626, True
