1, 0, 0, 0, 20, 1, 2.54, 2.54, 1, 2.225, True
1, 0, 0, 1, 20, 1, 1.66, 1.66, 1, 0.705, True
1, 0, 0, 2, 19, 1, 5.73, 5.73, 1, 0.521, True
1, 0, 0, 3, 19, 1, 0.55, 0.55, 1, 0.577, True
1, 0, 0, 4, 18, 0, 1.09, 1.09, 0, 1.145, True
1, 0, 0, 5, 18, 0, 1.87, 1.87, 1, 0.985, False
1, 0, 0, 6, 19, 0, 3.25, 3.25, 0, 0.596, True
1, 0, 0, 7, 19, 1, 0.65, 0.65, 1, 0.801, True
1, 0, 0, 8, 18, 0, 4.79, 4.79, 0, 0.716, True
1, 0, 0, 9, 18, 1, 1.86, 1.86, 1, 0.66, True
1, 1, 1, 0, 20, 0, 1.51, 4.65, 0, 0.985, True
1, 1, 1, 1, 20, 1, 1.37, 4.52, 1, 0.615, True
1, 1, 1, 2, 19, 0, 2.42, 5.57, 0, 0.606, True
1, 1, 1, 3, 19, 0, 0.69, 3.83, 1, 0.513, False
1, 1, 1, 4, 20, 1, 2.11, 5.26, 0, 0.465, False
1, 1, 1, 5, 21, 1, 1.77, 4.91, 1, 0.692, True
1, 1, 1, 6, 21, 1, 6.11, 2.96, 1, 0.484, True
1, 1, 1, 7, 20, 1, 3.81, 0.67, 0, 0.479, False
1, 1, 1, 8, 21, 1, 5.2, 2.06, 1, 0.708, True
1, 1, 1, 9, 21, 0, 5.74, 2.6, 0, 1.017, True
1, 2, 1, 0, 9, 1, 3.88, 0.74, 0, 0.513, False
1, 2, 1, 1, 10, 0, 1.64, 4.78, 1, 0.641, False
1, 2, 1, 2, 11, 0, 4.63, 1.49, 0, 0.631, True
1, 2, 1, 3, 11, 1, 4.97, 1.83, 1, 0.572, True
1, 2, 1, 4, 10, 0, 1.88, 5.03, 0, 0.692, True
1, 2, 1, 5, 10, 0, 1.09, 4.23, 1, 0.599, False
1, 2, 1, 6, 11, 0, 1.11, 4.25, 0, 0.676, True
1, 2, 1, 7, 11, 0, 3.65, 0.51, 1, 0.719, False
1, 2, 1, 8, 12, 1, 2.87, 6.01, 0, 0.612, False
1, 2, 1, 9, 13, 0, 3.54, 0.4, 1, 0.679, False
1, 2, 1, 10, 14, 1, 1.32, 4.46, 1, 0.961, True
1, 2, 1, 11, 14, 0, 2.34, 5.49, 0, 0.583, True
1, 2, 1, 12, 13, 1, 4.58, 1.44, 1, 0.849, True
1, 2, 1, 13, 13, 0, 3.88, 0.73, 0, 0.785, True
1, 2, 1, 14, 12, 1, 1.43, 4.57, 0, 0.759, False
1, 2, 1, 15, 13, 1, 3.28, 0.14, 0, 0.991, False
1, 2, 1, 16, 14, 1, 5.67, 2.53, 0, 0.934, False
1, 2, 1, 17, 15, 0, 5.77, 2.63, 0, 0.951, True
1, 2, 1, 18, 15, 1, 5.56, 2.42, 1, 0.79, True
1, 2, 1, 19, 14, 1, 0.27, 3.41, 0, 0.956, False
1, 2, 1, 20, 15, 1, 3.88, 0.74, 0, 0.847, False
1, 2, 1, 21, 16, 0, 4.91, 1.77, 0, 0.782, True
1, 2, 1, 22, 16, 0, 2.87, 6.01, 0, 0.705, True
1, 2, 1, 23, 15, 0, 3.39, 0.24, 0, 0.705, True
1, 2, 1, 24, 15, 0, 3.3, 0.16, 0, 0.553, True
1, 2, 1, 25, 14, 1, 6.02, 2.88, 1, 0.655, True
1, 2, 1, 26, 14, 0, 3.0, 6.14, 0, 0.727, True
1, 2, 1, 27, 13, 0, 4.57, 1.43, 0, 0.703, True
1, 2, 1, 28, 13, 0, 5.2, 2.05, 0, 0.671, True
1, 2, 1, 29, 12, 1, 6.08, 2.94, 1, 0.604, True
1, 2, 1, 30, 12, 0, 1.52, 4.66, 0, 0.647, True
1, 2, 1, 31, 11, 1, 4.27, 1.13, 0, 0.591, False
1, 2, 1, 32, 12, 0, 0.41, 3.56, 1, 0.809, False
1, 2, 1, 33, 13, 0, 1.97, 5.11, 0, 0.847, True
1, 2, 1, 34, 13, 0, 1.52, 4.67, 0, 0.772, True
1, 2, 1, 35, 12, 1, 3.94, 0.8, 0, 0.705, False
1, 2, 1, 36, 13, 0, 1.97, 5.11, 0, 0.561, True
1, 2, 1, 37, 13, 1, 0.75, 3.9, 1, 0.566, True
1, 2, 1, 38, 12, 1, 4.17, 1.03, 0, 0.639, False
1, 2, 1, 39, 13, 0, 0.03, 3.17, 1, 0.721, False
1, 2, 1, 40, 14, 0, 2.75, 5.89, 0, 0.724, True
1, 2, 1, 41, 14, 0, 1.12, 4.26, 0, 0.647, True
1, 2, 1, 42, 13, 1, 4.46, 1.32, 1, 0.924, True
1, 2, 1, 43, 13, 0, 4.89, 1.75, 0, 0.775, True
1, 2, 1, 44, 12, 1, 2.02, 5.16, 0, 0.633, False
1, 2, 1, 45, 13, 1, 0.43, 3.57, 1, 0.636, True
1, 2, 1, 46, 13, 1, 5.05, 1.9, 0, 0.636, False
1, 2, 1, 47, 14, 0, 0.63, 3.78, 0, 0.657, True
1, 2, 1, 48, 14, 0, 1.48, 4.62, 0, 0.604, True
1, 2, 1, 49, 13, 1, 6.21, 3.07, 0, 0.623, False
1, 3, 0, 0, 5, 1, 3.42, 3.42, 1, 0.769, True
1, 3, 0, 1, 5, 1, 3.99, 3.99, 0, 0.735, False
1, 3, 0, 2, 6, 0, 0.87, 0.87, 0, 0.788, True
1, 3, 0, 3, 6, 0, 4.02, 4.02, 0, 0.695, True
1, 3, 0, 4, 5, 1, 0.12, 0.12, 1, 0.55, True
1, 3, 0, 5, 5, 1, 1.64, 1.64, 0, 0.601, False
1, 3, 0, 6, 6, 0, 6.06, 6.06, 0, 0.772, True
1, 3, 0, 7, 6, 0, 5.42, 5.42, 0, 0.655, True
1, 3, 0, 8, 5, 1, 1.48, 1.48, 1, 0.788, True
1, 3, 0, 9, 5, 1, 6.24, 6.24, 0, 0.628, False
1, 3, 0, 10, 6, 1, 0.97, 0.97, 1, 0.839, True
1, 3, 0, 11, 6, 1, 0.27, 0.27, 0, 0.948, False
1, 3, 0, 12, 7, 1, 1.31, 1.31, 1, 0.74, True
1, 3, 0, 13, 7, 1, 6.13, 6.13, 1, 0.556, True
1, 3, 0, 14, 6, 0, 2.33, 2.33, 1, 0.596, False
1, 3, 0, 15, 7, 1, 1.23, 1.23, 0, 1.1, False
1, 3, 0, 16, 8, 0, 3.49, 3.49, 0, 0.604, True
1, 3, 0, 17, 8, 1, 5.27, 5.27, 1, 0.548, True
1, 3, 0, 18, 7, 1, 3.02, 3.02, 1, 0.585, True
1, 3, 0, 19, 7, 1, 3.89, 3.89, 0, 0.884, False
1, 3, 0, 20, 8, 1, 3.18, 3.18, 1, 0.615, True
1, 3, 0, 21, 8, 0, 5.48, 5.48, 0, 0.711, True
1, 3, 0, 22, 7, 1, 6.03, 6.03, 1, 0.633, True
1, 3, 0, 23, 7, 1, 2.79, 2.79, 1, 0.521, True
1, 3, 0, 24, 6, 0, 3.09, 3.09, 0, 0.711, True
1, 3, 0, 25, 6, 1, 5.88, 5.88, 1, 0.567, True
1, 3, 0, 26, 5, 1, 3.97, 3.97, 0, 0.812, False
1, 3, 0, 27, 6, 1, 1.52, 1.52, 0, 0.929, False
1, 3, 0, 28, 7, 0, 4.1, 4.1, 0, 0.844, True
1, 3, 0, 29, 7, 1, 3.74, 3.74, 1, 0.727, True
1, 3, 0, 30, 6, 0, 2.06, 2.06, 0, 0.825, True
1, 3, 0, 31, 6, 1, 0.45, 0.45, 1, 0.737, True
1, 3, 0, 32, 5, 1, 5.75, 5.75, 1, 0.551, True
1, 3, 0, 33, 5, 0, 5.5, 5.5, 1, 0.551, False
1, 3, 0, 34, 6, 1, 6.19, 6.19, 1, 0.556, True
1, 3, 0, 35, 6, 0, 0.09, 0.09, 0, 0.783, True
1, 3, 0, 36, 5, 1, 5.99, 5.99, 1, 0.686, True
1, 3, 0, 37, 5, 1, 2.36, 2.36, 0, 0.697, False
1, 3, 0, 38, 6, 0, 0.07, 0.07, 1, 0.633, False
1, 3, 0, 39, 7, 0, 5.29, 5.29, 1, 0.743, False
1, 3, 0, 40, 8, 1, 1.9, 1.9, 1, 0.591, True
1, 3, 0, 41, 8, 1, 4.9, 4.9, 0, 0.601, False
1, 3, 0, 42, 9, 0, 5.62, 5.62, 0, 0.721, True
1, 3, 0, 43, 9, 1, 6.21, 6.21, 1, 0.612, True
1, 3, 0, 44, 8, 0, 4.31, 4.31, 0, 0.692, True
1, 3, 0, 45, 8, 1, 5.68, 5.68, 1, 0.622, True
1, 3, 0, 46, 7, 1, 2.83, 2.83, 1, 0.559, True
1, 3, 0, 47, 7, 0, 4.9, 4.9, 0, 0.671, True
1, 3, 0, 48, 6, 1, 4.03, 4.03, 1, 0.519, True
1, 3, 0, 49, 6, 0, 2.26, 2.26, 0, 0.545, True
1, 4, 0, 0, 5, 0, 0.66, 0.66, 0, 0.756, True
1, 4, 0, 1, 5, 1, 4.75, 4.75, 0, 0.847, False
1, 4, 0, 2, 6, 1, 0.97, 0.97, 0, 0.896, False
1, 4, 0, 3, 7, 1, 4.6, 4.6, 1, 0.601, True
1, 4, 0, 4, 7, 1, 4.97, 4.97, 1, 0.54, True
1, 4, 0, 5, 6, 1, 2.86, 2.86, 1, 0.476, True
1, 4, 0, 6, 6, 0, 4.65, 4.65, 0, 0.54, True
1, 4, 0, 7, 5, 0, 0.69, 0.69, 0, 0.601, True
1, 4, 0, 8, 5, 1, 3.64, 3.64, 1, 0.455, True
1, 4, 0, 9, 4, 0, 3.04, 3.04, 0, 0.564, True
1, 4, 0, 10, 4, 0, 3.66, 3.66, 1, 0.553, False
1, 4, 0, 11, 5, 1, 3.59, 3.59, 1, 0.633, True
1, 4, 0, 12, 5, 1, 2.88, 2.88, 0, 0.444, False
1, 4, 0, 13, 6, 1, 4.83, 4.83, 1, 0.614, True
1, 4, 0, 14, 6, 0, 1.88, 1.88, 0, 0.617, True
1, 4, 0, 15, 5, 0, 0.86, 0.86, 0, 0.556, True
1, 4, 0, 16, 5, 1, 1.3, 1.3, 1, 0.527, True
1, 4, 0, 17, 4, 0, 1.08, 1.08, 0, 0.606, True
1, 4, 0, 18, 4, 1, 3.67, 3.67, 1, 0.524, True
1, 4, 0, 19, 3, 1, 0.74, 0.74, 0, 0.519, False
1, 4, 0, 20, 4, 0, 4.56, 4.56, 0, 0.708, True
1, 4, 0, 21, 4, 1, 3.4, 3.4, 1, 0.535, True
1, 4, 0, 22, 3, 1, 5.51, 5.51, 1, 0.534, True
1, 4, 0, 23, 3, 1, 2.95, 2.95, 1, 0.519, True
1, 4, 0, 24, 2, 1, 0.15, 0.15, 0, 0.473, False
1, 4, 0, 25, 3, 0, 5.25, 5.25, 0, 0.82, True
1, 4, 0, 26, 3, 0, 6.18, 6.18, 0, 0.812, True
1, 4, 0, 27, 2, 0, 4.39, 4.39, 1, 0.577, False
1, 4, 0, 28, 3, 0, 0.94, 0.94, 0, 0.617, True
1, 4, 0, 29, 3, 1, 4.21, 4.21, 0, 0.631, False
1, 4, 0, 30, 4, 0, 0.82, 0.82, 1, 0.777, False
1, 4, 0, 31, 5, 1, 5.29, 5.29, 0, 0.777, False
1, 4, 0, 32, 6, 0, 1.22, 1.22, 0, 0.729, True
1, 4, 0, 33, 6, 0, 5.89, 5.89, 0, 0.641, True
1, 4, 0, 34, 5, 1, 5.23, 5.23, 1, 0.684, True
1, 4, 0, 35, 5, 0, 6.23, 6.23, 1, 1.033, False
1, 4, 0, 36, 6, 1, 3.25, 3.25, 1, 0.796, True
1, 4, 0, 37, 6, 1, 4.53, 4.53, 1, 0.814, True
1, 4, 0, 38, 5, 1, 4.39, 4.39, 1, 0.812, True
1, 4, 0, 39, 5, 0, 3.62, 3.62, 0, 0.679, True
1, 4, 0, 40, 4, 1, 4.26, 4.26, 1, 0.697, True
1, 4, 0, 41, 4, 1, 2.75, 2.75, 1, 0.585, True
1, 4, 0, 42, 3, 0, 1.93, 1.93, 0, 0.855, True
1, 4, 0, 43, 3, 0, 2.53, 2.53, 0, 0.809, True
1, 4, 0, 44, 2, 1, 1.14, 1.14, 1, 0.604, True
1, 4, 0, 45, 2, 1, 3.88, 3.88, 0, 0.729, False
1, 4, 0, 46, 3, 1, 3.06, 3.06, 1, 0.495, True
1, 4, 0, 47, 3, 0, 5.24, 5.24, 0, 0.551, True
1, 4, 0, 48, 2, 1, 4.23, 4.23, 0, 0.748, False
1, 4, 0, 49, 3, 0, 4.44, 4.44, 1, 0.647, False
1, 5, 1, 0, 9, 1, 3.68, 0.54, 0, 0.767, False
1, 5, 1, 1, 10, 0, 2.31, 5.45, 0, 0.94, True
1, 5, 1, 2, 10, 0, 5.61, 2.47, 1, 0.94, False
1, 5, 1, 3, 11, 0, 4.67, 1.52, 0, 0.575, True
1, 5, 1, 4, 11, 0, 3.81, 0.67, 0, 0.478, True
1, 5, 1, 5, 10, 1, 3.77, 0.63, 1, 0.625, True
1, 5, 1, 6, 10, 0, 5.13, 1.99, 1, 0.58, False
1, 5, 1, 7, 11, 1, 0.22, 3.36, 0, 0.623, False
1, 5, 1, 8, 12, 0, 4.61, 1.47, 1, 0.497, False
1, 5, 1, 9, 13, 0, 2.56, 5.7, 1, 0.412, False
1, 5, 1, 10, 14, 0, 5.1, 1.95, 0, 0.227, True
1, 5, 1, 11, 14, 1, 0.14, 3.28, 0, 0.187, False
1, 5, 1, 12, 15, 1, 5.12, 1.98, 0, 0.094, False
1, 5, 1, 13, 16, 1, 4.76, 1.62, 1, 0.307, True
1, 5, 1, 14, 16, 1, 3.88, 0.74, 1, 0.732, True
1, 5, 1, 15, 15, 0, 1.16, 4.3, 0, 0.852, True
1, 5, 1, 16, 15, 0, 3.89, 0.75, 0, 1.049, True
1, 5, 1, 17, 14, 1, 3.11, 6.25, 1, 0.801, True
1, 5, 1, 18, 14, 1, 1.26, 4.4, 0, 0.892, False
1, 5, 1, 19, 15, 0, 4.56, 1.42, 0, 0.793, True
1, 5, 1, 20, 15, 0, 4.32, 1.17, 0, 0.591, True
1, 5, 1, 21, 14, 0, 3.18, 0.04, 0, 0.633, True
1, 5, 1, 22, 14, 0, 1.29, 4.43, 0, 0.751, True
1, 5, 1, 23, 13, 0, 1.82, 4.96, 0, 0.703, True
1, 5, 1, 24, 13, 0, 3.08, 6.22, 0, 0.551, True
1, 5, 1, 25, 12, 1, 4.53, 1.39, 0, 0.633, False
1, 5, 1, 26, 13, 1, 2.7, 5.84, 1, 0.527, True
1, 5, 1, 27, 13, 1, 4.85, 1.71, 1, 0.671, True
1, 5, 1, 28, 12, 0, 1.75, 4.89, 1, 0.639, False
1, 5, 1, 29, 13, 0, 5.38, 2.24, 1, 1.145, False
1, 5, 1, 30, 14, 0, 3.03, 6.18, 0, 0.657, True
1, 5, 1, 31, 14, 1, 3.84, 0.7, 1, 0.668, True
1, 5, 1, 32, 13, 0, 3.22, 0.07, 0, 0.649, True
1, 5, 1, 33, 13, 1, 1.76, 4.9, 0, 0.929, False
1, 5, 1, 34, 14, 0, 2.12, 5.27, 0, 0.905, True
1, 5, 1, 35, 14, 0, 1.47, 4.61, 0, 0.769, True
1, 5, 1, 36, 13, 0, 2.04, 5.18, 0, 0.612, True
1, 5, 1, 37, 13, 1, 5.46, 2.32, 0, 0.631, False
1, 5, 1, 38, 14, 0, 2.91, 6.05, 0, 0.764, True
1, 5, 1, 39, 14, 1, 2.34, 5.48, 0, 0.572, False
1, 5, 1, 40, 15, 1, 3.15, 0.01, 0, 0.705, False
1, 5, 1, 41, 16, 0, 3.32, 0.18, 0, 0.74, True
1, 5, 1, 42, 16, 1, 2.7, 5.85, 1, 0.612, True
1, 5, 1, 43, 15, 0, 5.16, 2.02, 0, 0.679, True
1, 5, 1, 44, 15, 0, 4.7, 1.55, 0, 0.636, True
1, 5, 1, 45, 14, 0, 5.61, 2.46, 0, 0.641, True
1, 5, 1, 46, 14, 0, 5.75, 2.61, 0, 0.556, True
1, 5, 1, 47, 13, 1, 2.27, 5.41, 0, 0.439, False
1, 5, 1, 48, 14, 1, 1.34, 4.49, 1, 0.527, True
1, 5, 1, 49, 14, 0, 0.99, 4.13, 0, 0.497, True
1, 6, 1, 0, 9, 0, 4.23, 1.09, 0, 0.569, True
1, 6, 1, 1, 9, 1, 5.43, 2.29, 0, 0.596, False
1, 6, 1, 2, 10, 1, 5.38, 2.24, 0, 0.647, False
1, 6, 1, 3, 11, 1, 2.36, 5.5, 0, 0.545, False
1, 6, 1, 4, 12, 0, 3.83, 0.69, 0, 0.551, True
1, 6, 1, 5, 12, 0, 0.93, 4.07, 0, 0.745, True
1, 6, 1, 6, 11, 1, 2.56, 5.71, 1, 0.516, True
1, 6, 1, 7, 11, 0, 2.66, 5.8, 0, 0.615, True
1, 6, 1, 8, 10, 1, 4.77, 1.63, 0, 0.628, False
1, 6, 1, 9, 11, 1, 0.39, 3.53, 0, 0.793, False
1, 6, 1, 10, 12, 0, 1.63, 4.77, 1, 0.639, False
1, 6, 1, 11, 13, 0, 1.95, 5.09, 0, 0.628, True
1, 6, 1, 12, 13, 0, 5.27, 2.13, 0, 0.668, True
1, 6, 1, 13, 12, 1, 5.79, 2.64, 0, 0.673, False
1, 6, 1, 14, 13, 0, 4.46, 1.32, 0, 0.652, True
1, 6, 1, 15, 13, 1, 0.71, 3.85, 1, 0.919, True
1, 6, 1, 16, 12, 0, 0.79, 3.93, 1, 0.644, False
1, 6, 1, 17, 13, 1, 1.26, 4.41, 1, 0.657, True
1, 6, 1, 18, 13, 1, 0.99, 4.13, 1, 0.761, True
1, 6, 1, 19, 12, 1, 1.85, 4.99, 1, 0.569, True
1, 6, 1, 20, 12, 0, 5.54, 2.4, 0, 0.561, True
1, 6, 1, 21, 11, 1, 1.86, 5.01, 1, 0.526, True
1, 6, 1, 22, 11, 0, 0.44, 3.58, 1, 0.676, False
1, 6, 1, 23, 12, 0, 1.55, 4.69, 1, 0.871, False
1, 6, 1, 24, 13, 0, 5.65, 2.5, 0, 0.764, True
1, 6, 1, 25, 13, 0, 4.5, 1.35, 1, 0.815, False
1, 6, 1, 26, 14, 1, 0.19, 3.33, 1, 1.081, True
1, 6, 1, 27, 14, 0, 2.63, 5.77, 0, 0.687, True
1, 6, 1, 28, 13, 1, 4.4, 1.26, 1, 0.751, True
1, 6, 1, 29, 13, 1, 4.2, 1.06, 0, 0.655, False
1, 6, 1, 30, 14, 1, 3.34, 0.2, 1, 0.601, True
1, 6, 1, 31, 14, 1, 4.19, 1.05, 1, 0.588, True
1, 6, 1, 32, 13, 0, 4.02, 0.88, 1, 0.575, False
1, 6, 1, 33, 14, 0, 4.62, 1.48, 0, 0.972, True
1, 6, 1, 34, 14, 1, 1.97, 5.11, 1, 0.711, True
1, 6, 1, 35, 13, 1, 5.21, 2.07, 0, 0.716, False
1, 6, 1, 36, 14, 0, 2.19, 5.33, 0, 0.724, True
1, 6, 1, 37, 14, 1, 4.44, 1.29, 0, 0.721, False
1, 6, 1, 38, 15, 1, 2.72, 5.87, 1, 0.601, True
1, 6, 1, 39, 15, 1, 3.36, 0.22, 0, 0.553, False
1, 6, 1, 40, 16, 0, 4.3, 1.16, 0, 0.673, True
1, 6, 1, 41, 16, 0, 2.9, 6.04, 0, 0.609, True
1, 6, 1, 42, 15, 0, 1.56, 4.7, 1, 0.935, False
1, 6, 1, 43, 16, 0, 5.52, 2.38, 1, 1.025, False
1, 6, 1, 44, 17, 1, 4.37, 1.23, 1, 0.551, True
1, 6, 1, 45, 17, 1, 0.56, 3.7, 0, 0.671, False
1, 6, 1, 46, 18, 0, 0.17, 3.31, 1, 0.655, False
1, 6, 1, 47, 19, 0, 2.18, 5.32, 0, 1.468, True
1, 6, 1, 48, 19, 0, 5.33, 2.19, 0, 0.582, True
1, 6, 1, 49, 18, 1, 0.75, 3.89, 1, 0.804, True
1, 7, 0, 0, 5, 0, 1.9, 1.9, 0, 0.782, True
1, 7, 0, 1, 5, 0, 1.84, 1.84, 0, 1.431, True
1, 7, 0, 2, 4, 0, 5.95, 5.95, 1, 0.633, False
1, 7, 0, 3, 5, 1, 6.24, 6.24, 0, 0.991, False
1, 7, 0, 4, 6, 1, 4.83, 4.83, 1, 1.583, True
1, 7, 0, 5, 6, 0, 2.84, 2.84, 1, 1.174, False
1, 7, 0, 6, 7, 1, 5.16, 5.16, 1, 0.585, True
1, 7, 0, 7, 7, 1, 4.36, 4.36, 1, 0.58, True
1, 7, 0, 8, 6, 1, 0.67, 0.67, 0, 0.929, False
1, 7, 0, 9, 7, 1, 2.84, 2.84, 1, 0.644, True
1, 7, 0, 10, 7, 0, 1.16, 1.16, 1, 1.564, False
1, 7, 0, 11, 8, 1, 4.79, 4.79, 0, 0.812, False
1, 7, 0, 12, 9, 0, 0.27, 0.27, 1, 0.823, False
1, 7, 0, 13, 10, 1, 6.12, 6.12, 1, 0.577, True
1, 7, 0, 14, 10, 0, 2.85, 2.85, 0, 0.753, True
1, 7, 0, 15, 9, 0, 2.41, 2.41, 0, 0.593, True
1, 7, 0, 16, 9, 0, 4.01, 4.01, 0, 0.559, True
1, 7, 0, 17, 8, 0, 3.14, 3.14, 0, 0.527, True
1, 7, 0, 18, 8, 0, 2.4, 2.4, 0, 0.577, True
1, 7, 0, 19, 7, 0, 2.36, 2.36, 0, 0.574, True
1, 7, 0, 20, 7, 0, 3.32, 3.32, 0, 0.636, True
1, 7, 0, 21, 6, 1, 2.75, 2.75, 0, 0.724, False
1, 7, 0, 22, 7, 1, 2.72, 2.72, 0, 0.644, False
1, 7, 0, 23, 8, 1, 1.36, 1.36, 1, 0.649, True
1, 7, 0, 24, 8, 1, 4.61, 4.61, 1, 0.556, True
1, 7, 0, 25, 7, 1, 2.08, 2.08, 1, 0.863, True
1, 7, 0, 26, 7, 1, 1.09, 1.09, 0, 0.684, False
1, 7, 0, 27, 8, 0, 3.49, 3.49, 0, 0.62, True
1, 7, 0, 28, 8, 0, 1.66, 1.66, 1, 1.489, False
1, 7, 0, 29, 9, 0, 0.66, 0.66, 0, 0.788, True
1, 7, 0, 30, 9, 1, 1.87, 1.87, 1, 1.374, True
1, 7, 0, 31, 8, 1, 0.08, 0.08, 1, 0.633, True
1, 7, 0, 32, 8, 1, 6.15, 6.15, 0, 0.852, False
1, 7, 0, 33, 9, 1, 1.54, 1.54, 1, 0.804, True
1, 7, 0, 34, 9, 1, 3.07, 3.07, 1, 0.602, True
1, 7, 0, 35, 8, 0, 0.6, 0.6, 1, 1.228, False
1, 7, 0, 36, 9, 0, 5.29, 5.29, 0, 0.86, True
1, 7, 0, 37, 9, 0, 5.29, 5.29, 0, 0.977, True
1, 7, 0, 38, 8, 1, 5.59, 5.59, 1, 0.669, True
1, 7, 0, 39, 8, 1, 2.03, 2.03, 0, 0.887, False
1, 7, 0, 40, 9, 1, 1.74, 1.74, 1, 0.82, True
1, 7, 0, 41, 9, 1, 2.57, 2.57, 0, 0.862, False
1, 7, 0, 42, 10, 1, 6.22, 6.22, 1, 0.676, True
1, 7, 0, 43, 10, 1, 4.47, 4.47, 1, 0.623, True
1, 7, 0, 44, 9, 0, 5.84, 5.84, 0, 0.852, True
1, 7, 0, 45, 9, 1, 0.45, 0.45, 1, 0.599, True
1, 7, 0, 46, 8, 1, 2.06, 2.06, 1, 0.583, True
1, 7, 0, 47, 8, 0, 3.0, 3.0, 0, 0.759, True
1, 7, 0, 48, 7, 1, 3.32, 3.32, 1, 0.604, True
1, 7, 0, 49, 7, 0, 4.81, 4.81, 0, 0.828, True
