sub, task, cond1, cond2, rt, inputResp, training, accuracy, trial, block, 2fast
bm4284, 0, 8, K, 2.51, K, NA, 1, 1, 1, NA
bm4284, 0, 8, H, 1.6, H, NA, 1, 2, 1, NA
bm4284, 0, 8, G, 1.15, G, NA, 1, 3, 1, NA
bm4284, 0, 8, F, 1.22, F, NA, 1, 4, 1, NA
bm4284, 0, 8, K, 1.06, K, NA, 1, 5, 1, NA
bm4284, 0, 7, F, 1.26, F, NA, 1, 6, 1, NA
bm4284, 0, 7, L, 1.3, L, NA, 1, 7, 1, NA
bm4284, 0, 6, H, 0.97, H, NA, 1, 8, 1, NA
bm4284, 0, 6, K, 1.07, K, NA, 1, 9, 1, NA
bm4284, 0, 5, S, 1.1, S, NA, 1, 10, 1, NA
bm4284, 0, 5, L, 0.99, L, NA, 1, 11, 1, NA
bm4284, 0, 4, F, 1.05, F, NA, 1, 12, 1, NA
bm4284, 0, 4, J, 1.13, J, NA, 1, 13, 1, NA
bm4284, 0, 3, G, 0.99, G, NA, 1, 14, 1, NA
bm4284, 0, 4, D, 1.45, G, NA, 0, 15, 1, NA
bm4284, 0, 4, F, 1.07, F, NA, 1, 16, 1, NA
bm4284, 0, 3, L, 1.28, L, NA, 1, 17, 1, NA
bm4284, 0, 3, L, 1.45, L, NA, 1, 18, 1, NA
bm4284, 0, 2, S, 1.01, S, NA, 1, 19, 1, NA
bm4284, 0, 2, G, 1.01, G, NA, 1, 20, 1, NA
bm4284, 0, 1, H, 1.16, H, NA, 1, 21, 1, NA
bm4284, 0, 2, D, 1.5, L, NA, 0, 22, 1, NA
bm4284, 0, 2, J, 1.18, J, NA, 1, 23, 1, NA
bm4284, 0, 1, A, 1.38, A, NA, 1, 24, 1, NA
bm4284, 0, 2, S, 1.11, J, NA, 0, 25, 1, NA
bm4284, 0, 3, L, 1.52, H, NA, 0, 26, 1, NA
bm4284, 0, 3, K, 1.33, K, NA, 1, 27, 1, NA
bm4284, 0, 2, G, 1.25, G, NA, 1, 28, 1, NA
bm4284, 0, 3, S, 2.54, H, NA, 0, 29, 1, NA
bm4284, 0, 3, D, 1.39, D, NA, 1, 30, 1, NA
bm4284, 0, 2, S, 1.81, S, NA, 1, 31, 1, NA
bm4284, 0, 3, D, 1.09, G, NA, 0, 32, 1, NA
bm4284, 0, 3, G, 1.03, G, NA, 1, 33, 1, NA
bm4284, 0, 4, D, 0.98, G, NA, 0, 34, 1, NA
bm4284, 0, 4, J, 1.1, J, NA, 1, 35, 1, NA
bm4284, 0, 3, K, 1.21, K, NA, 1, 36, 1, NA
bm4284, 0, 3, F, 1.4, F, NA, 1, 37, 1, NA
bm4284, 0, 4, H, 1.22, G, NA, 0, 38, 1, NA
bm4284, 0, 4, J, 1.06, J, NA, 1, 39, 1, NA
bm4284, 0, 3, H, 0.93, H, NA, 1, 40, 1, NA
bm4284, 0, 3, A, 1.03, A, NA, 1, 41, 1, NA
bm4284, 0, 2, A, 0.93, A, NA, 1, 42, 1, NA
bm4284, 0, 3, L, 1.46, J, NA, 0, 43, 1, NA
bm4284, 0, 3, A, 0.89, A, NA, 1, 44, 1, NA
bm4284, 0, 2, L, 1.3, L, NA, 1, 45, 1, NA
bm4284, 0, 3, S, 2.01, G, NA, 0, 46, 1, NA
bm4284, 0, 3, S, 1.13, S, NA, 1, 47, 1, NA
bm4284, 0, 2, L, 1.3, L, NA, 1, 48, 1, NA
bm4284, 0, 2, F, 1.45, F, NA, 1, 49, 1, NA
bm4284, 0, 1, S, 1.27, S, NA, 1, 50, 1, NA
bm4284, 2, 0, 0, 2.28, 0, 1, 1, 1, 1, 0
bm4284, 2, 1, 0, 3.83, 0, 1, 1, 2, 1, 0
bm4284, 2, 0, 1, 1.02, 1, 1, 1, 3, 1, 0
bm4284, 2, 1, 0, 2.84, 0, 1, 1, 4, 1, 0
bm4284, 2, 1, 0, 3.69, 0, 1, 1, 5, 1, 0
bm4284, 2, 0, 1, 1.35, 1, 1, 1, 6, 1, 0
bm4284, 2, 0, 0, 1.65, 0, 1, 1, 7, 1, 0
bm4284, 2, 1, 1, 3.86, 1, 1, 1, 8, 1, 0
bm4284, 2, 1, 1, 1.6, 1, 1, 1, 9, 1, 0
bm4284, 2, 0, 1, 1.05, 1, 1, 1, 10, 1, 0
bm4284, 2, 0, 1, 2.33, 1, 0, 1, 1, 1, 0
bm4284, 2, 1, 0, 8.66, 0, 0, 1, 2, 1, 0
bm4284, 2, 0, 1, 1.15, 1, 0, 1, 3, 1, 0
bm4284, 2, 0, 0, 1.0, 0, 0, 1, 4, 1, 0
bm4284, 2, 0, 1, 1.2, 1, 0, 1, 5, 1, 0
bm4284, 2, 1, 0, 6.42, 0, 0, 1, 6, 1, 0
bm4284, 2, 0, 1, 0.83, 1, 0, 1, 7, 1, 0
bm4284, 2, 1, 0, 4.39, 0, 0, 1, 8, 1, 0
bm4284, 2, 1, 0, 3.54, 0, 0, 1, 9, 1, 0
bm4284, 2, 0, 1, 0.84, 1, 0, 1, 10, 1, 0
bm4284, 2, 1, 1, 1.38, 1, 0, 1, 11, 1, 0
bm4284, 2, 1, 0, 2.61, 0, 0, 1, 12, 1, 0
bm4284, 2, 1, 1, 1.0, 1, 0, 1, 13, 1, 0
bm4284, 2, 1, 1, 0.78, 1, 0, 1, 14, 1, 0
bm4284, 2, 1, 1, 1.27, 1, 0, 1, 15, 1, 0
bm4284, 2, 0, 0, 1.12, 0, 0, 1, 16, 1, 0
bm4284, 2, 0, 0, 1.39, 0, 0, 1, 17, 1, 0
bm4284, 2, 0, 0, 1.17, 0, 0, 1, 18, 1, 0
bm4284, 2, 1, 1, 0.77, 1, 0, 1, 19, 1, 0
bm4284, 2, 1, 1, 1.27, 1, 0, 1, 20, 1, 0
bm4284, 2, 0, 0, 0.79, 0, 0, 1, 21, 1, 0
bm4284, 2, 1, 1, 1.1, 1, 0, 1, 22, 1, 0
bm4284, 2, 1, 0, 4.0, 0, 0, 1, 23, 1, 0
bm4284, 2, 0, 0, 0.93, 0, 0, 1, 24, 1, 0
bm4284, 2, 1, 1, 1.5, 1, 0, 1, 25, 1, 0
bm4284, 2, 1, 1, 0.83, 1, 0, 1, 26, 1, 0
bm4284, 2, 0, 0, 0.69, 0, 0, 1, 27, 1, 0
bm4284, 2, 0, 1, 0.65, 1, 0, 1, 28, 1, 0
bm4284, 2, 0, 0, 0.65, 0, 0, 1, 29, 1, 0
bm4284, 2, 1, 1, 0.69, 1, 0, 1, 30, 1, 0
bm4284, 2, 0, 0, 0.68, 0, 0, 1, 31, 1, 0
bm4284, 2, 0, 0, 0.85, 0, 0, 1, 32, 1, 0
bm4284, 3, 1, 0, 8.8962, 0, 1, 1, 1, 1, 0
bm4284, 3, 1, 1, 8.1654, 1, 1, 1, 2, 1, 0
bm4284, 3, 0, 1, 8.6644, 1, 1, 1, 3, 1, 0
bm4284, 3, 1, 1, 15.3031, 0, 1, 0, 4, 1, 0
bm4284, 3, 0, 0, 5.1302, 0, 1, 1, 5, 1, 0
bm4284, 3, 0, 1, 1.9766, 1, 1, 1, 6, 1, 0
bm4284, 3, 1, 0, 3.7375, 0, 1, 1, 7, 1, 0
bm4284, 3, 0, 0, 1.2814, 0, 1, 1, 8, 1, 0
bm4284, 3, 0, 1, 1.2782, 1, 1, 1, 9, 1, 0
bm4284, 3, 1, 0, 1.8513, 0, 1, 1, 10, 1, 0
bm4284, 3, 1, 1, 2.9722, 0, 0, 0, 1, 1, 0
bm4284, 3, 1, 0, 1.1919, 0, 0, 1, 2, 1, 0
bm4284, 3, 0, 0, 0.9851, 0, 0, 1, 3, 1, 0
bm4284, 3, 1, 0, 0.8502, 0, 0, 1, 4, 1, 0
bm4284, 3, 0, 1, 1.0097, 1, 0, 1, 5, 1, 0
bm4284, 3, 1, 0, 2.3303, 0, 0, 1, 6, 1, 0
bm4284, 3, 1, 0, 1.0682, 0, 0, 1, 7, 1, 0
bm4284, 3, 0, 1, 0.7381, 1, 0, 1, 8, 1, 0
bm4284, 3, 0, 1, 0.6775, 1, 0, 1, 9, 1, 0
bm4284, 3, 1, 1, 1.2438, 1, 0, 1, 10, 1, 0
bm4284, 3, 0, 0, 0.8108, 0, 0, 1, 11, 1, 0
bm4284, 3, 1, 0, 1.659, 0, 0, 1, 12, 1, 0
bm4284, 3, 1, 1, 1.0169, 1, 0, 1, 13, 1, 0
bm4284, 3, 1, 0, 1.7608, 0, 0, 1, 14, 1, 0
bm4284, 3, 0, 1, 0.9066, 1, 0, 1, 15, 1, 0
bm4284, 3, 0, 0, 0.8395, 0, 0, 1, 16, 1, 0
bm4284, 3, 0, 0, 0.8708, 0, 0, 1, 17, 1, 0
bm4284, 3, 1, 1, 1.4447, 1, 0, 1, 18, 1, 0
bm4284, 3, 1, 0, 1.7068, 0, 0, 1, 19, 1, 0
bm4284, 3, 0, 1, 0.7588, 1, 0, 1, 20, 1, 0
bm4284, 3, 1, 1, 0.9849, 0, 0, 0, 21, 1, 0
bm4284, 3, 0, 1, 0.919, 1, 0, 1, 22, 1, 0
bm4284, 3, 1, 0, 0.995, 0, 0, 1, 23, 1, 0
bm4284, 3, 0, 1, 0.6681, 1, 0, 1, 24, 1, 0
bm4284, 3, 0, 0, 0.8503, 0, 0, 1, 25, 1, 0
bm4284, 3, 1, 1, 1.3137, 1, 0, 1, 26, 1, 0
bm4284, 3, 0, 1, 0.9741, 1, 0, 1, 27, 1, 0
bm4284, 3, 0, 0, 0.728, 0, 0, 1, 28, 1, 0
bm4284, 3, 1, 1, 1.1963, 1, 0, 1, 29, 1, 0
bm4284, 3, 1, 1, 0.9093, 1, 0, 1, 30, 1, 0
bm4284, 3, 0, 0, 0.7614, 0, 0, 1, 31, 1, 0
bm4284, 3, 0, 0, 0.8441, 0, 0, 1, 32, 1, 0
bm4284, 1, 0, 0, 4.6866, 0, 1, 1, 1, 1, 0
bm4284, 1, -1, 1, 5.7565, 1, 1, 1, 2, 1, 0
bm4284, 1, -1, 0, 10.4945, 0, 1, 1, 3, 1, 0
bm4284, 1, 1, 1, 3.8067, 1, 1, 1, 4, 1, 0
bm4284, 1, 0, 1, 2.0821, 1, 1, 1, 5, 1, 0
bm4284, 1, 1, 1, 4.4434, 1, 1, 1, 6, 1, 0
bm4284, 1, -1, 0, 6.1635, 0, 1, 1, 7, 1, 0
bm4284, 1, -1, 0, 10.8533, 0, 1, 1, 8, 1, 0
bm4284, 1, -1, 1, 3.2711, 1, 1, 1, 9, 1, 0
bm4284, 1, 0, 0, 4.1764, 0, 1, 1, 10, 1, 0
bm4284, 1, -1, 1, 4.491, 1, 0, 1, 1, 1, 0
bm4284, 1, 0, 1, 1.4584, 1, 0, 1, 2, 1, 0
bm4284, 1, -1, 0, 15.9411, 0, 0, 1, 3, 1, 0
bm4284, 1, 0, 1, 1.431, 1, 0, 1, 4, 1, 0
bm4284, 1, 1, 0, 4.939, 0, 0, 1, 5, 1, 0
bm4284, 1, 0, 1, 1.2478, 1, 0, 1, 6, 1, 0
bm4284, 1, -1, 0, 5.7872, 0, 0, 1, 7, 1, 0
bm4284, 1, 0, 1, 2.6533, 1, 0, 1, 8, 1, 0
bm4284, 1, 0, 1, 1.52, 1, 0, 1, 9, 1, 0
bm4284, 1, -1, 0, 18.4791, 0, 0, 1, 10, 1, 0
bm4284, 1, 0, 1, 0.8579, 1, 0, 1, 11, 1, 0
bm4284, 1, 1, 0, 6.7729, 0, 0, 1, 12, 1, 0
bm4284, 1, 1, 1, 2.4615, 1, 0, 1, 13, 1, 0
bm4284, 1, 1, 1, 6.8069, 1, 0, 1, 14, 1, 0
bm4284, 1, -1, 0, 7.5188, 0, 0, 1, 15, 1, 0
bm4284, 1, -1, 0, 5.1445, 0, 0, 1, 16, 1, 0
bm4284, 1, 0, 0, 7.3813, 0, 0, 1, 17, 1, 0
bm4284, 1, 1, 1, 6.2619, 1, 0, 1, 18, 1, 0
bm4284, 1, 1, 0, 5.2356, 0, 0, 1, 19, 1, 0
bm4284, 1, -1, 0, 3.8035, 0, 0, 1, 20, 1, 0
bm4284, 1, -1, 0, 3.5985, 0, 0, 1, 21, 1, 0
bm4284, 1, 0, 1, 1.4027, 1, 0, 1, 22, 1, 0
bm4284, 1, 0, 0, 1.7934, 0, 0, 1, 23, 1, 0
bm4284, 1, 1, 1, 3.9569, 1, 0, 1, 24, 1, 0
bm4284, 1, -1, 0, 9.2655, 0, 0, 1, 25, 1, 0
bm4284, 1, -1, 0, 5.2681, 0, 0, 1, 26, 1, 0
bm4284, 1, 0, 1, 1.4676, 1, 0, 1, 27, 1, 0
bm4284, 1, -1, 1, 5.9659, 1, 0, 1, 28, 1, 0
bm4284, 1, 1, 0, 4.3282, 0, 0, 1, 29, 1, 0
bm4284, 1, 1, 0, 5.5881, 0, 0, 1, 30, 1, 0
bm4284, 1, -1, 1, 4.0298, 1, 0, 1, 31, 1, 0
bm4284, 1, 1, 1, 5.063, 1, 0, 1, 32, 1, 0
bm4284, 0, 4, A, 2.63, A, NA, 1, 1, 2, NA
bm4284, 0, 4, G, 1.14, G, NA, 1, 2, 2, NA
bm4284, 0, 4, K, 1.17, K, NA, 1, 3, 2, NA
bm4284, 0, 4, H, 1.04, H, NA, 1, 4, 2, NA
bm4284, 0, 4, J, 0.97, J, NA, 1, 5, 2, NA
bm4284, 0, 3, J, 0.99, J, NA, 1, 6, 2, NA
bm4284, 0, 3, F, 1.32, F, NA, 1, 7, 2, NA
bm4284, 0, 2, F, 1.11, F, NA, 1, 8, 2, NA
bm4284, 0, 3, F, 2.77, A, NA, 0, 9, 2, NA
bm4284, 0, 3, H, 1.19, H, NA, 1, 10, 2, NA
bm4284, 0, 2, L, 1.65, L, NA, 1, 11, 2, NA
bm4284, 0, 3, D, 1.53, G, NA, 0, 12, 2, NA
bm4284, 0, 3, G, 0.99, G, NA, 1, 13, 2, NA
bm4284, 0, 2, S, 1.12, S, NA, 1, 14, 2, NA
bm4284, 0, 3, K, 1.4, H, NA, 0, 15, 2, NA
bm4284, 0, 3, D, 1.31, D, NA, 1, 16, 2, NA
bm4284, 0, 2, J, 1.3, J, NA, 1, 17, 2, NA
bm4284, 0, 2, J, 1.08, J, NA, 1, 18, 2, NA
bm4284, 0, 1, K, 1.18, K, NA, 1, 19, 2, NA
bm4284, 0, 2, H, 1.56, G, NA, 0, 20, 2, NA
bm4284, 0, 2, F, 1.31, F, NA, 1, 21, 2, NA
bm4284, 0, 3, K, 2.75, G, NA, 0, 22, 2, NA
bm4284, 0, 4, H, 1.81, K, NA, 0, 23, 2, NA
bm4284, 0, 4, S, 1.17, S, NA, 1, 24, 2, NA
bm4284, 0, 3, A, 0.61, A, NA, 1, 25, 2, NA
bm4284, 0, 3, S, 1.24, S, NA, 1, 26, 2, NA
bm4284, 0, 2, F, 1.21, F, NA, 1, 27, 2, NA
bm4284, 0, 3, H, 1.03, A, NA, 0, 28, 2, NA
bm4284, 0, 3, S, 1.12, S, NA, 1, 29, 2, NA
bm4284, 0, 2, K, 1.11, K, NA, 1, 30, 2, NA
bm4284, 0, 2, D, 1.52, D, NA, 1, 31, 2, NA
bm4284, 0, 3, D, 1.44, K, NA, 0, 32, 2, NA
bm4284, 0, 3, L, 0.82, L, NA, 1, 33, 2, NA
bm4284, 0, 2, J, 1.11, J, NA, 1, 34, 2, NA
bm4284, 0, 2, A, 0.78, A, NA, 1, 35, 2, NA
bm4284, 0, 1, F, 1.09, F, NA, 1, 36, 2, NA
bm4284, 0, 2, D, 1.24, K, NA, 0, 37, 2, NA
bm4284, 0, 2, G, 1.34, G, NA, 1, 38, 2, NA
bm4284, 0, 3, H, 1.61, G, NA, 0, 39, 2, NA
bm4284, 0, 3, J, 1.18, J, NA, 1, 40, 2, NA
bm4284, 0, 2, S, 2.02, S, NA, 1, 41, 2, NA
bm4284, 0, 3, H, 1.07, K, NA, 0, 42, 2, NA
bm4284, 0, 3, S, 1.28, S, NA, 1, 43, 2, NA
bm4284, 0, 2, D, 1.03, D, NA, 1, 44, 2, NA
bm4284, 0, 3, L, 2.56, K, NA, 0, 45, 2, NA
bm4284, 0, 3, A, 0.75, A, NA, 1, 46, 2, NA
bm4284, 0, 2, S, 1.26, S, NA, 1, 47, 2, NA
bm4284, 0, 2, S, 1.06, S, NA, 1, 48, 2, NA
bm4284, 0, 1, D, 1.14, D, NA, 1, 49, 2, NA
bm4284, 0, 2, L, 1.29, A, NA, 0, 50, 2, NA
bm4284, 2, 1, 0, 4.78, 0, 0, 1, 1, 2, 0
bm4284, 2, 0, 1, 1.28, 1, 0, 1, 2, 2, 0
bm4284, 2, 0, 1, 1.01, 1, 0, 1, 3, 2, 0
bm4284, 2, 1, 0, 3.77, 1, 0, 0, 4, 2, 0
bm4284, 2, 0, 0, 0.92, 1, 0, 0, 5, 2, 0
bm4284, 2, 1, 1, 1.35, 0, 0, 0, 6, 2, 0
bm4284, 2, 0, 0, 2.81, 0, 0, 1, 7, 2, 0
bm4284, 2, 1, 1, 1.5, 1, 0, 1, 8, 2, 0
bm4284, 2, 1, 1, 0.97, 1, 0, 1, 9, 2, 0
bm4284, 2, 0, 0, 1.51, 0, 0, 1, 10, 2, 0
bm4284, 2, 1, 1, 5.26, 1, 0, 1, 11, 2, 0
bm4284, 2, 0, 0, 1.17, 0, 0, 1, 12, 2, 0
bm4284, 2, 0, 0, 1.15, 0, 0, 1, 13, 2, 0
bm4284, 2, 1, 1, 1.48, 1, 0, 1, 14, 2, 0
bm4284, 2, 1, 0, 4.64, 0, 0, 1, 15, 2, 0
bm4284, 2, 0, 1, 0.92, 1, 0, 1, 16, 2, 0
bm4284, 2, 0, 0, 2.31, 1, 0, 0, 17, 2, 0
bm4284, 2, 0, 1, 1.0, 1, 0, 1, 18, 2, 0
bm4284, 2, 0, 0, 1.11, 0, 0, 1, 19, 2, 0
bm4284, 2, 0, 0, 1.5, 0, 0, 1, 20, 2, 0
bm4284, 2, 0, 1, 1.11, 1, 0, 1, 21, 2, 0
bm4284, 2, 1, 1, 2.44, 1, 0, 1, 22, 2, 0
bm4284, 2, 1, 1, 3.43, 1, 0, 1, 23, 2, 0
bm4284, 2, 1, 0, 6.56, 0, 0, 1, 24, 2, 0
bm4284, 2, 1, 1, 1.73, 1, 0, 1, 25, 2, 0
bm4284, 2, 1, 1, 1.54, 1, 0, 1, 26, 2, 0
bm4284, 2, 1, 0, 3.29, 0, 0, 1, 27, 2, 0
bm4284, 2, 1, 1, 1.52, 1, 0, 1, 28, 2, 0
bm4284, 2, 0, 0, 1.1, 0, 0, 1, 29, 2, 0
bm4284, 2, 0, 0, 1.11, 0, 0, 1, 30, 2, 0
bm4284, 2, 0, 1, 1.39, 1, 0, 1, 31, 2, 0
bm4284, 2, 1, 0, 4.55, 0, 0, 1, 32, 2, 0
bm4284, 3, 0, 1, 1.1026, 1, 0, 1, 1, 2, 0
bm4284, 3, 1, 1, 0.9156, 0, 0, 0, 2, 2, 0
bm4284, 3, 0, 0, 1.1244, 0, 0, 1, 3, 2, 0
bm4284, 3, 0, 0, 0.7768, 0, 0, 1, 4, 2, 0
bm4284, 3, 1, 1, 1.4196, 1, 0, 1, 5, 2, 0
bm4284, 3, 1, 0, 1.2998, 0, 0, 1, 6, 2, 0
bm4284, 3, 0, 0, 1.1207, 0, 0, 1, 7, 2, 0
bm4284, 3, 1, 1, 1.9415, 1, 0, 1, 8, 2, 0
bm4284, 3, 1, 0, 2.2644, 0, 0, 1, 9, 2, 0
bm4284, 3, 0, 1, 0.8136, 1, 0, 1, 10, 2, 0
bm4284, 3, 0, 1, 0.8785, 1, 0, 1, 11, 2, 0
bm4284, 3, 1, 0, 1.1804, 0, 0, 1, 12, 2, 0
bm4284, 3, 0, 0, 0.9748, 0, 0, 1, 13, 2, 0
bm4284, 3, 0, 1, 0.6494, 1, 0, 1, 14, 2, 0
bm4284, 3, 0, 1, 1.009, 1, 0, 1, 15, 2, 0
bm4284, 3, 1, 1, 1.1776, 1, 0, 1, 16, 2, 0
bm4284, 3, 0, 0, 0.956, 0, 0, 1, 17, 2, 0
bm4284, 3, 0, 1, 0.6475, 1, 0, 1, 18, 2, 0
bm4284, 3, 0, 0, 0.9751, 0, 0, 1, 19, 2, 0
bm4284, 3, 1, 0, 1.5937, 0, 0, 1, 20, 2, 0
bm4284, 3, 1, 1, 1.611, 1, 0, 1, 21, 2, 0
bm4284, 3, 1, 1, 1.2278, 1, 0, 1, 22, 2, 0
bm4284, 3, 1, 1, 1.3714, 1, 0, 1, 23, 2, 0
bm4284, 3, 0, 1, 0.7096, 1, 0, 1, 24, 2, 0
bm4284, 3, 0, 1, 0.8433, 1, 0, 1, 25, 2, 0
bm4284, 3, 0, 0, 0.7466, 0, 0, 1, 26, 2, 0
bm4284, 3, 1, 0, 1.3261, 0, 0, 1, 27, 2, 0
bm4284, 3, 1, 0, 1.4016, 0, 0, 1, 28, 2, 0
bm4284, 3, 1, 0, 0.8666, 0, 0, 1, 29, 2, 0
bm4284, 3, 1, 0, 1.3454, 0, 0, 1, 30, 2, 0
bm4284, 3, 0, 0, 0.7967, 0, 0, 1, 31, 2, 0
bm4284, 3, 1, 1, 0.9736, 0, 0, 0, 32, 2, 0
bm4284, 1, 0, 0, 1.6046, 0, 0, 1, 1, 2, 0
bm4284, 1, -1, 1, 3.393, 1, 0, 1, 2, 2, 0
bm4284, 1, 1, 0, 4.357, 0, 0, 1, 3, 2, 0
bm4284, 1, -1, 1, 3.2006, 1, 0, 1, 4, 2, 0
bm4284, 1, 0, 1, 1.5173, 1, 0, 1, 5, 2, 0
bm4284, 1, 1, 0, 4.5578, 0, 0, 1, 6, 2, 0
bm4284, 1, 0, 1, 1.3471, 1, 0, 1, 7, 2, 0
bm4284, 1, -1, 0, 6.3304, 0, 0, 1, 8, 2, 0
bm4284, 1, -1, 0, 3.3174, 0, 0, 1, 9, 2, 0
bm4284, 1, -1, 1, 5.1959, 1, 0, 1, 10, 2, 0
bm4284, 1, 0, 1, 1.1267, 1, 0, 1, 11, 2, 0
bm4284, 1, 1, 0, 3.9269, 0, 0, 1, 12, 2, 0
bm4284, 1, -1, 1, 2.9641, 1, 0, 1, 13, 2, 0
bm4284, 1, -1, 0, 5.3538, 0, 0, 1, 14, 2, 0
bm4284, 1, 0, 0, 2.0125, 0, 0, 1, 15, 2, 0
bm4284, 1, -1, 0, 5.9924, 0, 0, 1, 16, 2, 0
bm4284, 1, 1, 1, 3.2497, 1, 0, 1, 17, 2, 0
bm4284, 1, 1, 0, 4.0744, 0, 0, 1, 18, 2, 0
bm4284, 1, 1, 1, 2.6895, 1, 0, 1, 19, 2, 0
bm4284, 1, -1, 0, 6.6254, 0, 0, 1, 20, 2, 0
bm4284, 1, 1, 1, 2.2728, 0, 0, 0, 21, 2, 0
bm4284, 1, 1, 1, 4.102, 1, 0, 1, 22, 2, 0
bm4284, 1, -1, 1, 3.6923, 1, 0, 1, 23, 2, 0
bm4284, 1, -1, 1, 9.7146, 1, 0, 1, 24, 2, 0
bm4284, 1, 0, 0, 1.7322, 0, 0, 1, 25, 2, 0
bm4284, 1, 1, 0, 3.4818, 0, 0, 1, 26, 2, 0
bm4284, 1, 0, 0, 1.4984, 0, 0, 1, 27, 2, 0
bm4284, 1, 0, 0, 1.3878, 0, 0, 1, 28, 2, 0
bm4284, 1, 0, 1, 1.1373, 1, 0, 1, 29, 2, 0
bm4284, 1, 1, 0, 2.3679, 0, 0, 1, 30, 2, 0
bm4284, 1, 0, 1, 1.4702, 1, 0, 1, 31, 2, 0
bm4284, 1, -1, 1, 2.8639, 1, 0, 1, 32, 2, 0
