sub, task, cond1, cond2, rt, inputResp, training, accuracy, trial, block, 2fast
bm4243, 0, 8, J, 0.94, J, NA, 1, 1, 1, NA
bm4243, 0, 8, J, 0.81, J, NA, 1, 2, 1, NA
bm4243, 0, 8, D, 0.92, D, NA, 1, 3, 1, NA
bm4243, 0, 8, F, 0.87, F, NA, 1, 4, 1, NA
bm4243, 0, 8, F, 1.12, F, NA, 1, 5, 1, NA
bm4243, 0, 7, S, 0.99, S, NA, 1, 6, 1, NA
bm4243, 0, 7, L, 1.31, L, NA, 1, 7, 1, NA
bm4243, 0, 6, J, 0.92, J, NA, 1, 8, 1, NA
bm4243, 0, 6, L, 1.02, L, NA, 1, 9, 1, NA
bm4243, 0, 5, G, 0.88, G, NA, 1, 10, 1, NA
bm4243, 0, 5, D, 0.79, D, NA, 1, 11, 1, NA
bm4243, 0, 4, H, 0.75, H, NA, 1, 12, 1, NA
bm4243, 0, 4, A, 0.77, A, NA, 1, 13, 1, NA
bm4243, 0, 3, H, 1.08, H, NA, 1, 14, 1, NA
bm4243, 0, 3, A, 0.86, A, NA, 1, 15, 1, NA
bm4243, 0, 2, J, 1.09, J, NA, 1, 16, 1, NA
bm4243, 0, 2, L, 1.14, L, NA, 1, 17, 1, NA
bm4243, 0, 1, G, 0.94, G, NA, 1, 18, 1, NA
bm4243, 0, 2, H, 1.91, A, NA, 0, 19, 1, NA
bm4243, 0, 2, J, 0.91, J, NA, 1, 20, 1, NA
bm4243, 0, 1, D, 1.06, D, NA, 1, 21, 1, NA
bm4243, 0, 2, F, 1.04, A, NA, 0, 22, 1, NA
bm4243, 0, 2, H, 0.96, H, NA, 1, 23, 1, NA
bm4243, 0, 1, S, 0.94, S, NA, 1, 24, 1, NA
bm4243, 0, 2, F, 1.44, A, NA, 0, 25, 1, NA
bm4243, 0, 3, F, 1.06, A, NA, 0, 26, 1, NA
bm4243, 0, 3, K, 1.16, K, NA, 1, 27, 1, NA
bm4243, 0, 2, F, 0.97, F, NA, 1, 28, 1, NA
bm4243, 0, 2, S, 0.89, S, NA, 1, 29, 1, NA
bm4243, 0, 1, G, 1.75, G, NA, 1, 30, 1, NA
bm4243, 0, 2, A, 1.21, G, NA, 0, 31, 1, NA
bm4243, 0, 2, A, 1.4, A, NA, 1, 32, 1, NA
bm4243, 0, 3, A, 0.99, G, NA, 0, 33, 1, NA
bm4243, 0, 3, L, 1.25, L, NA, 1, 34, 1, NA
bm4243, 0, 2, G, 0.91, G, NA, 1, 35, 1, NA
bm4243, 0, 3, H, 0.8, G, NA, 0, 36, 1, NA
bm4243, 0, 4, F, 1.14, S, NA, 0, 37, 1, NA
bm4243, 0, 4, A, 0.86, A, NA, 1, 38, 1, NA
bm4243, 0, 3, J, 1.03, J, NA, 1, 39, 1, NA
bm4243, 0, 3, D, 1.19, D, NA, 1, 40, 1, NA
bm4243, 0, 2, D, 0.7, D, NA, 1, 41, 1, NA
bm4243, 0, 3, A, 1.08, S, NA, 0, 42, 1, NA
bm4243, 0, 3, G, 1.08, G, NA, 1, 43, 1, NA
bm4243, 0, 2, L, 1.23, L, NA, 1, 44, 1, NA
bm4243, 0, 2, D, 0.92, D, NA, 1, 45, 1, NA
bm4243, 0, 3, A, 1.21, G, NA, 0, 46, 1, NA
bm4243, 0, 3, H, 1.1, H, NA, 1, 47, 1, NA
bm4243, 0, 2, H, 1.05, H, NA, 1, 48, 1, NA
bm4243, 0, 2, J, 0.98, J, NA, 1, 49, 1, NA
bm4243, 0, 3, L, 0.94, G, NA, 0, 50, 1, NA
bm4243, 2, 0, 1, 0.81, 1, 1, 1, 1, 1, 0
bm4243, 2, 0, 0, 0.64, 0, 1, 1, 2, 1, 0
bm4243, 2, 1, 1, 0.82, 1, 1, 1, 3, 1, 0
bm4243, 2, 0, 1, 0.73, 1, 1, 1, 4, 1, 0
bm4243, 2, 0, 0, 0.9, 0, 1, 1, 5, 1, 0
bm4243, 2, 1, 1, 0.75, 1, 1, 1, 6, 1, 0
bm4243, 2, 1, 0, 1.11, 0, 1, 1, 7, 1, 0
bm4243, 2, 0, 1, 0.63, 1, 1, 1, 8, 1, 0
bm4243, 2, 1, 0, 0.87, 0, 1, 1, 9, 1, 0
bm4243, 2, 1, 0, 1.04, 0, 1, 1, 10, 1, 0
bm4243, 2, 1, 1, 0.86, 1, 0, 1, 1, 1, 0
bm4243, 2, 1, 0, 1.44, 0, 0, 1, 2, 1, 0
bm4243, 2, 1, 0, 0.98, 0, 0, 1, 3, 1, 0
bm4243, 2, 1, 1, 1.44, 1, 0, 1, 4, 1, 0
bm4243, 2, 0, 1, 0.62, 1, 0, 1, 5, 1, 0
bm4243, 2, 0, 1, 0.61, 1, 0, 1, 6, 1, 0
bm4243, 2, 0, 0, 0.67, 0, 0, 1, 7, 1, 0
bm4243, 2, 0, 1, 1.19, 1, 0, 1, 8, 1, 0
bm4243, 2, 1, 1, 0.7, 1, 0, 1, 9, 1, 0
bm4243, 2, 0, 0, 0.77, 0, 0, 1, 10, 1, 0
bm4243, 2, 1, 1, 0.74, 1, 0, 1, 11, 1, 0
bm4243, 2, 0, 0, 0.62, 0, 0, 1, 12, 1, 0
bm4243, 2, 1, 1, 0.65, 1, 0, 1, 13, 1, 0
bm4243, 2, 1, 1, 0.62, 1, 0, 1, 14, 1, 0
bm4243, 2, 0, 1, 0.86, 0, 0, 0, 15, 1, 0
bm4243, 2, 0, 1, 0.74, 1, 0, 1, 16, 1, 0
bm4243, 2, 1, 1, 0.74, 1, 0, 1, 17, 1, 0
bm4243, 2, 1, 0, 1.24, 0, 0, 1, 18, 1, 0
bm4243, 2, 1, 0, 1.38, 0, 0, 1, 19, 1, 0
bm4243, 2, 0, 0, 0.79, 0, 0, 1, 20, 1, 0
bm4243, 2, 1, 0, 1.54, 0, 0, 1, 21, 1, 0
bm4243, 2, 0, 1, 0.62, 1, 0, 1, 22, 1, 0
bm4243, 2, 1, 0, 1.33, 0, 0, 1, 23, 1, 0
bm4243, 2, 0, 0, 0.77, 0, 0, 1, 24, 1, 0
bm4243, 2, 1, 1, 1.1, 0, 0, 0, 25, 1, 0
bm4243, 2, 1, 0, 0.98, 0, 0, 1, 26, 1, 0
bm4243, 2, 0, 1, 0.57, 0, 0, 0, 27, 1, 0
bm4243, 2, 0, 0, 0.9, 0, 0, 1, 28, 1, 0
bm4243, 2, 0, 0, 0.77, 0, 0, 1, 29, 1, 0
bm4243, 2, 0, 1, 0.6, 1, 0, 1, 30, 1, 0
bm4243, 2, 0, 0, 0.86, 0, 0, 1, 31, 1, 0
bm4243, 2, 1, 0, 5.17, 0, 0, 1, 32, 1, 0
bm4243, 3, 0, 1, 4.622, 1, 1, 1, 1, 1, 0
bm4243, 3, 1, 0, 2.1789, 0, 1, 1, 2, 1, 0
bm4243, 3, 0, 0, 3.4517, 0, 1, 1, 3, 1, 0
bm4243, 3, 0, 0, 3.3765, 0, 1, 1, 4, 1, 0
bm4243, 3, 1, 1, 3.1447, 1, 1, 1, 5, 1, 0
bm4243, 3, 0, 1, 0.4426, 0, 1, 0, 6, 1, 0
bm4243, 3, 1, 0, 0.8306, 1, 1, 0, 7, 1, 0
bm4243, 3, 1, 1, 1.6666, 1, 1, 1, 8, 1, 0
bm4243, 3, 0, 1, -0.6837, 0, 1, 0, 9, 1, 1
bm4243, 3, 1, 0, 3.3043, 0, 1, 1, 10, 1, 0
bm4243, 3, 0, 1, 4.1287, 0, 0, 0, 1, 1, 0
bm4243, 3, 1, 0, 1.1977, 0, 0, 1, 2, 1, 0
bm4243, 3, 1, 1, 1.4707, 1, 0, 1, 3, 1, 0
bm4243, 3, 0, 1, -0.7169, 0, 0, 0, 4, 1, 1
bm4243, 3, 1, 0, 1.7423, 0, 0, 1, 5, 1, 0
bm4243, 3, 0, 1, 5.4487, 1, 0, 1, 6, 1, 0
bm4243, 3, 1, 1, 1.7235, 1, 0, 1, 7, 1, 0
bm4243, 3, 0, 0, 2.0552, 0, 0, 1, 8, 1, 0
bm4243, 3, 1, 1, 1.3016, 1, 0, 1, 9, 1, 0
bm4243, 3, 1, 0, 1.2185, 0, 0, 1, 10, 1, 0
bm4243, 3, 0, 1, 1.3148, 1, 0, 1, 11, 1, 0
bm4243, 3, 0, 0, 1.4239, 0, 0, 1, 12, 1, 0
bm4243, 3, 1, 1, 1.128, 1, 0, 1, 13, 1, 0
bm4243, 3, 1, 0, 0.9399, 0, 0, 1, 14, 1, 0
bm4243, 3, 1, 1, 1.2878, 0, 0, 0, 15, 1, 0
bm4243, 3, 1, 0, 3.2577, 1, 0, 0, 16, 1, 0
bm4243, 3, 1, 1, 1.1308, 1, 0, 1, 17, 1, 0
bm4243, 3, 0, 0, 2.0464, 0, 0, 1, 18, 1, 0
bm4243, 3, 1, 1, 1.1973, 1, 0, 1, 19, 1, 0
bm4243, 3, 0, 1, 1.1511, 1, 0, 1, 20, 1, 0
bm4243, 3, 1, 0, 2.4823, 0, 0, 1, 21, 1, 0
bm4243, 3, 1, 0, 1.1827, 0, 0, 1, 22, 1, 0
bm4243, 3, 0, 0, 1.0404, 0, 0, 1, 23, 1, 0
bm4243, 3, 0, 1, 1.1116, 1, 0, 1, 24, 1, 0
bm4243, 3, 0, 1, 0.8601, 1, 0, 1, 25, 1, 0
bm4243, 3, 1, 1, 1.5149, 1, 0, 1, 26, 1, 0
bm4243, 3, 0, 0, 1.487, 0, 0, 1, 27, 1, 0
bm4243, 3, 0, 0, 2.4203, 0, 0, 1, 28, 1, 0
bm4243, 3, 1, 0, 1.0116, 0, 0, 1, 29, 1, 0
bm4243, 3, 0, 0, 1.4042, 0, 0, 1, 30, 1, 0
bm4243, 3, 0, 1, 0.789, 1, 0, 1, 31, 1, 0
bm4243, 3, 0, 0, 0.8865, 0, 0, 1, 32, 1, 0
bm4243, 1, 0, 1, 1.2635, 1, 1, 1, 1, 1, 0
bm4243, 1, 1, 1, 4.3947, 1, 1, 1, 2, 1, 0
bm4243, 1, -1, 1, 2.677, 1, 1, 1, 3, 1, 0
bm4243, 1, 0, 0, 1.2229, 0, 1, 1, 4, 1, 0
bm4243, 1, 1, 0, 2.3397, 0, 1, 1, 5, 1, 0
bm4243, 1, 0, 1, 2.2594, 1, 1, 1, 6, 1, 0
bm4243, 1, 1, 1, 1.7002, 0, 1, 0, 7, 1, 0
bm4243, 1, 0, 0, 3.3941, 0, 1, 1, 8, 1, 0
bm4243, 1, 1, 0, 3.3494, 0, 1, 1, 9, 1, 0
bm4243, 1, 0, 0, 2.2038, 0, 1, 1, 10, 1, 0
bm4243, 1, 0, 0, 1.8623, 0, 0, 1, 1, 1, 0
bm4243, 1, -1, 0, 8.5051, 0, 0, 1, 2, 1, 0
bm4243, 1, 1, 1, 4.2352, 1, 0, 1, 3, 1, 0
bm4243, 1, -1, 1, 3.9962, 1, 0, 1, 4, 1, 0
bm4243, 1, 0, 1, 1.0801, 1, 0, 1, 5, 1, 0
bm4243, 1, 0, 0, 1.4519, 0, 0, 1, 6, 1, 0
bm4243, 1, -1, 0, 3.3264, 0, 0, 1, 7, 1, 0
bm4243, 1, -1, 0, 2.3246, 0, 0, 1, 8, 1, 0
bm4243, 1, 1, 1, 3.0434, 1, 0, 1, 9, 1, 0
bm4243, 1, -1, 1, 5.9414, 1, 0, 1, 10, 1, 0
bm4243, 1, 0, 0, 2.8821, 0, 0, 1, 11, 1, 0
bm4243, 1, 1, 1, 2.0112, 1, 0, 1, 12, 1, 0
bm4243, 1, 0, 1, 1.5271, 1, 0, 1, 13, 1, 0
bm4243, 1, 0, 0, 2.3276, 0, 0, 1, 14, 1, 0
bm4243, 1, 1, 1, 2.5338, 1, 0, 1, 15, 1, 0
bm4243, 1, 1, 0, 2.8599, 0, 0, 1, 16, 1, 0
bm4243, 1, -1, 0, 3.3642, 0, 0, 1, 17, 1, 0
bm4243, 1, 0, 1, 1.3697, 1, 0, 1, 18, 1, 0
bm4243, 1, -1, 0, 3.8073, 0, 0, 1, 19, 1, 0
bm4243, 1, 1, 0, 3.0414, 0, 0, 1, 20, 1, 0
bm4243, 1, 1, 0, 1.8424, 0, 0, 1, 21, 1, 0
bm4243, 1, -1, 1, 3.8438, 1, 0, 1, 22, 1, 0
bm4243, 1, 0, 1, 0.9651, 1, 0, 1, 23, 1, 0
bm4243, 1, -1, 1, 1.7403, 0, 0, 0, 24, 1, 0
bm4243, 1, 0, 1, 1.9585, 1, 0, 1, 25, 1, 0
bm4243, 1, -1, 0, 4.7558, 0, 0, 1, 26, 1, 0
bm4243, 1, -1, 0, 3.1502, 0, 0, 1, 27, 1, 0
bm4243, 1, 1, 1, 2.9064, 0, 0, 0, 28, 1, 0
bm4243, 1, 0, 1, 1.1726, 1, 0, 1, 29, 1, 0
bm4243, 1, 1, 0, 4.1142, 0, 0, 1, 30, 1, 0
bm4243, 1, 1, 1, 4.1513, 1, 0, 1, 31, 1, 0
bm4243, 1, 1, 0, 3.0512, 0, 0, 1, 32, 1, 0
bm4243, 0, 4, G, 1.67, G, NA, 1, 1, 2, NA
bm4243, 0, 4, D, 1.03, D, NA, 1, 2, 2, NA
bm4243, 0, 4, F, 1.18, F, NA, 1, 3, 2, NA
bm4243, 0, 4, H, 1.0, H, NA, 1, 4, 2, NA
bm4243, 0, 4, H, 0.9, H, NA, 1, 5, 2, NA
bm4243, 0, 3, F, 1.06, F, NA, 1, 6, 2, NA
bm4243, 0, 3, H, 0.98, H, NA, 1, 7, 2, NA
bm4243, 0, 2, S, 0.94, S, NA, 1, 8, 2, NA
bm4243, 0, 2, S, 6.31, S, NA, 1, 9, 2, NA
bm4243, 0, 3, A, 3.9, G, NA, 0, 10, 2, NA
bm4243, 0, 3, S, 0.71, S, NA, 1, 11, 2, NA
bm4243, 0, 2, J, 1.12, J, NA, 1, 12, 2, NA
bm4243, 0, 2, K, 2.64, K, NA, 1, 13, 2, NA
bm4243, 0, 1, H, 1.04, H, NA, 1, 14, 2, NA
bm4243, 0, 2, F, 1.4, G, NA, 0, 15, 2, NA
bm4243, 0, 3, K, 0.88, G, NA, 0, 16, 2, NA
bm4243, 0, 3, L, 1.32, L, NA, 1, 17, 2, NA
bm4243, 0, 2, A, 1.01, A, NA, 1, 18, 2, NA
bm4243, 0, 2, S, 0.84, S, NA, 1, 19, 2, NA
bm4243, 0, 1, S, 0.8, S, NA, 1, 20, 2, NA
bm4243, 0, 2, J, 1.63, G, NA, 0, 21, 2, NA
bm4243, 0, 3, F, 1.29, G, NA, 0, 22, 2, NA
bm4243, 0, 3, J, 1.24, J, NA, 1, 23, 2, NA
bm4243, 0, 4, G, 0.65, J, NA, 0, 24, 2, NA
bm4243, 0, 4, A, 0.92, A, NA, 1, 25, 2, NA
bm4243, 0, 3, K, 1.16, K, NA, 1, 26, 2, NA
bm4243, 0, 3, G, 1.01, G, NA, 1, 27, 2, NA
bm4243, 0, 2, L, 1.05, L, NA, 1, 28, 2, NA
bm4243, 0, 2, S, 0.97, S, NA, 1, 29, 2, NA
bm4243, 0, 1, S, 0.8, S, NA, 1, 30, 2, NA
bm4243, 0, 2, K, 1.31, D, NA, 0, 31, 2, NA
bm4243, 0, 2, G, 0.93, G, NA, 1, 32, 2, NA
bm4243, 0, 1, S, 0.91, S, NA, 1, 33, 2, NA
bm4243, 0, 2, J, 1.81, G, NA, 0, 34, 2, NA
bm4243, 0, 2, J, 1.18, J, NA, 1, 35, 2, NA
bm4243, 0, 1, K, 1.04, K, NA, 1, 36, 2, NA
bm4243, 0, 2, L, 1.81, S, NA, 0, 37, 2, NA
bm4243, 0, 2, D, 0.88, D, NA, 1, 38, 2, NA
bm4243, 0, 1, J, 2.02, J, NA, 1, 39, 2, NA
bm4243, 0, 2, K, 1.08, G, NA, 0, 40, 2, NA
bm4243, 0, 2, S, 1.05, S, NA, 1, 41, 2, NA
bm4243, 0, 1, S, 0.93, S, NA, 1, 42, 2, NA
bm4243, 0, 2, A, 1.21, G, NA, 0, 43, 2, NA
bm4243, 0, 2, S, 1.16, S, NA, 1, 44, 2, NA
bm4243, 0, 1, S, 0.94, S, NA, 1, 45, 2, NA
bm4243, 0, 2, D, 1.16, S, NA, 0, 46, 2, NA
bm4243, 0, 2, J, 1.06, J, NA, 1, 47, 2, NA
bm4243, 0, 1, S, 1.05, S, NA, 1, 48, 2, NA
bm4243, 0, 2, L, 1.15, S, NA, 0, 49, 2, NA
bm4243, 0, 3, A, 1.96, G, NA, 0, 50, 2, NA
bm4243, 2, 1, 0, 2.39, 0, 0, 1, 1, 2, 0
bm4243, 2, 0, 0, 1.8, 0, 0, 1, 2, 2, 0
bm4243, 2, 1, 1, 0.67, 1, 0, 1, 3, 2, 0
bm4243, 2, 1, 1, 0.97, 1, 0, 1, 4, 2, 0
bm4243, 2, 0, 0, 0.87, 0, 0, 1, 5, 2, 0
bm4243, 2, 1, 1, 1.24, 1, 0, 1, 6, 2, 0
bm4243, 2, 0, 0, 0.76, 0, 0, 1, 7, 2, 0
bm4243, 2, 0, 1, 0.75, 1, 0, 1, 8, 2, 0
bm4243, 2, 1, 1, 0.77, 1, 0, 1, 9, 2, 0
bm4243, 2, 0, 0, 0.66, 0, 0, 1, 10, 2, 0
bm4243, 2, 0, 1, 0.75, 1, 0, 1, 11, 2, 0
bm4243, 2, 0, 0, 0.81, 0, 0, 1, 12, 2, 0
bm4243, 2, 1, 0, 1.64, 0, 0, 1, 13, 2, 0
bm4243, 2, 0, 1, 0.73, 1, 0, 1, 14, 2, 0
bm4243, 2, 0, 0, 1.12, 0, 0, 1, 15, 2, 0
bm4243, 2, 1, 1, 0.94, 1, 0, 1, 16, 2, 0
bm4243, 2, 0, 0, 0.71, 0, 0, 1, 17, 2, 0
bm4243, 2, 1, 1, 0.78, 1, 0, 1, 18, 2, 0
bm4243, 2, 1, 1, 1.17, 1, 0, 1, 19, 2, 0
bm4243, 2, 0, 0, 1.01, 0, 0, 1, 20, 2, 0
bm4243, 2, 0, 1, 0.85, 1, 0, 1, 21, 2, 0
bm4243, 2, 1, 0, 1.92, 0, 0, 1, 22, 2, 0
bm4243, 2, 1, 1, 0.85, 1, 0, 1, 23, 2, 0
bm4243, 2, 0, 1, 0.74, 1, 0, 1, 24, 2, 0
bm4243, 2, 1, 0, 1.36, 0, 0, 1, 25, 2, 0
bm4243, 2, 1, 1, 0.65, 1, 0, 1, 26, 2, 0
bm4243, 2, 1, 0, 1.28, 0, 0, 1, 27, 2, 0
bm4243, 2, 0, 0, 0.66, 0, 0, 1, 28, 2, 0
bm4243, 2, 0, 1, 0.68, 1, 0, 1, 29, 2, 0
bm4243, 2, 0, 0, 0.92, 0, 0, 1, 30, 2, 0
bm4243, 2, 1, 0, 1.09, 0, 0, 1, 31, 2, 0
bm4243, 2, 1, 1, 0.84, 1, 0, 1, 32, 2, 0
bm4243, 3, 0, 1, 5.5765, 0, 0, 0, 1, 2, 0
bm4243, 3, 1, 1, 1.6906, 1, 0, 1, 2, 2, 0
bm4243, 3, 1, 1, 1.0008, 1, 0, 1, 3, 2, 0
bm4243, 3, 0, 1, 1.1546, 1, 0, 1, 4, 2, 0
bm4243, 3, 1, 0, 0.7734, 0, 0, 1, 5, 2, 0
bm4243, 3, 0, 1, 1.1124, 1, 0, 1, 6, 2, 0
bm4243, 3, 0, 0, 0.7495, 0, 0, 1, 7, 2, 0
bm4243, 3, 0, 0, 1.1857, 0, 0, 1, 8, 2, 0
bm4243, 3, 1, 0, 0.7082, 0, 0, 1, 9, 2, 0
bm4243, 3, 0, 1, 1.0337, 1, 0, 1, 10, 2, 0
bm4243, 3, 1, 0, 1.8906, 0, 0, 1, 11, 2, 0
bm4243, 3, 0, 0, 0.9034, 0, 0, 1, 12, 2, 0
bm4243, 3, 0, 1, 0.8696, 1, 0, 1, 13, 2, 0
bm4243, 3, 0, 0, 0.9641, 0, 0, 1, 14, 2, 0
bm4243, 3, 1, 1, 2.1115, 1, 0, 1, 15, 2, 0
bm4243, 3, 1, 1, 1.0037, 1, 0, 1, 16, 2, 0
bm4243, 3, 1, 1, 1.0137, 1, 0, 1, 17, 2, 0
bm4243, 3, 1, 0, 1.0068, 0, 0, 1, 18, 2, 0
bm4243, 3, 1, 0, 0.9528, 0, 0, 1, 19, 2, 0
bm4243, 3, 1, 0, 0.9327, 0, 0, 1, 20, 2, 0
bm4243, 3, 0, 0, 0.9137, 0, 0, 1, 21, 2, 0
bm4243, 3, 1, 1, 1.0547, 1, 0, 1, 22, 2, 0
bm4243, 3, 0, 0, 1.1101, 0, 0, 1, 23, 2, 0
bm4243, 3, 1, 1, 1.6751, 1, 0, 1, 24, 2, 0
bm4243, 3, 0, 0, 1.113, 0, 0, 1, 25, 2, 0
bm4243, 3, 1, 0, 1.1976, 0, 0, 1, 26, 2, 0
bm4243, 3, 0, 1, 0.6393, 1, 0, 1, 27, 2, 0
bm4243, 3, 1, 1, 1.1443, 1, 0, 1, 28, 2, 0
bm4243, 3, 0, 1, 1.0681, 1, 0, 1, 29, 2, 0
bm4243, 3, 0, 1, 0.8194, 1, 0, 1, 30, 2, 0
bm4243, 3, 1, 0, 1.348, 0, 0, 1, 31, 2, 0
bm4243, 3, 0, 0, 1.471, 0, 0, 1, 32, 2, 0
bm4243, 1, -1, 0, 3.9598, 0, 0, 1, 1, 2, 0
bm4243, 1, 0, 1, 0.9178, 1, 0, 1, 2, 2, 0
bm4243, 1, 1, 0, 2.0316, 0, 0, 1, 3, 2, 0
bm4243, 1, -1, 0, 1.8675, 0, 0, 1, 4, 2, 0
bm4243, 1, 1, 0, 1.2136, 0, 0, 1, 5, 2, 0
bm4243, 1, -1, 0, 2.267, 0, 0, 1, 6, 2, 0
bm4243, 1, 0, 0, 1.246, 0, 0, 1, 7, 2, 0
bm4243, 1, -1, 1, 1.9621, 1, 0, 1, 8, 2, 0
bm4243, 1, 0, 0, 1.2415, 0, 0, 1, 9, 2, 0
bm4243, 1, -1, 1, 2.1016, 1, 0, 1, 10, 2, 0
bm4243, 1, -1, 1, 2.7181, 1, 0, 1, 11, 2, 0
bm4243, 1, 1, 0, 1.6459, 0, 0, 1, 12, 2, 0
bm4243, 1, -1, 1, 3.0817, 1, 0, 1, 13, 2, 0
bm4243, 1, 0, 1, 2.2198, 1, 0, 1, 14, 2, 0
bm4243, 1, -1, 1, 2.6555, 1, 0, 1, 15, 2, 0
bm4243, 1, -1, 0, 3.9694, 0, 0, 1, 16, 2, 0
bm4243, 1, 1, 1, 2.3021, 1, 0, 1, 17, 2, 0
bm4243, 1, 1, 1, 4.2551, 1, 0, 1, 18, 2, 0
bm4243, 1, 0, 0, 2.8967, 0, 0, 1, 19, 2, 0
bm4243, 1, 1, 1, 1.8172, 1, 0, 1, 20, 2, 0
bm4243, 1, 1, 0, 1.9021, 0, 0, 1, 21, 2, 0
bm4243, 1, 0, 0, 1.0561, 0, 0, 1, 22, 2, 0
bm4243, 1, 1, 1, 1.6358, 1, 0, 1, 23, 2, 0
bm4243, 1, 1, 1, 1.6793, 1, 0, 1, 24, 2, 0
bm4243, 1, 1, 0, 1.5615, 0, 0, 1, 25, 2, 0
bm4243, 1, 0, 1, 1.93, 1, 0, 1, 26, 2, 0
bm4243, 1, -1, 0, 3.594, 0, 0, 1, 27, 2, 0
bm4243, 1, 0, 0, 1.0791, 0, 0, 1, 28, 2, 0
bm4243, 1, 0, 0, 3.8026, 0, 0, 1, 29, 2, 0
bm4243, 1, -1, 1, 1.3408, 1, 0, 1, 30, 2, 0
bm4243, 1, 0, 1, 1.5423, 1, 0, 1, 31, 2, 0
bm4243, 1, 0, 1, 1.4473, 1, 0, 1, 32, 2, 0
