sub, task, cond1, cond2, rt, inputResp, training, accuracy, trial, block, 2fast
bm4282, 0, 8, A, 1.13, A, NA, 1, 1, 1, NA
bm4282, 0, 8, D, 1.17, D, NA, 1, 2, 1, NA
bm4282, 0, 8, J, 1.71, J, NA, 1, 3, 1, NA
bm4282, 0, 8, G, 1.26, G, NA, 1, 4, 1, NA
bm4282, 0, 8, H, 1.24, H, NA, 1, 5, 1, NA
bm4282, 0, 7, H, 0.8, H, NA, 1, 6, 1, NA
bm4282, 0, 7, F, 0.86, F, NA, 1, 7, 1, NA
bm4282, 0, 6, H, 1.26, H, NA, 1, 8, 1, NA
bm4282, 0, 6, K, 0.89, K, NA, 1, 9, 1, NA
bm4282, 0, 5, H, 1.1, H, NA, 1, 10, 1, NA
bm4282, 0, 5, F, 1.0, F, NA, 1, 11, 1, NA
bm4282, 0, 4, L, 1.39, L, NA, 1, 12, 1, NA
bm4282, 0, 4, J, 1.17, J, NA, 1, 13, 1, NA
bm4282, 0, 3, L, 0.98, L, NA, 1, 14, 1, NA
bm4282, 0, 3, L, 1.21, L, NA, 1, 15, 1, NA
bm4282, 0, 2, K, 1.03, K, NA, 1, 16, 1, NA
bm4282, 0, 2, S, 1.62, S, NA, 1, 17, 1, NA
bm4282, 0, 1, H, 1.37, H, NA, 1, 18, 1, NA
bm4282, 0, 2, G, 2.56, F, NA, 0, 19, 1, NA
bm4282, 0, 2, S, 1.03, S, NA, 1, 20, 1, NA
bm4282, 0, 1, J, 1.46, J, NA, 1, 21, 1, NA
bm4282, 0, 2, L, 1.41, H, NA, 0, 22, 1, NA
bm4282, 0, 3, K, 2.21, H, NA, 0, 23, 1, NA
bm4282, 0, 3, S, 1.01, S, NA, 1, 24, 1, NA
bm4282, 0, 2, S, 1.02, S, NA, 1, 25, 1, NA
bm4282, 0, 3, D, 2.35, S, NA, 0, 26, 1, NA
bm4282, 0, 3, F, 1.11, F, NA, 1, 27, 1, NA
bm4282, 0, 2, D, 0.93, D, NA, 1, 28, 1, NA
bm4282, 0, 3, F, 2.7, D, NA, 0, 29, 1, NA
bm4282, 0, 4, D, 1.42, F, NA, 0, 30, 1, NA
bm4282, 0, 4, L, 1.14, L, NA, 1, 31, 1, NA
bm4282, 0, 3, J, 0.98, J, NA, 1, 32, 1, NA
bm4282, 0, 3, S, 0.92, S, NA, 1, 33, 1, NA
bm4282, 0, 2, L, 0.95, L, NA, 1, 34, 1, NA
bm4282, 0, 2, A, 1.31, A, NA, 1, 35, 1, NA
bm4282, 0, 3, F, 2.31, S, NA, 0, 36, 1, NA
bm4282, 0, 3, D, 1.14, D, NA, 1, 37, 1, NA
bm4282, 0, 2, F, 0.99, F, NA, 1, 38, 1, NA
bm4282, 0, 2, S, 1.24, S, NA, 1, 39, 1, NA
bm4282, 0, 3, F, 1.47, H, NA, 0, 40, 1, NA
bm4282, 0, 3, K, 1.25, K, NA, 1, 41, 1, NA
bm4282, 0, 2, A, 0.97, A, NA, 1, 42, 1, NA
bm4282, 0, 2, G, 1.24, G, NA, 1, 43, 1, NA
bm4282, 0, 1, J, 2.15, J, NA, 1, 44, 1, NA
bm4282, 0, 1, A, 1.72, A, NA, 1, 45, 1, NA
bm4282, 0, 2, A, 1.67, H, NA, 0, 46, 1, NA
bm4282, 0, 2, S, 1.0, S, NA, 1, 47, 1, NA
bm4282, 0, 3, F, 1.11, H, NA, 0, 48, 1, NA
bm4282, 0, 3, D, 0.89, D, NA, 1, 49, 1, NA
bm4282, 0, 2, J, 1.14, J, NA, 1, 50, 1, NA
bm4282, 2, 1, 1, 2.67, 0, 1, 0, 1, 1, 0
bm4282, 2, 1, 0, 3.5, 1, 1, 0, 2, 1, 0
bm4282, 2, 0, 1, 2.34, 1, 1, 1, 3, 1, 0
bm4282, 2, 1, 1, 3.34, 1, 1, 1, 4, 1, 0
bm4282, 2, 1, 1, 3.75, 1, 1, 1, 5, 1, 0
bm4282, 2, 0, 0, 2.48, 0, 1, 1, 6, 1, 0
bm4282, 2, 1, 0, 5.18, 0, 1, 1, 7, 1, 0
bm4282, 2, 0, 1, 1.0, 1, 1, 1, 8, 1, 0
bm4282, 2, 0, 0, 1.69, 0, 1, 1, 9, 1, 0
bm4282, 2, 0, 0, 1.16, 0, 1, 1, 10, 1, 0
bm4282, 2, 0, 1, 1.23, 1, 0, 1, 1, 1, 0
bm4282, 2, 1, 0, 3.79, 0, 0, 1, 2, 1, 0
bm4282, 2, 0, 0, 0.79, 0, 0, 1, 3, 1, 0
bm4282, 2, 1, 0, 2.1, 0, 0, 1, 4, 1, 0
bm4282, 2, 1, 0, 3.03, 0, 0, 1, 5, 1, 0
bm4282, 2, 0, 1, 0.89, 1, 0, 1, 6, 1, 0
bm4282, 2, 0, 0, 1.02, 0, 0, 1, 7, 1, 0
bm4282, 2, 1, 1, 1.67, 1, 0, 1, 8, 1, 0
bm4282, 2, 0, 0, 0.95, 0, 0, 1, 9, 1, 0
bm4282, 2, 0, 1, 0.84, 1, 0, 1, 10, 1, 0
bm4282, 2, 0, 0, 1.08, 0, 0, 1, 11, 1, 0
bm4282, 2, 1, 0, 2.51, 0, 0, 1, 12, 1, 0
bm4282, 2, 0, 1, 0.89, 1, 0, 1, 13, 1, 0
bm4282, 2, 1, 0, 1.75, 0, 0, 1, 14, 1, 0
bm4282, 2, 1, 0, 3.11, 0, 0, 1, 15, 1, 0
bm4282, 2, 0, 1, 1.42, 1, 0, 1, 16, 1, 0
bm4282, 2, 0, 0, 1.06, 0, 0, 1, 17, 1, 0
bm4282, 2, 0, 0, 0.91, 0, 0, 1, 18, 1, 0
bm4282, 2, 1, 0, 2.78, 0, 0, 1, 19, 1, 0
bm4282, 2, 1, 1, 0.84, 1, 0, 1, 20, 1, 0
bm4282, 2, 1, 1, 1.05, 1, 0, 1, 21, 1, 0
bm4282, 2, 0, 1, 0.79, 1, 0, 1, 22, 1, 0
bm4282, 2, 0, 1, 1.48, 1, 0, 1, 23, 1, 0
bm4282, 2, 1, 0, 2.6, 0, 0, 1, 24, 1, 0
bm4282, 2, 1, 0, 1.65, 0, 0, 1, 25, 1, 0
bm4282, 2, 1, 1, 0.8, 1, 0, 1, 26, 1, 0
bm4282, 2, 1, 1, 1.83, 1, 0, 1, 27, 1, 0
bm4282, 2, 0, 1, 0.73, 1, 0, 1, 28, 1, 0
bm4282, 2, 1, 1, 2.42, 1, 0, 1, 29, 1, 0
bm4282, 2, 0, 1, 0.77, 1, 0, 1, 30, 1, 0
bm4282, 2, 1, 1, 0.82, 1, 0, 1, 31, 1, 0
bm4282, 2, 0, 0, 1.86, 0, 0, 1, 32, 1, 0
bm4282, 3, 0, 0, 11.1226, 0, 1, 1, 1, 1, 0
bm4282, 3, 1, 0, 2.3003, 0, 1, 1, 2, 1, 0
bm4282, 3, 1, 1, 2.0475, 1, 1, 1, 3, 1, 0
bm4282, 3, 0, 0, 2.541, 0, 1, 1, 4, 1, 0
bm4282, 3, 1, 0, 1.2219, 0, 1, 1, 5, 1, 0
bm4282, 3, 1, 1, 2.229, 1, 1, 1, 6, 1, 0
bm4282, 3, 0, 0, 3.227, 0, 1, 1, 7, 1, 0
bm4282, 3, 0, 1, 2.2009, 1, 1, 1, 8, 1, 0
bm4282, 3, 1, 1, 1.4564, 1, 1, 1, 9, 1, 0
bm4282, 3, 0, 1, 1.1742, 1, 1, 1, 10, 1, 0
bm4282, 3, 1, 0, 1.8015, 0, 0, 1, 1, 1, 0
bm4282, 3, 0, 0, 1.2174, 0, 0, 1, 2, 1, 0
bm4282, 3, 1, 0, 0.8484, 0, 0, 1, 3, 1, 0
bm4282, 3, 1, 0, 1.5831, 0, 0, 1, 4, 1, 0
bm4282, 3, 1, 0, 0.7517, 0, 0, 1, 5, 1, 0
bm4282, 3, 0, 0, 0.8825, 0, 0, 1, 6, 1, 0
bm4282, 3, 0, 0, 2.0145, 0, 0, 1, 7, 1, 0
bm4282, 3, 1, 0, 0.9086, 0, 0, 1, 8, 1, 0
bm4282, 3, 0, 0, 1.5288, 0, 0, 1, 9, 1, 0
bm4282, 3, 1, 1, 1.4996, 1, 0, 1, 10, 1, 0
bm4282, 3, 0, 1, 0.7988, 1, 0, 1, 11, 1, 0
bm4282, 3, 1, 1, 2.0637, 0, 0, 0, 12, 1, 0
bm4282, 3, 1, 0, 1.0718, 0, 0, 1, 13, 1, 0
bm4282, 3, 0, 1, 1.077, 1, 0, 1, 14, 1, 0
bm4282, 3, 0, 1, 0.9223, 1, 0, 1, 15, 1, 0
bm4282, 3, 1, 0, 0.8535, 0, 0, 1, 16, 1, 0
bm4282, 3, 0, 0, 1.2996, 0, 0, 1, 17, 1, 0
bm4282, 3, 1, 0, 1.0878, 1, 0, 0, 18, 1, 0
bm4282, 3, 1, 1, 1.3371, 1, 0, 1, 19, 1, 0
bm4282, 3, 1, 1, 1.0433, 1, 0, 1, 20, 1, 0
bm4282, 3, 0, 1, 1.1459, 1, 0, 1, 21, 1, 0
bm4282, 3, 0, 1, 0.6363, 1, 0, 1, 22, 1, 0
bm4282, 3, 0, 1, 0.5953, 1, 0, 1, 23, 1, 0
bm4282, 3, 0, 1, 0.4921, 1, 0, 1, 24, 1, 0
bm4282, 3, 1, 1, 0.7933, 1, 0, 1, 25, 1, 0
bm4282, 3, 1, 1, 0.8742, 0, 0, 0, 26, 1, 0
bm4282, 3, 0, 0, 1.9477, 0, 0, 1, 27, 1, 0
bm4282, 3, 0, 0, 2.0611, 0, 0, 1, 28, 1, 0
bm4282, 3, 0, 1, 0.8419, 1, 0, 1, 29, 1, 0
bm4282, 3, 1, 1, 1.7207, 0, 0, 0, 30, 1, 0
bm4282, 3, 1, 0, 1.8153, 0, 0, 1, 31, 1, 0
bm4282, 3, 0, 1, 0.6537, 1, 0, 1, 32, 1, 0
bm4282, 1, -1, 0, 3.987, 0, 1, 1, 1, 1, 0
bm4282, 1, -1, 1, 8.2704, 1, 1, 1, 2, 1, 0
bm4282, 1, 0, 1, 1.8353, 1, 1, 1, 3, 1, 0
bm4282, 1, 1, 1, 2.7021, 1, 1, 1, 4, 1, 0
bm4282, 1, 0, 0, 1.0386, 0, 1, 1, 5, 1, 0
bm4282, 1, 0, 1, 1.1388, 1, 1, 1, 6, 1, 0
bm4282, 1, 0, 0, 1.1223, 0, 1, 1, 7, 1, 0
bm4282, 1, 0, 0, 4.2577, 0, 1, 1, 8, 1, 0
bm4282, 1, 1, 1, 5.8403, 1, 1, 1, 9, 1, 0
bm4282, 1, -1, 0, 6.8628, 0, 1, 1, 10, 1, 0
bm4282, 1, 1, 0, 6.5792, 0, 0, 1, 1, 1, 0
bm4282, 1, 1, 0, 14.5325, 0, 0, 1, 2, 1, 0
bm4282, 1, 1, 1, 4.3192, 1, 0, 1, 3, 1, 0
bm4282, 1, 0, 1, 2.3816, 1, 0, 1, 4, 1, 0
bm4282, 1, 0, 1, 2.6678, 1, 0, 1, 5, 1, 0
bm4282, 1, 0, 1, 2.8611, 1, 0, 1, 6, 1, 0
bm4282, 1, 0, 0, 0.9341, 0, 0, 1, 7, 1, 0
bm4282, 1, 0, 0, 1.727, 0, 0, 1, 8, 1, 0
bm4282, 1, -1, 1, 6.5182, 1, 0, 1, 9, 1, 0
bm4282, 1, -1, 1, 7.6254, 1, 0, 1, 10, 1, 0
bm4282, 1, 1, 0, 8.0951, 0, 0, 1, 11, 1, 0
bm4282, 1, 0, 1, 2.323, 1, 0, 1, 12, 1, 0
bm4282, 1, -1, 0, 7.2018, 0, 0, 1, 13, 1, 0
bm4282, 1, 1, 0, 10.6015, 0, 0, 1, 14, 1, 0
bm4282, 1, 0, 0, 1.9427, 0, 0, 1, 15, 1, 0
bm4282, 1, 0, 0, 1.4308, 0, 0, 1, 16, 1, 0
bm4282, 1, 1, 0, 6.2179, 0, 0, 1, 17, 1, 0
bm4282, 1, 0, 1, 1.611, 1, 0, 1, 18, 1, 0
bm4282, 1, -1, 0, 5.3993, 0, 0, 1, 19, 1, 0
bm4282, 1, 0, 1, 1.2899, 1, 0, 1, 20, 1, 0
bm4282, 1, 1, 1, 14.0192, 1, 0, 1, 21, 1, 0
bm4282, 1, 0, 0, 2.8685, 0, 0, 1, 22, 1, 0
bm4282, 1, 1, 0, 5.3409, 0, 0, 1, 23, 1, 0
bm4282, 1, 1, 1, 6.0009, 0, 0, 0, 24, 1, 0
bm4282, 1, 1, 0, 5.2135, 0, 0, 1, 25, 1, 0
bm4282, 1, -1, 1, 10.9661, 1, 0, 1, 26, 1, 0
bm4282, 1, -1, 1, 5.3319, 1, 0, 1, 27, 1, 0
bm4282, 1, 0, 0, 1.2252, 0, 0, 1, 28, 1, 0
bm4282, 1, -1, 1, 5.1092, 1, 0, 1, 29, 1, 0
bm4282, 1, -1, 1, 4.6261, 1, 0, 1, 30, 1, 0
bm4282, 1, -1, 0, 7.9553, 0, 0, 1, 31, 1, 0
bm4282, 1, -1, 1, 3.052, 1, 0, 1, 32, 1, 0
bm4282, 0, 4, J, 1.75, J, NA, 1, 1, 2, NA
bm4282, 0, 4, S, 1.1, S, NA, 1, 2, 2, NA
bm4282, 0, 4, A, 0.87, A, NA, 1, 3, 2, NA
bm4282, 0, 4, J, 0.82, J, NA, 1, 4, 2, NA
bm4282, 0, 4, G, 0.99, G, NA, 1, 5, 2, NA
bm4282, 0, 3, A, 0.74, A, NA, 1, 6, 2, NA
bm4282, 0, 3, S, 0.83, S, NA, 1, 7, 2, NA
bm4282, 0, 2, S, 0.92, S, NA, 1, 8, 2, NA
bm4282, 0, 2, D, 0.85, D, NA, 1, 9, 2, NA
bm4282, 0, 1, K, 1.06, K, NA, 1, 10, 2, NA
bm4282, 0, 2, A, 1.11, H, NA, 0, 11, 2, NA
bm4282, 0, 3, F, 0.89, H, NA, 0, 12, 2, NA
bm4282, 0, 3, G, 0.81, G, NA, 1, 13, 2, NA
bm4282, 0, 2, L, 1.01, L, NA, 1, 14, 2, NA
bm4282, 0, 2, D, 0.95, D, NA, 1, 15, 2, NA
bm4282, 0, 1, D, 0.79, D, NA, 1, 16, 2, NA
bm4282, 0, 2, L, 1.0, H, NA, 0, 17, 2, NA
bm4282, 0, 2, J, 0.91, J, NA, 1, 18, 2, NA
bm4282, 0, 1, J, 1.28, J, NA, 1, 19, 2, NA
bm4282, 0, 2, D, 1.69, F, NA, 0, 20, 2, NA
bm4282, 0, 3, H, 0.66, D, NA, 0, 21, 2, NA
bm4282, 0, 3, K, 1.0, K, NA, 1, 22, 2, NA
bm4282, 0, 2, F, 1.25, F, NA, 1, 23, 2, NA
bm4282, 0, 3, D, 3.39, S, NA, 0, 24, 2, NA
bm4282, 0, 3, D, 0.85, D, NA, 1, 25, 2, NA
bm4282, 0, 2, L, 1.07, L, NA, 1, 26, 2, NA
bm4282, 0, 2, G, 1.0, G, NA, 1, 27, 2, NA
bm4282, 0, 1, G, 0.93, G, NA, 1, 28, 2, NA
bm4282, 0, 2, L, 0.92, H, NA, 0, 29, 2, NA
bm4282, 0, 2, H, 0.96, H, NA, 1, 30, 2, NA
bm4282, 0, 1, K, 0.93, K, NA, 1, 31, 2, NA
bm4282, 0, 2, K, 0.99, H, NA, 0, 32, 2, NA
bm4282, 0, 2, H, 0.98, H, NA, 1, 33, 2, NA
bm4282, 0, 1, A, 0.86, A, NA, 1, 34, 2, NA
bm4282, 0, 2, L, 1.97, D, NA, 0, 35, 2, NA
bm4282, 0, 2, K, 0.91, K, NA, 1, 36, 2, NA
bm4282, 0, 1, K, 1.94, K, NA, 1, 37, 2, NA
bm4282, 0, 2, K, 1.01, H, NA, 0, 38, 2, NA
bm4282, 0, 2, K, 3.03, K, NA, 1, 39, 2, NA
bm4282, 0, 1, F, 1.05, F, NA, 1, 40, 2, NA
bm4282, 0, 2, G, 0.97, H, NA, 0, 41, 2, NA
bm4282, 0, 2, J, 0.98, J, NA, 1, 42, 2, NA
bm4282, 0, 3, K, 1.16, H, NA, 0, 43, 2, NA
bm4282, 0, 3, J, 0.68, J, NA, 1, 44, 2, NA
bm4282, 0, 2, G, 0.95, G, NA, 1, 45, 2, NA
bm4282, 0, 2, A, 0.93, A, NA, 1, 46, 2, NA
bm4282, 0, 1, G, 0.98, G, NA, 1, 47, 2, NA
bm4282, 0, 1, A, 1.05, A, NA, 1, 48, 2, NA
bm4282, 0, 2, S, 1.0, H, NA, 0, 49, 2, NA
bm4282, 0, 2, L, 1.01, L, NA, 1, 50, 2, NA
bm4282, 2, 1, 0, 2.9, 0, 0, 1, 1, 2, 0
bm4282, 2, 0, 1, 3.4, 1, 0, 1, 2, 2, 0
bm4282, 2, 1, 1, 4.11, 0, 0, 0, 3, 2, 0
bm4282, 2, 0, 1, 0.68, 1, 0, 1, 4, 2, 0
bm4282, 2, 0, 1, 0.68, 1, 0, 1, 5, 2, 0
bm4282, 2, 1, 1, 3.26, 1, 0, 1, 6, 2, 0
bm4282, 2, 1, 0, 2.28, 0, 0, 1, 7, 2, 0
bm4282, 2, 0, 0, 0.77, 0, 0, 1, 8, 2, 0
bm4282, 2, 0, 0, 0.98, 0, 0, 1, 9, 2, 0
bm4282, 2, 0, 0, 0.63, 0, 0, 1, 10, 2, 0
bm4282, 2, 0, 1, 0.7, 1, 0, 1, 11, 2, 0
bm4282, 2, 1, 0, 4.97, 0, 0, 1, 12, 2, 0
bm4282, 2, 1, 1, 0.75, 1, 0, 1, 13, 2, 0
bm4282, 2, 1, 0, 2.08, 0, 0, 1, 14, 2, 0
bm4282, 2, 0, 0, 0.58, 0, 0, 1, 15, 2, 0
bm4282, 2, 1, 0, 4.18, 0, 0, 1, 16, 2, 0
bm4282, 2, 0, 0, 0.62, 0, 0, 1, 17, 2, 0
bm4282, 2, 0, 1, 0.69, 1, 0, 1, 18, 2, 0
bm4282, 2, 1, 1, 0.94, 1, 0, 1, 19, 2, 0
bm4282, 2, 1, 0, 3.56, 0, 0, 1, 20, 2, 0
bm4282, 2, 1, 1, 4.54, 1, 0, 1, 21, 2, 0
bm4282, 2, 0, 1, 0.71, 1, 0, 1, 22, 2, 0
bm4282, 2, 0, 1, 0.62, 1, 0, 1, 23, 2, 0
bm4282, 2, 0, 1, 0.66, 1, 0, 1, 24, 2, 0
bm4282, 2, 1, 0, 4.86, 0, 0, 1, 25, 2, 0
bm4282, 2, 1, 0, 5.63, 0, 0, 1, 26, 2, 0
bm4282, 2, 1, 1, 4.25, 1, 0, 1, 27, 2, 0
bm4282, 2, 0, 0, 0.91, 1, 0, 0, 28, 2, 0
bm4282, 2, 0, 1, 1.36, 1, 0, 1, 29, 2, 0
bm4282, 2, 0, 1, 0.93, 1, 0, 1, 30, 2, 0
bm4282, 2, 1, 0, 3.12, 0, 0, 1, 31, 2, 0
bm4282, 2, 1, 0, 5.89, 0, 0, 1, 32, 2, 0
bm4282, 3, 0, 0, 2.7926, 0, 0, 1, 1, 2, 0
bm4282, 3, 1, 1, 1.3367, 1, 0, 1, 2, 2, 0
bm4282, 3, 1, 1, 0.9489, 1, 0, 1, 3, 2, 0
bm4282, 3, 0, 1, 0.7688, 1, 0, 1, 4, 2, 0
bm4282, 3, 1, 1, 0.8358, 1, 0, 1, 5, 2, 0
bm4282, 3, 1, 0, 1.2848, 0, 0, 1, 6, 2, 0
bm4282, 3, 0, 0, 1.0901, 0, 0, 1, 7, 2, 0
bm4282, 3, 0, 1, 0.9199, 1, 0, 1, 8, 2, 0
bm4282, 3, 1, 0, 1.6527, 0, 0, 1, 9, 2, 0
bm4282, 3, 1, 1, 1.188, 1, 0, 1, 10, 2, 0
bm4282, 3, 0, 1, 0.7738, 1, 0, 1, 11, 2, 0
bm4282, 3, 0, 0, 0.8246, 0, 0, 1, 12, 2, 0
bm4282, 3, 0, 0, 1.0492, 0, 0, 1, 13, 2, 0
bm4282, 3, 0, 1, 0.8013, 1, 0, 1, 14, 2, 0
bm4282, 3, 0, 0, 1.6193, 0, 0, 1, 15, 2, 0
bm4282, 3, 1, 0, 0.7873, 0, 0, 1, 16, 2, 0
bm4282, 3, 0, 1, 1.2535, 1, 0, 1, 17, 2, 0
bm4282, 3, 1, 1, 1.7805, 1, 0, 1, 18, 2, 0
bm4282, 3, 0, 1, 0.6864, 1, 0, 1, 19, 2, 0
bm4282, 3, 1, 0, 0.6606, 0, 0, 1, 20, 2, 0
bm4282, 3, 1, 1, 1.0202, 1, 0, 1, 21, 2, 0
bm4282, 3, 1, 0, 0.9647, 0, 0, 1, 22, 2, 0
bm4282, 3, 0, 1, 0.9761, 1, 0, 1, 23, 2, 0
bm4282, 3, 1, 1, 1.2747, 1, 0, 1, 24, 2, 0
bm4282, 3, 1, 0, 0.7131, 0, 0, 1, 25, 2, 0
bm4282, 3, 0, 0, 1.5985, 0, 0, 1, 26, 2, 0
bm4282, 3, 1, 1, 1.024, 1, 0, 1, 27, 2, 0
bm4282, 3, 0, 0, 0.6491, 0, 0, 1, 28, 2, 0
bm4282, 3, 1, 1, 1.0576, 1, 0, 1, 29, 2, 0
bm4282, 3, 0, 0, 1.9449, 0, 0, 1, 30, 2, 0
bm4282, 3, 0, 0, 1.2116, 0, 0, 1, 31, 2, 0
bm4282, 3, 1, 0, 0.6047, 0, 0, 1, 32, 2, 0
bm4282, 1, 0, 0, 1.8148, 0, 0, 1, 1, 2, 0
bm4282, 1, 1, 1, 4.2515, 1, 0, 1, 2, 2, 0
bm4282, 1, 0, 0, 1.1179, 0, 0, 1, 3, 2, 0
bm4282, 1, -1, 0, 4.8947, 0, 0, 1, 4, 2, 0
bm4282, 1, -1, 1, 2.5651, 1, 0, 1, 5, 2, 0
bm4282, 1, -1, 0, 7.5938, 0, 0, 1, 6, 2, 0
bm4282, 1, 0, 1, 2.099, 1, 0, 1, 7, 2, 0
bm4282, 1, 0, 1, 1.2921, 1, 0, 1, 8, 2, 0
bm4282, 1, 1, 1, 5.2048, 1, 0, 1, 9, 2, 0
bm4282, 1, 1, 1, 2.894, 1, 0, 1, 10, 2, 0
bm4282, 1, -1, 1, 4.3571, 1, 0, 1, 11, 2, 0
bm4282, 1, 1, 0, 2.8974, 0, 0, 1, 12, 2, 0
bm4282, 1, 0, 1, 1.0499, 0, 0, 0, 13, 2, 0
bm4282, 1, 0, 1, 1.2182, 1, 0, 1, 14, 2, 0
bm4282, 1, 1, 0, 4.5262, 0, 0, 1, 15, 2, 0
bm4282, 1, -1, 1, 2.8516, 1, 0, 1, 16, 2, 0
bm4282, 1, 1, 0, 4.3013, 0, 0, 1, 17, 2, 0
bm4282, 1, -1, 0, 6.795, 0, 0, 1, 18, 2, 0
bm4282, 1, 0, 0, 2.0681, 0, 0, 1, 19, 2, 0
bm4282, 1, 0, 0, 5.6308, 0, 0, 1, 20, 2, 0
bm4282, 1, 1, 0, 2.7256, 0, 0, 1, 21, 2, 0
bm4282, 1, -1, 0, 3.0443, 0, 0, 1, 22, 2, 0
bm4282, 1, -1, 0, 4.534, 0, 0, 1, 23, 2, 0
bm4282, 1, 1, 0, 3.3706, 0, 0, 1, 24, 2, 0
bm4282, 1, 0, 1, 1.2805, 1, 0, 1, 25, 2, 0
bm4282, 1, 0, 0, 1.7871, 0, 0, 1, 26, 2, 0
bm4282, 1, 1, 0, 5.6799, 0, 0, 1, 27, 2, 0
bm4282, 1, -1, 1, 4.5654, 1, 0, 1, 28, 2, 0
bm4282, 1, -1, 1, 3.9929, 1, 0, 1, 29, 2, 0
bm4282, 1, -1, 1, 3.6683, 1, 0, 1, 30, 2, 0
bm4282, 1, 1, 1, 3.2604, 1, 0, 1, 31, 2, 0
bm4282, 1, -1, 1, 1.7178, 1, 0, 1, 32, 2, 0
