sub, task, cond1, cond2, rt, inputResp, training, accuracy, trial, block, 2fast
bm4222, 0, 8, S, 2.93, S, NA, 1, 1, 1, NA
bm4222, 0, 8, F, 4.07, F, NA, 1, 2, 1, NA
bm4222, 0, 8, A, 1.27, A, NA, 1, 3, 1, NA
bm4222, 0, 8, L, 1.65, L, NA, 1, 4, 1, NA
bm4222, 0, 8, F, 1.19, F, NA, 1, 5, 1, NA
bm4222, 0, 7, H, 1.33, H, NA, 1, 6, 1, NA
bm4222, 0, 7, D, 1.04, D, NA, 1, 7, 1, NA
bm4222, 0, 6, H, 1.08, H, NA, 1, 8, 1, NA
bm4222, 0, 6, H, 0.95, H, NA, 1, 9, 1, NA
bm4222, 0, 5, K, 1.35, K, NA, 1, 10, 1, NA
bm4222, 0, 5, H, 1.25, H, NA, 1, 11, 1, NA
bm4222, 0, 4, G, 1.05, G, NA, 1, 12, 1, NA
bm4222, 0, 4, J, 1.02, J, NA, 1, 13, 1, NA
bm4222, 0, 3, L, 1.02, L, NA, 1, 14, 1, NA
bm4222, 0, 3, J, 1.16, J, NA, 1, 15, 1, NA
bm4222, 0, 2, G, 0.89, G, NA, 1, 16, 1, NA
bm4222, 0, 2, L, 1.61, L, NA, 1, 17, 1, NA
bm4222, 0, 3, H, 1.38, A, NA, 0, 18, 1, NA
bm4222, 0, 3, A, 1.0, A, NA, 1, 19, 1, NA
bm4222, 0, 2, D, 0.97, D, NA, 1, 20, 1, NA
bm4222, 0, 2, G, 0.87, G, NA, 1, 21, 1, NA
bm4222, 0, 3, L, 0.94, A, NA, 0, 22, 1, NA
bm4222, 0, 3, A, 0.78, A, NA, 1, 23, 1, NA
bm4222, 0, 2, J, 1.15, J, NA, 1, 24, 1, NA
bm4222, 0, 2, J, 1.0, J, NA, 1, 25, 1, NA
bm4222, 0, 1, K, 0.98, K, NA, 1, 26, 1, NA
bm4222, 0, 1, S, 1.41, S, NA, 1, 27, 1, NA
bm4222, 0, 2, H, 1.77, S, NA, 0, 28, 1, NA
bm4222, 0, 2, G, 1.18, G, NA, 1, 29, 1, NA
bm4222, 0, 3, K, 1.29, A, NA, 0, 30, 1, NA
bm4222, 0, 3, S, 1.0, S, NA, 1, 31, 1, NA
bm4222, 0, 2, D, 1.39, D, NA, 1, 32, 1, NA
bm4222, 0, 2, S, 0.91, S, NA, 1, 33, 1, NA
bm4222, 0, 1, G, 1.51, G, NA, 1, 34, 1, NA
bm4222, 0, 2, D, 3.28, L, NA, 0, 35, 1, NA
bm4222, 0, 2, D, 1.32, D, NA, 1, 36, 1, NA
bm4222, 0, 1, S, 1.07, S, NA, 1, 37, 1, NA
bm4222, 0, 2, G, 2.94, F, NA, 0, 38, 1, NA
bm4222, 0, 2, A, 1.96, A, NA, 1, 39, 1, NA
bm4222, 0, 1, H, 1.86, H, NA, 1, 40, 1, NA
bm4222, 0, 2, H, 1.58, S, NA, 0, 41, 1, NA
bm4222, 0, 2, K, 1.16, K, NA, 1, 42, 1, NA
bm4222, 0, 1, A, 1.71, A, NA, 1, 43, 1, NA
bm4222, 0, 2, A, 1.91, G, NA, 0, 44, 1, NA
bm4222, 0, 3, A, 1.34, D, NA, 0, 45, 1, NA
bm4222, 0, 3, K, 0.99, K, NA, 1, 46, 1, NA
bm4222, 0, 2, J, 1.09, J, NA, 1, 47, 1, NA
bm4222, 0, 2, G, 1.17, G, NA, 1, 48, 1, NA
bm4222, 0, 1, H, 0.91, H, NA, 1, 49, 1, NA
bm4222, 0, 2, A, 1.08, S, NA, 0, 50, 1, NA
bm4222, 2, 1, 1, 6.6, 1, 1, 1, 1, 1, 0
bm4222, 2, 0, 1, 1.52, 1, 1, 1, 2, 1, 0
bm4222, 2, 0, 0, 0.8, 0, 1, 1, 3, 1, 0
bm4222, 2, 1, 1, 0.98, 0, 1, 0, 4, 1, 0
bm4222, 2, 1, 1, 3.16, 1, 1, 1, 5, 1, 0
bm4222, 2, 1, 0, 3.86, 0, 1, 1, 6, 1, 0
bm4222, 2, 0, 0, 1.6, 0, 1, 1, 7, 1, 0
bm4222, 2, 0, 1, 0.86, 1, 1, 1, 8, 1, 0
bm4222, 2, 0, 0, 1.14, 1, 1, 0, 9, 1, 0
bm4222, 2, 1, 0, 3.58, 0, 1, 1, 10, 1, 0
bm4222, 2, 1, 0, 5.46, 0, 0, 1, 1, 1, 0
bm4222, 2, 1, 1, 2.12, 1, 0, 1, 2, 1, 0
bm4222, 2, 0, 0, 1.13, 0, 0, 1, 3, 1, 0
bm4222, 2, 0, 0, 1.22, 0, 0, 1, 4, 1, 0
bm4222, 2, 1, 0, 6.02, 0, 0, 1, 5, 1, 0
bm4222, 2, 0, 1, 1.33, 1, 0, 1, 6, 1, 0
bm4222, 2, 0, 1, 1.77, 1, 0, 1, 7, 1, 0
bm4222, 2, 1, 0, 5.06, 0, 0, 1, 8, 1, 0
bm4222, 2, 0, 1, 1.02, 1, 0, 1, 9, 1, 0
bm4222, 2, 1, 0, 3.72, 0, 0, 1, 10, 1, 0
bm4222, 2, 1, 0, 3.19, 0, 0, 1, 11, 1, 0
bm4222, 2, 0, 1, 1.51, 1, 0, 1, 12, 1, 0
bm4222, 2, 0, 0, 0.99, 0, 0, 1, 13, 1, 0
bm4222, 2, 1, 1, 4.02, 0, 0, 0, 14, 1, 0
bm4222, 2, 1, 0, 6.2, 0, 0, 1, 15, 1, 0
bm4222, 2, 0, 1, 1.36, 1, 0, 1, 16, 1, 0
bm4222, 2, 0, 1, 0.71, 1, 0, 1, 17, 1, 0
bm4222, 2, 1, 1, 1.38, 1, 0, 1, 18, 1, 0
bm4222, 2, 0, 0, 0.76, 0, 0, 1, 19, 1, 0
bm4222, 2, 1, 1, 2.03, 1, 0, 1, 20, 1, 0
bm4222, 2, 1, 1, 0.94, 1, 0, 1, 21, 1, 0
bm4222, 2, 1, 1, 3.4, 1, 0, 1, 22, 1, 0
bm4222, 2, 1, 0, 3.55, 0, 0, 1, 23, 1, 0
bm4222, 2, 0, 0, 1.8, 0, 0, 1, 24, 1, 0
bm4222, 2, 1, 0, 3.58, 0, 0, 1, 25, 1, 0
bm4222, 2, 0, 0, 1.42, 0, 0, 1, 26, 1, 0
bm4222, 2, 0, 1, 1.63, 1, 0, 1, 27, 1, 0
bm4222, 2, 1, 0, 4.62, 0, 0, 1, 28, 1, 0
bm4222, 2, 0, 1, 4.51, 1, 0, 1, 29, 1, 0
bm4222, 2, 1, 1, 4.59, 1, 0, 1, 30, 1, 0
bm4222, 2, 0, 1, 1.28, 1, 0, 1, 31, 1, 0
bm4222, 2, 0, 0, 0.77, 0, 0, 1, 32, 1, 0
bm4222, 3, 1, 0, 2.3789, 0, 1, 1, 1, 1, 0
bm4222, 3, 0, 0, 1.4676, 0, 1, 1, 2, 1, 0
bm4222, 3, 0, 0, 3.4737, 0, 1, 1, 3, 1, 0
bm4222, 3, 0, 1, 1.1252, 1, 1, 1, 4, 1, 0
bm4222, 3, 0, 1, 1.5449, 1, 1, 1, 5, 1, 0
bm4222, 3, 1, 1, 1.7549, 1, 1, 1, 6, 1, 0
bm4222, 3, 1, 0, 1.0767, 0, 1, 1, 7, 1, 0
bm4222, 3, 1, 0, 1.1626, 0, 1, 1, 8, 1, 0
bm4222, 3, 1, 1, 1.229, 1, 1, 1, 9, 1, 0
bm4222, 3, 0, 1, 0.9727, 1, 1, 1, 10, 1, 0
bm4222, 3, 1, 1, 1.8218, 1, 0, 1, 1, 1, 0
bm4222, 3, 1, 0, 1.2847, 0, 0, 1, 2, 1, 0
bm4222, 3, 1, 0, 1.218, 0, 0, 1, 3, 1, 0
bm4222, 3, 1, 0, 1.8894, 0, 0, 1, 4, 1, 0
bm4222, 3, 0, 0, 0.9497, 0, 0, 1, 5, 1, 0
bm4222, 3, 1, 0, 1.2006, 0, 0, 1, 6, 1, 0
bm4222, 3, 0, 1, 0.7369, 1, 0, 1, 7, 1, 0
bm4222, 3, 0, 1, 1.9083, 1, 0, 1, 8, 1, 0
bm4222, 3, 1, 1, 2.1507, 1, 0, 1, 9, 1, 0
bm4222, 3, 0, 1, 1.2642, 1, 0, 1, 10, 1, 0
bm4222, 3, 1, 0, 0.6378, 0, 0, 1, 11, 1, 0
bm4222, 3, 1, 0, 0.8853, 0, 0, 1, 12, 1, 0
bm4222, 3, 1, 0, 1.0748, 0, 0, 1, 13, 1, 0
bm4222, 3, 0, 1, 1.0166, 1, 0, 1, 14, 1, 0
bm4222, 3, 0, 0, 0.8012, 0, 0, 1, 15, 1, 0
bm4222, 3, 0, 0, 2.7059, 0, 0, 1, 16, 1, 0
bm4222, 3, 0, 0, 0.7407, 0, 0, 1, 17, 1, 0
bm4222, 3, 1, 0, 0.7922, 0, 0, 1, 18, 1, 0
bm4222, 3, 1, 1, 1.4657, 1, 0, 1, 19, 1, 0
bm4222, 3, 0, 1, 0.8474, 1, 0, 1, 20, 1, 0
bm4222, 3, 1, 1, 0.6859, 1, 0, 1, 21, 1, 0
bm4222, 3, 0, 0, 1.6034, 0, 0, 1, 22, 1, 0
bm4222, 3, 0, 1, 1.5875, 1, 0, 1, 23, 1, 0
bm4222, 3, 0, 0, 0.7242, 0, 0, 1, 24, 1, 0
bm4222, 3, 1, 0, 0.8563, 0, 0, 1, 25, 1, 0
bm4222, 3, 0, 1, 0.7903, 1, 0, 1, 26, 1, 0
bm4222, 3, 1, 0, 0.8238, 0, 0, 1, 27, 1, 0
bm4222, 3, 1, 1, 1.1119, 1, 0, 1, 28, 1, 0
bm4222, 3, 0, 1, 1.3084, 1, 0, 1, 29, 1, 0
bm4222, 3, 0, 1, 1.2407, 1, 0, 1, 30, 1, 0
bm4222, 3, 1, 1, 1.3677, 1, 0, 1, 31, 1, 0
bm4222, 3, 0, 1, 1.6653, 1, 0, 1, 32, 1, 0
bm4222, 1, 1, 1, 4.2122, 1, 1, 1, 1, 1, 0
bm4222, 1, -1, 0, 4.9818, 0, 1, 1, 2, 1, 0
bm4222, 1, -1, 1, 5.2561, 1, 1, 1, 3, 1, 0
bm4222, 1, -1, 0, 3.1508, 0, 1, 1, 4, 1, 0
bm4222, 1, -1, 0, 3.4038, 0, 1, 1, 5, 1, 0
bm4222, 1, 0, 1, 1.8076, 1, 1, 1, 6, 1, 0
bm4222, 1, 1, 0, 2.7389, 0, 1, 1, 7, 1, 0
bm4222, 1, 1, 1, 3.7601, 1, 1, 1, 8, 1, 0
bm4222, 1, 0, 0, 3.845, 0, 1, 1, 9, 1, 0
bm4222, 1, 1, 1, 4.3577, 1, 1, 1, 10, 1, 0
bm4222, 1, -1, 0, 5.0311, 0, 0, 1, 1, 1, 0
bm4222, 1, -1, 1, 6.678, 1, 0, 1, 2, 1, 0
bm4222, 1, 1, 1, 4.226, 1, 0, 1, 3, 1, 0
bm4222, 1, 0, 0, 2.5802, 0, 0, 1, 4, 1, 0
bm4222, 1, -1, 0, 4.7922, 0, 0, 1, 5, 1, 0
bm4222, 1, 1, 1, 4.8974, 1, 0, 1, 6, 1, 0
bm4222, 1, -1, 1, 3.5745, 1, 0, 1, 7, 1, 0
bm4222, 1, 0, 0, 1.5556, 0, 0, 1, 8, 1, 0
bm4222, 1, 0, 0, 2.258, 0, 0, 1, 9, 1, 0
bm4222, 1, 1, 1, 3.6983, 1, 0, 1, 10, 1, 0
bm4222, 1, 1, 1, 2.5365, 0, 0, 0, 11, 1, 0
bm4222, 1, 1, 0, 3.0732, 0, 0, 1, 12, 1, 0
bm4222, 1, -1, 0, 3.4088, 0, 0, 1, 13, 1, 0
bm4222, 1, 0, 0, 3.7158, 0, 0, 1, 14, 1, 0
bm4222, 1, 1, 0, 2.7287, 0, 0, 1, 15, 1, 0
bm4222, 1, 1, 1, 2.3267, 1, 0, 1, 16, 1, 0
bm4222, 1, 0, 1, 1.5736, 1, 0, 1, 17, 1, 0
bm4222, 1, 0, 1, 1.4119, 1, 0, 1, 18, 1, 0
bm4222, 1, 1, 0, 2.1024, 0, 0, 1, 19, 1, 0
bm4222, 1, -1, 0, 1.917, 0, 0, 1, 20, 1, 0
bm4222, 1, 0, 1, 1.3256, 1, 0, 1, 21, 1, 0
bm4222, 1, 1, 1, 8.2929, 0, 0, 0, 22, 1, 0
bm4222, 1, -1, 1, 3.6181, 1, 0, 1, 23, 1, 0
bm4222, 1, -1, 0, 5.0508, 0, 0, 1, 24, 1, 0
bm4222, 1, 0, 1, 1.3698, 1, 0, 1, 25, 1, 0
bm4222, 1, 0, 0, 2.1603, 0, 0, 1, 26, 1, 0
bm4222, 1, 0, 1, 1.2375, 1, 0, 1, 27, 1, 0
bm4222, 1, 1, 0, 3.0075, 0, 0, 1, 28, 1, 0
bm4222, 1, -1, 0, 13.6976, 0, 0, 1, 29, 1, 0
bm4222, 1, 0, 1, 2.3192, 1, 0, 1, 30, 1, 0
bm4222, 1, 0, 1, 1.5188, 1, 0, 1, 31, 1, 0
bm4222, 1, 1, 0, 2.6852, 0, 0, 1, 32, 1, 0
bm4222, 0, 4, L, 2.06, L, NA, 1, 1, 2, NA
bm4222, 0, 4, A, 1.28, A, NA, 1, 2, 2, NA
bm4222, 0, 4, F, 1.25, F, NA, 1, 3, 2, NA
bm4222, 0, 4, D, 1.15, D, NA, 1, 4, 2, NA
bm4222, 0, 4, S, 1.03, S, NA, 1, 5, 2, NA
bm4222, 0, 3, S, 0.93, S, NA, 1, 6, 2, NA
bm4222, 0, 3, F, 1.04, F, NA, 1, 7, 2, NA
bm4222, 0, 2, K, 0.99, K, NA, 1, 8, 2, NA
bm4222, 0, 2, A, 0.97, A, NA, 1, 9, 2, NA
bm4222, 0, 1, L, 1.21, L, NA, 1, 10, 2, NA
bm4222, 0, 2, H, 1.45, D, NA, 0, 11, 2, NA
bm4222, 0, 3, S, 1.43, G, NA, 0, 12, 2, NA
bm4222, 0, 3, D, 1.01, D, NA, 1, 13, 2, NA
bm4222, 0, 2, F, 1.17, F, NA, 1, 14, 2, NA
bm4222, 0, 2, D, 0.91, D, NA, 1, 15, 2, NA
bm4222, 0, 1, G, 1.04, G, NA, 1, 16, 2, NA
bm4222, 0, 2, L, 1.03, D, NA, 0, 17, 2, NA
bm4222, 0, 2, K, 0.98, K, NA, 1, 18, 2, NA
bm4222, 0, 3, L, 1.1, D, NA, 0, 19, 2, NA
bm4222, 0, 3, K, 0.97, K, NA, 1, 20, 2, NA
bm4222, 0, 2, J, 0.95, J, NA, 1, 21, 2, NA
bm4222, 0, 3, H, 1.14, D, NA, 0, 22, 2, NA
bm4222, 0, 3, H, 0.89, H, NA, 1, 23, 2, NA
bm4222, 0, 2, L, 0.99, L, NA, 1, 24, 2, NA
bm4222, 0, 2, S, 1.03, S, NA, 1, 25, 2, NA
bm4222, 0, 1, D, 0.96, D, NA, 1, 26, 2, NA
bm4222, 0, 2, H, 0.92, D, NA, 0, 27, 2, NA
bm4222, 0, 2, J, 0.95, J, NA, 1, 28, 2, NA
bm4222, 0, 3, J, 1.25, F, NA, 0, 29, 2, NA
bm4222, 0, 3, S, 0.88, S, NA, 1, 30, 2, NA
bm4222, 0, 2, D, 0.92, D, NA, 1, 31, 2, NA
bm4222, 0, 3, D, 1.53, S, NA, 0, 32, 2, NA
bm4222, 0, 3, F, 0.99, F, NA, 1, 33, 2, NA
bm4222, 0, 2, A, 0.97, A, NA, 1, 34, 2, NA
bm4222, 0, 2, A, 0.93, A, NA, 1, 35, 2, NA
bm4222, 0, 1, G, 1.14, G, NA, 1, 36, 2, NA
bm4222, 0, 2, J, 1.02, D, NA, 0, 37, 2, NA
bm4222, 0, 2, S, 0.97, S, NA, 1, 38, 2, NA
bm4222, 0, 1, D, 0.95, D, NA, 1, 39, 2, NA
bm4222, 0, 2, K, 1.98, G, NA, 0, 40, 2, NA
bm4222, 0, 2, A, 0.94, A, NA, 1, 41, 2, NA
bm4222, 0, 3, G, 1.12, D, NA, 0, 42, 2, NA
bm4222, 0, 3, S, 0.99, S, NA, 1, 43, 2, NA
bm4222, 0, 2, A, 0.85, A, NA, 1, 44, 2, NA
bm4222, 0, 2, A, 0.85, A, NA, 1, 45, 2, NA
bm4222, 0, 1, A, 0.87, A, NA, 1, 46, 2, NA
bm4222, 0, 2, S, 1.69, J, NA, 0, 47, 2, NA
bm4222, 0, 2, A, 1.54, A, NA, 1, 48, 2, NA
bm4222, 0, 1, H, 1.75, H, NA, 1, 49, 2, NA
bm4222, 0, 1, J, 1.8, J, NA, 1, 50, 2, NA
bm4222, 2, 1, 0, 2.56, 0, 0, 1, 1, 2, 0
bm4222, 2, 0, 1, 1.2, 1, 0, 1, 2, 2, 0
bm4222, 2, 1, 0, 2.55, 0, 0, 1, 3, 2, 0
bm4222, 2, 0, 0, 0.86, 0, 0, 1, 4, 2, 0
bm4222, 2, 0, 0, 0.51, 0, 0, 1, 5, 2, 0
bm4222, 2, 1, 1, 1.01, 0, 0, 0, 6, 2, 0
bm4222, 2, 1, 0, 2.14, 0, 0, 1, 7, 2, 0
bm4222, 2, 1, 1, 1.7, 1, 0, 1, 8, 2, 0
bm4222, 2, 1, 1, 1.45, 1, 0, 1, 9, 2, 0
bm4222, 2, 0, 1, 1.97, 1, 0, 1, 10, 2, 0
bm4222, 2, 0, 0, 0.85, 0, 0, 1, 11, 2, 0
bm4222, 2, 1, 0, 3.53, 0, 0, 1, 12, 2, 0
bm4222, 2, 0, 0, 0.87, 0, 0, 1, 13, 2, 0
bm4222, 2, 1, 1, 2.95, 1, 0, 1, 14, 2, 0
bm4222, 2, 0, 1, 0.98, 1, 0, 1, 15, 2, 0
bm4222, 2, 0, 0, 1.01, 0, 0, 1, 16, 2, 0
bm4222, 2, 0, 1, 0.98, 0, 0, 0, 17, 2, 0
bm4222, 2, 0, 1, 1.22, 1, 0, 1, 18, 2, 0
bm4222, 2, 1, 0, 1.97, 0, 0, 1, 19, 2, 0
bm4222, 2, 0, 1, 1.64, 1, 0, 1, 20, 2, 0
bm4222, 2, 1, 1, 1.59, 1, 0, 1, 21, 2, 0
bm4222, 2, 1, 0, 2.28, 0, 0, 1, 22, 2, 0
bm4222, 2, 1, 1, 1.3, 1, 0, 1, 23, 2, 0
bm4222, 2, 1, 0, 3.41, 0, 0, 1, 24, 2, 0
bm4222, 2, 0, 1, 0.73, 1, 0, 1, 25, 2, 0
bm4222, 2, 1, 0, 3.79, 0, 0, 1, 26, 2, 0
bm4222, 2, 1, 1, 2.77, 1, 0, 1, 27, 2, 0
bm4222, 2, 0, 0, 0.97, 0, 0, 1, 28, 2, 0
bm4222, 2, 0, 1, 1.03, 1, 0, 1, 29, 2, 0
bm4222, 2, 0, 0, 0.95, 0, 0, 1, 30, 2, 0
bm4222, 2, 0, 1, 0.74, 1, 0, 1, 31, 2, 0
bm4222, 2, 1, 0, 3.45, 0, 0, 1, 32, 2, 0
bm4222, 3, 0, 0, 1.7135, 0, 0, 1, 1, 2, 0
bm4222, 3, 0, 0, 0.8299, 0, 0, 1, 2, 2, 0
bm4222, 3, 0, 1, 0.8634, 1, 0, 1, 3, 2, 0
bm4222, 3, 0, 1, 1.1996, 1, 0, 1, 4, 2, 0
bm4222, 3, 0, 1, 1.8253, 1, 0, 1, 5, 2, 0
bm4222, 3, 1, 0, 0.8418, 0, 0, 1, 6, 2, 0
bm4222, 3, 1, 0, 1.0346, 0, 0, 1, 7, 2, 0
bm4222, 3, 1, 0, 2.7698, 0, 0, 1, 8, 2, 0
bm4222, 3, 0, 0, 0.7552, 0, 0, 1, 9, 2, 0
bm4222, 3, 0, 0, 1.2556, 0, 0, 1, 10, 2, 0
bm4222, 3, 0, 0, 0.7271, 0, 0, 1, 11, 2, 0
bm4222, 3, 0, 1, 0.8287, 1, 0, 1, 12, 2, 0
bm4222, 3, 1, 0, 0.9901, 0, 0, 1, 13, 2, 0
bm4222, 3, 0, 1, 0.7928, 1, 0, 1, 14, 2, 0
bm4222, 3, 1, 0, 0.8436, 0, 0, 1, 15, 2, 0
bm4222, 3, 1, 0, 0.7963, 0, 0, 1, 16, 2, 0
bm4222, 3, 0, 1, 0.6873, 1, 0, 1, 17, 2, 0
bm4222, 3, 1, 1, 0.8861, 0, 0, 0, 18, 2, 0
bm4222, 3, 0, 1, 0.4571, 1, 0, 1, 19, 2, 0
bm4222, 3, 1, 0, 0.7936, 0, 0, 1, 20, 2, 0
bm4222, 3, 1, 0, 0.7803, 0, 0, 1, 21, 2, 0
bm4222, 3, 0, 1, 2.2552, 1, 0, 1, 22, 2, 0
bm4222, 3, 1, 1, 1.5099, 1, 0, 1, 23, 2, 0
bm4222, 3, 0, 1, 1.3234, 1, 0, 1, 24, 2, 0
bm4222, 3, 0, 1, 0.6963, 1, 0, 1, 25, 2, 0
bm4222, 3, 0, 1, 0.7025, 1, 0, 1, 26, 2, 0
bm4222, 3, 1, 0, 0.8208, 0, 0, 1, 27, 2, 0
bm4222, 3, 1, 1, 1.1103, 1, 0, 1, 28, 2, 0
bm4222, 3, 1, 1, 1.1482, 1, 0, 1, 29, 2, 0
bm4222, 3, 1, 0, 0.6719, 0, 0, 1, 30, 2, 0
bm4222, 3, 1, 0, 0.6794, 0, 0, 1, 31, 2, 0
bm4222, 3, 1, 1, 1.2631, 1, 0, 1, 32, 2, 0
bm4222, 1, 0, 1, 1.2321, 1, 0, 1, 1, 2, 0
bm4222, 1, 1, 0, 1.3736, 0, 0, 1, 2, 2, 0
bm4222, 1, -1, 0, 3.0769, 0, 0, 1, 3, 2, 0
bm4222, 1, 1, 0, 1.8777, 0, 0, 1, 4, 2, 0
bm4222, 1, 1, 0, 1.9125, 0, 0, 1, 5, 2, 0
bm4222, 1, 0, 0, 1.8505, 0, 0, 1, 6, 2, 0
bm4222, 1, -1, 0, 3.598, 0, 0, 1, 7, 2, 0
bm4222, 1, -1, 1, 3.0658, 1, 0, 1, 8, 2, 0
bm4222, 1, 0, 1, 1.0206, 1, 0, 1, 9, 2, 0
bm4222, 1, -1, 0, 1.3136, 0, 0, 1, 10, 2, 0
bm4222, 1, 0, 1, 1.1963, 1, 0, 1, 11, 2, 0
bm4222, 1, 0, 1, 0.9876, 1, 0, 1, 12, 2, 0
bm4222, 1, 0, 1, 0.9627, 1, 0, 1, 13, 2, 0
bm4222, 1, 1, 0, 2.7617, 0, 0, 1, 14, 2, 0
bm4222, 1, -1, 1, 6.9356, 1, 0, 1, 15, 2, 0
bm4222, 1, -1, 1, 1.4824, 1, 0, 1, 16, 2, 0
bm4222, 1, 1, 0, 2.8289, 0, 0, 1, 17, 2, 0
bm4222, 1, -1, 1, 1.2723, 1, 0, 1, 18, 2, 0
bm4222, 1, 0, 1, 1.1243, 1, 0, 1, 19, 2, 0
bm4222, 1, 1, 0, 3.909, 0, 0, 1, 20, 2, 0
bm4222, 1, 0, 1, 0.8844, 1, 0, 1, 21, 2, 0
bm4222, 1, -1, 1, 5.2155, 1, 0, 1, 22, 2, 0
bm4222, 1, -1, 1, 2.2009, 1, 0, 1, 23, 2, 0
bm4222, 1, 1, 1, 1.5659, 1, 0, 1, 24, 2, 0
bm4222, 1, 1, 1, 1.1809, 1, 0, 1, 25, 2, 0
bm4222, 1, 0, 1, 1.0365, 1, 0, 1, 26, 2, 0
bm4222, 1, -1, 0, 1.8075, 0, 0, 1, 27, 2, 0
bm4222, 1, 0, 0, 1.2369, 0, 0, 1, 28, 2, 0
bm4222, 1, 1, 0, 1.0716, 0, 0, 1, 29, 2, 0
bm4222, 1, 1, 0, 3.3784, 0, 0, 1, 30, 2, 0
bm4222, 1, -1, 0, 2.3111, 0, 0, 1, 31, 2, 0
bm4222, 1, 1, 0, 1.2873, 0, 0, 1, 32, 2, 0
