sub, task, cond1, cond2, rt, inputResp, training, accuracy, trial, block, 2fast
4207, 0, 8, G, 1.89, G, NA, 1, 1, 1, NA
4207, 0, 8, S, 1.31, S, NA, 1, 2, 1, NA
4207, 0, 8, K, 1.06, K, NA, 1, 3, 1, NA
4207, 0, 8, G, 1.41, G, NA, 1, 4, 1, NA
4207, 0, 8, F, 1.41, F, NA, 1, 5, 1, NA
4207, 0, 7, F, 0.59, F, NA, 1, 6, 1, NA
4207, 0, 7, J, 0.91, J, NA, 1, 7, 1, NA
4207, 0, 6, D, 0.9, D, NA, 1, 8, 1, NA
4207, 0, 6, J, 0.87, J, NA, 1, 9, 1, NA
4207, 0, 5, K, 0.81, K, NA, 1, 10, 1, NA
4207, 0, 5, F, 0.85, F, NA, 1, 11, 1, NA
4207, 0, 4, S, 0.81, S, NA, 1, 12, 1, NA
4207, 0, 4, L, 1.48, L, NA, 1, 13, 1, NA
4207, 0, 3, S, 0.87, S, NA, 1, 14, 1, NA
4207, 0, 3, J, 0.9, J, NA, 1, 15, 1, NA
4207, 0, 2, A, 0.86, A, NA, 1, 16, 1, NA
4207, 0, 2, G, 1.33, G, NA, 1, 17, 1, NA
4207, 0, 3, K, 1.74, A, NA, 0, 18, 1, NA
4207, 0, 3, H, 1.75, H, NA, 1, 19, 1, NA
4207, 0, 2, K, 0.92, K, NA, 1, 20, 1, NA
4207, 0, 2, L, 1.18, L, NA, 1, 21, 1, NA
4207, 0, 3, F, 1.74, D, NA, 0, 22, 1, NA
4207, 0, 3, D, 1.24, D, NA, 1, 23, 1, NA
4207, 0, 2, S, 0.75, S, NA, 1, 24, 1, NA
4207, 0, 2, L, 1.98, L, NA, 1, 25, 1, NA
4207, 0, 1, A, 0.74, A, NA, 1, 26, 1, NA
4207, 0, 2, L, 0.85, A, NA, 0, 27, 1, NA
4207, 0, 2, A, 0.95, A, NA, 1, 28, 1, NA
4207, 0, 3, H, 1.37, S, NA, 0, 29, 1, NA
4207, 0, 3, S, 0.91, S, NA, 1, 30, 1, NA
4207, 0, 2, L, 1.08, L, NA, 1, 31, 1, NA
4207, 0, 2, K, 1.09, K, NA, 1, 32, 1, NA
4207, 0, 1, L, 0.74, L, NA, 1, 33, 1, NA
4207, 0, 2, K, 1.43, D, NA, 0, 34, 1, NA
4207, 0, 3, H, 0.86, S, NA, 0, 35, 1, NA
4207, 0, 4, D, 0.88, S, NA, 0, 36, 1, NA
4207, 0, 4, K, 1.23, K, NA, 1, 37, 1, NA
4207, 0, 3, S, 0.73, S, NA, 1, 38, 1, NA
4207, 0, 4, H, 0.87, S, NA, 0, 39, 1, NA
4207, 0, 4, D, 1.31, D, NA, 1, 40, 1, NA
4207, 0, 3, J, 1.22, J, NA, 1, 41, 1, NA
4207, 0, 3, D, 1.18, D, NA, 1, 42, 1, NA
4207, 0, 4, H, 1.19, S, NA, 0, 43, 1, NA
4207, 0, 4, F, 1.07, F, NA, 1, 44, 1, NA
4207, 0, 3, D, 1.06, D, NA, 1, 45, 1, NA
4207, 0, 3, K, 1.59, K, NA, 1, 46, 1, NA
4207, 0, 4, H, 1.37, D, NA, 0, 47, 1, NA
4207, 0, 4, J, 1.19, J, NA, 1, 48, 1, NA
4207, 0, 3, D, 1.2, D, NA, 1, 49, 1, NA
4207, 0, 3, L, 1.21, L, NA, 1, 50, 1, NA
4207, 2, 1, 1, 7.53, 1, 1, 1, 1, 1, 0
4207, 2, 0, 1, 1.09, 1, 1, 1, 2, 1, 0
4207, 2, 0, 1, 0.73, 1, 1, 1, 3, 1, 0
4207, 2, 0, 0, 0.87, 0, 1, 1, 4, 1, 0
4207, 2, 1, 0, 2.96, 0, 1, 1, 5, 1, 0
4207, 2, 0, 1, 0.73, 1, 1, 1, 6, 1, 0
4207, 2, 1, 0, 1.62, 0, 1, 1, 7, 1, 0
4207, 2, 1, 0, 1.44, 0, 1, 1, 8, 1, 0
4207, 2, 1, 0, 1.4, 0, 1, 1, 9, 1, 0
4207, 2, 0, 1, 0.66, 1, 1, 1, 10, 1, 0
4207, 2, 0, 0, 0.91, 0, 0, 1, 1, 1, 0
4207, 2, 0, 0, 0.59, 0, 0, 1, 2, 1, 0
4207, 2, 1, 1, 0.97, 1, 0, 1, 3, 1, 0
4207, 2, 0, 0, 0.81, 0, 0, 1, 4, 1, 0
4207, 2, 1, 1, 0.97, 1, 0, 1, 5, 1, 0
4207, 2, 1, 1, 1.17, 1, 0, 1, 6, 1, 0
4207, 2, 0, 1, 0.5, 1, 0, 1, 7, 1, 0
4207, 2, 0, 1, 0.5, 1, 0, 1, 8, 1, 0
4207, 2, 0, 1, 0.53, 1, 0, 1, 9, 1, 0
4207, 2, 0, 1, 0.58, 1, 0, 1, 10, 1, 0
4207, 2, 1, 1, 1.15, 1, 0, 1, 11, 1, 0
4207, 2, 1, 0, 1.06, 0, 0, 1, 12, 1, 0
4207, 2, 1, 1, 1.4, 1, 0, 1, 13, 1, 0
4207, 2, 1, 0, 1.64, 0, 0, 1, 14, 1, 0
4207, 2, 0, 0, 0.81, 0, 0, 1, 15, 1, 0
4207, 2, 0, 0, 0.71, 0, 0, 1, 16, 1, 0
4207, 2, 0, 0, 0.63, 0, 0, 1, 17, 1, 0
4207, 2, 0, 0, 0.62, 0, 0, 1, 18, 1, 0
4207, 2, 1, 0, 1.4, 0, 0, 1, 19, 1, 0
4207, 2, 0, 0, 0.43, 0, 0, 1, 20, 1, 0
4207, 2, 1, 0, 0.95, 0, 0, 1, 21, 1, 0
4207, 2, 0, 1, 0.53, 0, 0, 0, 22, 1, 0
4207, 2, 1, 1, 1.03, 1, 0, 1, 23, 1, 0
4207, 2, 0, 1, 0.57, 1, 0, 1, 24, 1, 0
4207, 2, 1, 1, 0.58, 1, 0, 1, 25, 1, 0
4207, 2, 1, 0, 1.71, 0, 0, 1, 26, 1, 0
4207, 2, 1, 0, 1.6, 0, 0, 1, 27, 1, 0
4207, 2, 0, 0, 0.64, 0, 0, 1, 28, 1, 0
4207, 2, 1, 1, 0.75, 1, 0, 1, 29, 1, 0
4207, 2, 0, 0, 1.01, 0, 0, 1, 30, 1, 0
4207, 2, 1, 1, 1.05, 1, 0, 1, 31, 1, 0
4207, 2, 1, 1, 0.51, 1, 0, 1, 32, 1, 0
4207, 3, 0, 1, 1.3879, 1, 1, 1, 1, 1, 0
4207, 3, 0, 1, 0.8047, 1, 1, 1, 2, 1, 0
4207, 3, 1, 0, 1.3337, 0, 1, 1, 3, 1, 0
4207, 3, 1, 0, 1.3451, 0, 1, 1, 4, 1, 0
4207, 3, 0, 1, 0.428, 1, 1, 1, 5, 1, 0
4207, 3, 0, 0, 0.6044, 0, 1, 1, 6, 1, 0
4207, 3, 0, 0, 0.6294, 0, 1, 1, 7, 1, 0
4207, 3, 1, 1, 0.6539, 1, 1, 1, 8, 1, 0
4207, 3, 1, 0, 0.5974, 0, 1, 1, 9, 1, 0
4207, 3, 1, 1, 0.735, 1, 1, 1, 10, 1, 0
4207, 3, 1, 0, 0.7608, 0, 0, 1, 1, 1, 0
4207, 3, 1, 0, 0.5237, 1, 0, 0, 2, 1, 0
4207, 3, 1, 0, 0.6849, 0, 0, 1, 3, 1, 0
4207, 3, 1, 0, 0.6432, 0, 0, 1, 4, 1, 0
4207, 3, 0, 0, 0.4587, 0, 0, 1, 5, 1, 0
4207, 3, 1, 0, 0.5219, 0, 0, 1, 6, 1, 0
4207, 3, 1, 0, 0.5505, 0, 0, 1, 7, 1, 0
4207, 3, 0, 1, 0.802, 1, 0, 1, 8, 1, 0
4207, 3, 0, 1, 0.8355, 1, 0, 1, 9, 1, 0
4207, 3, 1, 0, 0.5637, 0, 0, 1, 10, 1, 0
4207, 3, 1, 1, 1.5507, 0, 0, 0, 11, 1, 0
4207, 3, 0, 1, -0.5335, 1, 0, 1, 12, 1, 1
4207, 3, 0, 1, 1.0334, 1, 0, 1, 13, 1, 0
4207, 3, 0, 0, 0.7061, 0, 0, 1, 14, 1, 0
4207, 3, 1, 1, 1.3671, 1, 0, 1, 15, 1, 0
4207, 3, 0, 1, 0.5771, 1, 0, 1, 16, 1, 0
4207, 3, 0, 0, 0.6515, 0, 0, 1, 17, 1, 0
4207, 3, 1, 1, 1.1551, 1, 0, 1, 18, 1, 0
4207, 3, 0, 1, 0.6621, 1, 0, 1, 19, 1, 0
4207, 3, 1, 0, 0.7819, 0, 0, 1, 20, 1, 0
4207, 3, 1, 1, 1.3443, 0, 0, 0, 21, 1, 0
4207, 3, 1, 0, 1.4558, 0, 0, 1, 22, 1, 0
4207, 3, 0, 0, 1.0945, 0, 0, 1, 23, 1, 0
4207, 3, 1, 0, 0.7796, 0, 0, 1, 24, 1, 0
4207, 3, 0, 1, 0.6218, 1, 0, 1, 25, 1, 0
4207, 3, 0, 1, 0.5027, 1, 0, 1, 26, 1, 0
4207, 3, 1, 1, 1.8125, 1, 0, 1, 27, 1, 0
4207, 3, 1, 1, 0.3965, 1, 0, 1, 28, 1, 0
4207, 3, 0, 0, 0.6062, 0, 0, 1, 29, 1, 0
4207, 3, 0, 1, 0.4878, 1, 0, 1, 30, 1, 0
4207, 3, 0, 0, 0.6303, 0, 0, 1, 31, 1, 0
4207, 3, 0, 1, 0.4626, 1, 0, 1, 32, 1, 0
4207, 1, -1, 1, 3.9118, 1, 1, 1, 1, 1, 0
4207, 1, 1, 1, 1.9424, 1, 1, 1, 2, 1, 0
4207, 1, -1, 1, 6.6453, 1, 1, 1, 3, 1, 0
4207, 1, -1, 0, 3.0751, 0, 1, 1, 4, 1, 0
4207, 1, 1, 0, 4.4521, 0, 1, 1, 5, 1, 0
4207, 1, -1, 0, 2.9721, 0, 1, 1, 6, 1, 0
4207, 1, 0, 1, 1.1225, 1, 1, 1, 7, 1, 0
4207, 1, -1, 0, 3.4273, 1, 1, 0, 8, 1, 0
4207, 1, 0, 0, 2.4426, 1, 1, 0, 9, 1, 0
4207, 1, 0, 1, 1.0976, 1, 1, 1, 10, 1, 0
4207, 1, -1, 0, 5.6628, 0, 0, 1, 1, 1, 0
4207, 1, -1, 0, 1.9895, 0, 0, 1, 2, 1, 0
4207, 1, 1, 1, 1.0429, 1, 0, 1, 3, 1, 0
4207, 1, 0, 1, 0.8565, 1, 0, 1, 4, 1, 0
4207, 1, -1, 0, 5.3004, 0, 0, 1, 5, 1, 0
4207, 1, 0, 1, 1.1156, 1, 0, 1, 6, 1, 0
4207, 1, 1, 0, 4.733, 1, 0, 0, 7, 1, 0
4207, 1, 0, 1, 0.9905, 1, 0, 1, 8, 1, 0
4207, 1, 1, 0, 2.3247, 1, 0, 0, 9, 1, 0
4207, 1, -1, 1, 4.0717, 0, 0, 0, 10, 1, 0
4207, 1, -1, 0, 2.5471, 0, 0, 1, 11, 1, 0
4207, 1, -1, 1, 2.7618, 1, 0, 1, 12, 1, 0
4207, 1, 0, 1, 1.0476, 1, 0, 1, 13, 1, 0
4207, 1, -1, 0, 6.3, 0, 0, 1, 14, 1, 0
4207, 1, 1, 0, 2.7611, 0, 0, 1, 15, 1, 0
4207, 1, 1, 0, 2.7107, 1, 0, 0, 16, 1, 0
4207, 1, 1, 0, 4.0421, 0, 0, 1, 17, 1, 0
4207, 1, 1, 1, 1.716, 1, 0, 1, 18, 1, 0
4207, 1, -1, 1, 1.773, 1, 0, 1, 19, 1, 0
4207, 1, -1, 0, 2.8831, 0, 0, 1, 20, 1, 0
4207, 1, 0, 0, 1.9489, 0, 0, 1, 21, 1, 0
4207, 1, 1, 1, 1.6603, 1, 0, 1, 22, 1, 0
4207, 1, 0, 1, 1.2086, 1, 0, 1, 23, 1, 0
4207, 1, 1, 0, 2.4059, 0, 0, 1, 24, 1, 0
4207, 1, 0, 1, 0.8515, 1, 0, 1, 25, 1, 0
4207, 1, 1, 0, 1.184, 0, 0, 1, 26, 1, 0
4207, 1, 0, 0, 2.0316, 0, 0, 1, 27, 1, 0
4207, 1, -1, 1, 5.7074, 1, 0, 1, 28, 1, 0
4207, 1, 0, 0, 1.5536, 0, 0, 1, 29, 1, 0
4207, 1, 0, 1, 0.9301, 1, 0, 1, 30, 1, 0
4207, 1, 1, 1, 1.9778, 1, 0, 1, 31, 1, 0
4207, 1, -1, 1, 2.9356, 0, 0, 0, 32, 1, 0
4207, 0, 4, D, 1.59, D, NA, 1, 1, 2, NA
4207, 0, 4, H, 1.09, H, NA, 1, 2, 2, NA
4207, 0, 4, G, 1.02, G, NA, 1, 3, 2, NA
4207, 0, 4, K, 1.19, K, NA, 1, 4, 2, NA
4207, 0, 4, J, 1.02, J, NA, 1, 5, 2, NA
4207, 0, 3, D, 1.02, D, NA, 1, 6, 2, NA
4207, 0, 3, L, 0.89, L, NA, 1, 7, 2, NA
4207, 0, 2, F, 1.19, F, NA, 1, 8, 2, NA
4207, 0, 2, K, 1.29, K, NA, 1, 9, 2, NA
4207, 0, 3, L, 0.88, A, NA, 0, 10, 2, NA
4207, 0, 4, F, 1.16, D, NA, 0, 11, 2, NA
4207, 0, 4, G, 1.26, G, NA, 1, 12, 2, NA
4207, 0, 3, H, 1.11, H, NA, 1, 13, 2, NA
4207, 0, 3, G, 1.25, G, NA, 1, 14, 2, NA
4207, 0, 2, S, 1.02, S, NA, 1, 15, 2, NA
4207, 0, 3, F, 1.05, S, NA, 0, 16, 2, NA
4207, 0, 3, H, 1.66, H, NA, 1, 17, 2, NA
4207, 0, 2, A, 0.61, A, NA, 1, 18, 2, NA
4207, 0, 3, G, 0.76, S, NA, 0, 19, 2, NA
4207, 0, 4, H, 1.13, F, NA, 0, 20, 2, NA
4207, 0, 4, L, 1.51, L, NA, 1, 21, 2, NA
4207, 0, 3, S, 1.23, S, NA, 1, 22, 2, NA
4207, 0, 3, L, 1.22, L, NA, 1, 23, 2, NA
4207, 0, 2, A, 0.91, A, NA, 1, 24, 2, NA
4207, 0, 3, G, 0.95, A, NA, 0, 25, 2, NA
4207, 0, 3, F, 0.8, F, NA, 1, 26, 2, NA
4207, 0, 4, L, 0.63, S, NA, 0, 27, 2, NA
4207, 0, 4, L, 0.83, L, NA, 1, 28, 2, NA
4207, 0, 3, H, 1.43, H, NA, 1, 29, 2, NA
4207, 0, 3, F, 1.0, F, NA, 1, 30, 2, NA
4207, 0, 2, S, 1.07, S, NA, 1, 31, 2, NA
4207, 0, 3, H, 1.73, A, NA, 0, 32, 2, NA
4207, 0, 3, D, 1.42, D, NA, 1, 33, 2, NA
4207, 0, 2, S, 0.57, S, NA, 1, 34, 2, NA
4207, 0, 2, A, 0.77, A, NA, 1, 35, 2, NA
4207, 0, 1, D, 1.1, D, NA, 1, 36, 2, NA
4207, 0, 2, D, 0.67, S, NA, 0, 37, 2, NA
4207, 0, 2, D, 1.6, D, NA, 1, 38, 2, NA
4207, 0, 3, S, 0.99, D, NA, 0, 39, 2, NA
4207, 0, 4, L, 1.0, D, NA, 0, 40, 2, NA
4207, 0, 4, L, 0.76, L, NA, 1, 41, 2, NA
4207, 0, 3, K, 1.08, K, NA, 1, 42, 2, NA
4207, 0, 3, S, 1.0, S, NA, 1, 43, 2, NA
4207, 0, 2, S, 1.22, S, NA, 1, 44, 2, NA
4207, 0, 2, J, 1.14, J, NA, 1, 45, 2, NA
4207, 0, 3, H, 0.85, K, NA, 0, 46, 2, NA
4207, 0, 3, A, 1.5, A, NA, 1, 47, 2, NA
4207, 0, 4, H, 1.13, D, NA, 0, 48, 2, NA
4207, 0, 4, L, 1.04, L, NA, 1, 49, 2, NA
4207, 0, 3, H, 1.25, H, NA, 1, 50, 2, NA
4207, 2, 0, 0, 0.98, 0, 0, 1, 1, 2, 0
4207, 2, 1, 0, 0.89, 0, 0, 1, 2, 2, 0
4207, 2, 0, 1, 0.67, 1, 0, 1, 3, 2, 0
4207, 2, 0, 1, 0.55, 0, 0, 0, 4, 2, 0
4207, 2, 0, 0, -0.85, 1, 0, 0, 5, 2, 1
4207, 2, 0, 0, 0.68, 0, 0, 1, 6, 2, 0
4207, 2, 0, 0, 0.65, 0, 0, 1, 7, 2, 0
4207, 2, 0, 1, 0.73, 1, 0, 1, 8, 2, 0
4207, 2, 1, 0, 1.16, 0, 0, 1, 9, 2, 0
4207, 2, 1, 0, 0.67, 0, 0, 1, 10, 2, 0
4207, 2, 1, 1, 0.98, 1, 0, 1, 11, 2, 0
4207, 2, 0, 0, 0.96, 0, 0, 1, 12, 2, 0
4207, 2, 1, 0, 0.83, 0, 0, 1, 13, 2, 0
4207, 2, 0, 0, 0.55, 0, 0, 1, 14, 2, 0
4207, 2, 0, 1, 0.67, 1, 0, 1, 15, 2, 0
4207, 2, 1, 0, 2.92, 0, 0, 1, 16, 2, 0
4207, 2, 1, 1, 0.66, 1, 0, 1, 17, 2, 0
4207, 2, 1, 1, 1.07, 0, 0, 0, 18, 2, 0
4207, 2, 1, 1, -0.82, 1, 0, 1, 19, 2, 1
4207, 2, 1, 0, 2.78, 0, 0, 1, 20, 2, 0
4207, 2, 0, 0, 3.65, 0, 0, 1, 21, 2, 0
4207, 2, 0, 1, 0.64, 1, 0, 1, 22, 2, 0
4207, 2, 1, 0, 2.06, 0, 0, 1, 23, 2, 0
4207, 2, 0, 0, 1.04, 0, 0, 1, 24, 2, 0
4207, 2, 1, 1, 1.14, 1, 0, 1, 25, 2, 0
4207, 2, 1, 1, 2.01, 1, 0, 1, 26, 2, 0
4207, 2, 1, 0, 1.31, 0, 0, 1, 27, 2, 0
4207, 2, 1, 1, 1.16, 1, 0, 1, 28, 2, 0
4207, 2, 1, 1, 1.09, 1, 0, 1, 29, 2, 0
4207, 2, 0, 1, 0.69, 1, 0, 1, 30, 2, 0
4207, 2, 0, 1, 0.62, 1, 0, 1, 31, 2, 0
4207, 2, 0, 1, 0.6, 1, 0, 1, 32, 2, 0
4207, 3, 1, 0, 1.4146, 0, 0, 1, 1, 2, 0
4207, 3, 0, 0, 0.5276, 0, 0, 1, 2, 2, 0
4207, 3, 0, 0, 0.8765, 0, 0, 1, 3, 2, 0
4207, 3, 1, 0, 0.9714, 0, 0, 1, 4, 2, 0
4207, 3, 1, 1, 0.9339, 1, 0, 1, 5, 2, 0
4207, 3, 1, 1, 0.434, 1, 0, 1, 6, 2, 0
4207, 3, 0, 1, 0.4024, 1, 0, 1, 7, 2, 0
4207, 3, 1, 1, 0.8843, 1, 0, 1, 8, 2, 0
4207, 3, 0, 0, 0.4983, 0, 0, 1, 9, 2, 0
4207, 3, 1, 1, 0.7208, 0, 0, 0, 10, 2, 0
4207, 3, 1, 1, 0.9863, 0, 0, 0, 11, 2, 0
4207, 3, 0, 0, 0.5846, 0, 0, 1, 12, 2, 0
4207, 3, 1, 0, 0.6436, 0, 0, 1, 13, 2, 0
4207, 3, 0, 1, 0.4599, 1, 0, 1, 14, 2, 0
4207, 3, 0, 1, 0.6197, 1, 0, 1, 15, 2, 0
4207, 3, 0, 0, 0.5653, 0, 0, 1, 16, 2, 0
4207, 3, 0, 1, 0.3531, 1, 0, 1, 17, 2, 0
4207, 3, 1, 1, 0.7556, 1, 0, 1, 18, 2, 0
4207, 3, 0, 1, 0.3437, 1, 0, 1, 19, 2, 0
4207, 3, 1, 0, 1.1164, 1, 0, 0, 20, 2, 0
4207, 3, 0, 0, 0.5817, 0, 0, 1, 21, 2, 0
4207, 3, 0, 1, 0.7527, 1, 0, 1, 22, 2, 0
4207, 3, 0, 0, 0.6128, 0, 0, 1, 23, 2, 0
4207, 3, 1, 0, 0.5583, 0, 0, 1, 24, 2, 0
4207, 3, 0, 0, 0.5069, 0, 0, 1, 25, 2, 0
4207, 3, 1, 1, 0.8254, 1, 0, 1, 26, 2, 0
4207, 3, 0, 1, 0.7621, 1, 0, 1, 27, 2, 0
4207, 3, 1, 0, 0.8456, 0, 0, 1, 28, 2, 0
4207, 3, 1, 0, 0.6377, 0, 0, 1, 29, 2, 0
4207, 3, 1, 1, 0.886, 1, 0, 1, 30, 2, 0
4207, 3, 0, 1, 0.4048, 1, 0, 1, 31, 2, 0
4207, 3, 1, 0, 0.5993, 1, 0, 0, 32, 2, 0
4207, 1, 0, 1, 3.5556, 1, 0, 1, 1, 2, 0
4207, 1, 1, 1, 1.3926, 1, 0, 1, 2, 2, 0
4207, 1, -1, 1, 1.3985, 0, 0, 0, 3, 2, 0
4207, 1, -1, 0, 1.7758, 1, 0, 0, 4, 2, 0
4207, 1, 0, 1, 1.0507, 1, 0, 1, 5, 2, 0
4207, 1, 1, 0, 3.055, 1, 0, 0, 6, 2, 0
4207, 1, 0, 1, 0.6614, 1, 0, 1, 7, 2, 0
4207, 1, -1, 0, 2.8094, 0, 0, 1, 8, 2, 0
4207, 1, 1, 1, 2.8539, 0, 0, 0, 9, 2, 0
4207, 1, -1, 1, 1.4597, 1, 0, 1, 10, 2, 0
4207, 1, 1, 0, 2.4868, 0, 0, 1, 11, 2, 0
4207, 1, 0, 0, 1.9377, 0, 0, 1, 12, 2, 0
4207, 1, 1, 0, 2.0017, 0, 0, 1, 13, 2, 0
4207, 1, 0, 1, 0.8957, 1, 0, 1, 14, 2, 0
4207, 1, -1, 1, 1.5453, 0, 0, 0, 15, 2, 0
4207, 1, 1, 0, 1.8846, 0, 0, 1, 16, 2, 0
4207, 1, -1, 0, 1.6467, 0, 0, 1, 17, 2, 0
4207, 1, -1, 0, 2.2176, 0, 0, 1, 18, 2, 0
4207, 1, 0, 1, 0.766, 1, 0, 1, 19, 2, 0
4207, 1, 0, 0, 1.3585, 0, 0, 1, 20, 2, 0
4207, 1, -1, 0, 3.1885, 0, 0, 1, 21, 2, 0
4207, 1, 0, 1, 0.8014, 1, 0, 1, 22, 2, 0
4207, 1, 1, 1, 1.0544, 0, 0, 0, 23, 2, 0
4207, 1, -1, 1, 0.9812, 0, 0, 0, 24, 2, 0
4207, 1, 0, 0, 1.1518, 0, 0, 1, 25, 2, 0
4207, 1, 1, 1, 2.5271, 1, 0, 1, 26, 2, 0
4207, 1, -1, 1, 3.094, 1, 0, 1, 27, 2, 0
4207, 1, 1, 1, 2.8534, 1, 0, 1, 28, 2, 0
4207, 1, 1, 0, 1.7432, 1, 0, 0, 29, 2, 0
4207, 1, 0, 0, 0.6821, 1, 0, 0, 30, 2, 0
4207, 1, 0, 0, 0.8489, 0, 0, 1, 31, 2, 0
4207, 1, 1, 0, 1.6913, 0, 0, 1, 32, 2, 0
