sub, task, cond1, cond2, rt, inputResp, training, accuracy, trial, block, 2fast
bm4219, 0, 8, J, 1.06, J, NA, 1, 1, 1, NA
bm4219, 0, 8, J, 0.95, J, NA, 1, 2, 1, NA
bm4219, 0, 8, J, 1.18, J, NA, 1, 3, 1, NA
bm4219, 0, 8, A, 1.34, A, NA, 1, 4, 1, NA
bm4219, 0, 8, F, 1.02, F, NA, 1, 5, 1, NA
bm4219, 0, 7, D, 0.91, D, NA, 1, 6, 1, NA
bm4219, 0, 7, J, 0.87, J, NA, 1, 7, 1, NA
bm4219, 0, 6, J, 0.98, J, NA, 1, 8, 1, NA
bm4219, 0, 6, S, 1.15, S, NA, 1, 9, 1, NA
bm4219, 0, 5, F, 0.87, F, NA, 1, 10, 1, NA
bm4219, 0, 5, L, 1.1, L, NA, 1, 11, 1, NA
bm4219, 0, 4, K, 1.11, K, NA, 1, 12, 1, NA
bm4219, 0, 4, F, 1.05, F, NA, 1, 13, 1, NA
bm4219, 0, 3, L, 0.84, L, NA, 1, 14, 1, NA
bm4219, 0, 3, K, 1.02, K, NA, 1, 15, 1, NA
bm4219, 0, 2, D, 0.83, D, NA, 1, 16, 1, NA
bm4219, 0, 2, A, 0.95, A, NA, 1, 17, 1, NA
bm4219, 0, 1, S, 0.89, S, NA, 1, 18, 1, NA
bm4219, 0, 2, F, 1.97, S, NA, 0, 19, 1, NA
bm4219, 0, 2, S, 2.26, S, NA, 1, 20, 1, NA
bm4219, 0, 1, G, 1.52, G, NA, 1, 21, 1, NA
bm4219, 0, 2, K, 2.51, H, NA, 0, 22, 1, NA
bm4219, 0, 2, D, 0.93, D, NA, 1, 23, 1, NA
bm4219, 0, 3, K, 1.77, D, NA, 0, 24, 1, NA
bm4219, 0, 3, G, 1.21, G, NA, 1, 25, 1, NA
bm4219, 0, 2, S, 0.84, S, NA, 1, 26, 1, NA
bm4219, 0, 2, F, 0.85, F, NA, 1, 27, 1, NA
bm4219, 0, 3, G, 1.77, D, NA, 0, 28, 1, NA
bm4219, 0, 3, K, 0.82, K, NA, 1, 29, 1, NA
bm4219, 0, 4, L, 1.29, D, NA, 0, 30, 1, NA
bm4219, 0, 4, G, 1.27, G, NA, 1, 31, 1, NA
bm4219, 0, 3, G, 1.19, G, NA, 1, 32, 1, NA
bm4219, 0, 3, L, 0.8, L, NA, 1, 33, 1, NA
bm4219, 0, 2, D, 0.81, D, NA, 1, 34, 1, NA
bm4219, 0, 2, S, 0.7, S, NA, 1, 35, 1, NA
bm4219, 0, 1, F, 0.67, F, NA, 1, 36, 1, NA
bm4219, 0, 2, H, 1.42, S, NA, 0, 37, 1, NA
bm4219, 0, 2, H, 1.17, H, NA, 1, 38, 1, NA
bm4219, 0, 1, D, 0.67, D, NA, 1, 39, 1, NA
bm4219, 0, 1, F, 1.92, F, NA, 1, 40, 1, NA
bm4219, 0, 1, D, 0.75, D, NA, 1, 41, 1, NA
bm4219, 0, 2, S, 1.2, D, NA, 0, 42, 1, NA
bm4219, 0, 2, G, 1.27, G, NA, 1, 43, 1, NA
bm4219, 0, 3, H, 1.63, D, NA, 0, 44, 1, NA
bm4219, 0, 4, L, 1.41, D, NA, 0, 45, 1, NA
bm4219, 0, 4, H, 1.04, H, NA, 1, 46, 1, NA
bm4219, 0, 3, K, 0.57, K, NA, 1, 47, 1, NA
bm4219, 0, 3, D, 0.72, D, NA, 1, 48, 1, NA
bm4219, 0, 2, J, 1.13, J, NA, 1, 49, 1, NA
bm4219, 0, 2, A, 0.67, A, NA, 1, 50, 1, NA
bm4219, 2, 0, 0, 2.1, 0, 1, 1, 1, 1, 0
bm4219, 2, 1, 1, 1.44, 1, 1, 1, 2, 1, 0
bm4219, 2, 1, 1, 0.98, 1, 1, 1, 3, 1, 0
bm4219, 2, 1, 0, 1.67, 0, 1, 1, 4, 1, 0
bm4219, 2, 0, 0, 0.87, 0, 1, 1, 5, 1, 0
bm4219, 2, 1, 0, 2.47, 0, 1, 1, 6, 1, 0
bm4219, 2, 0, 1, 0.96, 1, 1, 1, 7, 1, 0
bm4219, 2, 0, 1, 0.86, 1, 1, 1, 8, 1, 0
bm4219, 2, 1, 0, 2.85, 0, 1, 1, 9, 1, 0
bm4219, 2, 0, 1, 0.77, 1, 1, 1, 10, 1, 0
bm4219, 2, 0, 1, 2.82, 1, 0, 1, 1, 1, 0
bm4219, 2, 0, 1, 1.3, 1, 0, 1, 2, 1, 0
bm4219, 2, 0, 1, 0.92, 1, 0, 1, 3, 1, 0
bm4219, 2, 1, 0, 2.52, 0, 0, 1, 4, 1, 0
bm4219, 2, 0, 0, 1.33, 0, 0, 1, 5, 1, 0
bm4219, 2, 0, 0, 0.99, 0, 0, 1, 6, 1, 0
bm4219, 2, 0, 0, 0.64, 0, 0, 1, 7, 1, 0
bm4219, 2, 0, 0, 0.76, 0, 0, 1, 8, 1, 0
bm4219, 2, 1, 0, 2.44, 0, 0, 1, 9, 1, 0
bm4219, 2, 0, 0, 1.0, 0, 0, 1, 10, 1, 0
bm4219, 2, 0, 0, 1.32, 0, 0, 1, 11, 1, 0
bm4219, 2, 1, 1, 0.75, 1, 0, 1, 12, 1, 0
bm4219, 2, 0, 1, 0.7, 1, 0, 1, 13, 1, 0
bm4219, 2, 1, 0, 2.59, 0, 0, 1, 14, 1, 0
bm4219, 2, 1, 1, 2.38, 1, 0, 1, 15, 1, 0
bm4219, 2, 0, 1, 0.81, 1, 0, 1, 16, 1, 0
bm4219, 2, 0, 1, 0.69, 1, 0, 1, 17, 1, 0
bm4219, 2, 1, 1, 0.89, 1, 0, 1, 18, 1, 0
bm4219, 2, 1, 0, 2.5, 0, 0, 1, 19, 1, 0
bm4219, 2, 1, 1, 0.7, 1, 0, 1, 20, 1, 0
bm4219, 2, 1, 1, 0.89, 1, 0, 1, 21, 1, 0
bm4219, 2, 1, 1, 0.64, 1, 0, 1, 22, 1, 0
bm4219, 2, 1, 0, 3.12, 0, 0, 1, 23, 1, 0
bm4219, 2, 1, 0, 1.82, 0, 0, 1, 24, 1, 0
bm4219, 2, 1, 0, 2.75, 0, 0, 1, 25, 1, 0
bm4219, 2, 1, 0, 2.12, 0, 0, 1, 26, 1, 0
bm4219, 2, 0, 0, 0.75, 0, 0, 1, 27, 1, 0
bm4219, 2, 1, 1, 0.8, 1, 0, 1, 28, 1, 0
bm4219, 2, 1, 1, 1.22, 1, 0, 1, 29, 1, 0
bm4219, 2, 0, 1, 0.82, 1, 0, 1, 30, 1, 0
bm4219, 2, 0, 0, 0.76, 0, 0, 1, 31, 1, 0
bm4219, 2, 0, 1, 0.68, 1, 0, 1, 32, 1, 0
bm4219, 3, 1, 0, 2.1278, 0, 1, 1, 1, 1, 0
bm4219, 3, 0, 1, 1.4343, 1, 1, 1, 2, 1, 0
bm4219, 3, 1, 1, 1.3457, 1, 1, 1, 3, 1, 0
bm4219, 3, 0, 0, 3.7087, 0, 1, 1, 4, 1, 0
bm4219, 3, 0, 1, 1.2392, 1, 1, 1, 5, 1, 0
bm4219, 3, 1, 1, 0.9983, 0, 1, 0, 6, 1, 0
bm4219, 3, 0, 0, 1.1076, 0, 1, 1, 7, 1, 0
bm4219, 3, 0, 0, 1.2409, 0, 1, 1, 8, 1, 0
bm4219, 3, 1, 1, 1.1119, 1, 1, 1, 9, 1, 0
bm4219, 3, 1, 0, 1.533, 0, 1, 1, 10, 1, 0
bm4219, 3, 0, 1, 0.8695, 1, 0, 1, 1, 1, 0
bm4219, 3, 0, 0, 0.7402, 0, 0, 1, 2, 1, 0
bm4219, 3, 1, 1, 0.7123, 1, 0, 1, 3, 1, 0
bm4219, 3, 0, 1, 0.7333, 1, 0, 1, 4, 1, 0
bm4219, 3, 0, 0, 0.5294, 0, 0, 1, 5, 1, 0
bm4219, 3, 1, 0, 1.1345, 0, 0, 1, 6, 1, 0
bm4219, 3, 1, 1, 1.0262, 1, 0, 1, 7, 1, 0
bm4219, 3, 0, 0, 0.443, 0, 0, 1, 8, 1, 0
bm4219, 3, 1, 1, 0.8426, 1, 0, 1, 9, 1, 0
bm4219, 3, 1, 0, 0.6987, 0, 0, 1, 10, 1, 0
bm4219, 3, 1, 0, 0.9124, 0, 0, 1, 11, 1, 0
bm4219, 3, 1, 1, 0.6058, 1, 0, 1, 12, 1, 0
bm4219, 3, 0, 0, 0.5195, 0, 0, 1, 13, 1, 0
bm4219, 3, 1, 0, 1.4124, 0, 0, 1, 14, 1, 0
bm4219, 3, 0, 0, 0.5885, 0, 0, 1, 15, 1, 0
bm4219, 3, 1, 0, 1.8631, 0, 0, 1, 16, 1, 0
bm4219, 3, 0, 1, 0.7014, 1, 0, 1, 17, 1, 0
bm4219, 3, 0, 1, 0.4831, 1, 0, 1, 18, 1, 0
bm4219, 3, 0, 0, 0.5294, 0, 0, 1, 19, 1, 0
bm4219, 3, 0, 0, 0.4297, 0, 0, 1, 20, 1, 0
bm4219, 3, 1, 0, 0.767, 0, 0, 1, 21, 1, 0
bm4219, 3, 1, 0, 0.5458, 0, 0, 1, 22, 1, 0
bm4219, 3, 1, 0, 0.6222, 0, 0, 1, 23, 1, 0
bm4219, 3, 0, 1, 0.6472, 1, 0, 1, 24, 1, 0
bm4219, 3, 0, 1, 0.4468, 1, 0, 1, 25, 1, 0
bm4219, 3, 0, 1, 0.3825, 1, 0, 1, 26, 1, 0
bm4219, 3, 0, 1, 0.4652, 1, 0, 1, 27, 1, 0
bm4219, 3, 0, 1, 0.3369, 1, 0, 1, 28, 1, 0
bm4219, 3, 1, 1, 0.9494, 1, 0, 1, 29, 1, 0
bm4219, 3, 1, 1, 0.7535, 1, 0, 1, 30, 1, 0
bm4219, 3, 1, 0, 0.8531, 0, 0, 1, 31, 1, 0
bm4219, 3, 1, 1, 0.5804, 1, 0, 1, 32, 1, 0
bm4219, 1, 1, 0, 6.9145, 0, 1, 1, 1, 1, 0
bm4219, 1, -1, 1, 3.3976, 0, 1, 0, 2, 1, 0
bm4219, 1, 1, 0, 2.7482, 0, 1, 1, 3, 1, 0
bm4219, 1, 1, 0, 3.4501, 0, 1, 1, 4, 1, 0
bm4219, 1, 0, 1, 1.4366, 1, 1, 1, 5, 1, 0
bm4219, 1, -1, 0, 2.0957, 0, 1, 1, 6, 1, 0
bm4219, 1, 1, 1, 2.4237, 1, 1, 1, 7, 1, 0
bm4219, 1, 0, 1, 1.2678, 1, 1, 1, 8, 1, 0
bm4219, 1, 1, 1, 2.1105, 1, 1, 1, 9, 1, 0
bm4219, 1, 0, 0, 1.9916, 0, 1, 1, 10, 1, 0
bm4219, 1, 0, 1, 1.4764, 1, 0, 1, 1, 1, 0
bm4219, 1, -1, 1, 6.9342, 1, 0, 1, 2, 1, 0
bm4219, 1, 0, 1, 1.7378, 1, 0, 1, 3, 1, 0
bm4219, 1, 1, 1, 1.7776, 1, 0, 1, 4, 1, 0
bm4219, 1, -1, 1, 2.3589, 1, 0, 1, 5, 1, 0
bm4219, 1, 0, 0, 6.1339, 0, 0, 1, 6, 1, 0
bm4219, 1, 1, 0, 3.6089, 0, 0, 1, 7, 1, 0
bm4219, 1, -1, 1, 1.636, 1, 0, 1, 8, 1, 0
bm4219, 1, 1, 1, 1.5357, 1, 0, 1, 9, 1, 0
bm4219, 1, 0, 0, 2.6888, 0, 0, 1, 10, 1, 0
bm4219, 1, 0, 1, 1.0268, 1, 0, 1, 11, 1, 0
bm4219, 1, -1, 0, 2.2302, 0, 0, 1, 12, 1, 0
bm4219, 1, 1, 0, 1.6101, 0, 0, 1, 13, 1, 0
bm4219, 1, -1, 1, 1.2873, 1, 0, 1, 14, 1, 0
bm4219, 1, -1, 1, 1.2009, 0, 0, 0, 15, 1, 0
bm4219, 1, 0, 0, 1.2833, 0, 0, 1, 16, 1, 0
bm4219, 1, 0, 0, 1.5507, 0, 0, 1, 17, 1, 0
bm4219, 1, 1, 0, 1.8536, 0, 0, 1, 18, 1, 0
bm4219, 1, -1, 1, 1.4411, 1, 0, 1, 19, 1, 0
bm4219, 1, 0, 0, 1.1584, 0, 0, 1, 20, 1, 0
bm4219, 1, 0, 0, 2.1032, 0, 0, 1, 21, 1, 0
bm4219, 1, -1, 1, 1.9518, 1, 0, 1, 22, 1, 0
bm4219, 1, 1, 0, 2.623, 0, 0, 1, 23, 1, 0
bm4219, 1, -1, 1, 2.0822, 1, 0, 1, 24, 1, 0
bm4219, 1, 0, 0, 1.1017, 0, 0, 1, 25, 1, 0
bm4219, 1, -1, 0, 4.0958, 1, 0, 0, 26, 1, 0
bm4219, 1, 1, 0, 2.6184, 0, 0, 1, 27, 1, 0
bm4219, 1, -1, 1, 2.0937, 0, 0, 0, 28, 1, 0
bm4219, 1, 1, 1, 1.7543, 1, 0, 1, 29, 1, 0
bm4219, 1, 1, 0, 1.8223, 0, 0, 1, 30, 1, 0
bm4219, 1, 0, 1, 1.5554, 1, 0, 1, 31, 1, 0
bm4219, 1, -1, 0, 1.4743, 0, 0, 1, 32, 1, 0
bm4219, 0, 4, F, 0.95, F, NA, 1, 1, 2, NA
bm4219, 0, 4, J, 0.83, J, NA, 1, 2, 2, NA
bm4219, 0, 4, K, 0.72, K, NA, 1, 3, 2, NA
bm4219, 0, 4, D, 1.01, D, NA, 1, 4, 2, NA
bm4219, 0, 4, H, 1.3, H, NA, 1, 5, 2, NA
bm4219, 0, 3, L, 0.64, L, NA, 1, 6, 2, NA
bm4219, 0, 3, L, 1.23, L, NA, 1, 7, 2, NA
bm4219, 0, 2, L, 0.79, L, NA, 1, 8, 2, NA
bm4219, 0, 2, A, 0.64, A, NA, 1, 9, 2, NA
bm4219, 0, 1, D, 0.86, D, NA, 1, 10, 2, NA
bm4219, 0, 2, S, 2.43, H, NA, 0, 11, 2, NA
bm4219, 0, 2, A, 0.62, A, NA, 1, 12, 2, NA
bm4219, 0, 3, K, 3.7, H, NA, 0, 13, 2, NA
bm4219, 0, 3, G, 1.13, G, NA, 1, 14, 2, NA
bm4219, 0, 2, A, 0.99, A, NA, 1, 15, 2, NA
bm4219, 0, 2, J, 1.26, J, NA, 1, 16, 2, NA
bm4219, 0, 1, J, 0.85, J, NA, 1, 17, 2, NA
bm4219, 0, 2, F, 1.95, G, NA, 0, 18, 2, NA
bm4219, 0, 2, D, 0.77, D, NA, 1, 19, 2, NA
bm4219, 0, 3, L, 2.09, F, NA, 0, 20, 2, NA
bm4219, 0, 3, F, 1.7, F, NA, 1, 21, 2, NA
bm4219, 0, 2, S, 0.6, S, NA, 1, 22, 2, NA
bm4219, 0, 2, A, 0.78, A, NA, 1, 23, 2, NA
bm4219, 0, 1, F, 0.65, F, NA, 1, 24, 2, NA
bm4219, 0, 2, L, 1.07, F, NA, 0, 25, 2, NA
bm4219, 0, 2, J, 0.9, J, NA, 1, 26, 2, NA
bm4219, 0, 1, D, 0.74, D, NA, 1, 27, 2, NA
bm4219, 0, 2, G, 2.44, H, NA, 0, 28, 2, NA
bm4219, 0, 2, S, 0.59, S, NA, 1, 29, 2, NA
bm4219, 0, 1, H, 2.39, H, NA, 1, 30, 2, NA
bm4219, 0, 2, L, 1.07, S, NA, 0, 31, 2, NA
bm4219, 0, 2, L, 0.59, L, NA, 1, 32, 2, NA
bm4219, 0, 1, A, 0.56, A, NA, 1, 33, 2, NA
bm4219, 0, 2, H, 0.79, S, NA, 0, 34, 2, NA
bm4219, 0, 2, D, 0.62, D, NA, 1, 35, 2, NA
bm4219, 0, 1, G, 3.17, G, NA, 1, 36, 2, NA
bm4219, 0, 2, F, 1.38, D, NA, 0, 37, 2, NA
bm4219, 0, 2, J, 0.64, J, NA, 1, 38, 2, NA
bm4219, 0, 1, K, 0.56, K, NA, 1, 39, 2, NA
bm4219, 0, 1, S, 2.26, S, NA, 1, 40, 2, NA
bm4219, 0, 2, F, 2.5, K, NA, 0, 41, 2, NA
bm4219, 0, 3, G, 1.62, D, NA, 0, 42, 2, NA
bm4219, 0, 3, J, 0.64, J, NA, 1, 43, 2, NA
bm4219, 0, 2, H, 0.8, H, NA, 1, 44, 2, NA
bm4219, 0, 2, K, 0.63, K, NA, 1, 45, 2, NA
bm4219, 0, 1, A, 0.57, A, NA, 1, 46, 2, NA
bm4219, 0, 2, K, 1.73, H, NA, 0, 47, 2, NA
bm4219, 0, 2, D, 0.6, D, NA, 1, 48, 2, NA
bm4219, 0, 3, J, 2.83, H, NA, 0, 49, 2, NA
bm4219, 0, 3, K, 0.57, K, NA, 1, 50, 2, NA
bm4219, 2, 1, 0, 2.71, 0, 0, 1, 1, 2, 0
bm4219, 2, 1, 0, 1.5, 0, 0, 1, 2, 2, 0
bm4219, 2, 0, 0, 0.59, 0, 0, 1, 3, 2, 0
bm4219, 2, 0, 1, 0.75, 1, 0, 1, 4, 2, 0
bm4219, 2, 0, 1, 0.69, 1, 0, 1, 5, 2, 0
bm4219, 2, 0, 0, 0.76, 0, 0, 1, 6, 2, 0
bm4219, 2, 1, 1, 1.17, 1, 0, 1, 7, 2, 0
bm4219, 2, 1, 0, 1.96, 0, 0, 1, 8, 2, 0
bm4219, 2, 1, 1, 2.1, 0, 0, 0, 9, 2, 0
bm4219, 2, 0, 0, 0.65, 0, 0, 1, 10, 2, 0
bm4219, 2, 1, 1, 0.9, 1, 0, 1, 11, 2, 0
bm4219, 2, 0, 1, 0.58, 1, 0, 1, 12, 2, 0
bm4219, 2, 0, 0, 0.87, 0, 0, 1, 13, 2, 0
bm4219, 2, 1, 0, 1.81, 0, 0, 1, 14, 2, 0
bm4219, 2, 1, 1, 0.68, 1, 0, 1, 15, 2, 0
bm4219, 2, 1, 1, 0.75, 1, 0, 1, 16, 2, 0
bm4219, 2, 0, 0, 0.63, 0, 0, 1, 17, 2, 0
bm4219, 2, 1, 0, 1.76, 0, 0, 1, 18, 2, 0
bm4219, 2, 0, 1, 0.56, 1, 0, 1, 19, 2, 0
bm4219, 2, 1, 0, 1.28, 0, 0, 1, 20, 2, 0
bm4219, 2, 0, 0, 0.72, 0, 0, 1, 21, 2, 0
bm4219, 2, 0, 1, 0.69, 1, 0, 1, 22, 2, 0
bm4219, 2, 0, 1, 0.56, 1, 0, 1, 23, 2, 0
bm4219, 2, 1, 0, 2.03, 0, 0, 1, 24, 2, 0
bm4219, 2, 0, 1, 0.71, 1, 0, 1, 25, 2, 0
bm4219, 2, 0, 0, 0.72, 0, 0, 1, 26, 2, 0
bm4219, 2, 1, 1, 1.62, 1, 0, 1, 27, 2, 0
bm4219, 2, 1, 0, 1.93, 0, 0, 1, 28, 2, 0
bm4219, 2, 0, 1, 0.65, 1, 0, 1, 29, 2, 0
bm4219, 2, 0, 0, 0.91, 0, 0, 1, 30, 2, 0
bm4219, 2, 1, 1, 0.78, 1, 0, 1, 31, 2, 0
bm4219, 2, 1, 1, 0.89, 1, 0, 1, 32, 2, 0
bm4219, 3, 0, 0, 1.1149, 0, 0, 1, 1, 2, 0
bm4219, 3, 0, 0, 0.64, 0, 0, 1, 2, 2, 0
bm4219, 3, 1, 1, 0.6804, 1, 0, 1, 3, 2, 0
bm4219, 3, 1, 1, 0.8472, 1, 0, 1, 4, 2, 0
bm4219, 3, 0, 1, 1.0393, 1, 0, 1, 5, 2, 0
bm4219, 3, 0, 1, 0.5839, 1, 0, 1, 6, 2, 0
bm4219, 3, 0, 1, 0.5789, 1, 0, 1, 7, 2, 0
bm4219, 3, 1, 0, 0.7019, 0, 0, 1, 8, 2, 0
bm4219, 3, 1, 0, 0.8842, 0, 0, 1, 9, 2, 0
bm4219, 3, 0, 0, 0.579, 0, 0, 1, 10, 2, 0
bm4219, 3, 1, 1, 0.6866, 1, 0, 1, 11, 2, 0
bm4219, 3, 0, 1, 0.4537, 1, 0, 1, 12, 2, 0
bm4219, 3, 0, 1, 0.4542, 1, 0, 1, 13, 2, 0
bm4219, 3, 1, 0, 0.6946, 0, 0, 1, 14, 2, 0
bm4219, 3, 0, 1, 0.5096, 1, 0, 1, 15, 2, 0
bm4219, 3, 1, 0, 0.6039, 0, 0, 1, 16, 2, 0
bm4219, 3, 0, 1, 0.4702, 1, 0, 1, 17, 2, 0
bm4219, 3, 0, 0, 0.566, 0, 0, 1, 18, 2, 0
bm4219, 3, 1, 0, 0.7705, 0, 0, 1, 19, 2, 0
bm4219, 3, 1, 1, 0.6779, 1, 0, 1, 20, 2, 0
bm4219, 3, 0, 0, 0.3812, 0, 0, 1, 21, 2, 0
bm4219, 3, 1, 0, 0.8162, 0, 0, 1, 22, 2, 0
bm4219, 3, 1, 1, 0.6896, 1, 0, 1, 23, 2, 0
bm4219, 3, 1, 0, 0.6166, 0, 0, 1, 24, 2, 0
bm4219, 3, 1, 1, 0.5622, 1, 0, 1, 25, 2, 0
bm4219, 3, 0, 0, 0.3986, 0, 0, 1, 26, 2, 0
bm4219, 3, 0, 1, 0.4491, 1, 0, 1, 27, 2, 0
bm4219, 3, 1, 1, 0.5464, 1, 0, 1, 28, 2, 0
bm4219, 3, 0, 0, 0.6555, 0, 0, 1, 29, 2, 0
bm4219, 3, 1, 0, 0.6958, 0, 0, 1, 30, 2, 0
bm4219, 3, 1, 0, 0.5908, 0, 0, 1, 31, 2, 0
bm4219, 3, 0, 1, 0.4576, 1, 0, 1, 32, 2, 0
bm4219, 1, -1, 1, 1.6897, 1, 0, 1, 1, 2, 0
bm4219, 1, 0, 1, 1.3013, 1, 0, 1, 2, 2, 0
bm4219, 1, 1, 0, 1.5674, 0, 0, 1, 3, 2, 0
bm4219, 1, -1, 1, 1.4855, 0, 0, 0, 4, 2, 0
bm4219, 1, -1, 0, 1.5069, 0, 0, 1, 5, 2, 0
bm4219, 1, 0, 0, 2.0214, 0, 0, 1, 6, 2, 0
bm4219, 1, 0, 1, 1.3314, 1, 0, 1, 7, 2, 0
bm4219, 1, 0, 0, 1.0527, 0, 0, 1, 8, 2, 0
bm4219, 1, 1, 0, 2.3522, 0, 0, 1, 9, 2, 0
bm4219, 1, 1, 1, 1.9031, 1, 0, 1, 10, 2, 0
bm4219, 1, 0, 0, 1.3139, 0, 0, 1, 11, 2, 0
bm4219, 1, 1, 0, 2.0112, 0, 0, 1, 12, 2, 0
bm4219, 1, 1, 1, 1.6558, 1, 0, 1, 13, 2, 0
bm4219, 1, 0, 0, 1.3167, 0, 0, 1, 14, 2, 0
bm4219, 1, 0, 1, 1.1355, 1, 0, 1, 15, 2, 0
bm4219, 1, 0, 1, 1.1209, 1, 0, 1, 16, 2, 0
bm4219, 1, -1, 1, 2.5618, 1, 0, 1, 17, 2, 0
bm4219, 1, 1, 1, 1.624, 1, 0, 1, 18, 2, 0
bm4219, 1, -1, 1, 1.541, 1, 0, 1, 19, 2, 0
bm4219, 1, -1, 1, 1.3327, 1, 0, 1, 20, 2, 0
bm4219, 1, -1, 0, 1.9973, 0, 0, 1, 21, 2, 0
bm4219, 1, 0, 0, 1.5159, 0, 0, 1, 22, 2, 0
bm4219, 1, 1, 0, 1.6289, 0, 0, 1, 23, 2, 0
bm4219, 1, 1, 1, 1.5459, 1, 0, 1, 24, 2, 0
bm4219, 1, 0, 0, 1.0192, 0, 0, 1, 25, 2, 0
bm4219, 1, 0, 0, 1.3781, 0, 0, 1, 26, 2, 0
bm4219, 1, 1, 0, 2.056, 0, 0, 1, 27, 2, 0
bm4219, 1, -1, 1, 3.3953, 1, 0, 1, 28, 2, 0
bm4219, 1, -1, 1, 1.9112, 1, 0, 1, 29, 2, 0
bm4219, 1, -1, 1, 1.6565, 1, 0, 1, 30, 2, 0
bm4219, 1, 1, 0, 1.8441, 0, 0, 1, 31, 2, 0
bm4219, 1, 1, 0, 2.2004, 0, 0, 1, 32, 2, 0
