sub, task, cond1, cond2, rt, inputResp, training, accuracy, trial, block, 2fast
bm4206, 0, 8, J, 1.07, J, NA, 1, 1, 1, NA
bm4206, 0, 8, J, 1.76, J, NA, 1, 2, 1, NA
bm4206, 0, 8, A, 1.06, A, NA, 1, 3, 1, NA
bm4206, 0, 8, J, 1.03, J, NA, 1, 4, 1, NA
bm4206, 0, 8, A, 1.01, A, NA, 1, 5, 1, NA
bm4206, 0, 7, L, 0.79, L, NA, 1, 6, 1, NA
bm4206, 0, 7, S, 0.83, S, NA, 1, 7, 1, NA
bm4206, 0, 6, K, 1.15, K, NA, 1, 8, 1, NA
bm4206, 0, 6, S, 0.99, S, NA, 1, 9, 1, NA
bm4206, 0, 5, S, 0.83, S, NA, 1, 10, 1, NA
bm4206, 0, 5, G, 1.0, G, NA, 1, 11, 1, NA
bm4206, 0, 4, G, 0.77, G, NA, 1, 12, 1, NA
bm4206, 0, 5, F, 1.85, G, NA, 0, 13, 1, NA
bm4206, 0, 5, A, 0.98, A, NA, 1, 14, 1, NA
bm4206, 0, 4, F, 0.84, F, NA, 1, 15, 1, NA
bm4206, 0, 4, G, 1.03, G, NA, 1, 16, 1, NA
bm4206, 0, 3, S, 0.79, S, NA, 1, 17, 1, NA
bm4206, 0, 3, L, 1.62, L, NA, 1, 18, 1, NA
bm4206, 0, 2, D, 1.72, D, NA, 1, 19, 1, NA
bm4206, 0, 2, S, 0.9, S, NA, 1, 20, 1, NA
bm4206, 0, 1, S, 0.7, S, NA, 1, 21, 1, NA
bm4206, 0, 2, L, 2.79, A, NA, 0, 22, 1, NA
bm4206, 0, 3, H, 1.41, G, NA, 0, 23, 1, NA
bm4206, 0, 4, H, 1.42, G, NA, 0, 24, 1, NA
bm4206, 0, 4, J, 1.09, J, NA, 1, 25, 1, NA
bm4206, 0, 3, K, 0.79, K, NA, 1, 26, 1, NA
bm4206, 0, 4, L, 2.21, A, NA, 0, 27, 1, NA
bm4206, 0, 4, A, 0.9, A, NA, 1, 28, 1, NA
bm4206, 0, 3, L, 1.01, L, NA, 1, 29, 1, NA
bm4206, 0, 3, J, 0.9, J, NA, 1, 30, 1, NA
bm4206, 0, 2, K, 0.86, K, NA, 1, 31, 1, NA
bm4206, 0, 2, L, 1.41, L, NA, 1, 32, 1, NA
bm4206, 0, 1, D, 0.84, D, NA, 1, 33, 1, NA
bm4206, 0, 1, G, 1.56, G, NA, 1, 34, 1, NA
bm4206, 0, 2, H, 2.76, G, NA, 0, 35, 1, NA
bm4206, 0, 3, D, 1.22, A, NA, 0, 36, 1, NA
bm4206, 0, 3, L, 1.12, L, NA, 1, 37, 1, NA
bm4206, 0, 2, A, 0.95, A, NA, 1, 38, 1, NA
bm4206, 0, 3, A, 1.72, G, NA, 0, 39, 1, NA
bm4206, 0, 4, F, 2.26, A, NA, 0, 40, 1, NA
bm4206, 0, 4, D, 0.97, D, NA, 1, 41, 1, NA
bm4206, 0, 3, F, 0.88, F, NA, 1, 42, 1, NA
bm4206, 0, 3, J, 0.97, J, NA, 1, 43, 1, NA
bm4206, 0, 2, J, 0.99, J, NA, 1, 44, 1, NA
bm4206, 0, 2, S, 0.87, S, NA, 1, 45, 1, NA
bm4206, 0, 3, J, 1.53, G, NA, 0, 46, 1, NA
bm4206, 0, 3, J, 0.99, J, NA, 1, 47, 1, NA
bm4206, 0, 2, K, 1.51, K, NA, 1, 48, 1, NA
bm4206, 0, 2, A, 1.11, A, NA, 1, 49, 1, NA
bm4206, 0, 1, L, 2.28, L, NA, 1, 50, 1, NA
bm4206, 2, 0, 1, 3.71, 1, 1, 1, 1, 1, 0
bm4206, 2, 0, 1, 1.23, 1, 1, 1, 2, 1, 0
bm4206, 2, 1, 1, 1.43, 1, 1, 1, 3, 1, 0
bm4206, 2, 0, 0, 6.36, 0, 1, 1, 4, 1, 0
bm4206, 2, 1, 1, 1.38, 1, 1, 1, 5, 1, 0
bm4206, 2, 1, 0, 2.75, 1, 1, 0, 6, 1, 0
bm4206, 2, 0, 0, 0.86, 0, 1, 1, 7, 1, 0
bm4206, 2, 1, 0, 2.18, 0, 1, 1, 8, 1, 0
bm4206, 2, 0, 1, 1.35, 1, 1, 1, 9, 1, 0
bm4206, 2, 1, 0, 2.59, 0, 1, 1, 10, 1, 0
bm4206, 2, 0, 0, 2.71, 0, 0, 1, 1, 1, 0
bm4206, 2, 0, 1, 0.94, 1, 0, 1, 2, 1, 0
bm4206, 2, 1, 0, 6.92, 0, 0, 1, 3, 1, 0
bm4206, 2, 1, 0, 3.1, 0, 0, 1, 4, 1, 0
bm4206, 2, 0, 0, 0.79, 0, 0, 1, 5, 1, 0
bm4206, 2, 0, 1, 0.73, 1, 0, 1, 6, 1, 0
bm4206, 2, 1, 1, 0.78, 1, 0, 1, 7, 1, 0
bm4206, 2, 0, 1, 0.66, 1, 0, 1, 8, 1, 0
bm4206, 2, 1, 1, 0.97, 1, 0, 1, 9, 1, 0
bm4206, 2, 1, 0, 2.81, 0, 0, 1, 10, 1, 0
bm4206, 2, 1, 1, 0.66, 1, 0, 1, 11, 1, 0
bm4206, 2, 1, 1, 1.01, 1, 0, 1, 12, 1, 0
bm4206, 2, 1, 1, 1.08, 1, 0, 1, 13, 1, 0
bm4206, 2, 0, 1, 0.71, 1, 0, 1, 14, 1, 0
bm4206, 2, 0, 1, 0.6, 1, 0, 1, 15, 1, 0
bm4206, 2, 0, 0, 0.87, 0, 0, 1, 16, 1, 0
bm4206, 2, 0, 0, 1.35, 0, 0, 1, 17, 1, 0
bm4206, 2, 0, 1, 0.73, 1, 0, 1, 18, 1, 0
bm4206, 2, 1, 0, 2.19, 0, 0, 1, 19, 1, 0
bm4206, 2, 0, 0, 1.32, 0, 0, 1, 20, 1, 0
bm4206, 2, 1, 0, 2.5, 0, 0, 1, 21, 1, 0
bm4206, 2, 0, 1, 1.59, 1, 0, 1, 22, 1, 0
bm4206, 2, 1, 0, 1.77, 0, 0, 1, 23, 1, 0
bm4206, 2, 1, 0, 2.45, 0, 0, 1, 24, 1, 0
bm4206, 2, 0, 1, 0.77, 1, 0, 1, 25, 1, 0
bm4206, 2, 0, 0, 0.82, 0, 0, 1, 26, 1, 0
bm4206, 2, 1, 0, 2.94, 0, 0, 1, 27, 1, 0
bm4206, 2, 0, 0, 0.71, 0, 0, 1, 28, 1, 0
bm4206, 2, 1, 0, 1.45, 0, 0, 1, 29, 1, 0
bm4206, 2, 1, 1, 1.01, 1, 0, 1, 30, 1, 0
bm4206, 2, 1, 1, 0.81, 1, 0, 1, 31, 1, 0
bm4206, 2, 0, 1, 0.91, 1, 0, 1, 32, 1, 0
bm4206, 3, 0, 1, 1.4583, 1, 1, 1, 1, 1, 0
bm4206, 3, 1, 1, 0.8253, 1, 1, 1, 2, 1, 0
bm4206, 3, 1, 1, 1.7379, 1, 1, 1, 3, 1, 0
bm4206, 3, 1, 1, 1.3493, 1, 1, 1, 4, 1, 0
bm4206, 3, 0, 0, 0.48, 0, 1, 1, 5, 1, 0
bm4206, 3, 1, 0, 1.1664, 0, 1, 1, 6, 1, 0
bm4206, 3, 0, 0, 0.945, 0, 1, 1, 7, 1, 0
bm4206, 3, 0, 0, 0.5252, 0, 1, 1, 8, 1, 0
bm4206, 3, 0, 0, 0.602, 0, 1, 1, 9, 1, 0
bm4206, 3, 1, 1, 0.6117, 1, 1, 1, 10, 1, 0
bm4206, 3, 0, 1, 0.8389, 1, 0, 1, 1, 1, 0
bm4206, 3, 1, 1, 1.0311, 1, 0, 1, 2, 1, 0
bm4206, 3, 0, 1, 0.4476, 1, 0, 1, 3, 1, 0
bm4206, 3, 0, 1, 0.5281, 1, 0, 1, 4, 1, 0
bm4206, 3, 1, 0, 0.6044, 0, 0, 1, 5, 1, 0
bm4206, 3, 0, 0, 0.3581, 0, 0, 1, 6, 1, 0
bm4206, 3, 1, 0, 0.938, 0, 0, 1, 7, 1, 0
bm4206, 3, 1, 1, 1.0453, 1, 0, 1, 8, 1, 0
bm4206, 3, 0, 1, 0.5245, 1, 0, 1, 9, 1, 0
bm4206, 3, 1, 0, 0.649, 0, 0, 1, 10, 1, 0
bm4206, 3, 0, 1, 0.4326, 1, 0, 1, 11, 1, 0
bm4206, 3, 1, 1, 0.817, 1, 0, 1, 12, 1, 0
bm4206, 3, 0, 1, 0.3857, 1, 0, 1, 13, 1, 0
bm4206, 3, 0, 1, 0.5164, 1, 0, 1, 14, 1, 0
bm4206, 3, 0, 0, 1.1854, 0, 0, 1, 15, 1, 0
bm4206, 3, 0, 1, 0.4831, 1, 0, 1, 16, 1, 0
bm4206, 3, 1, 0, 0.8977, 0, 0, 1, 17, 1, 0
bm4206, 3, 1, 0, 1.1831, 1, 0, 0, 18, 1, 0
bm4206, 3, 1, 1, -2.3019, 0, 0, 0, 19, 1, 1
bm4206, 3, 1, 0, 1.4456, 0, 0, 1, 20, 1, 0
bm4206, 3, 1, 0, 1.4841, 0, 0, 1, 21, 1, 0
bm4206, 3, 1, 0, 0.6897, 0, 0, 1, 22, 1, 0
bm4206, 3, 0, 0, 1.2072, 0, 0, 1, 23, 1, 0
bm4206, 3, 1, 1, 0.7922, 1, 0, 1, 24, 1, 0
bm4206, 3, 1, 1, 1.0505, 1, 0, 1, 25, 1, 0
bm4206, 3, 1, 0, 1.6658, 0, 0, 1, 26, 1, 0
bm4206, 3, 0, 0, 0.5595, 0, 0, 1, 27, 1, 0
bm4206, 3, 1, 0, 0.9387, 0, 0, 1, 28, 1, 0
bm4206, 3, 0, 1, 0.4065, 1, 0, 1, 29, 1, 0
bm4206, 3, 0, 0, 0.4717, 0, 0, 1, 30, 1, 0
bm4206, 3, 0, 0, 0.7909, 0, 0, 1, 31, 1, 0
bm4206, 3, 0, 1, 0.5851, 0, 0, 0, 32, 1, 0
bm4206, 1, -1, 0, 13.9094, 0, 1, 1, 1, 1, 0
bm4206, 1, 0, 0, 5.8994, 0, 1, 1, 2, 1, 0
bm4206, 1, 1, 1, 2.3608, 1, 1, 1, 3, 1, 0
bm4206, 1, 1, 1, 1.7351, 1, 1, 1, 4, 1, 0
bm4206, 1, 0, 0, 3.6159, 0, 1, 1, 5, 1, 0
bm4206, 1, 1, 0, 2.091, 0, 1, 1, 6, 1, 0
bm4206, 1, -1, 0, 6.1642, 0, 1, 1, 7, 1, 0
bm4206, 1, 0, 1, 1.304, 1, 1, 1, 8, 1, 0
bm4206, 1, -1, 1, 2.4181, 1, 1, 1, 9, 1, 0
bm4206, 1, 0, 1, 0.9435, 1, 1, 1, 10, 1, 0
bm4206, 1, -1, 0, 3.4317, 0, 0, 1, 1, 1, 0
bm4206, 1, 1, 1, 1.819, 1, 0, 1, 2, 1, 0
bm4206, 1, -1, 0, 3.1025, 0, 0, 1, 3, 1, 0
bm4206, 1, -1, 1, 3.3425, 1, 0, 1, 4, 1, 0
bm4206, 1, 1, 1, 3.6371, 1, 0, 1, 5, 1, 0
bm4206, 1, 0, 1, 0.8007, 1, 0, 1, 6, 1, 0
bm4206, 1, 0, 0, 1.6805, 0, 0, 1, 7, 1, 0
bm4206, 1, 0, 1, 1.4676, 0, 0, 0, 8, 1, 0
bm4206, 1, -1, 1, 4.4182, 1, 0, 1, 9, 1, 0
bm4206, 1, 1, 0, 2.4291, 0, 0, 1, 10, 1, 0
bm4206, 1, 1, 0, 2.0733, 0, 0, 1, 11, 1, 0
bm4206, 1, 0, 1, 1.1413, 1, 0, 1, 12, 1, 0
bm4206, 1, -1, 0, 2.7901, 0, 0, 1, 13, 1, 0
bm4206, 1, 0, 0, 2.0207, 0, 0, 1, 14, 1, 0
bm4206, 1, -1, 1, 3.5532, 1, 0, 1, 15, 1, 0
bm4206, 1, 0, 0, 2.2563, 0, 0, 1, 16, 1, 0
bm4206, 1, 0, 0, 1.4448, 0, 0, 1, 17, 1, 0
bm4206, 1, 0, 0, 1.066, 0, 0, 1, 18, 1, 0
bm4206, 1, -1, 1, 2.3335, 1, 0, 1, 19, 1, 0
bm4206, 1, -1, 1, 3.4859, 1, 0, 1, 20, 1, 0
bm4206, 1, -1, 0, 2.3184, 0, 0, 1, 21, 1, 0
bm4206, 1, 1, 0, 1.5986, 0, 0, 1, 22, 1, 0
bm4206, 1, -1, 0, 3.949, 0, 0, 1, 23, 1, 0
bm4206, 1, 0, 1, 1.0356, 1, 0, 1, 24, 1, 0
bm4206, 1, 0, 1, 0.834, 1, 0, 1, 25, 1, 0
bm4206, 1, 1, 0, 2.0784, 0, 0, 1, 26, 1, 0
bm4206, 1, 1, 1, 2.569, 1, 0, 1, 27, 1, 0
bm4206, 1, 1, 1, 2.143, 1, 0, 1, 28, 1, 0
bm4206, 1, 1, 0, 1.9742, 0, 0, 1, 29, 1, 0
bm4206, 1, 1, 0, 2.7728, 0, 0, 1, 30, 1, 0
bm4206, 1, 0, 1, 0.9641, 1, 0, 1, 31, 1, 0
bm4206, 1, -1, 1, 3.2126, 1, 0, 1, 32, 1, 0
bm4206, 0, 4, H, 1.2, H, NA, 1, 1, 2, NA
bm4206, 0, 4, H, 0.7, H, NA, 1, 2, 2, NA
bm4206, 0, 4, J, 0.99, J, NA, 1, 3, 2, NA
bm4206, 0, 4, G, 1.11, G, NA, 1, 4, 2, NA
bm4206, 0, 4, A, 1.22, A, NA, 1, 5, 2, NA
bm4206, 0, 3, K, 1.17, K, NA, 1, 6, 2, NA
bm4206, 0, 3, J, 1.06, J, NA, 1, 7, 2, NA
bm4206, 0, 2, S, 1.35, S, NA, 1, 8, 2, NA
bm4206, 0, 2, A, 1.13, A, NA, 1, 9, 2, NA
bm4206, 0, 3, H, 1.89, G, NA, 0, 10, 2, NA
bm4206, 0, 3, H, 1.31, H, NA, 1, 11, 2, NA
bm4206, 0, 2, D, 1.99, D, NA, 1, 12, 2, NA
bm4206, 0, 2, A, 0.85, A, NA, 1, 13, 2, NA
bm4206, 0, 1, F, 0.91, F, NA, 1, 14, 2, NA
bm4206, 0, 2, D, 1.96, G, NA, 0, 15, 2, NA
bm4206, 0, 3, K, 1.84, G, NA, 0, 16, 2, NA
bm4206, 0, 4, L, 1.84, G, NA, 0, 17, 2, NA
bm4206, 0, 4, A, 1.28, A, NA, 1, 18, 2, NA
bm4206, 0, 3, K, 1.31, K, NA, 1, 19, 2, NA
bm4206, 0, 3, S, 0.96, S, NA, 1, 20, 2, NA
bm4206, 0, 2, D, 0.83, D, NA, 1, 21, 2, NA
bm4206, 0, 2, J, 1.47, J, NA, 1, 22, 2, NA
bm4206, 0, 1, A, 0.66, A, NA, 1, 23, 2, NA
bm4206, 0, 2, H, 1.35, G, NA, 0, 24, 2, NA
bm4206, 0, 2, G, 0.64, G, NA, 1, 25, 2, NA
bm4206, 0, 3, G, 2.38, D, NA, 0, 26, 2, NA
bm4206, 0, 3, H, 1.78, H, NA, 1, 27, 2, NA
bm4206, 0, 2, S, 1.04, S, NA, 1, 28, 2, NA
bm4206, 0, 2, D, 0.9, D, NA, 1, 29, 2, NA
bm4206, 0, 1, A, 0.93, A, NA, 1, 30, 2, NA
bm4206, 0, 2, H, 1.26, G, NA, 0, 31, 2, NA
bm4206, 0, 2, A, 0.65, A, NA, 1, 32, 2, NA
bm4206, 0, 1, L, 1.47, L, NA, 1, 33, 2, NA
bm4206, 0, 1, A, 0.81, A, NA, 1, 34, 2, NA
bm4206, 0, 2, D, 1.69, G, NA, 0, 35, 2, NA
bm4206, 0, 2, D, 0.98, D, NA, 1, 36, 2, NA
bm4206, 0, 1, A, 0.83, A, NA, 1, 37, 2, NA
bm4206, 0, 2, H, 0.97, G, NA, 0, 38, 2, NA
bm4206, 0, 3, H, 1.57, G, NA, 0, 39, 2, NA
bm4206, 0, 3, K, 1.36, K, NA, 1, 40, 2, NA
bm4206, 0, 2, F, 1.14, F, NA, 1, 41, 2, NA
bm4206, 0, 2, H, 1.05, H, NA, 1, 42, 2, NA
bm4206, 0, 3, F, 1.26, G, NA, 0, 43, 2, NA
bm4206, 0, 3, H, 1.0, H, NA, 1, 44, 2, NA
bm4206, 0, 2, H, 0.84, H, NA, 1, 45, 2, NA
bm4206, 0, 2, J, 0.98, J, NA, 1, 46, 2, NA
bm4206, 0, 1, D, 1.36, D, NA, 1, 47, 2, NA
bm4206, 0, 2, D, 1.03, G, NA, 0, 48, 2, NA
bm4206, 0, 2, K, 1.84, K, NA, 1, 49, 2, NA
bm4206, 0, 1, S, 1.07, S, NA, 1, 50, 2, NA
bm4206, 2, 1, 0, 2.48, 0, 0, 1, 1, 2, 0
bm4206, 2, 1, 0, 2.69, 0, 0, 1, 2, 2, 0
bm4206, 2, 0, 1, 0.69, 1, 0, 1, 3, 2, 0
bm4206, 2, 1, 1, 0.73, 1, 0, 1, 4, 2, 0
bm4206, 2, 1, 0, 1.6, 0, 0, 1, 5, 2, 0
bm4206, 2, 0, 1, 0.63, 1, 0, 1, 6, 2, 0
bm4206, 2, 1, 1, 1.04, 1, 0, 1, 7, 2, 0
bm4206, 2, 0, 0, 0.7, 0, 0, 1, 8, 2, 0
bm4206, 2, 1, 1, 0.85, 1, 0, 1, 9, 2, 0
bm4206, 2, 0, 0, 0.61, 0, 0, 1, 10, 2, 0
bm4206, 2, 1, 1, 2.16, 1, 0, 1, 11, 2, 0
bm4206, 2, 0, 0, 1.05, 0, 0, 1, 12, 2, 0
bm4206, 2, 1, 0, 2.36, 0, 0, 1, 13, 2, 0
bm4206, 2, 0, 0, 1.88, 0, 0, 1, 14, 2, 0
bm4206, 2, 0, 1, 0.79, 1, 0, 1, 15, 2, 0
bm4206, 2, 0, 1, 0.79, 1, 0, 1, 16, 2, 0
bm4206, 2, 1, 1, 1.48, 1, 0, 1, 17, 2, 0
bm4206, 2, 1, 0, 2.75, 0, 0, 1, 18, 2, 0
bm4206, 2, 1, 1, 1.0, 1, 0, 1, 19, 2, 0
bm4206, 2, 0, 0, 0.75, 0, 0, 1, 20, 2, 0
bm4206, 2, 0, 0, 0.71, 0, 0, 1, 21, 2, 0
bm4206, 2, 1, 0, 2.69, 0, 0, 1, 22, 2, 0
bm4206, 2, 1, 0, 2.85, 0, 0, 1, 23, 2, 0
bm4206, 2, 0, 1, 0.66, 1, 0, 1, 24, 2, 0
bm4206, 2, 1, 0, 2.48, 0, 0, 1, 25, 2, 0
bm4206, 2, 1, 0, 3.97, 0, 0, 1, 26, 2, 0
bm4206, 2, 0, 1, 0.66, 1, 0, 1, 27, 2, 0
bm4206, 2, 0, 0, 0.79, 0, 0, 1, 28, 2, 0
bm4206, 2, 0, 1, 0.62, 1, 0, 1, 29, 2, 0
bm4206, 2, 0, 1, 1.04, 1, 0, 1, 30, 2, 0
bm4206, 2, 1, 1, 0.9, 1, 0, 1, 31, 2, 0
bm4206, 2, 0, 1, 1.01, 1, 0, 1, 32, 2, 0
bm4206, 3, 1, 1, 0.9585, 1, 0, 1, 1, 2, 0
bm4206, 3, 1, 1, 0.7148, 1, 0, 1, 2, 2, 0
bm4206, 3, 1, 0, 0.7528, 0, 0, 1, 3, 2, 0
bm4206, 3, 0, 0, 0.6137, 0, 0, 1, 4, 2, 0
bm4206, 3, 0, 0, 0.432, 0, 0, 1, 5, 2, 0
bm4206, 3, 0, 1, 0.3538, 1, 0, 1, 6, 2, 0
bm4206, 3, 1, 1, 0.7905, 1, 0, 1, 7, 2, 0
bm4206, 3, 1, 1, 0.8253, 1, 0, 1, 8, 2, 0
bm4206, 3, 0, 1, 0.5708, 1, 0, 1, 9, 2, 0
bm4206, 3, 0, 0, 0.4546, 0, 0, 1, 10, 2, 0
bm4206, 3, 1, 0, 0.711, 0, 0, 1, 11, 2, 0
bm4206, 3, 1, 1, 0.8771, 1, 0, 1, 12, 2, 0
bm4206, 3, 1, 0, 1.5166, 0, 0, 1, 13, 2, 0
bm4206, 3, 1, 0, 0.8174, 0, 0, 1, 14, 2, 0
bm4206, 3, 0, 0, 0.4356, 0, 0, 1, 15, 2, 0
bm4206, 3, 1, 1, 0.5008, 1, 0, 1, 16, 2, 0
bm4206, 3, 1, 1, 0.8039, 1, 0, 1, 17, 2, 0
bm4206, 3, 0, 1, 0.5663, 1, 0, 1, 18, 2, 0
bm4206, 3, 0, 1, 0.3864, 1, 0, 1, 19, 2, 0
bm4206, 3, 0, 1, 0.5656, 1, 0, 1, 20, 2, 0
bm4206, 3, 0, 0, 0.6896, 0, 0, 1, 21, 2, 0
bm4206, 3, 1, 1, 0.6003, 1, 0, 1, 22, 2, 0
bm4206, 3, 0, 0, 0.4353, 0, 0, 1, 23, 2, 0
bm4206, 3, 1, 1, 0.6126, 1, 0, 1, 24, 2, 0
bm4206, 3, 1, 0, 1.4229, 0, 0, 1, 25, 2, 0
bm4206, 3, 0, 0, 0.8877, 0, 0, 1, 26, 2, 0
bm4206, 3, 0, 0, 0.4864, 0, 0, 1, 27, 2, 0
bm4206, 3, 1, 1, 0.7897, 1, 0, 1, 28, 2, 0
bm4206, 3, 0, 0, 1.2723, 0, 0, 1, 29, 2, 0
bm4206, 3, 0, 0, 0.4875, 0, 0, 1, 30, 2, 0
bm4206, 3, 0, 1, 1.1584, 1, 0, 1, 31, 2, 0
bm4206, 3, 1, 0, 0.5543, 0, 0, 1, 32, 2, 0
bm4206, 1, -1, 1, 2.5001, 1, 0, 1, 1, 2, 0
bm4206, 1, -1, 1, 2.1415, 1, 0, 1, 2, 2, 0
bm4206, 1, 0, 1, 0.7108, 1, 0, 1, 3, 2, 0
bm4206, 1, -1, 0, 2.6654, 0, 0, 1, 4, 2, 0
bm4206, 1, 1, 1, 1.948, 1, 0, 1, 5, 2, 0
bm4206, 1, -1, 0, 2.0119, 1, 0, 0, 6, 2, 0
bm4206, 1, -1, 0, 2.2367, 0, 0, 1, 7, 2, 0
bm4206, 1, 0, 1, 1.5223, 1, 0, 1, 8, 2, 0
bm4206, 1, 0, 0, 1.3177, 0, 0, 1, 9, 2, 0
bm4206, 1, -1, 0, 1.5989, 0, 0, 1, 10, 2, 0
bm4206, 1, 1, 1, 2.0455, 1, 0, 1, 11, 2, 0
bm4206, 1, 1, 1, 3.0975, 1, 0, 1, 12, 2, 0
bm4206, 1, 1, 0, 2.6983, 0, 0, 1, 13, 2, 0
bm4206, 1, -1, 1, 1.9794, 1, 0, 1, 14, 2, 0
bm4206, 1, -1, 0, 1.6901, 0, 0, 1, 15, 2, 0
bm4206, 1, 0, 0, 0.6938, 0, 0, 1, 16, 2, 0
bm4206, 1, 0, 0, 0.8577, 0, 0, 1, 17, 2, 0
bm4206, 1, 1, 1, 1.5735, 1, 0, 1, 18, 2, 0
bm4206, 1, -1, 1, 2.5005, 1, 0, 1, 19, 2, 0
bm4206, 1, 0, 0, 0.8947, 0, 0, 1, 20, 2, 0
bm4206, 1, 0, 1, 0.795, 1, 0, 1, 21, 2, 0
bm4206, 1, 1, 0, 3.3696, 0, 0, 1, 22, 2, 0
bm4206, 1, 1, 0, 2.0637, 0, 0, 1, 23, 2, 0
bm4206, 1, 1, 1, 1.6108, 1, 0, 1, 24, 2, 0
bm4206, 1, 1, 0, 2.2006, 0, 0, 1, 25, 2, 0
bm4206, 1, 0, 0, 1.1509, 0, 0, 1, 26, 2, 0
bm4206, 1, 1, 1, 3.8551, 1, 0, 1, 27, 2, 0
bm4206, 1, -1, 1, 2.0806, 1, 0, 1, 28, 2, 0
bm4206, 1, 0, 0, 1.4044, 0, 0, 1, 29, 2, 0
bm4206, 1, 1, 0, 2.6104, 0, 0, 1, 30, 2, 0
bm4206, 1, 0, 1, 1.1118, 1, 0, 1, 31, 2, 0
bm4206, 1, 1, 1, 3.1778, 1, 0, 1, 32, 2, 0
