sub, task, cond1, cond2, rt, inputResp, training, accuracy, trial, block, 2fast
bm4202, 0, 8, K, 1.8, K, NA, 1, 1, 1, NA
bm4202, 0, 8, F, 1.5, F, NA, 1, 2, 1, NA
bm4202, 0, 8, D, 1.38, D, NA, 1, 3, 1, NA
bm4202, 0, 8, F, 1.27, F, NA, 1, 4, 1, NA
bm4202, 0, 8, H, 1.15, H, NA, 1, 5, 1, NA
bm4202, 0, 7, K, 1.17, K, NA, 1, 6, 1, NA
bm4202, 0, 7, S, 1.6, S, NA, 1, 7, 1, NA
bm4202, 0, 6, J, 1.22, J, NA, 1, 8, 1, NA
bm4202, 0, 6, H, 1.25, H, NA, 1, 9, 1, NA
bm4202, 0, 5, J, 1.18, J, NA, 1, 10, 1, NA
bm4202, 0, 5, A, 1.25, A, NA, 1, 11, 1, NA
bm4202, 0, 4, J, 1.12, J, NA, 1, 12, 1, NA
bm4202, 0, 4, F, 1.31, F, NA, 1, 13, 1, NA
bm4202, 0, 3, G, 1.09, G, NA, 1, 14, 1, NA
bm4202, 0, 3, F, 1.2, F, NA, 1, 15, 1, NA
bm4202, 0, 2, S, 1.23, S, NA, 1, 16, 1, NA
bm4202, 0, 2, L, 1.26, L, NA, 1, 17, 1, NA
bm4202, 0, 1, G, 1.41, G, NA, 1, 18, 1, NA
bm4202, 0, 2, K, 3.2, G, NA, 0, 19, 1, NA
bm4202, 0, 2, L, 1.55, L, NA, 1, 20, 1, NA
bm4202, 0, 1, K, 1.17, K, NA, 1, 21, 1, NA
bm4202, 0, 2, L, 1.82, G, NA, 0, 22, 1, NA
bm4202, 0, 2, A, 1.12, A, NA, 1, 23, 1, NA
bm4202, 0, 1, S, 1.31, S, NA, 1, 24, 1, NA
bm4202, 0, 2, A, 3.38, G, NA, 0, 25, 1, NA
bm4202, 0, 3, H, 1.55, G, NA, 0, 26, 1, NA
bm4202, 0, 3, A, 1.03, A, NA, 1, 27, 1, NA
bm4202, 0, 2, D, 1.1, D, NA, 1, 28, 1, NA
bm4202, 0, 2, G, 1.44, G, NA, 1, 29, 1, NA
bm4202, 0, 1, S, 1.37, S, NA, 1, 30, 1, NA
bm4202, 0, 2, L, 2.45, D, NA, 0, 31, 1, NA
bm4202, 0, 2, J, 1.15, J, NA, 1, 32, 1, NA
bm4202, 0, 1, L, 2.17, L, NA, 1, 33, 1, NA
bm4202, 0, 2, G, 2.4, A, NA, 0, 34, 1, NA
bm4202, 0, 2, A, 1.69, A, NA, 1, 35, 1, NA
bm4202, 0, 1, A, 1.6, A, NA, 1, 36, 1, NA
bm4202, 0, 2, L, 2.19, A, NA, 0, 37, 1, NA
bm4202, 0, 3, H, 1.37, L, NA, 0, 38, 1, NA
bm4202, 0, 3, D, 2.3, D, NA, 1, 39, 1, NA
bm4202, 0, 2, L, 1.26, L, NA, 1, 40, 1, NA
bm4202, 0, 2, A, 1.24, A, NA, 1, 41, 1, NA
bm4202, 0, 1, F, 1.45, F, NA, 1, 42, 1, NA
bm4202, 0, 2, K, 1.6, D, NA, 0, 43, 1, NA
bm4202, 0, 2, S, 1.26, S, NA, 1, 44, 1, NA
bm4202, 0, 1, F, 1.7, F, NA, 1, 45, 1, NA
bm4202, 0, 2, G, 1.89, F, NA, 0, 46, 1, NA
bm4202, 0, 3, L, 3.89, K, NA, 0, 47, 1, NA
bm4202, 0, 3, A, 1.15, A, NA, 1, 48, 1, NA
bm4202, 0, 2, J, 1.31, J, NA, 1, 49, 1, NA
bm4202, 0, 2, S, 1.09, S, NA, 1, 50, 1, NA
bm4202, 2, 1, 0, 8.31, 0, 1, 1, 1, 1, 0
bm4202, 2, 1, 0, 3.78, 0, 1, 1, 2, 1, 0
bm4202, 2, 0, 1, 1.26, 1, 1, 1, 3, 1, 0
bm4202, 2, 1, 1, 0.96, 1, 1, 1, 4, 1, 0
bm4202, 2, 0, 0, 0.89, 0, 1, 1, 5, 1, 0
bm4202, 2, 0, 1, 0.78, 1, 1, 1, 6, 1, 0
bm4202, 2, 0, 0, 0.74, 0, 1, 1, 7, 1, 0
bm4202, 2, 1, 1, 0.95, 1, 1, 1, 8, 1, 0
bm4202, 2, 0, 0, 1.25, 0, 1, 1, 9, 1, 0
bm4202, 2, 1, 1, 0.84, 1, 1, 1, 10, 1, 0
bm4202, 2, 1, 0, 1.92, 0, 0, 1, 1, 1, 0
bm4202, 2, 1, 0, 1.69, 0, 0, 1, 2, 1, 0
bm4202, 2, 0, 0, 0.65, 0, 0, 1, 3, 1, 0
bm4202, 2, 0, 1, 0.71, 1, 0, 1, 4, 1, 0
bm4202, 2, 0, 1, 0.76, 1, 0, 1, 5, 1, 0
bm4202, 2, 1, 1, 0.77, 1, 0, 1, 6, 1, 0
bm4202, 2, 0, 0, 0.92, 0, 0, 1, 7, 1, 0
bm4202, 2, 0, 0, 0.53, 0, 0, 1, 8, 1, 0
bm4202, 2, 1, 0, 1.47, 0, 0, 1, 9, 1, 0
bm4202, 2, 0, 1, 0.79, 1, 0, 1, 10, 1, 0
bm4202, 2, 0, 0, 0.83, 0, 0, 1, 11, 1, 0
bm4202, 2, 0, 0, 0.53, 0, 0, 1, 12, 1, 0
bm4202, 2, 0, 1, 0.64, 1, 0, 1, 13, 1, 0
bm4202, 2, 0, 1, 0.7, 1, 0, 1, 14, 1, 0
bm4202, 2, 1, 0, 1.22, 0, 0, 1, 15, 1, 0
bm4202, 2, 1, 1, 0.55, 1, 0, 1, 16, 1, 0
bm4202, 2, 1, 1, 0.59, 1, 0, 1, 17, 1, 0
bm4202, 2, 1, 1, 0.87, 1, 0, 1, 18, 1, 0
bm4202, 2, 1, 0, 0.89, 0, 0, 1, 19, 1, 0
bm4202, 2, 0, 1, 0.65, 1, 0, 1, 20, 1, 0
bm4202, 2, 1, 0, 1.54, 0, 0, 1, 21, 1, 0
bm4202, 2, 1, 1, 0.66, 1, 0, 1, 22, 1, 0
bm4202, 2, 1, 0, 0.77, 0, 0, 1, 23, 1, 0
bm4202, 2, 0, 1, 0.55, 1, 0, 1, 24, 1, 0
bm4202, 2, 0, 0, 0.66, 0, 0, 1, 25, 1, 0
bm4202, 2, 0, 0, 0.49, 0, 0, 1, 26, 1, 0
bm4202, 2, 0, 1, 0.47, 0, 0, 0, 27, 1, 0
bm4202, 2, 1, 0, 2.46, 0, 0, 1, 28, 1, 0
bm4202, 2, 1, 1, 2.73, 1, 0, 1, 29, 1, 0
bm4202, 2, 0, 0, 0.64, 0, 0, 1, 30, 1, 0
bm4202, 2, 1, 1, 1.51, 1, 0, 1, 31, 1, 0
bm4202, 2, 1, 1, 2.37, 1, 0, 1, 32, 1, 0
bm4202, 3, 1, 1, 5.3096, 0, 1, 0, 1, 1, 0
bm4202, 3, 1, 1, 6.9865, 0, 1, 0, 2, 1, 0
bm4202, 3, 0, 1, 2.3706, 1, 1, 1, 3, 1, 0
bm4202, 3, 0, 0, 0.8517, 0, 1, 1, 4, 1, 0
bm4202, 3, 1, 0, 1.1873, 0, 1, 1, 5, 1, 0
bm4202, 3, 0, 0, 1.6551, 0, 1, 1, 6, 1, 0
bm4202, 3, 1, 0, 1.969, 0, 1, 1, 7, 1, 0
bm4202, 3, 0, 0, 1.922, 0, 1, 1, 8, 1, 0
bm4202, 3, 1, 1, 36.1988, 0, 1, 0, 9, 1, 0
bm4202, 3, 0, 1, 10.6172, 0, 1, 0, 10, 1, 0
bm4202, 3, 0, 1, 2.5523, 1, 0, 1, 1, 1, 0
bm4202, 3, 0, 1, 0.6901, 1, 0, 1, 2, 1, 0
bm4202, 3, 1, 1, 1.2404, 1, 0, 1, 3, 1, 0
bm4202, 3, 1, 0, 0.84, 0, 0, 1, 4, 1, 0
bm4202, 3, 1, 0, 1.5595, 0, 0, 1, 5, 1, 0
bm4202, 3, 1, 1, 2.0895, 1, 0, 1, 6, 1, 0
bm4202, 3, 1, 0, 1.1106, 0, 0, 1, 7, 1, 0
bm4202, 3, 1, 0, 1.1467, 0, 0, 1, 8, 1, 0
bm4202, 3, 1, 1, 1.0859, 0, 0, 0, 9, 1, 0
bm4202, 3, 1, 0, 0.6319, 0, 0, 1, 10, 1, 0
bm4202, 3, 0, 1, 0.5761, 1, 0, 1, 11, 1, 0
bm4202, 3, 1, 0, 0.7792, 0, 0, 1, 12, 1, 0
bm4202, 3, 0, 1, 0.558, 1, 0, 1, 13, 1, 0
bm4202, 3, 0, 0, 1.3218, 0, 0, 1, 14, 1, 0
bm4202, 3, 1, 0, 0.8381, 0, 0, 1, 15, 1, 0
bm4202, 3, 0, 0, 0.7414, 0, 0, 1, 16, 1, 0
bm4202, 3, 0, 0, 0.5371, 0, 0, 1, 17, 1, 0
bm4202, 3, 1, 1, 0.7893, 1, 0, 1, 18, 1, 0
bm4202, 3, 1, 0, 0.6628, 0, 0, 1, 19, 1, 0
bm4202, 3, 0, 1, 0.4138, 1, 0, 1, 20, 1, 0
bm4202, 3, 0, 0, 0.7989, 0, 0, 1, 21, 1, 0
bm4202, 3, 0, 1, 0.5764, 1, 0, 1, 22, 1, 0
bm4202, 3, 1, 1, 1.1634, 1, 0, 1, 23, 1, 0
bm4202, 3, 0, 1, 0.4452, 1, 0, 1, 24, 1, 0
bm4202, 3, 0, 1, 0.5409, 1, 0, 1, 25, 1, 0
bm4202, 3, 1, 0, 0.5047, 0, 0, 1, 26, 1, 0
bm4202, 3, 1, 0, 0.6458, 0, 0, 1, 27, 1, 0
bm4202, 3, 1, 1, 0.6214, 0, 0, 0, 28, 1, 0
bm4202, 3, 0, 0, -2.4524, 1, 0, 0, 29, 1, 1
bm4202, 3, 0, 0, 1.7835, 0, 0, 1, 30, 1, 0
bm4202, 3, 0, 1, 0.8654, 1, 0, 1, 31, 1, 0
bm4202, 3, 0, 1, 0.7842, 1, 0, 1, 32, 1, 0
bm4202, 1, -1, 0, 13.572, 0, 1, 1, 1, 1, 0
bm4202, 1, 0, 0, 3.1606, 0, 1, 1, 2, 1, 0
bm4202, 1, 0, 1, 1.6393, 1, 1, 1, 3, 1, 0
bm4202, 1, 0, 0, 3.0436, 0, 1, 1, 4, 1, 0
bm4202, 1, 0, 1, 1.2067, 1, 1, 1, 5, 1, 0
bm4202, 1, 1, 1, 2.58, 1, 1, 1, 6, 1, 0
bm4202, 1, -1, 1, 3.5774, 1, 1, 1, 7, 1, 0
bm4202, 1, -1, 0, 8.6618, 0, 1, 1, 8, 1, 0
bm4202, 1, 1, 0, 14.6417, 0, 1, 1, 9, 1, 0
bm4202, 1, 1, 1, 6.713, 1, 1, 1, 10, 1, 0
bm4202, 1, -1, 1, 2.5182, 1, 0, 1, 1, 1, 0
bm4202, 1, -1, 1, 4.926, 1, 0, 1, 2, 1, 0
bm4202, 1, 1, 1, 5.2512, 1, 0, 1, 3, 1, 0
bm4202, 1, -1, 0, 1.6912, 0, 0, 1, 4, 1, 0
bm4202, 1, 0, 1, 1.6709, 1, 0, 1, 5, 1, 0
bm4202, 1, -1, 0, 7.2812, 0, 0, 1, 6, 1, 0
bm4202, 1, 0, 1, 1.5113, 1, 0, 1, 7, 1, 0
bm4202, 1, 1, 0, 2.553, 0, 0, 1, 8, 1, 0
bm4202, 1, 1, 0, 5.4557, 0, 0, 1, 9, 1, 0
bm4202, 1, 1, 0, 6.1276, 0, 0, 1, 10, 1, 0
bm4202, 1, 0, 0, 1.5095, 0, 0, 1, 11, 1, 0
bm4202, 1, 0, 0, 1.3686, 0, 0, 1, 12, 1, 0
bm4202, 1, -1, 1, 2.9599, 1, 0, 1, 13, 1, 0
bm4202, 1, -1, 0, 2.8223, 0, 0, 1, 14, 1, 0
bm4202, 1, 0, 0, 2.3873, 0, 0, 1, 15, 1, 0
bm4202, 1, 1, 0, 2.465, 0, 0, 1, 16, 1, 0
bm4202, 1, -1, 0, 2.8278, 0, 0, 1, 17, 1, 0
bm4202, 1, 1, 1, 2.0396, 1, 0, 1, 18, 1, 0
bm4202, 1, 0, 1, 1.253, 1, 0, 1, 19, 1, 0
bm4202, 1, 0, 1, 1.1863, 1, 0, 1, 20, 1, 0
bm4202, 1, 1, 0, 2.9131, 0, 0, 1, 21, 1, 0
bm4202, 1, -1, 0, 2.5696, 0, 0, 1, 22, 1, 0
bm4202, 1, 0, 0, 1.1849, 0, 0, 1, 23, 1, 0
bm4202, 1, -1, 0, 1.6317, 0, 0, 1, 24, 1, 0
bm4202, 1, -1, 1, 1.8849, 1, 0, 1, 25, 1, 0
bm4202, 1, 0, 1, 0.9761, 1, 0, 1, 26, 1, 0
bm4202, 1, 1, 1, 1.3677, 1, 0, 1, 27, 1, 0
bm4202, 1, 1, 0, 2.143, 0, 0, 1, 28, 1, 0
bm4202, 1, -1, 1, 1.9228, 1, 0, 1, 29, 1, 0
bm4202, 1, 1, 1, 4.0349, 1, 0, 1, 30, 1, 0
bm4202, 1, -1, 1, 2.4294, 1, 0, 1, 31, 1, 0
bm4202, 1, 1, 1, 2.0897, 1, 0, 1, 32, 1, 0
bm4202, 0, 4, S, 0.94, S, NA, 1, 1, 2, NA
bm4202, 0, 4, S, 0.56, S, NA, 1, 2, 2, NA
bm4202, 0, 4, D, 1.07, D, NA, 1, 3, 2, NA
bm4202, 0, 4, G, 0.94, G, NA, 1, 4, 2, NA
bm4202, 0, 4, S, 0.88, S, NA, 1, 5, 2, NA
bm4202, 0, 3, A, 0.92, A, NA, 1, 6, 2, NA
bm4202, 0, 3, D, 1.32, D, NA, 1, 7, 2, NA
bm4202, 0, 2, K, 1.29, K, NA, 1, 8, 2, NA
bm4202, 0, 2, D, 1.06, D, NA, 1, 9, 2, NA
bm4202, 0, 1, K, 1.05, K, NA, 1, 10, 2, NA
bm4202, 0, 2, L, 1.68, D, NA, 0, 11, 2, NA
bm4202, 0, 3, H, 4.28, K, NA, 0, 12, 2, NA
bm4202, 0, 3, J, 1.13, J, NA, 1, 13, 2, NA
bm4202, 0, 2, L, 1.03, L, NA, 1, 14, 2, NA
bm4202, 0, 3, J, 3.55, G, NA, 0, 15, 2, NA
bm4202, 0, 3, F, 0.97, F, NA, 1, 16, 2, NA
bm4202, 0, 2, F, 0.91, F, NA, 1, 17, 2, NA
bm4202, 0, 3, F, 1.52, D, NA, 0, 18, 2, NA
bm4202, 0, 3, L, 1.25, L, NA, 1, 19, 2, NA
bm4202, 0, 2, G, 1.13, G, NA, 1, 20, 2, NA
bm4202, 0, 2, D, 0.94, D, NA, 1, 21, 2, NA
bm4202, 0, 1, L, 1.17, L, NA, 1, 22, 2, NA
bm4202, 0, 2, G, 1.46, K, NA, 0, 23, 2, NA
bm4202, 0, 2, J, 1.03, J, NA, 1, 24, 2, NA
bm4202, 0, 1, F, 0.97, F, NA, 1, 25, 2, NA
bm4202, 0, 2, S, 1.09, F, NA, 0, 26, 2, NA
bm4202, 0, 2, A, 1.09, A, NA, 1, 27, 2, NA
bm4202, 0, 1, G, 1.3, G, NA, 1, 28, 2, NA
bm4202, 0, 2, G, 1.77, F, NA, 0, 29, 2, NA
bm4202, 0, 2, J, 1.01, J, NA, 1, 30, 2, NA
bm4202, 0, 1, L, 1.03, L, NA, 1, 31, 2, NA
bm4202, 0, 1, D, 1.33, D, NA, 1, 32, 2, NA
bm4202, 0, 2, L, 1.19, G, NA, 0, 33, 2, NA
bm4202, 0, 2, K, 1.01, K, NA, 1, 34, 2, NA
bm4202, 0, 1, D, 1.1, D, NA, 1, 35, 2, NA
bm4202, 0, 1, G, 2.46, G, NA, 1, 36, 2, NA
bm4202, 0, 2, G, 1.57, D, NA, 0, 37, 2, NA
bm4202, 0, 2, D, 0.97, D, NA, 1, 38, 2, NA
bm4202, 0, 1, A, 1.01, A, NA, 1, 39, 2, NA
bm4202, 0, 1, A, 2.1, A, NA, 1, 40, 2, NA
bm4202, 0, 2, L, 2.14, A, NA, 0, 41, 2, NA
bm4202, 0, 2, F, 1.23, F, NA, 1, 42, 2, NA
bm4202, 0, 1, A, 0.94, A, NA, 1, 43, 2, NA
bm4202, 0, 2, F, 3.0, D, NA, 0, 44, 2, NA
bm4202, 0, 2, K, 1.05, K, NA, 1, 45, 2, NA
bm4202, 0, 3, K, 1.42, L, NA, 0, 46, 2, NA
bm4202, 0, 3, L, 1.19, L, NA, 1, 47, 2, NA
bm4202, 0, 2, S, 0.98, S, NA, 1, 48, 2, NA
bm4202, 0, 2, L, 1.1, L, NA, 1, 49, 2, NA
bm4202, 0, 1, J, 1.18, J, NA, 1, 50, 2, NA
bm4202, 2, 1, 0, 4.26, 0, 0, 1, 1, 2, 0
bm4202, 2, 0, 0, 1.1, 0, 0, 1, 2, 2, 0
bm4202, 2, 0, 0, 0.8, 0, 0, 1, 3, 2, 0
bm4202, 2, 0, 1, 0.79, 1, 0, 1, 4, 2, 0
bm4202, 2, 1, 0, 2.46, 0, 0, 1, 5, 2, 0
bm4202, 2, 0, 1, 0.67, 1, 0, 1, 6, 2, 0
bm4202, 2, 1, 1, 0.76, 1, 0, 1, 7, 2, 0
bm4202, 2, 0, 1, 0.63, 1, 0, 1, 8, 2, 0
bm4202, 2, 1, 1, 1.22, 1, 0, 1, 9, 2, 0
bm4202, 2, 0, 0, 0.68, 0, 0, 1, 10, 2, 0
bm4202, 2, 0, 1, 0.66, 1, 0, 1, 11, 2, 0
bm4202, 2, 1, 1, 0.62, 1, 0, 1, 12, 2, 0
bm4202, 2, 1, 0, 1.72, 0, 0, 1, 13, 2, 0
bm4202, 2, 0, 1, 0.52, 1, 0, 1, 14, 2, 0
bm4202, 2, 0, 0, 0.68, 0, 0, 1, 15, 2, 0
bm4202, 2, 1, 1, 0.72, 1, 0, 1, 16, 2, 0
bm4202, 2, 0, 0, 0.63, 0, 0, 1, 17, 2, 0
bm4202, 2, 0, 1, 0.61, 1, 0, 1, 18, 2, 0
bm4202, 2, 1, 0, 1.61, 0, 0, 1, 19, 2, 0
bm4202, 2, 0, 0, 0.58, 0, 0, 1, 20, 2, 0
bm4202, 2, 1, 0, 2.04, 0, 0, 1, 21, 2, 0
bm4202, 2, 1, 0, 1.52, 0, 0, 1, 22, 2, 0
bm4202, 2, 1, 1, 1.06, 1, 0, 1, 23, 2, 0
bm4202, 2, 0, 1, 0.6, 1, 0, 1, 24, 2, 0
bm4202, 2, 1, 0, 1.29, 0, 0, 1, 25, 2, 0
bm4202, 2, 0, 1, 0.71, 1, 0, 1, 26, 2, 0
bm4202, 2, 1, 0, 2.03, 0, 0, 1, 27, 2, 0
bm4202, 2, 0, 0, 0.91, 0, 0, 1, 28, 2, 0
bm4202, 2, 1, 1, 1.28, 1, 0, 1, 29, 2, 0
bm4202, 2, 0, 0, 0.74, 0, 0, 1, 30, 2, 0
bm4202, 2, 1, 1, 0.65, 1, 0, 1, 31, 2, 0
bm4202, 2, 1, 1, 0.81, 1, 0, 1, 32, 2, 0
bm4202, 3, 1, 1, 1.5717, 1, 0, 1, 1, 2, 0
bm4202, 3, 0, 1, 0.4071, 1, 0, 1, 2, 2, 0
bm4202, 3, 1, 1, 1.2096, 1, 0, 1, 3, 2, 0
bm4202, 3, 1, 0, 0.7632, 0, 0, 1, 4, 2, 0
bm4202, 3, 1, 0, 0.8476, 0, 0, 1, 5, 2, 0
bm4202, 3, 1, 0, 0.6724, 0, 0, 1, 6, 2, 0
bm4202, 3, 1, 0, 2.36, 0, 0, 1, 7, 2, 0
bm4202, 3, 0, 1, 0.4905, 1, 0, 1, 8, 2, 0
bm4202, 3, 1, 0, 1.3057, 0, 0, 1, 9, 2, 0
bm4202, 3, 1, 1, 0.6793, 1, 0, 1, 10, 2, 0
bm4202, 3, 1, 0, 1.1989, 0, 0, 1, 11, 2, 0
bm4202, 3, 0, 0, 0.8173, 0, 0, 1, 12, 2, 0
bm4202, 3, 1, 0, 0.8195, 0, 0, 1, 13, 2, 0
bm4202, 3, 1, 1, 0.709, 1, 0, 1, 14, 2, 0
bm4202, 3, 1, 1, 0.7952, 1, 0, 1, 15, 2, 0
bm4202, 3, 0, 1, 0.4301, 1, 0, 1, 16, 2, 0
bm4202, 3, 0, 0, 0.64, 0, 0, 1, 17, 2, 0
bm4202, 3, 0, 1, 0.3609, 1, 0, 1, 18, 2, 0
bm4202, 3, 0, 0, 0.4775, 0, 0, 1, 19, 2, 0
bm4202, 3, 0, 1, 0.7654, 1, 0, 1, 20, 2, 0
bm4202, 3, 0, 0, 0.6567, 0, 0, 1, 21, 2, 0
bm4202, 3, 1, 0, 0.7131, 0, 0, 1, 22, 2, 0
bm4202, 3, 0, 1, 0.3675, 1, 0, 1, 23, 2, 0
bm4202, 3, 0, 1, 0.4519, 1, 0, 1, 24, 2, 0
bm4202, 3, 1, 1, 0.661, 1, 0, 1, 25, 2, 0
bm4202, 3, 0, 1, 0.3974, 1, 0, 1, 26, 2, 0
bm4202, 3, 0, 0, 0.5928, 0, 0, 1, 27, 2, 0
bm4202, 3, 0, 0, 0.8591, 0, 0, 1, 28, 2, 0
bm4202, 3, 0, 0, 0.6351, 0, 0, 1, 29, 2, 0
bm4202, 3, 1, 0, 0.708, 0, 0, 1, 30, 2, 0
bm4202, 3, 0, 1, 0.6662, 1, 0, 1, 31, 2, 0
bm4202, 3, 1, 1, 0.8026, 1, 0, 1, 32, 2, 0
bm4202, 1, -1, 1, 1.7992, 1, 0, 1, 1, 2, 0
bm4202, 1, -1, 0, 2.9088, 0, 0, 1, 2, 2, 0
bm4202, 1, 1, 1, 2.5011, 1, 0, 1, 3, 2, 0
bm4202, 1, 0, 1, 0.7993, 1, 0, 1, 4, 2, 0
bm4202, 1, 1, 1, 2.1897, 1, 0, 1, 5, 2, 0
bm4202, 1, 0, 0, 1.173, 0, 0, 1, 6, 2, 0
bm4202, 1, 1, 0, 1.4444, 1, 0, 0, 7, 2, 0
bm4202, 1, 1, 1, 2.7965, 1, 0, 1, 8, 2, 0
bm4202, 1, 1, 1, 3.6256, 1, 0, 1, 9, 2, 0
bm4202, 1, 0, 0, 0.9179, 0, 0, 1, 10, 2, 0
bm4202, 1, -1, 0, 3.2956, 0, 0, 1, 11, 2, 0
bm4202, 1, 1, 0, 1.7522, 0, 0, 1, 12, 2, 0
bm4202, 1, 0, 1, 1.1053, 1, 0, 1, 13, 2, 0
bm4202, 1, 1, 0, 4.3713, 0, 0, 1, 14, 2, 0
bm4202, 1, -1, 0, 1.9836, 0, 0, 1, 15, 2, 0
bm4202, 1, -1, 1, 3.9022, 1, 0, 1, 16, 2, 0
bm4202, 1, 0, 1, 1.2471, 1, 0, 1, 17, 2, 0
bm4202, 1, 0, 0, 1.0683, 0, 0, 1, 18, 2, 0
bm4202, 1, 0, 1, 0.7689, 1, 0, 1, 19, 2, 0
bm4202, 1, 1, 1, 1.9198, 1, 0, 1, 20, 2, 0
bm4202, 1, -1, 0, 3.2805, 0, 0, 1, 21, 2, 0
bm4202, 1, 0, 1, 0.7793, 1, 0, 1, 22, 2, 0
bm4202, 1, 0, 0, 0.9245, 0, 0, 1, 23, 2, 0
bm4202, 1, -1, 1, 3.3821, 0, 0, 0, 24, 2, 0
bm4202, 1, 1, 0, 3.7589, 0, 0, 1, 25, 2, 0
bm4202, 1, -1, 0, 1.6852, 0, 0, 1, 26, 2, 0
bm4202, 1, 1, 1, 2.8641, 1, 0, 1, 27, 2, 0
bm4202, 1, -1, 1, 1.6746, 1, 0, 1, 28, 2, 0
bm4202, 1, 0, 0, 3.2716, 0, 0, 1, 29, 2, 0
bm4202, 1, -1, 0, 2.3362, 0, 0, 1, 30, 2, 0
bm4202, 1, -1, 0, 2.2566, 0, 0, 1, 31, 2, 0
bm4202, 1, 1, 1, 2.0682, 1, 0, 1, 32, 2, 0
