sub, task, cond1, cond2, rt, inputResp, training, accuracy, trial, block, 2fast
bm4215, 0, 8, J, 1.34, J, NA, 1, 1, 1, NA
bm4215, 0, 8, A, 1.36, A, NA, 1, 2, 1, NA
bm4215, 0, 8, G, 1.28, G, NA, 1, 3, 1, NA
bm4215, 0, 8, S, 1.48, S, NA, 1, 4, 1, NA
bm4215, 0, 8, J, 1.04, J, NA, 1, 5, 1, NA
bm4215, 0, 7, K, 1.29, K, NA, 1, 6, 1, NA
bm4215, 0, 7, G, 1.11, G, NA, 1, 7, 1, NA
bm4215, 0, 6, K, 1.0, K, NA, 1, 8, 1, NA
bm4215, 0, 6, G, 1.31, G, NA, 1, 9, 1, NA
bm4215, 0, 5, S, 1.01, S, NA, 1, 10, 1, NA
bm4215, 0, 5, L, 1.04, L, NA, 1, 11, 1, NA
bm4215, 0, 4, F, 1.08, F, NA, 1, 12, 1, NA
bm4215, 0, 4, S, 1.17, S, NA, 1, 13, 1, NA
bm4215, 0, 3, S, 1.35, S, NA, 1, 14, 1, NA
bm4215, 0, 3, S, 1.13, S, NA, 1, 15, 1, NA
bm4215, 0, 2, D, 1.03, D, NA, 1, 16, 1, NA
bm4215, 0, 2, K, 1.23, K, NA, 1, 17, 1, NA
bm4215, 0, 1, J, 1.11, J, NA, 1, 18, 1, NA
bm4215, 0, 2, J, 1.7, G, NA, 0, 19, 1, NA
bm4215, 0, 2, L, 0.9, L, NA, 1, 20, 1, NA
bm4215, 0, 1, D, 1.38, D, NA, 1, 21, 1, NA
bm4215, 0, 2, D, 1.55, G, NA, 0, 22, 1, NA
bm4215, 0, 2, F, 1.05, F, NA, 1, 23, 1, NA
bm4215, 0, 3, F, 1.34, H, NA, 0, 24, 1, NA
bm4215, 0, 3, F, 1.08, F, NA, 1, 25, 1, NA
bm4215, 0, 2, F, 1.03, F, NA, 1, 26, 1, NA
bm4215, 0, 2, J, 1.03, J, NA, 1, 27, 1, NA
bm4215, 0, 1, J, 1.01, J, NA, 1, 28, 1, NA
bm4215, 0, 2, J, 1.51, G, NA, 0, 29, 1, NA
bm4215, 0, 2, K, 1.49, K, NA, 1, 30, 1, NA
bm4215, 0, 1, J, 1.4, J, NA, 1, 31, 1, NA
bm4215, 0, 2, S, 2.23, D, NA, 0, 32, 1, NA
bm4215, 0, 2, G, 1.02, G, NA, 1, 33, 1, NA
bm4215, 0, 1, A, 0.83, A, NA, 1, 34, 1, NA
bm4215, 0, 2, H, 0.96, K, NA, 0, 35, 1, NA
bm4215, 0, 2, F, 1.05, F, NA, 1, 36, 1, NA
bm4215, 0, 1, K, 1.0, K, NA, 1, 37, 1, NA
bm4215, 0, 2, D, 1.49, G, NA, 0, 38, 1, NA
bm4215, 0, 2, A, 1.01, A, NA, 1, 39, 1, NA
bm4215, 0, 3, F, 1.45, G, NA, 0, 40, 1, NA
bm4215, 0, 3, K, 1.08, K, NA, 1, 41, 1, NA
bm4215, 0, 2, A, 1.07, A, NA, 1, 42, 1, NA
bm4215, 0, 2, K, 1.04, K, NA, 1, 43, 1, NA
bm4215, 0, 1, K, 1.02, K, NA, 1, 44, 1, NA
bm4215, 0, 2, G, 1.44, D, NA, 0, 45, 1, NA
bm4215, 0, 2, J, 1.03, J, NA, 1, 46, 1, NA
bm4215, 0, 1, J, 0.95, J, NA, 1, 47, 1, NA
bm4215, 0, 2, K, 2.4, G, NA, 0, 48, 1, NA
bm4215, 0, 2, G, 1.2, G, NA, 1, 49, 1, NA
bm4215, 0, 3, J, 1.24, G, NA, 0, 50, 1, NA
bm4215, 2, 0, 0, 3.55, 0, 1, 1, 1, 1, 0
bm4215, 2, 1, 1, 2.25, 1, 1, 1, 2, 1, 0
bm4215, 2, 1, 0, 2.92, 0, 1, 1, 3, 1, 0
bm4215, 2, 0, 1, 1.17, 1, 1, 1, 4, 1, 0
bm4215, 2, 0, 0, 1.21, 0, 1, 1, 5, 1, 0
bm4215, 2, 1, 1, 3.4, 1, 1, 1, 6, 1, 0
bm4215, 2, 0, 0, 1.25, 0, 1, 1, 7, 1, 0
bm4215, 2, 0, 0, 1.09, 0, 1, 1, 8, 1, 0
bm4215, 2, 1, 1, 1.16, 1, 1, 1, 9, 1, 0
bm4215, 2, 1, 1, 1.58, 1, 1, 1, 10, 1, 0
bm4215, 2, 1, 1, 2.11, 0, 0, 0, 1, 1, 0
bm4215, 2, 1, 1, 0.95, 0, 0, 0, 2, 1, 0
bm4215, 2, 0, 1, 1.0, 1, 0, 1, 3, 1, 0
bm4215, 2, 0, 1, 0.64, 1, 0, 1, 4, 1, 0
bm4215, 2, 1, 0, 2.95, 0, 0, 1, 5, 1, 0
bm4215, 2, 0, 0, 0.77, 0, 0, 1, 6, 1, 0
bm4215, 2, 0, 1, 0.72, 1, 0, 1, 7, 1, 0
bm4215, 2, 0, 0, 0.77, 0, 0, 1, 8, 1, 0
bm4215, 2, 0, 1, 1.1, 1, 0, 1, 9, 1, 0
bm4215, 2, 1, 1, 1.28, 1, 0, 1, 10, 1, 0
bm4215, 2, 0, 1, 0.67, 1, 0, 1, 11, 1, 0
bm4215, 2, 1, 0, 1.67, 0, 0, 1, 12, 1, 0
bm4215, 2, 0, 0, 0.68, 0, 0, 1, 13, 1, 0
bm4215, 2, 1, 0, 1.97, 0, 0, 1, 14, 1, 0
bm4215, 2, 0, 1, 0.76, 1, 0, 1, 15, 1, 0
bm4215, 2, 1, 1, 0.84, 1, 0, 1, 16, 1, 0
bm4215, 2, 0, 0, 2.43, 0, 0, 1, 17, 1, 0
bm4215, 2, 0, 0, 1.15, 0, 0, 1, 18, 1, 0
bm4215, 2, 0, 0, 0.87, 0, 0, 1, 19, 1, 0
bm4215, 2, 0, 0, 0.55, 0, 0, 1, 20, 1, 0
bm4215, 2, 1, 0, 1.35, 0, 0, 1, 21, 1, 0
bm4215, 2, 1, 1, 1.07, 1, 0, 1, 22, 1, 0
bm4215, 2, 0, 1, 0.76, 0, 0, 0, 23, 1, 0
bm4215, 2, 1, 1, 0.9, 1, 0, 1, 24, 1, 0
bm4215, 2, 1, 1, 0.89, 1, 0, 1, 25, 1, 0
bm4215, 2, 1, 1, 2.14, 1, 0, 1, 26, 1, 0
bm4215, 2, 0, 1, 1.23, 0, 0, 0, 27, 1, 0
bm4215, 2, 1, 0, 2.29, 1, 0, 0, 28, 1, 0
bm4215, 2, 0, 0, 0.71, 0, 0, 1, 29, 1, 0
bm4215, 2, 1, 0, 2.64, 0, 0, 1, 30, 1, 0
bm4215, 2, 1, 0, 1.0, 0, 0, 1, 31, 1, 0
bm4215, 2, 1, 0, 1.63, 0, 0, 1, 32, 1, 0
bm4215, 3, 0, 1, 3.2454, 1, 1, 1, 1, 1, 0
bm4215, 3, 1, 1, 1.5471, 1, 1, 1, 2, 1, 0
bm4215, 3, 0, 1, 4.7824, 1, 1, 1, 3, 1, 0
bm4215, 3, 1, 1, 3.0213, 1, 1, 1, 4, 1, 0
bm4215, 3, 0, 0, 1.6206, 0, 1, 1, 5, 1, 0
bm4215, 3, 0, 1, 1.1731, 1, 1, 1, 6, 1, 0
bm4215, 3, 1, 0, 0.8723, 0, 1, 1, 7, 1, 0
bm4215, 3, 0, 0, 0.7277, 0, 1, 1, 8, 1, 0
bm4215, 3, 1, 0, 1.0205, 0, 1, 1, 9, 1, 0
bm4215, 3, 1, 0, 0.7739, 0, 1, 1, 10, 1, 0
bm4215, 3, 0, 0, 1.3886, 0, 0, 1, 1, 1, 0
bm4215, 3, 0, 1, 1.8947, 1, 0, 1, 2, 1, 0
bm4215, 3, 1, 0, 0.6679, 0, 0, 1, 3, 1, 0
bm4215, 3, 0, 0, 2.1795, 0, 0, 1, 4, 1, 0
bm4215, 3, 1, 0, 0.9567, 0, 0, 1, 5, 1, 0
bm4215, 3, 0, 0, 1.1129, 0, 0, 1, 6, 1, 0
bm4215, 3, 1, 1, 1.8861, 1, 0, 1, 7, 1, 0
bm4215, 3, 1, 1, 1.2198, 1, 0, 1, 8, 1, 0
bm4215, 3, 1, 0, 0.7407, 0, 0, 1, 9, 1, 0
bm4215, 3, 1, 1, 0.8098, 1, 0, 1, 10, 1, 0
bm4215, 3, 1, 1, 1.7552, 0, 0, 0, 11, 1, 0
bm4215, 3, 0, 1, 0.8747, 1, 0, 1, 12, 1, 0
bm4215, 3, 1, 0, 1.2731, 0, 0, 1, 13, 1, 0
bm4215, 3, 1, 1, 1.1121, 1, 0, 1, 14, 1, 0
bm4215, 3, 0, 0, 1.3254, 0, 0, 1, 15, 1, 0
bm4215, 3, 1, 1, 0.6656, 1, 0, 1, 16, 1, 0
bm4215, 3, 1, 0, 1.0093, 0, 0, 1, 17, 1, 0
bm4215, 3, 0, 0, 1.4191, 0, 0, 1, 18, 1, 0
bm4215, 3, 0, 1, 0.948, 1, 0, 1, 19, 1, 0
bm4215, 3, 0, 0, 0.6561, 0, 0, 1, 20, 1, 0
bm4215, 3, 1, 0, 0.6796, 0, 0, 1, 21, 1, 0
bm4215, 3, 0, 0, 1.1507, 0, 0, 1, 22, 1, 0
bm4215, 3, 0, 1, 1.5383, 1, 0, 1, 23, 1, 0
bm4215, 3, 0, 1, 1.3665, 1, 0, 1, 24, 1, 0
bm4215, 3, 1, 0, 1.0094, 0, 0, 1, 25, 1, 0
bm4215, 3, 0, 0, 1.0826, 0, 0, 1, 26, 1, 0
bm4215, 3, 0, 1, 1.3772, 1, 0, 1, 27, 1, 0
bm4215, 3, 0, 1, 0.7474, 1, 0, 1, 28, 1, 0
bm4215, 3, 0, 0, 0.9916, 0, 0, 1, 29, 1, 0
bm4215, 3, 1, 1, 0.9377, 1, 0, 1, 30, 1, 0
bm4215, 3, 1, 1, 1.0136, 1, 0, 1, 31, 1, 0
bm4215, 3, 1, 1, 1.5667, 1, 0, 1, 32, 1, 0
bm4215, 1, -1, 1, 4.5483, 1, 1, 1, 1, 1, 0
bm4215, 1, -1, 1, 4.7291, 1, 1, 1, 2, 1, 0
bm4215, 1, 0, 0, 5.0957, 0, 1, 1, 3, 1, 0
bm4215, 1, 1, 0, 9.8778, 0, 1, 1, 4, 1, 0
bm4215, 1, -1, 0, 2.4806, 0, 1, 1, 5, 1, 0
bm4215, 1, 1, 1, 3.0499, 1, 1, 1, 6, 1, 0
bm4215, 1, 1, 0, 5.7409, 0, 1, 1, 7, 1, 0
bm4215, 1, -1, 0, 6.0172, 0, 1, 1, 8, 1, 0
bm4215, 1, 1, 1, 3.1138, 1, 1, 1, 9, 1, 0
bm4215, 1, 1, 1, 3.1612, 1, 1, 1, 10, 1, 0
bm4215, 1, 1, 1, 4.6069, 0, 0, 0, 1, 1, 0
bm4215, 1, 1, 1, 6.7739, 1, 0, 1, 2, 1, 0
bm4215, 1, 1, 0, 3.9038, 0, 0, 1, 3, 1, 0
bm4215, 1, -1, 0, 3.5992, 0, 0, 1, 4, 1, 0
bm4215, 1, -1, 1, 4.5868, 1, 0, 1, 5, 1, 0
bm4215, 1, -1, 1, 5.4702, 1, 0, 1, 6, 1, 0
bm4215, 1, 0, 0, 9.8227, 0, 0, 1, 7, 1, 0
bm4215, 1, 0, 0, 3.9809, 0, 0, 1, 8, 1, 0
bm4215, 1, -1, 1, 5.2562, 1, 0, 1, 9, 1, 0
bm4215, 1, 0, 0, 7.4096, 1, 0, 0, 10, 1, 0
bm4215, 1, 0, 1, 1.4622, 0, 0, 0, 11, 1, 0
bm4215, 1, 1, 0, 3.6297, 0, 0, 1, 12, 1, 0
bm4215, 1, 1, 0, 5.3045, 0, 0, 1, 13, 1, 0
bm4215, 1, 0, 1, 0.9919, 0, 0, 0, 14, 1, 0
bm4215, 1, 1, 1, -3.7199, 1, 0, 1, 15, 1, 1
bm4215, 1, -1, 1, 1.7951, 0, 0, 0, 16, 1, 0
bm4215, 1, 0, 0, 2.2699, 0, 0, 1, 17, 1, 0
bm4215, 1, -1, 0, 2.2082, 0, 0, 1, 18, 1, 0
bm4215, 1, 1, 0, 3.3175, 0, 0, 1, 19, 1, 0
bm4215, 1, 1, 0, 3.6295, 0, 0, 1, 20, 1, 0
bm4215, 1, 1, 1, 3.5924, 1, 0, 1, 21, 1, 0
bm4215, 1, 1, 1, 4.1809, 1, 0, 1, 22, 1, 0
bm4215, 1, 0, 1, 0.986, 1, 0, 1, 23, 1, 0
bm4215, 1, 0, 1, 0.8824, 1, 0, 1, 24, 1, 0
bm4215, 1, -1, 1, 1.1494, 0, 0, 0, 25, 1, 0
bm4215, 1, 1, 1, 6.9137, 1, 0, 1, 26, 1, 0
bm4215, 1, 0, 0, 3.7661, 0, 0, 1, 27, 1, 0
bm4215, 1, -1, 0, 3.0677, 0, 0, 1, 28, 1, 0
bm4215, 1, 0, 0, 1.6786, 0, 0, 1, 29, 1, 0
bm4215, 1, 0, 0, 3.6589, 0, 0, 1, 30, 1, 0
bm4215, 1, 0, 0, 0.8532, 0, 0, 1, 31, 1, 0
bm4215, 1, -1, 1, 1.905, 0, 0, 0, 32, 1, 0
bm4215, 0, 4, S, 1.86, S, NA, 1, 1, 2, NA
bm4215, 0, 4, A, 1.45, A, NA, 1, 2, 2, NA
bm4215, 0, 4, D, 1.87, D, NA, 1, 3, 2, NA
bm4215, 0, 4, L, 2.86, L, NA, 1, 4, 2, NA
bm4215, 0, 4, S, 1.27, S, NA, 1, 5, 2, NA
bm4215, 0, 3, K, 1.39, K, NA, 1, 6, 2, NA
bm4215, 0, 3, G, 1.0, G, NA, 1, 7, 2, NA
bm4215, 0, 2, H, 1.37, H, NA, 1, 8, 2, NA
bm4215, 0, 2, G, 0.99, G, NA, 1, 9, 2, NA
bm4215, 0, 1, S, 1.84, S, NA, 1, 10, 2, NA
bm4215, 0, 2, J, 0.91, A, NA, 0, 11, 2, NA
bm4215, 0, 2, K, 1.0, K, NA, 1, 12, 2, NA
bm4215, 0, 1, D, 0.95, D, NA, 1, 13, 2, NA
bm4215, 0, 2, H, 1.22, G, NA, 0, 14, 2, NA
bm4215, 0, 2, K, 0.94, K, NA, 1, 15, 2, NA
bm4215, 0, 1, S, 0.85, S, NA, 1, 16, 2, NA
bm4215, 0, 2, J, 0.91, S, NA, 0, 17, 2, NA
bm4215, 0, 2, A, 0.95, A, NA, 1, 18, 2, NA
bm4215, 0, 1, G, 1.12, G, NA, 1, 19, 2, NA
bm4215, 0, 2, J, 0.91, S, NA, 0, 20, 2, NA
bm4215, 0, 2, J, 0.81, J, NA, 1, 21, 2, NA
bm4215, 0, 1, J, 1.08, J, NA, 1, 22, 2, NA
bm4215, 0, 2, H, 1.14, G, NA, 0, 23, 2, NA
bm4215, 0, 2, G, 0.92, G, NA, 1, 24, 2, NA
bm4215, 0, 1, G, 0.84, G, NA, 1, 25, 2, NA
bm4215, 0, 2, D, 0.8, S, NA, 0, 26, 2, NA
bm4215, 0, 2, G, 1.28, G, NA, 1, 27, 2, NA
bm4215, 0, 1, A, 0.87, A, NA, 1, 28, 2, NA
bm4215, 0, 2, G, 1.12, S, NA, 0, 29, 2, NA
bm4215, 0, 2, A, 0.74, A, NA, 1, 30, 2, NA
bm4215, 0, 1, L, 1.38, L, NA, 1, 31, 2, NA
bm4215, 0, 2, F, 1.15, S, NA, 0, 32, 2, NA
bm4215, 0, 2, K, 1.0, K, NA, 1, 33, 2, NA
bm4215, 0, 1, D, 1.14, D, NA, 1, 34, 2, NA
bm4215, 0, 2, K, 1.46, G, NA, 0, 35, 2, NA
bm4215, 0, 2, G, 0.95, G, NA, 1, 36, 2, NA
bm4215, 0, 1, L, 1.25, L, NA, 1, 37, 2, NA
bm4215, 0, 2, D, 0.95, H, NA, 0, 38, 2, NA
bm4215, 0, 2, F, 0.8, F, NA, 1, 39, 2, NA
bm4215, 0, 1, A, 1.41, A, NA, 1, 40, 2, NA
bm4215, 0, 2, H, 1.03, G, NA, 0, 41, 2, NA
bm4215, 0, 2, S, 1.15, S, NA, 1, 42, 2, NA
bm4215, 0, 1, J, 0.9, J, NA, 1, 43, 2, NA
bm4215, 0, 1, G, 1.07, G, NA, 1, 44, 2, NA
bm4215, 0, 2, J, 1.15, A, NA, 0, 45, 2, NA
bm4215, 0, 2, L, 0.92, L, NA, 1, 46, 2, NA
bm4215, 0, 1, L, 0.85, L, NA, 1, 47, 2, NA
bm4215, 0, 2, L, 0.89, A, NA, 0, 48, 2, NA
bm4215, 0, 2, D, 0.94, D, NA, 1, 49, 2, NA
bm4215, 0, 1, F, 0.99, F, NA, 1, 50, 2, NA
bm4215, 2, 0, 0, 1.16, 0, 0, 1, 1, 2, 0
bm4215, 2, 1, 1, 0.94, 1, 0, 1, 2, 2, 0
bm4215, 2, 1, 1, 1.03, 1, 0, 1, 3, 2, 0
bm4215, 2, 1, 0, 1.12, 0, 0, 1, 4, 2, 0
bm4215, 2, 0, 0, 0.55, 0, 0, 1, 5, 2, 0
bm4215, 2, 0, 1, 0.74, 1, 0, 1, 6, 2, 0
bm4215, 2, 1, 0, 1.67, 0, 0, 1, 7, 2, 0
bm4215, 2, 1, 1, 0.78, 1, 0, 1, 8, 2, 0
bm4215, 2, 1, 0, 0.72, 0, 0, 1, 9, 2, 0
bm4215, 2, 1, 0, 0.79, 0, 0, 1, 10, 2, 0
bm4215, 2, 0, 0, 0.49, 0, 0, 1, 11, 2, 0
bm4215, 2, 0, 1, 0.7, 1, 0, 1, 12, 2, 0
bm4215, 2, 1, 0, 0.99, 0, 0, 1, 13, 2, 0
bm4215, 2, 0, 1, 1.71, 1, 0, 1, 14, 2, 0
bm4215, 2, 0, 1, 0.86, 1, 0, 1, 15, 2, 0
bm4215, 2, 0, 0, 1.01, 0, 0, 1, 16, 2, 0
bm4215, 2, 0, 1, 0.65, 1, 0, 1, 17, 2, 0
bm4215, 2, 1, 1, 1.01, 0, 0, 0, 18, 2, 0
bm4215, 2, 1, 0, 0.87, 0, 0, 1, 19, 2, 0
bm4215, 2, 1, 1, 1.01, 1, 0, 1, 20, 2, 0
bm4215, 2, 0, 1, 0.73, 1, 0, 1, 21, 2, 0
bm4215, 2, 0, 0, 0.76, 0, 0, 1, 22, 2, 0
bm4215, 2, 0, 1, 0.62, 1, 0, 1, 23, 2, 0
bm4215, 2, 1, 1, 0.6, 1, 0, 1, 24, 2, 0
bm4215, 2, 1, 1, 0.8, 1, 0, 1, 25, 2, 0
bm4215, 2, 1, 0, 0.76, 0, 0, 1, 26, 2, 0
bm4215, 2, 0, 0, 0.6, 0, 0, 1, 27, 2, 0
bm4215, 2, 0, 0, 0.57, 0, 0, 1, 28, 2, 0
bm4215, 2, 1, 1, 0.74, 1, 0, 1, 29, 2, 0
bm4215, 2, 1, 0, 0.68, 0, 0, 1, 30, 2, 0
bm4215, 2, 0, 0, 0.53, 0, 0, 1, 31, 2, 0
bm4215, 2, 0, 1, 0.55, 0, 0, 0, 32, 2, 0
bm4215, 3, 0, 1, 0.9251, 1, 0, 1, 1, 2, 0
bm4215, 3, 1, 0, 0.6344, 0, 0, 1, 2, 2, 0
bm4215, 3, 1, 1, 0.7235, 0, 0, 0, 3, 2, 0
bm4215, 3, 0, 0, 0.8291, 0, 0, 1, 4, 2, 0
bm4215, 3, 1, 1, 0.4945, 1, 0, 1, 5, 2, 0
bm4215, 3, 1, 1, 0.7177, 1, 0, 1, 6, 2, 0
bm4215, 3, 0, 1, 0.6273, 1, 0, 1, 7, 2, 0
bm4215, 3, 1, 1, 0.6836, 1, 0, 1, 8, 2, 0
bm4215, 3, 0, 0, 1.0265, 0, 0, 1, 9, 2, 0
bm4215, 3, 0, 1, 1.1637, 1, 0, 1, 10, 2, 0
bm4215, 3, 1, 1, 0.6077, 1, 0, 1, 11, 2, 0
bm4215, 3, 0, 1, 0.778, 1, 0, 1, 12, 2, 0
bm4215, 3, 0, 0, 0.6048, 1, 0, 0, 13, 2, 0
bm4215, 3, 1, 1, 0.5392, 0, 0, 0, 14, 2, 0
bm4215, 3, 0, 1, 0.5563, 1, 0, 1, 15, 2, 0
bm4215, 3, 0, 1, 0.6487, 1, 0, 1, 16, 2, 0
bm4215, 3, 1, 0, 0.5291, 0, 0, 1, 17, 2, 0
bm4215, 3, 1, 0, 0.7188, 0, 0, 1, 18, 2, 0
bm4215, 3, 0, 0, 1.4762, 0, 0, 1, 19, 2, 0
bm4215, 3, 1, 0, 0.6994, 0, 0, 1, 20, 2, 0
bm4215, 3, 0, 1, 0.7534, 1, 0, 1, 21, 2, 0
bm4215, 3, 1, 0, 0.8536, 0, 0, 1, 22, 2, 0
bm4215, 3, 0, 0, 0.8376, 0, 0, 1, 23, 2, 0
bm4215, 3, 1, 1, 0.8865, 1, 0, 1, 24, 2, 0
bm4215, 3, 1, 0, 0.7412, 0, 0, 1, 25, 2, 0
bm4215, 3, 0, 1, 0.6823, 1, 0, 1, 26, 2, 0
bm4215, 3, 1, 0, 0.801, 0, 0, 1, 27, 2, 0
bm4215, 3, 1, 0, 0.5953, 0, 0, 1, 28, 2, 0
bm4215, 3, 0, 0, 0.6862, 0, 0, 1, 29, 2, 0
bm4215, 3, 0, 1, 0.6771, 1, 0, 1, 30, 2, 0
bm4215, 3, 0, 0, 1.7088, 0, 0, 1, 31, 2, 0
bm4215, 3, 1, 0, 0.4742, 0, 0, 1, 32, 2, 0
bm4215, 1, -1, 0, 2.3497, 0, 0, 1, 1, 2, 0
bm4215, 1, -1, 1, 7.3567, 0, 0, 0, 2, 2, 0
bm4215, 1, -1, 1, 6.1607, 1, 0, 1, 3, 2, 0
bm4215, 1, -1, 1, 2.4518, 0, 0, 0, 4, 2, 0
bm4215, 1, 1, 0, 1.1701, 0, 0, 1, 5, 2, 0
bm4215, 1, 1, 1, 1.9054, 1, 0, 1, 6, 2, 0
bm4215, 1, -1, 0, 1.6189, 0, 0, 1, 7, 2, 0
bm4215, 1, 0, 0, 0.7214, 0, 0, 1, 8, 2, 0
bm4215, 1, 1, 1, 1.3471, 1, 0, 1, 9, 2, 0
bm4215, 1, 0, 0, 0.9085, 0, 0, 1, 10, 2, 0
bm4215, 1, -1, 0, 2.2468, 0, 0, 1, 11, 2, 0
bm4215, 1, 1, 1, 4.4259, 1, 0, 1, 12, 2, 0
bm4215, 1, 1, 0, 1.2681, 0, 0, 1, 13, 2, 0
bm4215, 1, 0, 0, 1.0409, 0, 0, 1, 14, 2, 0
bm4215, 1, 0, 1, 1.4145, 1, 0, 1, 15, 2, 0
bm4215, 1, 1, 1, 1.1477, 0, 0, 0, 16, 2, 0
bm4215, 1, -1, 1, 2.5278, 1, 0, 1, 17, 2, 0
bm4215, 1, 0, 1, 1.7847, 1, 0, 1, 18, 2, 0
bm4215, 1, -1, 0, 2.863, 0, 0, 1, 19, 2, 0
bm4215, 1, 1, 1, 1.3374, 1, 0, 1, 20, 2, 0
bm4215, 1, 1, 0, 1.9207, 0, 0, 1, 21, 2, 0
bm4215, 1, 1, 0, 2.9293, 0, 0, 1, 22, 2, 0
bm4215, 1, 1, 1, 2.6162, 1, 0, 1, 23, 2, 0
bm4215, 1, 1, 0, 1.725, 0, 0, 1, 24, 2, 0
bm4215, 1, -1, 0, 4.8379, 0, 0, 1, 25, 2, 0
bm4215, 1, -1, 1, 1.4872, 0, 0, 0, 26, 2, 0
bm4215, 1, 0, 0, 0.9184, 0, 0, 1, 27, 2, 0
bm4215, 1, -1, 1, 0.896, 0, 0, 0, 28, 2, 0
bm4215, 1, 0, 0, 1.4711, 0, 0, 1, 29, 2, 0
bm4215, 1, -1, 1, 4.1138, 0, 0, 0, 30, 2, 0
bm4215, 1, 0, 0, 2.189, 0, 0, 1, 31, 2, 0
bm4215, 1, 0, 1, 1.5394, 1, 0, 1, 32, 2, 0
