sub, task, cond1, cond2, rt, inputResp, training, accuracy, trial, block, 2fast
bm4224, 0, 8, S, 1.08, S, NA, 1, 1, 1, NA
bm4224, 0, 8, S, 0.92, S, NA, 1, 2, 1, NA
bm4224, 0, 8, S, 1.42, S, NA, 1, 3, 1, NA
bm4224, 0, 8, K, 0.94, K, NA, 1, 4, 1, NA
bm4224, 0, 8, G, 0.81, G, NA, 1, 5, 1, NA
bm4224, 0, 7, D, 0.69, D, NA, 1, 6, 1, NA
bm4224, 0, 7, K, 0.75, K, NA, 1, 7, 1, NA
bm4224, 0, 6, A, 0.7, A, NA, 1, 8, 1, NA
bm4224, 0, 6, D, 0.56, D, NA, 1, 9, 1, NA
bm4224, 0, 5, K, 0.67, K, NA, 1, 10, 1, NA
bm4224, 0, 5, A, 0.65, A, NA, 1, 11, 1, NA
bm4224, 0, 4, S, 0.69, S, NA, 1, 12, 1, NA
bm4224, 0, 4, S, 0.56, S, NA, 1, 13, 1, NA
bm4224, 0, 3, L, 0.69, L, NA, 1, 14, 1, NA
bm4224, 0, 3, J, 0.72, J, NA, 1, 15, 1, NA
bm4224, 0, 2, F, 0.63, F, NA, 1, 16, 1, NA
bm4224, 0, 3, L, 1.88, F, NA, 0, 17, 1, NA
bm4224, 0, 3, A, 0.58, A, NA, 1, 18, 1, NA
bm4224, 0, 2, G, 0.68, G, NA, 1, 19, 1, NA
bm4224, 0, 2, F, 0.82, F, NA, 1, 20, 1, NA
bm4224, 0, 1, K, 0.71, K, NA, 1, 21, 1, NA
bm4224, 0, 2, A, 3.41, F, NA, 0, 22, 1, NA
bm4224, 0, 3, D, 0.96, F, NA, 0, 23, 1, NA
bm4224, 0, 3, G, 0.69, G, NA, 1, 24, 1, NA
bm4224, 0, 2, K, 0.71, K, NA, 1, 25, 1, NA
bm4224, 0, 2, K, 1.04, K, NA, 1, 26, 1, NA
bm4224, 0, 3, H, 0.86, G, NA, 0, 27, 1, NA
bm4224, 0, 3, L, 0.68, L, NA, 1, 28, 1, NA
bm4224, 0, 2, H, 0.7, H, NA, 1, 29, 1, NA
bm4224, 0, 2, A, 0.58, A, NA, 1, 30, 1, NA
bm4224, 0, 1, L, 0.67, L, NA, 1, 31, 1, NA
bm4224, 0, 1, G, 1.56, G, NA, 1, 32, 1, NA
bm4224, 0, 2, L, 0.97, F, NA, 0, 33, 1, NA
bm4224, 0, 2, L, 0.67, L, NA, 1, 34, 1, NA
bm4224, 0, 1, A, 0.54, A, NA, 1, 35, 1, NA
bm4224, 0, 2, J, 3.47, F, NA, 0, 36, 1, NA
bm4224, 0, 2, L, 0.82, L, NA, 1, 37, 1, NA
bm4224, 0, 1, L, 0.63, L, NA, 1, 38, 1, NA
bm4224, 0, 2, S, 0.84, L, NA, 0, 39, 1, NA
bm4224, 0, 3, G, 0.9, S, NA, 0, 40, 1, NA
bm4224, 0, 3, L, 0.68, L, NA, 1, 41, 1, NA
bm4224, 0, 2, S, 0.64, S, NA, 1, 42, 1, NA
bm4224, 0, 3, S, 0.92, G, NA, 0, 43, 1, NA
bm4224, 0, 3, L, 0.77, L, NA, 1, 44, 1, NA
bm4224, 0, 2, F, 0.6, F, NA, 1, 45, 1, NA
bm4224, 0, 2, F, 0.89, F, NA, 1, 46, 1, NA
bm4224, 0, 1, A, 0.56, A, NA, 1, 47, 1, NA
bm4224, 0, 2, J, 1.1, G, NA, 0, 48, 1, NA
bm4224, 0, 2, A, 0.59, A, NA, 1, 49, 1, NA
bm4224, 0, 3, H, 0.89, G, NA, 0, 50, 1, NA
bm4224, 2, 1, 1, 1.88, 1, 1, 1, 1, 1, 0
bm4224, 2, 0, 1, 1.36, 1, 1, 1, 2, 1, 0
bm4224, 2, 0, 1, 1.24, 1, 1, 1, 3, 1, 0
bm4224, 2, 1, 0, 1.93, 0, 1, 1, 4, 1, 0
bm4224, 2, 1, 1, 1.85, 0, 1, 0, 5, 1, 0
bm4224, 2, 1, 0, 1.83, 0, 1, 1, 6, 1, 0
bm4224, 2, 0, 1, 0.83, 1, 1, 1, 7, 1, 0
bm4224, 2, 1, 0, 1.46, 0, 1, 1, 8, 1, 0
bm4224, 2, 0, 0, 1.18, 0, 1, 1, 9, 1, 0
bm4224, 2, 0, 0, 0.64, 0, 1, 1, 10, 1, 0
bm4224, 2, 0, 0, 3.58, 0, 0, 1, 1, 1, 0
bm4224, 2, 0, 0, 1.08, 0, 0, 1, 2, 1, 0
bm4224, 2, 0, 1, 1.22, 1, 0, 1, 3, 1, 0
bm4224, 2, 1, 1, 1.36, 1, 0, 1, 4, 1, 0
bm4224, 2, 1, 0, 1.2, 0, 0, 1, 5, 1, 0
bm4224, 2, 1, 0, 1.45, 0, 0, 1, 6, 1, 0
bm4224, 2, 0, 0, 1.48, 0, 0, 1, 7, 1, 0
bm4224, 2, 1, 0, 1.34, 0, 0, 1, 8, 1, 0
bm4224, 2, 0, 1, 1.11, 1, 0, 1, 9, 1, 0
bm4224, 2, 0, 0, 1.33, 0, 0, 1, 10, 1, 0
bm4224, 2, 1, 1, 1.05, 1, 0, 1, 11, 1, 0
bm4224, 2, 1, 1, 1.04, 1, 0, 1, 12, 1, 0
bm4224, 2, 0, 0, 0.84, 0, 0, 1, 13, 1, 0
bm4224, 2, 0, 1, 0.94, 1, 0, 1, 14, 1, 0
bm4224, 2, 1, 0, 1.75, 0, 0, 1, 15, 1, 0
bm4224, 2, 0, 1, 1.0, 1, 0, 1, 16, 1, 0
bm4224, 2, 0, 1, 1.09, 1, 0, 1, 17, 1, 0
bm4224, 2, 0, 0, 1.3, 0, 0, 1, 18, 1, 0
bm4224, 2, 0, 1, 1.24, 1, 0, 1, 19, 1, 0
bm4224, 2, 0, 1, 2.07, 0, 0, 0, 20, 1, 0
bm4224, 2, 0, 1, 1.96, 1, 0, 1, 21, 1, 0
bm4224, 2, 1, 1, 1.83, 0, 0, 0, 22, 1, 0
bm4224, 2, 0, 1, 1.61, 1, 0, 1, 23, 1, 0
bm4224, 2, 1, 1, 1.8, 1, 0, 1, 24, 1, 0
bm4224, 2, 1, 0, 2.19, 0, 0, 1, 25, 1, 0
bm4224, 2, 1, 0, 1.62, 0, 0, 1, 26, 1, 0
bm4224, 2, 1, 0, 1.74, 0, 0, 1, 27, 1, 0
bm4224, 2, 1, 1, 1.06, 1, 0, 1, 28, 1, 0
bm4224, 2, 1, 1, 1.4, 0, 0, 0, 29, 1, 0
bm4224, 2, 1, 0, 1.96, 0, 0, 1, 30, 1, 0
bm4224, 2, 0, 0, 1.07, 0, 0, 1, 31, 1, 0
bm4224, 2, 1, 0, 2.99, 0, 0, 1, 32, 1, 0
bm4224, 3, 1, 1, 1.7963, 1, 1, 1, 1, 1, 0
bm4224, 3, 1, 1, 1.4356, 1, 1, 1, 2, 1, 0
bm4224, 3, 0, 1, 2.5455, 1, 1, 1, 3, 1, 0
bm4224, 3, 1, 0, 1.3219, 0, 1, 1, 4, 1, 0
bm4224, 3, 0, 0, 1.5885, 0, 1, 1, 5, 1, 0
bm4224, 3, 1, 1, 0.9961, 1, 1, 1, 6, 1, 0
bm4224, 3, 0, 0, 0.908, 0, 1, 1, 7, 1, 0
bm4224, 3, 0, 0, 0.92, 0, 1, 1, 8, 1, 0
bm4224, 3, 1, 1, 0.9953, 1, 1, 1, 9, 1, 0
bm4224, 3, 0, 0, 0.9399, 0, 1, 1, 10, 1, 0
bm4224, 3, 1, 1, 0.9246, 1, 0, 1, 1, 1, 0
bm4224, 3, 0, 1, 0.9839, 1, 0, 1, 2, 1, 0
bm4224, 3, 0, 0, 0.8483, 0, 0, 1, 3, 1, 0
bm4224, 3, 0, 1, 1.0063, 1, 0, 1, 4, 1, 0
bm4224, 3, 1, 0, 1.0623, 0, 0, 1, 5, 1, 0
bm4224, 3, 0, 0, 1.0514, 0, 0, 1, 6, 1, 0
bm4224, 3, 1, 1, 1.0094, 1, 0, 1, 7, 1, 0
bm4224, 3, 1, 1, 0.7931, 1, 0, 1, 8, 1, 0
bm4224, 3, 0, 1, 0.8892, 1, 0, 1, 9, 1, 0
bm4224, 3, 0, 0, 0.5819, 0, 0, 1, 10, 1, 0
bm4224, 3, 1, 1, 1.0869, 1, 0, 1, 11, 1, 0
bm4224, 3, 0, 0, 0.8356, 0, 0, 1, 12, 1, 0
bm4224, 3, 1, 1, 0.8981, 1, 0, 1, 13, 1, 0
bm4224, 3, 0, 1, 0.8141, 1, 0, 1, 14, 1, 0
bm4224, 3, 1, 0, 1.2135, 0, 0, 1, 15, 1, 0
bm4224, 3, 1, 1, 0.7485, 1, 0, 1, 16, 1, 0
bm4224, 3, 1, 0, 1.0708, 0, 0, 1, 17, 1, 0
bm4224, 3, 1, 1, 0.7878, 1, 0, 1, 18, 1, 0
bm4224, 3, 0, 0, 0.7087, 0, 0, 1, 19, 1, 0
bm4224, 3, 1, 1, 0.7763, 1, 0, 1, 20, 1, 0
bm4224, 3, 0, 1, 0.7456, 1, 0, 1, 21, 1, 0
bm4224, 3, 1, 0, 1.0839, 0, 0, 1, 22, 1, 0
bm4224, 3, 0, 0, 0.8803, 0, 0, 1, 23, 1, 0
bm4224, 3, 1, 1, 1.2769, 1, 0, 1, 24, 1, 0
bm4224, 3, 1, 0, 1.13, 0, 0, 1, 25, 1, 0
bm4224, 3, 0, 0, 0.749, 0, 0, 1, 26, 1, 0
bm4224, 3, 1, 0, 0.8472, 0, 0, 1, 27, 1, 0
bm4224, 3, 0, 0, 0.622, 0, 0, 1, 28, 1, 0
bm4224, 3, 1, 0, 0.8694, 0, 0, 1, 29, 1, 0
bm4224, 3, 0, 1, 0.6591, 1, 0, 1, 30, 1, 0
bm4224, 3, 0, 1, 0.6166, 1, 0, 1, 31, 1, 0
bm4224, 3, 0, 0, 0.4807, 0, 0, 1, 32, 1, 0
bm4224, 1, 0, 0, 6.1279, 1, 1, 0, 1, 1, 0
bm4224, 1, 0, 0, 4.9512, 0, 1, 1, 2, 1, 0
bm4224, 1, 1, 1, 4.8406, 1, 1, 1, 3, 1, 0
bm4224, 1, -1, 0, 3.0238, 0, 1, 1, 4, 1, 0
bm4224, 1, 1, 1, 1.5206, 1, 1, 1, 5, 1, 0
bm4224, 1, 1, 1, 6.959, 1, 1, 1, 6, 1, 0
bm4224, 1, 0, 1, 1.344, 1, 1, 1, 7, 1, 0
bm4224, 1, -1, 0, 2.1498, 1, 1, 0, 8, 1, 0
bm4224, 1, 0, 0, 2.6717, 0, 1, 1, 9, 1, 0
bm4224, 1, 0, 1, 1.537, 1, 1, 1, 10, 1, 0
bm4224, 1, -1, 0, 1.8828, 0, 0, 1, 1, 1, 0
bm4224, 1, -1, 0, 2.1396, 0, 0, 1, 2, 1, 0
bm4224, 1, 0, 0, 1.6022, 0, 0, 1, 3, 1, 0
bm4224, 1, 1, 0, 2.4777, 0, 0, 1, 4, 1, 0
bm4224, 1, 0, 0, 1.7031, 0, 0, 1, 5, 1, 0
bm4224, 1, 0, 1, 1.1202, 1, 0, 1, 6, 1, 0
bm4224, 1, -1, 1, 2.8788, 1, 0, 1, 7, 1, 0
bm4224, 1, 0, 1, 1.1913, 1, 0, 1, 8, 1, 0
bm4224, 1, 1, 0, 3.3959, 0, 0, 1, 9, 1, 0
bm4224, 1, -1, 1, 2.4378, 1, 0, 1, 10, 1, 0
bm4224, 1, -1, 0, 2.0309, 0, 0, 1, 11, 1, 0
bm4224, 1, 0, 1, 0.9699, 1, 0, 1, 12, 1, 0
bm4224, 1, -1, 1, 2.7035, 1, 0, 1, 13, 1, 0
bm4224, 1, -1, 1, 3.918, 1, 0, 1, 14, 1, 0
bm4224, 1, 1, 0, 2.8907, 0, 0, 1, 15, 1, 0
bm4224, 1, 1, 1, 4.8336, 1, 0, 1, 16, 1, 0
bm4224, 1, 1, 0, 1.7047, 0, 0, 1, 17, 1, 0
bm4224, 1, 0, 0, 1.4417, 0, 0, 1, 18, 1, 0
bm4224, 1, 0, 0, 1.8934, 0, 0, 1, 19, 1, 0
bm4224, 1, 1, 1, 2.8995, 1, 0, 1, 20, 1, 0
bm4224, 1, -1, 1, 2.6498, 1, 0, 1, 21, 1, 0
bm4224, 1, 1, 1, 2.0264, 1, 0, 1, 22, 1, 0
bm4224, 1, 1, 0, 2.4043, 0, 0, 1, 23, 1, 0
bm4224, 1, 1, 1, 1.2951, 1, 0, 1, 24, 1, 0
bm4224, 1, -1, 0, 2.0871, 0, 0, 1, 25, 1, 0
bm4224, 1, 1, 1, 1.6304, 1, 0, 1, 26, 1, 0
bm4224, 1, 1, 0, 1.9598, 0, 0, 1, 27, 1, 0
bm4224, 1, 0, 0, 1.5571, 0, 0, 1, 28, 1, 0
bm4224, 1, 1, 0, 3.6481, 0, 0, 1, 29, 1, 0
bm4224, 1, 0, 1, 1.047, 1, 0, 1, 30, 1, 0
bm4224, 1, 0, 1, 0.9846, 1, 0, 1, 31, 1, 0
bm4224, 1, -1, 1, 4.1234, 1, 0, 1, 32, 1, 0
bm4224, 0, 4, J, 1.16, J, NA, 1, 1, 2, NA
bm4224, 0, 4, K, 0.93, K, NA, 1, 2, 2, NA
bm4224, 0, 4, H, 1.08, H, NA, 1, 3, 2, NA
bm4224, 0, 4, D, 0.71, D, NA, 1, 4, 2, NA
bm4224, 0, 4, J, 0.61, J, NA, 1, 5, 2, NA
bm4224, 0, 3, L, 0.61, L, NA, 1, 6, 2, NA
bm4224, 0, 3, A, 0.63, A, NA, 1, 7, 2, NA
bm4224, 0, 2, D, 0.61, D, NA, 1, 8, 2, NA
bm4224, 0, 2, L, 0.84, L, NA, 1, 9, 2, NA
bm4224, 0, 1, F, 0.59, F, NA, 1, 10, 2, NA
bm4224, 0, 2, J, 1.21, G, NA, 0, 11, 2, NA
bm4224, 0, 2, K, 0.62, K, NA, 1, 12, 2, NA
bm4224, 0, 1, G, 0.69, G, NA, 1, 13, 2, NA
bm4224, 0, 1, L, 1.01, L, NA, 1, 14, 2, NA
bm4224, 0, 2, F, 0.86, G, NA, 0, 15, 2, NA
bm4224, 0, 2, H, 0.88, H, NA, 1, 16, 2, NA
bm4224, 0, 1, F, 0.74, F, NA, 1, 17, 2, NA
bm4224, 0, 2, A, 0.82, F, NA, 0, 18, 2, NA
bm4224, 0, 2, H, 0.67, H, NA, 1, 19, 2, NA
bm4224, 0, 1, F, 0.59, F, NA, 1, 20, 2, NA
bm4224, 0, 2, H, 1.79, G, NA, 0, 21, 2, NA
bm4224, 0, 2, H, 0.73, H, NA, 1, 22, 2, NA
bm4224, 0, 3, H, 0.66, F, NA, 0, 23, 2, NA
bm4224, 0, 3, A, 0.6, A, NA, 1, 24, 2, NA
bm4224, 0, 2, G, 0.6, G, NA, 1, 25, 2, NA
bm4224, 0, 2, K, 0.6, K, NA, 1, 26, 2, NA
bm4224, 0, 1, H, 0.82, H, NA, 1, 27, 2, NA
bm4224, 0, 2, A, 1.19, G, NA, 0, 28, 2, NA
bm4224, 0, 2, S, 0.75, S, NA, 1, 29, 2, NA
bm4224, 0, 1, S, 0.6, S, NA, 1, 30, 2, NA
bm4224, 0, 2, S, 1.35, G, NA, 0, 31, 2, NA
bm4224, 0, 2, H, 0.69, H, NA, 1, 32, 2, NA
bm4224, 0, 1, D, 0.62, D, NA, 1, 33, 2, NA
bm4224, 0, 2, H, 0.78, S, NA, 0, 34, 2, NA
bm4224, 0, 2, A, 0.64, A, NA, 1, 35, 2, NA
bm4224, 0, 1, F, 0.62, F, NA, 1, 36, 2, NA
bm4224, 0, 2, K, 0.71, G, NA, 0, 37, 2, NA
bm4224, 0, 2, D, 0.61, D, NA, 1, 38, 2, NA
bm4224, 0, 1, L, 1.51, L, NA, 1, 39, 2, NA
bm4224, 0, 1, A, 1.02, A, NA, 1, 40, 2, NA
bm4224, 0, 2, L, 0.68, F, NA, 0, 41, 2, NA
bm4224, 0, 2, A, 0.65, A, NA, 1, 42, 2, NA
bm4224, 0, 1, G, 0.59, G, NA, 1, 43, 2, NA
bm4224, 0, 2, S, 2.1, G, NA, 0, 44, 2, NA
bm4224, 0, 2, G, 0.76, G, NA, 1, 45, 2, NA
bm4224, 0, 1, F, 0.71, F, NA, 1, 46, 2, NA
bm4224, 0, 2, L, 1.5, G, NA, 0, 47, 2, NA
bm4224, 0, 2, G, 0.6, G, NA, 1, 48, 2, NA
bm4224, 0, 1, A, 0.56, A, NA, 1, 49, 2, NA
bm4224, 0, 1, G, 0.8, G, NA, 1, 50, 2, NA
bm4224, 2, 0, 0, 1.38, 0, 0, 1, 1, 2, 0
bm4224, 2, 0, 1, 0.93, 1, 0, 1, 2, 2, 0
bm4224, 2, 0, 0, 0.89, 0, 0, 1, 3, 2, 0
bm4224, 2, 1, 1, 1.76, 1, 0, 1, 4, 2, 0
bm4224, 2, 1, 1, 1.37, 1, 0, 1, 5, 2, 0
bm4224, 2, 0, 0, 1.4, 0, 0, 1, 6, 2, 0
bm4224, 2, 1, 1, 1.76, 1, 0, 1, 7, 2, 0
bm4224, 2, 1, 0, 1.53, 0, 0, 1, 8, 2, 0
bm4224, 2, 0, 1, 0.82, 1, 0, 1, 9, 2, 0
bm4224, 2, 1, 1, 2.16, 1, 0, 1, 10, 2, 0
bm4224, 2, 1, 1, 1.58, 0, 0, 0, 11, 2, 0
bm4224, 2, 1, 1, 1.85, 1, 0, 1, 12, 2, 0
bm4224, 2, 0, 0, 1.09, 0, 0, 1, 13, 2, 0
bm4224, 2, 0, 0, 1.29, 0, 0, 1, 14, 2, 0
bm4224, 2, 1, 1, 2.18, 1, 0, 1, 15, 2, 0
bm4224, 2, 1, 0, 2.11, 0, 0, 1, 16, 2, 0
bm4224, 2, 0, 0, 1.39, 0, 0, 1, 17, 2, 0
bm4224, 2, 1, 0, 2.19, 0, 0, 1, 18, 2, 0
bm4224, 2, 0, 0, 0.82, 0, 0, 1, 19, 2, 0
bm4224, 2, 0, 0, 0.67, 0, 0, 1, 20, 2, 0
bm4224, 2, 1, 1, 0.93, 1, 0, 1, 21, 2, 0
bm4224, 2, 1, 0, 1.92, 0, 0, 1, 22, 2, 0
bm4224, 2, 0, 1, 0.9, 1, 0, 1, 23, 2, 0
bm4224, 2, 0, 0, 1.16, 0, 0, 1, 24, 2, 0
bm4224, 2, 0, 1, 0.76, 1, 0, 1, 25, 2, 0
bm4224, 2, 0, 1, 1.49, 1, 0, 1, 26, 2, 0
bm4224, 2, 1, 1, 1.88, 1, 0, 1, 27, 2, 0
bm4224, 2, 1, 0, 1.78, 0, 0, 1, 28, 2, 0
bm4224, 2, 1, 0, 2.84, 0, 0, 1, 29, 2, 0
bm4224, 2, 0, 1, 0.99, 1, 0, 1, 30, 2, 0
bm4224, 2, 1, 0, 1.86, 0, 0, 1, 31, 2, 0
bm4224, 2, 0, 1, 0.86, 1, 0, 1, 32, 2, 0
bm4224, 3, 1, 1, 0.9981, 1, 0, 1, 1, 2, 0
bm4224, 3, 0, 1, 0.6559, 1, 0, 1, 2, 2, 0
bm4224, 3, 1, 1, 0.9522, 1, 0, 1, 3, 2, 0
bm4224, 3, 1, 1, 0.7402, 1, 0, 1, 4, 2, 0
bm4224, 3, 0, 0, 0.5371, 0, 0, 1, 5, 2, 0
bm4224, 3, 1, 1, 0.9182, 1, 0, 1, 6, 2, 0
bm4224, 3, 0, 0, 0.6596, 0, 0, 1, 7, 2, 0
bm4224, 3, 0, 1, 0.6678, 1, 0, 1, 8, 2, 0
bm4224, 3, 0, 0, 0.5483, 0, 0, 1, 9, 2, 0
bm4224, 3, 0, 1, 0.5286, 1, 0, 1, 10, 2, 0
bm4224, 3, 1, 0, 0.8457, 0, 0, 1, 11, 2, 0
bm4224, 3, 1, 0, 0.7503, 0, 0, 1, 12, 2, 0
bm4224, 3, 1, 0, 0.6587, 0, 0, 1, 13, 2, 0
bm4224, 3, 1, 1, 0.8902, 1, 0, 1, 14, 2, 0
bm4224, 3, 1, 1, 0.793, 1, 0, 1, 15, 2, 0
bm4224, 3, 1, 0, 0.7798, 0, 0, 1, 16, 2, 0
bm4224, 3, 0, 0, 0.6235, 0, 0, 1, 17, 2, 0
bm4224, 3, 0, 0, 0.5517, 0, 0, 1, 18, 2, 0
bm4224, 3, 1, 1, 0.852, 1, 0, 1, 19, 2, 0
bm4224, 3, 0, 0, 0.58, 0, 0, 1, 20, 2, 0
bm4224, 3, 1, 1, 0.7351, 1, 0, 1, 21, 2, 0
bm4224, 3, 1, 1, 0.6439, 1, 0, 1, 22, 2, 0
bm4224, 3, 0, 0, 0.4771, 0, 0, 1, 23, 2, 0
bm4224, 3, 0, 1, 0.5409, 1, 0, 1, 24, 2, 0
bm4224, 3, 1, 1, 0.6179, 1, 0, 1, 25, 2, 0
bm4224, 3, 0, 1, 0.4995, 1, 0, 1, 26, 2, 0
bm4224, 3, 0, 0, 0.4661, 0, 0, 1, 27, 2, 0
bm4224, 3, 0, 0, 0.4339, 0, 0, 1, 28, 2, 0
bm4224, 3, 0, 0, 0.595, 0, 0, 1, 29, 2, 0
bm4224, 3, 1, 0, 0.5254, 1, 0, 0, 30, 2, 0
bm4224, 3, 0, 1, 0.6712, 1, 0, 1, 31, 2, 0
bm4224, 3, 1, 0, 0.9349, 0, 0, 1, 32, 2, 0
bm4224, 1, 0, 1, 1.0814, 1, 0, 1, 1, 2, 0
bm4224, 1, -1, 0, 2.1565, 0, 0, 1, 2, 2, 0
bm4224, 1, -1, 0, 2.2438, 0, 0, 1, 3, 2, 0
bm4224, 1, 0, 0, 1.3846, 0, 0, 1, 4, 2, 0
bm4224, 1, 1, 0, 1.8874, 0, 0, 1, 5, 2, 0
bm4224, 1, 1, 0, 2.2892, 0, 0, 1, 6, 2, 0
bm4224, 1, 1, 0, 3.4998, 0, 0, 1, 7, 2, 0
bm4224, 1, 0, 1, 0.9242, 1, 0, 1, 8, 2, 0
bm4224, 1, -1, 1, 2.4851, 1, 0, 1, 9, 2, 0
bm4224, 1, 1, 0, 2.5591, 0, 0, 1, 10, 2, 0
bm4224, 1, -1, 0, 1.9418, 1, 0, 0, 11, 2, 0
bm4224, 1, 0, 0, 1.5787, 0, 0, 1, 12, 2, 0
bm4224, 1, -1, 0, 3.5617, 0, 0, 1, 13, 2, 0
bm4224, 1, 1, 1, 2.5036, 1, 0, 1, 14, 2, 0
bm4224, 1, -1, 1, 2.1603, 1, 0, 1, 15, 2, 0
bm4224, 1, -1, 1, 1.9116, 1, 0, 1, 16, 2, 0
bm4224, 1, 1, 1, 1.7049, 1, 0, 1, 17, 2, 0
bm4224, 1, 0, 0, 3.0279, 0, 0, 1, 18, 2, 0
bm4224, 1, 1, 0, 1.5108, 0, 0, 1, 19, 2, 0
bm4224, 1, 0, 1, 1.6099, 1, 0, 1, 20, 2, 0
bm4224, 1, 1, 0, 2.0077, 0, 0, 1, 21, 2, 0
bm4224, 1, 1, 1, 2.4049, 1, 0, 1, 22, 2, 0
bm4224, 1, 1, 0, 1.826, 0, 0, 1, 23, 2, 0
bm4224, 1, -1, 1, 1.9099, 1, 0, 1, 24, 2, 0
bm4224, 1, -1, 1, 2.7433, 1, 0, 1, 25, 2, 0
bm4224, 1, 0, 1, 0.9511, 1, 0, 1, 26, 2, 0
bm4224, 1, 0, 0, 1.1852, 0, 0, 1, 27, 2, 0
bm4224, 1, 0, 0, 1.8245, 0, 0, 1, 28, 2, 0
bm4224, 1, 1, 1, 2.3888, 1, 0, 1, 29, 2, 0
bm4224, 1, -1, 1, 2.0814, 1, 0, 1, 30, 2, 0
bm4224, 1, 0, 1, 1.2766, 1, 0, 1, 31, 2, 0
bm4224, 1, 0, 1, 1.1446, 1, 0, 1, 32, 2, 0
