sub, task, cond1, cond2, rt, inputResp, training, accuracy, trial, block, 2fast
bm4203, 0, 8, J, 1.27, J, NA, 1, 1, 1, NA
bm4203, 0, 8, F, 1.09, F, NA, 1, 2, 1, NA
bm4203, 0, 8, D, 1.08, D, NA, 1, 3, 1, NA
bm4203, 0, 8, K, 1.61, K, NA, 1, 4, 1, NA
bm4203, 0, 8, H, 0.9, H, NA, 1, 5, 1, NA
bm4203, 0, 7, F, 0.97, F, NA, 1, 6, 1, NA
bm4203, 0, 7, G, 1.18, G, NA, 1, 7, 1, NA
bm4203, 0, 6, S, 1.0, S, NA, 1, 8, 1, NA
bm4203, 0, 6, S, 0.81, S, NA, 1, 9, 1, NA
bm4203, 0, 5, H, 0.99, H, NA, 1, 10, 1, NA
bm4203, 0, 5, J, 1.01, J, NA, 1, 11, 1, NA
bm4203, 0, 4, S, 1.08, S, NA, 1, 12, 1, NA
bm4203, 0, 4, K, 1.28, K, NA, 1, 13, 1, NA
bm4203, 0, 3, K, 0.76, K, NA, 1, 14, 1, NA
bm4203, 0, 3, D, 0.97, D, NA, 1, 15, 1, NA
bm4203, 0, 2, J, 1.34, J, NA, 1, 16, 1, NA
bm4203, 0, 2, F, 1.17, F, NA, 1, 17, 1, NA
bm4203, 0, 1, D, 1.0, D, NA, 1, 18, 1, NA
bm4203, 0, 2, H, 2.55, G, NA, 0, 19, 1, NA
bm4203, 0, 2, L, 1.66, L, NA, 1, 20, 1, NA
bm4203, 0, 1, A, 1.04, A, NA, 1, 21, 1, NA
bm4203, 0, 2, H, 2.52, D, NA, 0, 22, 1, NA
bm4203, 0, 2, H, 1.17, H, NA, 1, 23, 1, NA
bm4203, 0, 1, K, 1.93, K, NA, 1, 24, 1, NA
bm4203, 0, 2, H, 1.51, G, NA, 0, 25, 1, NA
bm4203, 0, 2, K, 1.16, K, NA, 1, 26, 1, NA
bm4203, 0, 1, L, 1.09, L, NA, 1, 27, 1, NA
bm4203, 0, 2, S, 1.49, G, NA, 0, 28, 1, NA
bm4203, 0, 3, G, 1.41, A, NA, 0, 29, 1, NA
bm4203, 0, 3, H, 1.06, H, NA, 1, 30, 1, NA
bm4203, 0, 4, G, 2.39, D, NA, 0, 31, 1, NA
bm4203, 0, 4, J, 1.03, J, NA, 1, 32, 1, NA
bm4203, 0, 3, K, 1.13, K, NA, 1, 33, 1, NA
bm4203, 0, 3, A, 0.95, A, NA, 1, 34, 1, NA
bm4203, 0, 2, D, 1.13, D, NA, 1, 35, 1, NA
bm4203, 0, 2, L, 1.4, L, NA, 1, 36, 1, NA
bm4203, 0, 1, D, 1.17, D, NA, 1, 37, 1, NA
bm4203, 0, 2, J, 1.31, G, NA, 0, 38, 1, NA
bm4203, 0, 2, H, 1.17, H, NA, 1, 39, 1, NA
bm4203, 0, 3, L, 1.66, D, NA, 0, 40, 1, NA
bm4203, 0, 3, A, 0.78, A, NA, 1, 41, 1, NA
bm4203, 0, 2, F, 1.21, F, NA, 1, 42, 1, NA
bm4203, 0, 2, H, 1.01, H, NA, 1, 43, 1, NA
bm4203, 0, 1, K, 1.2, K, NA, 1, 44, 1, NA
bm4203, 0, 1, K, 1.13, K, NA, 1, 45, 1, NA
bm4203, 0, 2, J, 1.59, H, NA, 0, 46, 1, NA
bm4203, 0, 2, S, 1.21, S, NA, 1, 47, 1, NA
bm4203, 0, 1, H, 1.17, H, NA, 1, 48, 1, NA
bm4203, 0, 2, G, 1.21, A, NA, 0, 49, 1, NA
bm4203, 0, 2, L, 1.24, L, NA, 1, 50, 1, NA
bm4203, 2, 0, 0, 1.3, 0, 1, 1, 1, 1, 0
bm4203, 2, 0, 1, 0.79, 1, 1, 1, 2, 1, 0
bm4203, 2, 1, 1, 2.26, 1, 1, 1, 3, 1, 0
bm4203, 2, 0, 1, 0.7, 1, 1, 1, 4, 1, 0
bm4203, 2, 1, 0, 1.78, 0, 1, 1, 5, 1, 0
bm4203, 2, 1, 1, 1.31, 1, 1, 1, 6, 1, 0
bm4203, 2, 0, 0, 0.91, 0, 1, 1, 7, 1, 0
bm4203, 2, 0, 0, 0.78, 0, 1, 1, 8, 1, 0
bm4203, 2, 1, 1, 1.77, 1, 1, 1, 9, 1, 0
bm4203, 2, 1, 0, 2.18, 0, 1, 1, 10, 1, 0
bm4203, 2, 0, 0, 1.13, 0, 0, 1, 1, 1, 0
bm4203, 2, 0, 0, 0.82, 0, 0, 1, 2, 1, 0
bm4203, 2, 1, 0, 1.62, 0, 0, 1, 3, 1, 0
bm4203, 2, 1, 1, 0.69, 1, 0, 1, 4, 1, 0
bm4203, 2, 0, 0, 0.69, 0, 0, 1, 5, 1, 0
bm4203, 2, 0, 1, 0.67, 1, 0, 1, 6, 1, 0
bm4203, 2, 1, 0, 2.41, 0, 0, 1, 7, 1, 0
bm4203, 2, 1, 0, 2.48, 0, 0, 1, 8, 1, 0
bm4203, 2, 1, 1, 0.9, 1, 0, 1, 9, 1, 0
bm4203, 2, 0, 0, 0.77, 0, 0, 1, 10, 1, 0
bm4203, 2, 1, 1, 1.91, 1, 0, 1, 11, 1, 0
bm4203, 2, 0, 1, 0.78, 1, 0, 1, 12, 1, 0
bm4203, 2, 1, 0, 1.87, 0, 0, 1, 13, 1, 0
bm4203, 2, 0, 1, 0.75, 1, 0, 1, 14, 1, 0
bm4203, 2, 0, 0, 1.11, 0, 0, 1, 15, 1, 0
bm4203, 2, 1, 0, 2.09, 0, 0, 1, 16, 1, 0
bm4203, 2, 1, 1, 1.32, 1, 0, 1, 17, 1, 0
bm4203, 2, 1, 0, 2.26, 0, 0, 1, 18, 1, 0
bm4203, 2, 0, 1, 0.86, 1, 0, 1, 19, 1, 0
bm4203, 2, 0, 0, 0.88, 0, 0, 1, 20, 1, 0
bm4203, 2, 0, 0, 0.72, 0, 0, 1, 21, 1, 0
bm4203, 2, 1, 0, 2.0, 0, 0, 1, 22, 1, 0
bm4203, 2, 1, 1, 1.12, 1, 0, 1, 23, 1, 0
bm4203, 2, 0, 1, 0.94, 1, 0, 1, 24, 1, 0
bm4203, 2, 1, 0, 1.57, 0, 0, 1, 25, 1, 0
bm4203, 2, 1, 1, 2.38, 1, 0, 1, 26, 1, 0
bm4203, 2, 0, 1, 0.65, 1, 0, 1, 27, 1, 0
bm4203, 2, 1, 1, 0.9, 1, 0, 1, 28, 1, 0
bm4203, 2, 0, 1, 0.77, 1, 0, 1, 29, 1, 0
bm4203, 2, 1, 1, 1.8, 1, 0, 1, 30, 1, 0
bm4203, 2, 0, 0, 0.54, 1, 0, 0, 31, 1, 0
bm4203, 2, 0, 1, 0.74, 1, 0, 1, 32, 1, 0
bm4203, 3, 1, 0, 2.3177, 0, 1, 1, 1, 1, 0
bm4203, 3, 1, 0, 0.8804, 0, 1, 1, 2, 1, 0
bm4203, 3, 0, 1, 1.3577, 1, 1, 1, 3, 1, 0
bm4203, 3, 0, 0, 0.5994, 0, 1, 1, 4, 1, 0
bm4203, 3, 1, 0, 0.7042, 0, 1, 1, 5, 1, 0
bm4203, 3, 1, 0, 0.9805, 0, 1, 1, 6, 1, 0
bm4203, 3, 0, 1, 0.6216, 1, 1, 1, 7, 1, 0
bm4203, 3, 0, 1, 0.5659, 1, 1, 1, 8, 1, 0
bm4203, 3, 1, 1, 0.9762, 1, 1, 1, 9, 1, 0
bm4203, 3, 0, 1, 0.5857, 1, 1, 1, 10, 1, 0
bm4203, 3, 0, 1, 0.5017, 1, 0, 1, 1, 1, 0
bm4203, 3, 0, 1, 0.498, 1, 0, 1, 2, 1, 0
bm4203, 3, 0, 1, 0.4791, 1, 0, 1, 3, 1, 0
bm4203, 3, 0, 0, 0.5255, 0, 0, 1, 4, 1, 0
bm4203, 3, 0, 0, 0.8092, 0, 0, 1, 5, 1, 0
bm4203, 3, 0, 1, 0.6019, 1, 0, 1, 6, 1, 0
bm4203, 3, 1, 0, 0.675, 0, 0, 1, 7, 1, 0
bm4203, 3, 0, 0, 0.6172, 0, 0, 1, 8, 1, 0
bm4203, 3, 1, 0, 0.6255, 0, 0, 1, 9, 1, 0
bm4203, 3, 1, 1, 0.9538, 1, 0, 1, 10, 1, 0
bm4203, 3, 0, 1, 0.4678, 1, 0, 1, 11, 1, 0
bm4203, 3, 0, 0, 0.5775, 0, 0, 1, 12, 1, 0
bm4203, 3, 0, 0, 0.6352, 0, 0, 1, 13, 1, 0
bm4203, 3, 1, 1, 0.8828, 1, 0, 1, 14, 1, 0
bm4203, 3, 1, 1, 1.1994, 1, 0, 1, 15, 1, 0
bm4203, 3, 1, 0, 0.7679, 0, 0, 1, 16, 1, 0
bm4203, 3, 0, 1, 0.4187, 1, 0, 1, 17, 1, 0
bm4203, 3, 0, 1, 0.4666, 1, 0, 1, 18, 1, 0
bm4203, 3, 1, 1, 0.8491, 1, 0, 1, 19, 1, 0
bm4203, 3, 0, 0, 0.6398, 0, 0, 1, 20, 1, 0
bm4203, 3, 1, 0, 0.6146, 0, 0, 1, 21, 1, 0
bm4203, 3, 1, 1, 1.087, 1, 0, 1, 22, 1, 0
bm4203, 3, 1, 0, 0.7882, 0, 0, 1, 23, 1, 0
bm4203, 3, 1, 1, 0.7409, 1, 0, 1, 24, 1, 0
bm4203, 3, 0, 0, 0.6316, 0, 0, 1, 25, 1, 0
bm4203, 3, 1, 0, 1.0228, 0, 0, 1, 26, 1, 0
bm4203, 3, 1, 1, 1.0618, 1, 0, 1, 27, 1, 0
bm4203, 3, 1, 1, 1.227, 1, 0, 1, 28, 1, 0
bm4203, 3, 1, 0, 0.698, 0, 0, 1, 29, 1, 0
bm4203, 3, 0, 0, 0.8788, 0, 0, 1, 30, 1, 0
bm4203, 3, 1, 0, 0.7802, 0, 0, 1, 31, 1, 0
bm4203, 3, 0, 1, 0.5578, 1, 0, 1, 32, 1, 0
bm4203, 1, 0, 0, 1.6483, 0, 1, 1, 1, 1, 0
bm4203, 1, -1, 1, 2.0752, 1, 1, 1, 2, 1, 0
bm4203, 1, 1, 0, 2.6604, 0, 1, 1, 3, 1, 0
bm4203, 1, 1, 0, 2.3257, 0, 1, 1, 4, 1, 0
bm4203, 1, -1, 0, 3.3153, 0, 1, 1, 5, 1, 0
bm4203, 1, 0, 1, 1.6586, 1, 1, 1, 6, 1, 0
bm4203, 1, 0, 1, 0.9495, 1, 1, 1, 7, 1, 0
bm4203, 1, -1, 1, 1.4991, 1, 1, 1, 8, 1, 0
bm4203, 1, 1, 1, 2.5556, 1, 1, 1, 9, 1, 0
bm4203, 1, 1, 0, 1.4402, 0, 1, 1, 10, 1, 0
bm4203, 1, 0, 1, 1.0239, 1, 0, 1, 1, 1, 0
bm4203, 1, 1, 0, 3.1394, 0, 0, 1, 2, 1, 0
bm4203, 1, -1, 0, 1.5681, 0, 0, 1, 3, 1, 0
bm4203, 1, 1, 1, 3.0859, 1, 0, 1, 4, 1, 0
bm4203, 1, 0, 0, 2.4941, 0, 0, 1, 5, 1, 0
bm4203, 1, 0, 1, 1.2869, 1, 0, 1, 6, 1, 0
bm4203, 1, 1, 1, 1.7438, 1, 0, 1, 7, 1, 0
bm4203, 1, 0, 0, 2.0385, 0, 0, 1, 8, 1, 0
bm4203, 1, 1, 1, 2.6082, 1, 0, 1, 9, 1, 0
bm4203, 1, -1, 0, 3.027, 0, 0, 1, 10, 1, 0
bm4203, 1, -1, 0, 1.8285, 0, 0, 1, 11, 1, 0
bm4203, 1, 1, 1, 2.5839, 1, 0, 1, 12, 1, 0
bm4203, 1, -1, 1, 2.4281, 1, 0, 1, 13, 1, 0
bm4203, 1, -1, 1, 1.7028, 1, 0, 1, 14, 1, 0
bm4203, 1, -1, 0, 2.2389, 0, 0, 1, 15, 1, 0
bm4203, 1, -1, 0, 3.8729, 0, 0, 1, 16, 1, 0
bm4203, 1, 1, 0, 1.2473, 0, 0, 1, 17, 1, 0
bm4203, 1, 1, 1, 2.7302, 1, 0, 1, 18, 1, 0
bm4203, 1, 0, 0, 2.0413, 0, 0, 1, 19, 1, 0
bm4203, 1, 0, 0, 1.2685, 0, 0, 1, 20, 1, 0
bm4203, 1, 0, 0, 0.5753, 0, 0, 1, 21, 1, 0
bm4203, 1, 0, 0, 1.3979, 0, 0, 1, 22, 1, 0
bm4203, 1, -1, 1, 1.6418, 1, 0, 1, 23, 1, 0
bm4203, 1, 0, 0, 1.3813, 0, 0, 1, 24, 1, 0
bm4203, 1, 0, 0, 1.3076, 0, 0, 1, 25, 1, 0
bm4203, 1, 1, 1, 2.7386, 1, 0, 1, 26, 1, 0
bm4203, 1, 0, 0, 1.3458, 0, 0, 1, 27, 1, 0
bm4203, 1, 1, 1, 2.3771, 1, 0, 1, 28, 1, 0
bm4203, 1, 1, 1, 2.7573, 1, 0, 1, 29, 1, 0
bm4203, 1, -1, 1, 2.5464, 1, 0, 1, 30, 1, 0
bm4203, 1, 0, 1, 1.3051, 1, 0, 1, 31, 1, 0
bm4203, 1, 1, 1, 1.3777, 1, 0, 1, 32, 1, 0
bm4203, 0, 4, L, 0.97, L, NA, 1, 1, 2, NA
bm4203, 0, 4, G, 0.92, G, NA, 1, 2, 2, NA
bm4203, 0, 4, L, 0.69, L, NA, 1, 3, 2, NA
bm4203, 0, 4, D, 0.91, D, NA, 1, 4, 2, NA
bm4203, 0, 4, L, 1.23, L, NA, 1, 5, 2, NA
bm4203, 0, 3, A, 1.08, A, NA, 1, 6, 2, NA
bm4203, 0, 3, D, 1.12, D, NA, 1, 7, 2, NA
bm4203, 0, 2, K, 1.09, K, NA, 1, 8, 2, NA
bm4203, 0, 2, A, 0.95, A, NA, 1, 9, 2, NA
bm4203, 0, 1, G, 1.05, G, NA, 1, 10, 2, NA
bm4203, 0, 1, D, 1.61, D, NA, 1, 11, 2, NA
bm4203, 0, 2, D, 1.03, A, NA, 0, 12, 2, NA
bm4203, 0, 2, K, 1.19, K, NA, 1, 13, 2, NA
bm4203, 0, 1, D, 1.05, D, NA, 1, 14, 2, NA
bm4203, 0, 2, A, 1.35, G, NA, 0, 15, 2, NA
bm4203, 0, 2, S, 1.09, S, NA, 1, 16, 2, NA
bm4203, 0, 1, D, 0.97, D, NA, 1, 17, 2, NA
bm4203, 0, 2, K, 0.95, A, NA, 0, 18, 2, NA
bm4203, 0, 2, L, 1.29, L, NA, 1, 19, 2, NA
bm4203, 0, 1, K, 1.08, K, NA, 1, 20, 2, NA
bm4203, 0, 2, H, 1.18, D, NA, 0, 21, 2, NA
bm4203, 0, 3, S, 1.59, D, NA, 0, 22, 2, NA
bm4203, 0, 3, J, 1.23, J, NA, 1, 23, 2, NA
bm4203, 0, 2, G, 1.12, G, NA, 1, 24, 2, NA
bm4203, 0, 2, F, 1.27, F, NA, 1, 25, 2, NA
bm4203, 0, 1, D, 0.93, D, NA, 1, 26, 2, NA
bm4203, 0, 2, S, 1.3, G, NA, 0, 27, 2, NA
bm4203, 0, 2, L, 2.07, L, NA, 1, 28, 2, NA
bm4203, 0, 1, L, 1.43, L, NA, 1, 29, 2, NA
bm4203, 0, 2, D, 1.71, A, NA, 0, 30, 2, NA
bm4203, 0, 2, F, 1.24, F, NA, 1, 31, 2, NA
bm4203, 0, 1, D, 1.42, D, NA, 1, 32, 2, NA
bm4203, 0, 2, A, 1.29, G, NA, 0, 33, 2, NA
bm4203, 0, 2, D, 1.12, D, NA, 1, 34, 2, NA
bm4203, 0, 3, F, 2.33, K, NA, 0, 35, 2, NA
bm4203, 0, 3, G, 0.98, G, NA, 1, 36, 2, NA
bm4203, 0, 2, K, 1.66, K, NA, 1, 37, 2, NA
bm4203, 0, 2, J, 1.3, J, NA, 1, 38, 2, NA
bm4203, 0, 1, D, 1.44, D, NA, 1, 39, 2, NA
bm4203, 0, 2, H, 1.36, D, NA, 0, 40, 2, NA
bm4203, 0, 2, L, 1.26, L, NA, 1, 41, 2, NA
bm4203, 0, 1, F, 1.1, F, NA, 1, 42, 2, NA
bm4203, 0, 2, J, 1.5, D, NA, 0, 43, 2, NA
bm4203, 0, 2, L, 1.33, L, NA, 1, 44, 2, NA
bm4203, 0, 1, H, 1.11, H, NA, 1, 45, 2, NA
bm4203, 0, 2, L, 1.61, D, NA, 0, 46, 2, NA
bm4203, 0, 2, H, 1.16, H, NA, 1, 47, 2, NA
bm4203, 0, 1, H, 1.46, H, NA, 1, 48, 2, NA
bm4203, 0, 2, H, 1.36, D, NA, 0, 49, 2, NA
bm4203, 0, 2, L, 1.47, L, NA, 1, 50, 2, NA
bm4203, 2, 1, 1, 1.09, 1, 0, 1, 1, 2, 0
bm4203, 2, 1, 0, 1.14, 0, 0, 1, 2, 2, 0
bm4203, 2, 0, 0, 0.72, 0, 0, 1, 3, 2, 0
bm4203, 2, 1, 1, 0.6, 1, 0, 1, 4, 2, 0
bm4203, 2, 1, 0, 2.58, 0, 0, 1, 5, 2, 0
bm4203, 2, 0, 0, 0.75, 0, 0, 1, 6, 2, 0
bm4203, 2, 0, 0, 0.64, 0, 0, 1, 7, 2, 0
bm4203, 2, 0, 1, 0.73, 1, 0, 1, 8, 2, 0
bm4203, 2, 0, 1, 0.56, 1, 0, 1, 9, 2, 0
bm4203, 2, 1, 1, 0.61, 1, 0, 1, 10, 2, 0
bm4203, 2, 0, 0, 0.8, 0, 0, 1, 11, 2, 0
bm4203, 2, 0, 1, 0.69, 1, 0, 1, 12, 2, 0
bm4203, 2, 0, 0, 0.71, 0, 0, 1, 13, 2, 0
bm4203, 2, 0, 1, 0.66, 1, 0, 1, 14, 2, 0
bm4203, 2, 0, 0, 0.78, 0, 0, 1, 15, 2, 0
bm4203, 2, 0, 1, 0.72, 1, 0, 1, 16, 2, 0
bm4203, 2, 1, 0, 2.34, 0, 0, 1, 17, 2, 0
bm4203, 2, 1, 1, 0.66, 1, 0, 1, 18, 2, 0
bm4203, 2, 1, 1, 2.24, 0, 0, 0, 19, 2, 0
bm4203, 2, 1, 1, 1.37, 1, 0, 1, 20, 2, 0
bm4203, 2, 1, 1, 1.75, 1, 0, 1, 21, 2, 0
bm4203, 2, 1, 1, 2.82, 1, 0, 1, 22, 2, 0
bm4203, 2, 1, 1, 1.28, 1, 0, 1, 23, 2, 0
bm4203, 2, 1, 0, 2.69, 0, 0, 1, 24, 2, 0
bm4203, 2, 1, 0, 1.88, 0, 0, 1, 25, 2, 0
bm4203, 2, 1, 1, 0.6, 1, 0, 1, 26, 2, 0
bm4203, 2, 0, 0, 0.78, 0, 0, 1, 27, 2, 0
bm4203, 2, 0, 0, 0.64, 0, 0, 1, 28, 2, 0
bm4203, 2, 0, 1, 0.66, 1, 0, 1, 29, 2, 0
bm4203, 2, 1, 0, 3.49, 0, 0, 1, 30, 2, 0
bm4203, 2, 0, 0, 0.76, 0, 0, 1, 31, 2, 0
bm4203, 2, 0, 0, 0.54, 0, 0, 1, 32, 2, 0
bm4203, 3, 1, 1, 2.4716, 1, 0, 1, 1, 2, 0
bm4203, 3, 1, 1, 0.9184, 1, 0, 1, 2, 2, 0
bm4203, 3, 1, 0, 1.1388, 0, 0, 1, 3, 2, 0
bm4203, 3, 1, 1, 1.3352, 1, 0, 1, 4, 2, 0
bm4203, 3, 0, 1, 0.3877, 1, 0, 1, 5, 2, 0
bm4203, 3, 0, 1, 0.4387, 1, 0, 1, 6, 2, 0
bm4203, 3, 0, 1, 0.5521, 1, 0, 1, 7, 2, 0
bm4203, 3, 0, 1, 0.5163, 1, 0, 1, 8, 2, 0
bm4203, 3, 1, 0, 0.834, 0, 0, 1, 9, 2, 0
bm4203, 3, 1, 0, 0.7231, 0, 0, 1, 10, 2, 0
bm4203, 3, 0, 1, 0.5365, 1, 0, 1, 11, 2, 0
bm4203, 3, 1, 1, 1.3489, 1, 0, 1, 12, 2, 0
bm4203, 3, 0, 0, 1.9044, 0, 0, 1, 13, 2, 0
bm4203, 3, 0, 0, 0.5815, 0, 0, 1, 14, 2, 0
bm4203, 3, 0, 0, 0.6406, 0, 0, 1, 15, 2, 0
bm4203, 3, 1, 0, 1.0974, 0, 0, 1, 16, 2, 0
bm4203, 3, 0, 1, 0.6554, 1, 0, 1, 17, 2, 0
bm4203, 3, 1, 0, 1.3996, 0, 0, 1, 18, 2, 0
bm4203, 3, 0, 1, 0.3693, 1, 0, 1, 19, 2, 0
bm4203, 3, 1, 0, 0.5491, 0, 0, 1, 20, 2, 0
bm4203, 3, 0, 0, 0.5135, 0, 0, 1, 21, 2, 0
bm4203, 3, 0, 0, 0.4632, 0, 0, 1, 22, 2, 0
bm4203, 3, 1, 0, 0.7671, 0, 0, 1, 23, 2, 0
bm4203, 3, 0, 1, 0.4185, 1, 0, 1, 24, 2, 0
bm4203, 3, 0, 1, 0.3885, 1, 0, 1, 25, 2, 0
bm4203, 3, 1, 1, 1.2397, 1, 0, 1, 26, 2, 0
bm4203, 3, 1, 1, 0.888, 1, 0, 1, 27, 2, 0
bm4203, 3, 0, 0, 0.4868, 0, 0, 1, 28, 2, 0
bm4203, 3, 1, 1, 0.5173, 1, 0, 1, 29, 2, 0
bm4203, 3, 0, 0, 0.6103, 0, 0, 1, 30, 2, 0
bm4203, 3, 1, 0, 0.6839, 0, 0, 1, 31, 2, 0
bm4203, 3, 1, 0, 0.6749, 0, 0, 1, 32, 2, 0
bm4203, 1, -1, 1, 1.201, 1, 0, 1, 1, 2, 0
bm4203, 1, 1, 1, 1.0871, 1, 0, 1, 2, 2, 0
bm4203, 1, 0, 1, 1.3147, 1, 0, 1, 3, 2, 0
bm4203, 1, 1, 0, 1.98, 0, 0, 1, 4, 2, 0
bm4203, 1, 1, 0, 2.33, 0, 0, 1, 5, 2, 0
bm4203, 1, -1, 1, 1.4496, 1, 0, 1, 6, 2, 0
bm4203, 1, 1, 1, 1.7254, 1, 0, 1, 7, 2, 0
bm4203, 1, -1, 1, 1.3977, 1, 0, 1, 8, 2, 0
bm4203, 1, 1, 1, 1.5154, 1, 0, 1, 9, 2, 0
bm4203, 1, 0, 0, 0.8453, 0, 0, 1, 10, 2, 0
bm4203, 1, 0, 0, 1.9305, 0, 0, 1, 11, 2, 0
bm4203, 1, 0, 0, 1.1785, 0, 0, 1, 12, 2, 0
bm4203, 1, 1, 0, 2.2312, 0, 0, 1, 13, 2, 0
bm4203, 1, -1, 0, 1.3062, 0, 0, 1, 14, 2, 0
bm4203, 1, 0, 1, 1.3316, 1, 0, 1, 15, 2, 0
bm4203, 1, -1, 0, 1.8989, 0, 0, 1, 16, 2, 0
bm4203, 1, -1, 1, 2.9876, 1, 0, 1, 17, 2, 0
bm4203, 1, 0, 1, 1.392, 1, 0, 1, 18, 2, 0
bm4203, 1, 1, 0, 4.2291, 0, 0, 1, 19, 2, 0
bm4203, 1, -1, 0, 1.4781, 0, 0, 1, 20, 2, 0
bm4203, 1, 0, 0, 0.8732, 0, 0, 1, 21, 2, 0
bm4203, 1, 1, 0, 1.6357, 0, 0, 1, 22, 2, 0
bm4203, 1, 0, 0, 0.9126, 0, 0, 1, 23, 2, 0
bm4203, 1, -1, 1, 2.5697, 1, 0, 1, 24, 2, 0
bm4203, 1, -1, 1, 2.0632, 1, 0, 1, 25, 2, 0
bm4203, 1, 1, 1, 2.5858, 1, 0, 1, 26, 2, 0
bm4203, 1, -1, 0, 3.5023, 0, 0, 1, 27, 2, 0
bm4203, 1, 0, 0, 1.1188, 0, 0, 1, 28, 2, 0
bm4203, 1, 1, 0, 2.3516, 0, 0, 1, 29, 2, 0
bm4203, 1, -1, 1, 1.9652, 1, 0, 1, 30, 2, 0
bm4203, 1, 1, 1, 2.1231, 1, 0, 1, 31, 2, 0
bm4203, 1, 0, 1, 1.3639, 1, 0, 1, 32, 2, 0
