sub, task, cond1, cond2, rt, inputResp, training, accuracy, trial, block, 2fast
bm4230, 0, 8, G, 1.3, G, NA, 1, 1, 1, NA
bm4230, 0, 8, H, 1.43, H, NA, 1, 2, 1, NA
bm4230, 0, 8, K, 1.16, K, NA, 1, 3, 1, NA
bm4230, 0, 8, S, 1.08, S, NA, 1, 4, 1, NA
bm4230, 0, 8, F, 1.09, F, NA, 1, 5, 1, NA
bm4230, 0, 7, D, 1.06, D, NA, 1, 6, 1, NA
bm4230, 0, 7, J, 1.17, J, NA, 1, 7, 1, NA
bm4230, 0, 6, G, 1.2, G, NA, 1, 8, 1, NA
bm4230, 0, 6, G, 1.05, G, NA, 1, 9, 1, NA
bm4230, 0, 5, S, 0.93, S, NA, 1, 10, 1, NA
bm4230, 0, 5, F, 1.37, F, NA, 1, 11, 1, NA
bm4230, 0, 4, G, 1.1, G, NA, 1, 12, 1, NA
bm4230, 0, 4, H, 1.24, H, NA, 1, 13, 1, NA
bm4230, 0, 3, D, 1.12, D, NA, 1, 14, 1, NA
bm4230, 0, 3, H, 1.19, H, NA, 1, 15, 1, NA
bm4230, 0, 2, L, 3.47, L, NA, 1, 16, 1, NA
bm4230, 0, 2, A, 1.26, A, NA, 1, 17, 1, NA
bm4230, 0, 1, K, 2.94, K, NA, 1, 18, 1, NA
bm4230, 0, 2, L, 2.38, K, NA, 0, 19, 1, NA
bm4230, 0, 2, A, 0.75, A, NA, 1, 20, 1, NA
bm4230, 0, 3, L, 1.47, D, NA, 0, 21, 1, NA
bm4230, 0, 4, H, 1.95, A, NA, 0, 22, 1, NA
bm4230, 0, 4, L, 1.8, L, NA, 1, 23, 1, NA
bm4230, 0, 3, S, 1.57, S, NA, 1, 24, 1, NA
bm4230, 0, 3, F, 1.23, F, NA, 1, 25, 1, NA
bm4230, 0, 2, F, 1.19, F, NA, 1, 26, 1, NA
bm4230, 0, 2, G, 3.25, G, NA, 1, 27, 1, NA
bm4230, 0, 1, J, 1.29, J, NA, 1, 28, 1, NA
bm4230, 0, 1, H, 2.15, H, NA, 1, 29, 1, NA
bm4230, 0, 2, L, 1.86, J, NA, 0, 30, 1, NA
bm4230, 0, 2, L, 1.47, L, NA, 1, 31, 1, NA
bm4230, 0, 1, J, 1.26, J, NA, 1, 32, 1, NA
bm4230, 0, 1, J, 1.4, J, NA, 1, 33, 1, NA
bm4230, 0, 2, A, 4.86, J, NA, 0, 34, 1, NA
bm4230, 0, 2, S, 1.2, S, NA, 1, 35, 1, NA
bm4230, 0, 1, S, 2.65, S, NA, 1, 36, 1, NA
bm4230, 0, 1, S, 2.19, S, NA, 1, 37, 1, NA
bm4230, 0, 2, F, 1.65, D, NA, 0, 38, 1, NA
bm4230, 0, 2, A, 0.88, A, NA, 1, 39, 1, NA
bm4230, 0, 1, G, 1.69, G, NA, 1, 40, 1, NA
bm4230, 0, 2, D, 1.66, A, NA, 0, 41, 1, NA
bm4230, 0, 2, S, 1.55, S, NA, 1, 42, 1, NA
bm4230, 0, 1, F, 1.45, F, NA, 1, 43, 1, NA
bm4230, 0, 2, L, 1.02, F, NA, 0, 44, 1, NA
bm4230, 0, 2, K, 1.75, K, NA, 1, 45, 1, NA
bm4230, 0, 1, J, 1.27, J, NA, 1, 46, 1, NA
bm4230, 0, 2, F, 1.23, J, NA, 0, 47, 1, NA
bm4230, 0, 3, G, 3.09, F, NA, 0, 48, 1, NA
bm4230, 0, 3, S, 1.38, S, NA, 1, 49, 1, NA
bm4230, 0, 2, A, 0.92, A, NA, 1, 50, 1, NA
bm4230, 2, 1, 1, 1.06, 1, 1, 1, 1, 1, 0
bm4230, 2, 1, 1, 0.83, 1, 1, 1, 2, 1, 0
bm4230, 2, 0, 0, 0.7, 0, 1, 1, 3, 1, 0
bm4230, 2, 0, 0, 0.74, 0, 1, 1, 4, 1, 0
bm4230, 2, 1, 1, 1.16, 1, 1, 1, 5, 1, 0
bm4230, 2, 0, 0, 0.77, 0, 1, 1, 6, 1, 0
bm4230, 2, 0, 0, 1.78, 0, 1, 1, 7, 1, 0
bm4230, 2, 1, 0, 1.89, 0, 1, 1, 8, 1, 0
bm4230, 2, 1, 1, 1.0, 1, 1, 1, 9, 1, 0
bm4230, 2, 0, 1, 0.93, 1, 1, 1, 10, 1, 0
bm4230, 2, 1, 1, 1.61, 1, 0, 1, 1, 1, 0
bm4230, 2, 0, 1, 2.26, 1, 0, 1, 2, 1, 0
bm4230, 2, 1, 0, 1.83, 0, 0, 1, 3, 1, 0
bm4230, 2, 1, 1, 0.91, 1, 0, 1, 4, 1, 0
bm4230, 2, 0, 0, 0.94, 0, 0, 1, 5, 1, 0
bm4230, 2, 0, 1, 0.96, 1, 0, 1, 6, 1, 0
bm4230, 2, 0, 1, 1.03, 1, 0, 1, 7, 1, 0
bm4230, 2, 1, 0, 2.53, 0, 0, 1, 8, 1, 0
bm4230, 2, 1, 0, 1.92, 0, 0, 1, 9, 1, 0
bm4230, 2, 1, 1, 1.12, 1, 0, 1, 10, 1, 0
bm4230, 2, 1, 0, 2.73, 0, 0, 1, 11, 1, 0
bm4230, 2, 1, 0, 1.42, 0, 0, 1, 12, 1, 0
bm4230, 2, 0, 1, 1.38, 1, 0, 1, 13, 1, 0
bm4230, 2, 0, 1, 0.9, 1, 0, 1, 14, 1, 0
bm4230, 2, 1, 0, 3.49, 0, 0, 1, 15, 1, 0
bm4230, 2, 0, 0, 0.95, 0, 0, 1, 16, 1, 0
bm4230, 2, 0, 1, 0.93, 1, 0, 1, 17, 1, 0
bm4230, 2, 0, 1, 1.15, 1, 0, 1, 18, 1, 0
bm4230, 2, 0, 1, 1.04, 1, 0, 1, 19, 1, 0
bm4230, 2, 1, 0, 1.85, 0, 0, 1, 20, 1, 0
bm4230, 2, 0, 1, 0.98, 1, 0, 1, 21, 1, 0
bm4230, 2, 1, 1, 1.39, 1, 0, 1, 22, 1, 0
bm4230, 2, 1, 0, 1.54, 0, 0, 1, 23, 1, 0
bm4230, 2, 0, 0, 0.83, 0, 0, 1, 24, 1, 0
bm4230, 2, 0, 1, 0.75, 1, 0, 1, 25, 1, 0
bm4230, 2, 1, 0, 2.31, 0, 0, 1, 26, 1, 0
bm4230, 2, 1, 0, 1.74, 0, 0, 1, 27, 1, 0
bm4230, 2, 0, 1, 1.01, 1, 0, 1, 28, 1, 0
bm4230, 2, 1, 1, 0.99, 1, 0, 1, 29, 1, 0
bm4230, 2, 0, 0, 0.84, 0, 0, 1, 30, 1, 0
bm4230, 2, 1, 0, 2.22, 0, 0, 1, 31, 1, 0
bm4230, 2, 0, 0, 0.69, 0, 0, 1, 32, 1, 0
bm4230, 3, 0, 1, 0.925, 1, 1, 1, 1, 1, 0
bm4230, 3, 1, 0, 1.6092, 0, 1, 1, 2, 1, 0
bm4230, 3, 0, 0, 1.0492, 0, 1, 1, 3, 1, 0
bm4230, 3, 1, 0, 0.8954, 0, 1, 1, 4, 1, 0
bm4230, 3, 0, 1, 0.4929, 1, 1, 1, 5, 1, 0
bm4230, 3, 0, 1, 0.7146, 1, 1, 1, 6, 1, 0
bm4230, 3, 1, 1, 2.1749, 1, 1, 1, 7, 1, 0
bm4230, 3, 1, 1, 1.9438, 1, 1, 1, 8, 1, 0
bm4230, 3, 1, 0, 1.3539, 0, 1, 1, 9, 1, 0
bm4230, 3, 0, 0, 0.6603, 0, 1, 1, 10, 1, 0
bm4230, 3, 0, 1, 0.5982, 1, 0, 1, 1, 1, 0
bm4230, 3, 1, 0, 2.8951, 0, 0, 1, 2, 1, 0
bm4230, 3, 1, 0, 1.5945, 0, 0, 1, 3, 1, 0
bm4230, 3, 1, 1, 1.9784, 1, 0, 1, 4, 1, 0
bm4230, 3, 0, 0, 0.7308, 0, 0, 1, 5, 1, 0
bm4230, 3, 0, 1, 0.7502, 1, 0, 1, 6, 1, 0
bm4230, 3, 0, 0, 0.977, 0, 0, 1, 7, 1, 0
bm4230, 3, 0, 0, 0.9223, 0, 0, 1, 8, 1, 0
bm4230, 3, 1, 0, 1.2542, 0, 0, 1, 9, 1, 0
bm4230, 3, 1, 0, 0.8846, 0, 0, 1, 10, 1, 0
bm4230, 3, 0, 0, 0.514, 0, 0, 1, 11, 1, 0
bm4230, 3, 1, 1, 0.8147, 1, 0, 1, 12, 1, 0
bm4230, 3, 1, 1, 1.4384, 1, 0, 1, 13, 1, 0
bm4230, 3, 1, 1, 0.8046, 1, 0, 1, 14, 1, 0
bm4230, 3, 0, 1, 0.6934, 1, 0, 1, 15, 1, 0
bm4230, 3, 0, 1, 0.4583, 1, 0, 1, 16, 1, 0
bm4230, 3, 1, 1, 1.2407, 1, 0, 1, 17, 1, 0
bm4230, 3, 1, 1, 2.3911, 1, 0, 1, 18, 1, 0
bm4230, 3, 0, 1, 0.7102, 1, 0, 1, 19, 1, 0
bm4230, 3, 0, 0, 1.2431, 0, 0, 1, 20, 1, 0
bm4230, 3, 1, 1, 1.0974, 1, 0, 1, 21, 1, 0
bm4230, 3, 0, 0, 1.1179, 0, 0, 1, 22, 1, 0
bm4230, 3, 1, 0, 2.2897, 0, 0, 1, 23, 1, 0
bm4230, 3, 1, 0, 1.1576, 0, 0, 1, 24, 1, 0
bm4230, 3, 1, 1, 1.3521, 1, 0, 1, 25, 1, 0
bm4230, 3, 1, 0, 1.6664, 0, 0, 1, 26, 1, 0
bm4230, 3, 0, 1, 0.6074, 1, 0, 1, 27, 1, 0
bm4230, 3, 0, 0, 1.3206, 0, 0, 1, 28, 1, 0
bm4230, 3, 0, 1, 0.8682, 1, 0, 1, 29, 1, 0
bm4230, 3, 0, 0, 1.5861, 0, 0, 1, 30, 1, 0
bm4230, 3, 1, 1, 1.427, 1, 0, 1, 31, 1, 0
bm4230, 3, 0, 0, 0.7145, 0, 0, 1, 32, 1, 0
bm4230, 1, -1, 1, 4.4119, 1, 1, 1, 1, 1, 0
bm4230, 1, 0, 0, 0.8708, 0, 1, 1, 2, 1, 0
bm4230, 1, 0, 0, 2.2106, 0, 1, 1, 3, 1, 0
bm4230, 1, -1, 1, 2.9176, 1, 1, 1, 4, 1, 0
bm4230, 1, 1, 1, 4.2047, 1, 1, 1, 5, 1, 0
bm4230, 1, 1, 0, 3.215, 0, 1, 1, 6, 1, 0
bm4230, 1, 0, 0, 1.2111, 0, 1, 1, 7, 1, 0
bm4230, 1, -1, 0, 3.3365, 0, 1, 1, 8, 1, 0
bm4230, 1, 0, 1, 2.3678, 1, 1, 1, 9, 1, 0
bm4230, 1, 1, 1, 7.9655, 1, 1, 1, 10, 1, 0
bm4230, 1, 1, 1, 4.3126, 1, 0, 1, 1, 1, 0
bm4230, 1, 0, 1, 0.9841, 1, 0, 1, 2, 1, 0
bm4230, 1, 0, 0, 2.0479, 0, 0, 1, 3, 1, 0
bm4230, 1, 1, 1, 2.2505, 1, 0, 1, 4, 1, 0
bm4230, 1, 0, 0, 1.5821, 0, 0, 1, 5, 1, 0
bm4230, 1, 1, 1, 2.8604, 0, 0, 0, 6, 1, 0
bm4230, 1, 1, 1, 4.0577, 1, 0, 1, 7, 1, 0
bm4230, 1, 0, 1, 1.0283, 1, 0, 1, 8, 1, 0
bm4230, 1, 1, 0, 2.3125, 0, 0, 1, 9, 1, 0
bm4230, 1, 0, 0, 1.3543, 0, 0, 1, 10, 1, 0
bm4230, 1, -1, 1, 3.6335, 1, 0, 1, 11, 1, 0
bm4230, 1, -1, 1, 8.6198, 1, 0, 1, 12, 1, 0
bm4230, 1, -1, 0, 4.9539, 0, 0, 1, 13, 1, 0
bm4230, 1, 0, 0, 1.8548, 0, 0, 1, 14, 1, 0
bm4230, 1, -1, 0, 6.6897, 0, 0, 1, 15, 1, 0
bm4230, 1, 1, 0, 5.0068, 0, 0, 1, 16, 1, 0
bm4230, 1, -1, 1, 3.6011, 0, 0, 0, 17, 1, 0
bm4230, 1, 0, 0, -3.8701, 1, 0, 0, 18, 1, 1
bm4230, 1, 1, 0, 8.178, 0, 0, 1, 19, 1, 0
bm4230, 1, -1, 1, 3.5065, 1, 0, 1, 20, 1, 0
bm4230, 1, 0, 1, 1.6037, 1, 0, 1, 21, 1, 0
bm4230, 1, 1, 0, 3.6973, 0, 0, 1, 22, 1, 0
bm4230, 1, -1, 1, 6.4416, 1, 0, 1, 23, 1, 0
bm4230, 1, -1, 0, 5.2812, 0, 0, 1, 24, 1, 0
bm4230, 1, 1, 1, 4.2797, 1, 0, 1, 25, 1, 0
bm4230, 1, -1, 0, 3.1274, 0, 0, 1, 26, 1, 0
bm4230, 1, 0, 1, 1.6877, 1, 0, 1, 27, 1, 0
bm4230, 1, 1, 0, 3.7139, 0, 0, 1, 28, 1, 0
bm4230, 1, 0, 0, 2.1542, 0, 0, 1, 29, 1, 0
bm4230, 1, 1, 0, 17.6493, 0, 0, 1, 30, 1, 0
bm4230, 1, 0, 1, 2.175, 1, 0, 1, 31, 1, 0
bm4230, 1, -1, 1, 5.3335, 1, 0, 1, 32, 1, 0
bm4230, 0, 4, F, 1.74, F, NA, 1, 1, 2, NA
bm4230, 0, 4, H, 1.39, H, NA, 1, 2, 2, NA
bm4230, 0, 4, J, 1.32, J, NA, 1, 3, 2, NA
bm4230, 0, 4, D, 1.41, D, NA, 1, 4, 2, NA
bm4230, 0, 4, F, 1.15, F, NA, 1, 5, 2, NA
bm4230, 0, 3, F, 0.9, F, NA, 1, 6, 2, NA
bm4230, 0, 3, J, 1.29, J, NA, 1, 7, 2, NA
bm4230, 0, 2, J, 0.7, J, NA, 1, 8, 2, NA
bm4230, 0, 2, J, 0.78, J, NA, 1, 9, 2, NA
bm4230, 0, 1, A, 1.8, A, NA, 1, 10, 2, NA
bm4230, 0, 2, H, 2.69, D, NA, 0, 11, 2, NA
bm4230, 0, 3, D, 2.07, J, NA, 0, 12, 2, NA
bm4230, 0, 3, J, 5.84, J, NA, 1, 13, 2, NA
bm4230, 0, 2, S, 1.25, S, NA, 1, 14, 2, NA
bm4230, 0, 2, G, 1.54, G, NA, 1, 15, 2, NA
bm4230, 0, 1, J, 1.81, J, NA, 1, 16, 2, NA
bm4230, 0, 2, F, 1.8, S, NA, 0, 17, 2, NA
bm4230, 0, 3, D, 2.56, J, NA, 0, 18, 2, NA
bm4230, 0, 3, K, 1.5, K, NA, 1, 19, 2, NA
bm4230, 0, 2, A, 1.02, A, NA, 1, 20, 2, NA
bm4230, 0, 2, J, 1.23, J, NA, 1, 21, 2, NA
bm4230, 0, 1, J, 0.8, J, NA, 1, 22, 2, NA
bm4230, 0, 2, F, 1.2, A, NA, 0, 23, 2, NA
bm4230, 0, 3, D, 2.66, J, NA, 0, 24, 2, NA
bm4230, 0, 3, S, 0.84, S, NA, 1, 25, 2, NA
bm4230, 0, 2, L, 1.41, L, NA, 1, 26, 2, NA
bm4230, 0, 2, G, 1.33, G, NA, 1, 27, 2, NA
bm4230, 0, 3, J, 1.47, G, NA, 0, 28, 2, NA
bm4230, 0, 4, D, 1.21, G, NA, 0, 29, 2, NA
bm4230, 0, 4, G, 0.99, G, NA, 1, 30, 2, NA
bm4230, 0, 3, A, 0.8, A, NA, 1, 31, 2, NA
bm4230, 0, 3, D, 1.84, D, NA, 1, 32, 2, NA
bm4230, 0, 2, L, 1.49, L, NA, 1, 33, 2, NA
bm4230, 0, 3, S, 1.87, G, NA, 0, 34, 2, NA
bm4230, 0, 3, L, 1.01, L, NA, 1, 35, 2, NA
bm4230, 0, 2, D, 2.26, D, NA, 1, 36, 2, NA
bm4230, 0, 3, A, 1.77, G, NA, 0, 37, 2, NA
bm4230, 0, 3, D, 1.36, D, NA, 1, 38, 2, NA
bm4230, 0, 2, A, 0.76, A, NA, 1, 39, 2, NA
bm4230, 0, 2, K, 2.61, K, NA, 1, 40, 2, NA
bm4230, 0, 3, H, 2.66, K, NA, 0, 41, 2, NA
bm4230, 0, 3, G, 1.39, G, NA, 1, 42, 2, NA
bm4230, 0, 2, H, 2.69, H, NA, 1, 43, 2, NA
bm4230, 0, 3, H, 1.76, J, NA, 0, 44, 2, NA
bm4230, 0, 3, S, 1.29, S, NA, 1, 45, 2, NA
bm4230, 0, 2, H, 1.44, H, NA, 1, 46, 2, NA
bm4230, 0, 2, J, 1.39, J, NA, 1, 47, 2, NA
bm4230, 0, 1, H, 1.12, H, NA, 1, 48, 2, NA
bm4230, 0, 2, A, 2.51, D, NA, 0, 49, 2, NA
bm4230, 0, 2, D, 1.48, D, NA, 1, 50, 2, NA
bm4230, 2, 1, 0, 3.16, 0, 0, 1, 1, 2, 0
bm4230, 2, 0, 0, 0.92, 0, 0, 1, 2, 2, 0
bm4230, 2, 0, 0, 0.71, 0, 0, 1, 3, 2, 0
bm4230, 2, 0, 1, 0.91, 1, 0, 1, 4, 2, 0
bm4230, 2, 0, 1, 0.85, 1, 0, 1, 5, 2, 0
bm4230, 2, 0, 1, 0.96, 1, 0, 1, 6, 2, 0
bm4230, 2, 1, 0, 3.83, 0, 0, 1, 7, 2, 0
bm4230, 2, 0, 1, 1.15, 1, 0, 1, 8, 2, 0
bm4230, 2, 1, 1, 0.76, 1, 0, 1, 9, 2, 0
bm4230, 2, 0, 0, 1.29, 0, 0, 1, 10, 2, 0
bm4230, 2, 1, 0, 2.68, 0, 0, 1, 11, 2, 0
bm4230, 2, 0, 0, 1.17, 0, 0, 1, 12, 2, 0
bm4230, 2, 1, 1, 1.51, 1, 0, 1, 13, 2, 0
bm4230, 2, 1, 1, 0.75, 1, 0, 1, 14, 2, 0
bm4230, 2, 0, 1, 0.88, 1, 0, 1, 15, 2, 0
bm4230, 2, 1, 0, 5.1, 0, 0, 1, 16, 2, 0
bm4230, 2, 0, 1, 1.41, 1, 0, 1, 17, 2, 0
bm4230, 2, 1, 0, 2.88, 0, 0, 1, 18, 2, 0
bm4230, 2, 0, 0, 1.05, 0, 0, 1, 19, 2, 0
bm4230, 2, 1, 1, 1.0, 1, 0, 1, 20, 2, 0
bm4230, 2, 1, 1, 0.9, 1, 0, 1, 21, 2, 0
bm4230, 2, 1, 0, 2.83, 0, 0, 1, 22, 2, 0
bm4230, 2, 1, 0, 3.13, 0, 0, 1, 23, 2, 0
bm4230, 2, 0, 0, 1.14, 0, 0, 1, 24, 2, 0
bm4230, 2, 1, 1, 0.87, 1, 0, 1, 25, 2, 0
bm4230, 2, 0, 1, 1.16, 1, 0, 1, 26, 2, 0
bm4230, 2, 1, 1, 1.6, 1, 0, 1, 27, 2, 0
bm4230, 2, 1, 0, 5.74, 0, 0, 1, 28, 2, 0
bm4230, 2, 0, 0, 0.95, 0, 0, 1, 29, 2, 0
bm4230, 2, 0, 1, 1.13, 1, 0, 1, 30, 2, 0
bm4230, 2, 0, 0, 0.72, 0, 0, 1, 31, 2, 0
bm4230, 2, 1, 1, 1.63, 1, 0, 1, 32, 2, 0
bm4230, 3, 1, 1, 4.3598, 1, 0, 1, 1, 2, 0
bm4230, 3, 1, 0, 1.3844, 0, 0, 1, 2, 2, 0
bm4230, 3, 1, 0, 1.1066, 0, 0, 1, 3, 2, 0
bm4230, 3, 1, 0, 1.0965, 0, 0, 1, 4, 2, 0
bm4230, 3, 0, 0, 1.5022, 0, 0, 1, 5, 2, 0
bm4230, 3, 0, 1, 0.6758, 1, 0, 1, 6, 2, 0
bm4230, 3, 0, 0, 0.6348, 0, 0, 1, 7, 2, 0
bm4230, 3, 0, 1, 1.0117, 1, 0, 1, 8, 2, 0
bm4230, 3, 0, 1, 0.589, 1, 0, 1, 9, 2, 0
bm4230, 3, 1, 1, 2.9994, 1, 0, 1, 10, 2, 0
bm4230, 3, 1, 0, 1.2791, 0, 0, 1, 11, 2, 0
bm4230, 3, 1, 1, 1.5816, 1, 0, 1, 12, 2, 0
bm4230, 3, 0, 1, 0.5276, 1, 0, 1, 13, 2, 0
bm4230, 3, 1, 0, 1.2128, 0, 0, 1, 14, 2, 0
bm4230, 3, 1, 1, 5.9178, 0, 0, 0, 15, 2, 0
bm4230, 3, 1, 1, 1.6661, 1, 0, 1, 16, 2, 0
bm4230, 3, 0, 1, 1.2008, 1, 0, 1, 17, 2, 0
bm4230, 3, 0, 0, 0.9466, 0, 0, 1, 18, 2, 0
bm4230, 3, 1, 1, 1.4058, 1, 0, 1, 19, 2, 0
bm4230, 3, 1, 1, 1.0794, 1, 0, 1, 20, 2, 0
bm4230, 3, 0, 0, 0.7819, 0, 0, 1, 21, 2, 0
bm4230, 3, 0, 0, 1.313, 0, 0, 1, 22, 2, 0
bm4230, 3, 0, 1, 0.8937, 1, 0, 1, 23, 2, 0
bm4230, 3, 0, 1, 0.5077, 1, 0, 1, 24, 2, 0
bm4230, 3, 1, 0, 1.2415, 0, 0, 1, 25, 2, 0
bm4230, 3, 1, 0, 0.9212, 0, 0, 1, 26, 2, 0
bm4230, 3, 0, 0, 0.5986, 0, 0, 1, 27, 2, 0
bm4230, 3, 0, 0, 1.0889, 0, 0, 1, 28, 2, 0
bm4230, 3, 0, 1, 0.7435, 1, 0, 1, 29, 2, 0
bm4230, 3, 1, 0, 1.1323, 0, 0, 1, 30, 2, 0
bm4230, 3, 0, 1, 2.2567, 1, 0, 1, 31, 2, 0
bm4230, 3, 1, 0, 1.8315, 0, 0, 1, 32, 2, 0
bm4230, 1, 0, 0, 2.6076, 0, 0, 1, 1, 2, 0
bm4230, 1, 0, 1, 1.0456, 1, 0, 1, 2, 2, 0
bm4230, 1, 1, 0, 1.4493, 0, 0, 1, 3, 2, 0
bm4230, 1, -1, 1, 2.477, 1, 0, 1, 4, 2, 0
bm4230, 1, 1, 1, 4.2785, 1, 0, 1, 5, 2, 0
bm4230, 1, -1, 1, 5.1583, 1, 0, 1, 6, 2, 0
bm4230, 1, -1, 1, 5.7939, 1, 0, 1, 7, 2, 0
bm4230, 1, -1, 0, 3.9552, 0, 0, 1, 8, 2, 0
bm4230, 1, -1, 1, 5.1518, 1, 0, 1, 9, 2, 0
bm4230, 1, 1, 0, 3.1314, 0, 0, 1, 10, 2, 0
bm4230, 1, -1, 0, 4.6013, 0, 0, 1, 11, 2, 0
bm4230, 1, 0, 1, 1.6769, 1, 0, 1, 12, 2, 0
bm4230, 1, 1, 0, 1.4632, 0, 0, 1, 13, 2, 0
bm4230, 1, -1, 1, 5.0342, 1, 0, 1, 14, 2, 0
bm4230, 1, 0, 0, 0.8605, 0, 0, 1, 15, 2, 0
bm4230, 1, 1, 0, 1.9285, 0, 0, 1, 16, 2, 0
bm4230, 1, -1, 1, 5.3843, 1, 0, 1, 17, 2, 0
bm4230, 1, 1, 0, 6.4269, 0, 0, 1, 18, 2, 0
bm4230, 1, -1, 0, 3.8744, 0, 0, 1, 19, 2, 0
bm4230, 1, 1, 1, 2.8345, 1, 0, 1, 20, 2, 0
bm4230, 1, -1, 0, 4.4136, 0, 0, 1, 21, 2, 0
bm4230, 1, 1, 0, 3.8966, 0, 0, 1, 22, 2, 0
bm4230, 1, 0, 1, 1.3053, 1, 0, 1, 23, 2, 0
bm4230, 1, 0, 1, 1.4759, 1, 0, 1, 24, 2, 0
bm4230, 1, 1, 1, 11.3983, 1, 0, 1, 25, 2, 0
bm4230, 1, 1, 1, 6.0184, 1, 0, 1, 26, 2, 0
bm4230, 1, 0, 0, 1.6923, 0, 0, 1, 27, 2, 0
bm4230, 1, 0, 0, 1.4312, 0, 0, 1, 28, 2, 0
bm4230, 1, -1, 1, 5.2271, 1, 0, 1, 29, 2, 0
bm4230, 1, -1, 1, 5.3325, 1, 0, 1, 30, 2, 0
bm4230, 1, 0, 0, 2.7946, 0, 0, 1, 31, 2, 0
bm4230, 1, 1, 0, 5.2869, 0, 0, 1, 32, 2, 0
