sub, task, cond1, cond2, rt, inputResp, training, accuracy, trial, block, 2fast
bm4276, 0, 8, D, 0.74, D, NA, 1, 1, 1, NA
bm4276, 0, 8, K, 0.76, K, NA, 1, 2, 1, NA
bm4276, 0, 8, A, 0.42, A, NA, 1, 3, 1, NA
bm4276, 0, 8, A, 0.43, A, NA, 1, 4, 1, NA
bm4276, 0, 8, A, 0.33, A, NA, 1, 5, 1, NA
bm4276, 0, 7, H, 0.85, H, NA, 1, 6, 1, NA
bm4276, 0, 8, G, 0.81, D, NA, 0, 7, 1, NA
bm4276, 0, 8, S, 0.81, S, NA, 1, 8, 1, NA
bm4276, 0, 7, K, 0.8, K, NA, 1, 9, 1, NA
bm4276, 0, 7, F, 0.73, F, NA, 1, 10, 1, NA
bm4276, 0, 6, S, 0.66, S, NA, 1, 11, 1, NA
bm4276, 0, 6, D, 1.42, D, NA, 1, 12, 1, NA
bm4276, 0, 5, K, 0.99, K, NA, 1, 13, 1, NA
bm4276, 0, 5, A, 0.99, A, NA, 1, 14, 1, NA
bm4276, 0, 4, L, 1.31, L, NA, 1, 15, 1, NA
bm4276, 0, 4, F, 1.32, F, NA, 1, 16, 1, NA
bm4276, 0, 5, G, 1.21, H, NA, 0, 17, 1, NA
bm4276, 0, 5, H, 1.88, H, NA, 1, 18, 1, NA
bm4276, 0, 4, J, 1.05, J, NA, 1, 19, 1, NA
bm4276, 0, 4, J, 1.03, J, NA, 1, 20, 1, NA
bm4276, 0, 3, L, 1.67, L, NA, 1, 21, 1, NA
bm4276, 0, 3, S, 0.76, S, NA, 1, 22, 1, NA
bm4276, 0, 2, K, 0.83, K, NA, 1, 23, 1, NA
bm4276, 0, 2, K, 0.97, K, NA, 1, 24, 1, NA
bm4276, 0, 1, J, 1.1, J, NA, 1, 25, 1, NA
bm4276, 0, 2, L, 1.85, A, NA, 0, 26, 1, NA
bm4276, 0, 2, K, 0.88, K, NA, 1, 27, 1, NA
bm4276, 0, 1, G, 0.92, G, NA, 1, 28, 1, NA
bm4276, 0, 2, K, 0.86, S, NA, 0, 29, 1, NA
bm4276, 0, 2, A, 0.68, A, NA, 1, 30, 1, NA
bm4276, 0, 1, A, 0.68, A, NA, 1, 31, 1, NA
bm4276, 0, 2, A, 1.49, L, NA, 0, 32, 1, NA
bm4276, 0, 2, D, 0.78, D, NA, 1, 33, 1, NA
bm4276, 0, 1, F, 0.9, F, NA, 1, 34, 1, NA
bm4276, 0, 1, H, 1.26, H, NA, 1, 35, 1, NA
bm4276, 0, 2, L, 1.54, S, NA, 0, 36, 1, NA
bm4276, 0, 2, J, 0.83, J, NA, 1, 37, 1, NA
bm4276, 0, 3, H, 1.4, D, NA, 0, 38, 1, NA
bm4276, 0, 3, L, 0.81, L, NA, 1, 39, 1, NA
bm4276, 0, 2, A, 0.66, A, NA, 1, 40, 1, NA
bm4276, 0, 2, S, 0.73, S, NA, 1, 41, 1, NA
bm4276, 0, 3, H, 1.15, D, NA, 0, 42, 1, NA
bm4276, 0, 3, A, 0.66, A, NA, 1, 43, 1, NA
bm4276, 0, 2, J, 0.83, J, NA, 1, 44, 1, NA
bm4276, 0, 2, D, 0.78, D, NA, 1, 45, 1, NA
bm4276, 0, 1, J, 0.76, J, NA, 1, 46, 1, NA
bm4276, 0, 2, G, 0.83, S, NA, 0, 47, 1, NA
bm4276, 0, 2, A, 0.76, A, NA, 1, 48, 1, NA
bm4276, 0, 1, A, 0.68, A, NA, 1, 49, 1, NA
bm4276, 0, 2, G, 1.11, S, NA, 0, 50, 1, NA
bm4276, 2, 0, 1, 1.1, 0, 1, 0, 1, 1, 0
bm4276, 2, 1, 0, 0.98, 0, 1, 1, 2, 1, 0
bm4276, 2, 1, 1, 0.59, 0, 1, 0, 3, 1, 0
bm4276, 2, 0, 1, 0.88, 1, 1, 1, 4, 1, 0
bm4276, 2, 1, 1, 1.57, 1, 1, 1, 5, 1, 0
bm4276, 2, 1, 0, 2.42, 0, 1, 1, 6, 1, 0
bm4276, 2, 0, 0, 0.67, 0, 1, 1, 7, 1, 0
bm4276, 2, 0, 0, 0.88, 0, 1, 1, 8, 1, 0
bm4276, 2, 1, 1, 0.89, 1, 1, 1, 9, 1, 0
bm4276, 2, 0, 0, 0.76, 0, 1, 1, 10, 1, 0
bm4276, 2, 1, 1, 0.67, 1, 0, 1, 1, 1, 0
bm4276, 2, 1, 0, 1.98, 0, 0, 1, 2, 1, 0
bm4276, 2, 0, 0, 1.04, 0, 0, 1, 3, 1, 0
bm4276, 2, 0, 0, 0.65, 0, 0, 1, 4, 1, 0
bm4276, 2, 1, 0, 2.43, 0, 0, 1, 5, 1, 0
bm4276, 2, 1, 0, 1.87, 0, 0, 1, 6, 1, 0
bm4276, 2, 0, 1, 0.77, 1, 0, 1, 7, 1, 0
bm4276, 2, 1, 0, 2.1, 0, 0, 1, 8, 1, 0
bm4276, 2, 1, 1, 1.01, 1, 0, 1, 9, 1, 0
bm4276, 2, 1, 1, 0.72, 1, 0, 1, 10, 1, 0
bm4276, 2, 1, 1, 1.23, 1, 0, 1, 11, 1, 0
bm4276, 2, 1, 0, 2.26, 0, 0, 1, 12, 1, 0
bm4276, 2, 0, 0, 0.71, 0, 0, 1, 13, 1, 0
bm4276, 2, 0, 0, 1.14, 0, 0, 1, 14, 1, 0
bm4276, 2, 0, 0, 0.77, 0, 0, 1, 15, 1, 0
bm4276, 2, 1, 0, 3.03, 0, 0, 1, 16, 1, 0
bm4276, 2, 0, 1, 0.74, 1, 0, 1, 17, 1, 0
bm4276, 2, 0, 0, 0.98, 0, 0, 1, 18, 1, 0
bm4276, 2, 1, 1, 0.83, 1, 0, 1, 19, 1, 0
bm4276, 2, 1, 0, 4.1, 0, 0, 1, 20, 1, 0
bm4276, 2, 0, 1, 0.67, 1, 0, 1, 21, 1, 0
bm4276, 2, 1, 1, 0.67, 1, 0, 1, 22, 1, 0
bm4276, 2, 1, 1, 1.32, 1, 0, 1, 23, 1, 0
bm4276, 2, 0, 1, 0.79, 1, 0, 1, 24, 1, 0
bm4276, 2, 1, 0, 4.36, 0, 0, 1, 25, 1, 0
bm4276, 2, 0, 1, 0.63, 1, 0, 1, 26, 1, 0
bm4276, 2, 0, 0, 0.92, 0, 0, 1, 27, 1, 0
bm4276, 2, 0, 1, 0.88, 1, 0, 1, 28, 1, 0
bm4276, 2, 1, 1, 0.7, 1, 0, 1, 29, 1, 0
bm4276, 2, 0, 1, 0.61, 1, 0, 1, 30, 1, 0
bm4276, 2, 0, 1, 0.71, 1, 0, 1, 31, 1, 0
bm4276, 2, 0, 0, 1.0, 0, 0, 1, 32, 1, 0
bm4276, 3, 1, 1, 0.7583, 1, 1, 1, 1, 1, 0
bm4276, 3, 0, 1, 3.8492, 1, 1, 1, 2, 1, 0
bm4276, 3, 1, 0, 0.941, 0, 1, 1, 3, 1, 0
bm4276, 3, 1, 1, 0.7755, 1, 1, 1, 4, 1, 0
bm4276, 3, 0, 1, 2.969, 0, 1, 0, 5, 1, 0
bm4276, 3, 0, 0, 1.9569, 0, 1, 1, 6, 1, 0
bm4276, 3, 1, 0, 0.9339, 0, 1, 1, 7, 1, 0
bm4276, 3, 0, 0, 3.4895, 1, 1, 0, 8, 1, 0
bm4276, 3, 1, 0, 0.9201, 0, 1, 1, 9, 1, 0
bm4276, 3, 0, 1, -0.4834, 1, 1, 1, 10, 1, 1
bm4276, 3, 0, 0, 4.7301, 1, 0, 0, 1, 1, 0
bm4276, 3, 0, 0, 4.7177, 1, 0, 0, 2, 1, 0
bm4276, 3, 1, 1, 1.874, 1, 0, 1, 3, 1, 0
bm4276, 3, 1, 0, 1.4144, 0, 0, 1, 4, 1, 0
bm4276, 3, 1, 1, 1.4539, 1, 0, 1, 5, 1, 0
bm4276, 3, 0, 0, 1.2832, 0, 0, 1, 6, 1, 0
bm4276, 3, 0, 0, 1.7284, 0, 0, 1, 7, 1, 0
bm4276, 3, 1, 0, 0.8434, 0, 0, 1, 8, 1, 0
bm4276, 3, 0, 0, 0.8589, 0, 0, 1, 9, 1, 0
bm4276, 3, 1, 1, 1.305, 1, 0, 1, 10, 1, 0
bm4276, 3, 0, 1, 0.9491, 0, 0, 0, 11, 1, 0
bm4276, 3, 1, 1, 1.1238, 1, 0, 1, 12, 1, 0
bm4276, 3, 1, 0, 0.8876, 0, 0, 1, 13, 1, 0
bm4276, 3, 1, 1, 1.2691, 1, 0, 1, 14, 1, 0
bm4276, 3, 0, 1, 0.8987, 0, 0, 0, 15, 1, 0
bm4276, 3, 0, 1, 0.6596, 1, 0, 1, 16, 1, 0
bm4276, 3, 1, 0, 1.0345, 0, 0, 1, 17, 1, 0
bm4276, 3, 0, 0, 1.0097, 0, 0, 1, 18, 1, 0
bm4276, 3, 0, 0, 0.9057, 0, 0, 1, 19, 1, 0
bm4276, 3, 1, 0, 2.1981, 1, 0, 0, 20, 1, 0
bm4276, 3, 0, 1, 0.8176, 0, 0, 0, 21, 1, 0
bm4276, 3, 0, 0, 0.6772, 0, 0, 1, 22, 1, 0
bm4276, 3, 0, 1, 0.6508, 0, 0, 0, 23, 1, 0
bm4276, 3, 1, 1, 1.1412, 1, 0, 1, 24, 1, 0
bm4276, 3, 0, 1, 0.8403, 1, 0, 1, 25, 1, 0
bm4276, 3, 0, 0, 0.7595, 0, 0, 1, 26, 1, 0
bm4276, 3, 0, 1, 0.4418, 0, 0, 0, 27, 1, 0
bm4276, 3, 1, 0, 1.7409, 0, 0, 1, 28, 1, 0
bm4276, 3, 1, 1, 0.9675, 1, 0, 1, 29, 1, 0
bm4276, 3, 1, 1, 2.0336, 1, 0, 1, 30, 1, 0
bm4276, 3, 1, 0, 0.7037, 0, 0, 1, 31, 1, 0
bm4276, 3, 1, 1, 1.5725, 1, 0, 1, 32, 1, 0
bm4276, 1, 1, 1, 2.6188, 1, 1, 1, 1, 1, 0
bm4276, 1, 0, 1, 3.231, 1, 1, 1, 2, 1, 0
bm4276, 1, 0, 0, 2.6177, 0, 1, 1, 3, 1, 0
bm4276, 1, 0, 1, 1.5338, 1, 1, 1, 4, 1, 0
bm4276, 1, 1, 0, 2.8607, 0, 1, 1, 5, 1, 0
bm4276, 1, -1, 1, 4.6139, 1, 1, 1, 6, 1, 0
bm4276, 1, -1, 0, 3.1112, 0, 1, 1, 7, 1, 0
bm4276, 1, 0, 0, 9.3674, 0, 1, 1, 8, 1, 0
bm4276, 1, 1, 0, 2.1659, 0, 1, 1, 9, 1, 0
bm4276, 1, -1, 1, 2.4903, 1, 1, 1, 10, 1, 0
bm4276, 1, 1, 0, 1.9764, 0, 0, 1, 1, 1, 0
bm4276, 1, 1, 1, 3.8452, 1, 0, 1, 2, 1, 0
bm4276, 1, 0, 0, 2.4392, 0, 0, 1, 3, 1, 0
bm4276, 1, -1, 1, 3.0893, 1, 0, 1, 4, 1, 0
bm4276, 1, 1, 1, 2.3215, 1, 0, 1, 5, 1, 0
bm4276, 1, 0, 0, 2.6907, 0, 0, 1, 6, 1, 0
bm4276, 1, -1, 0, 2.643, 0, 0, 1, 7, 1, 0
bm4276, 1, 0, 1, 1.2865, 1, 0, 1, 8, 1, 0
bm4276, 1, -1, 0, 2.3205, 0, 0, 1, 9, 1, 0
bm4276, 1, -1, 0, 2.912, 0, 0, 1, 10, 1, 0
bm4276, 1, -1, 1, 1.8471, 1, 0, 1, 11, 1, 0
bm4276, 1, 1, 1, 1.754, 1, 0, 1, 12, 1, 0
bm4276, 1, 0, 0, 1.3454, 0, 0, 1, 13, 1, 0
bm4276, 1, 0, 0, 1.034, 0, 0, 1, 14, 1, 0
bm4276, 1, 1, 1, 8.6855, 1, 0, 1, 15, 1, 0
bm4276, 1, 1, 0, 3.3522, 0, 0, 1, 16, 1, 0
bm4276, 1, 1, 1, 1.9495, 1, 0, 1, 17, 1, 0
bm4276, 1, 1, 0, 4.4122, 0, 0, 1, 18, 1, 0
bm4276, 1, -1, 1, 1.3176, 0, 0, 0, 19, 1, 0
bm4276, 1, -1, 0, 2.0969, 0, 0, 1, 20, 1, 0
bm4276, 1, 1, 0, 3.6895, 0, 0, 1, 21, 1, 0
bm4276, 1, 0, 0, 2.4339, 0, 0, 1, 22, 1, 0
bm4276, 1, 0, 0, 1.8539, 0, 0, 1, 23, 1, 0
bm4276, 1, 1, 1, 2.032, 1, 0, 1, 24, 1, 0
bm4276, 1, 1, 1, 1.3553, 1, 0, 1, 25, 1, 0
bm4276, 1, -1, 1, 4.4026, 0, 0, 0, 26, 1, 0
bm4276, 1, 1, 1, 2.9122, 1, 0, 1, 27, 1, 0
bm4276, 1, -1, 1, 3.7521, 1, 0, 1, 28, 1, 0
bm4276, 1, 0, 0, 1.5494, 0, 0, 1, 29, 1, 0
bm4276, 1, 0, 0, 1.0052, 0, 0, 1, 30, 1, 0
bm4276, 1, -1, 1, 2.7381, 0, 0, 0, 31, 1, 0
bm4276, 1, 0, 1, 1.0455, 1, 0, 1, 32, 1, 0
bm4276, 0, 4, J, 1.18, J, NA, 1, 1, 2, NA
bm4276, 0, 4, H, 1.08, H, NA, 1, 2, 2, NA
bm4276, 0, 4, H, 0.81, H, NA, 1, 3, 2, NA
bm4276, 0, 4, F, 0.96, F, NA, 1, 4, 2, NA
bm4276, 0, 4, H, 0.76, H, NA, 1, 5, 2, NA
bm4276, 0, 3, H, 0.56, H, NA, 1, 6, 2, NA
bm4276, 0, 3, D, 1.05, D, NA, 1, 7, 2, NA
bm4276, 0, 2, S, 0.82, S, NA, 1, 8, 2, NA
bm4276, 0, 2, D, 0.78, D, NA, 1, 9, 2, NA
bm4276, 0, 3, H, 0.78, G, NA, 0, 10, 2, NA
bm4276, 0, 3, H, 0.8, H, NA, 1, 11, 2, NA
bm4276, 0, 2, A, 0.6, A, NA, 1, 12, 2, NA
bm4276, 0, 2, K, 1.35, K, NA, 1, 13, 2, NA
bm4276, 0, 1, A, 0.62, A, NA, 1, 14, 2, NA
bm4276, 0, 2, G, 1.33, S, NA, 0, 15, 2, NA
bm4276, 0, 2, F, 1.05, F, NA, 1, 16, 2, NA
bm4276, 0, 1, K, 1.1, K, NA, 1, 17, 2, NA
bm4276, 0, 1, F, 0.87, F, NA, 1, 18, 2, NA
bm4276, 0, 2, H, 0.97, G, NA, 0, 19, 2, NA
bm4276, 0, 2, L, 1.15, L, NA, 1, 20, 2, NA
bm4276, 0, 1, J, 0.98, J, NA, 1, 21, 2, NA
bm4276, 0, 2, K, 1.4, S, NA, 0, 22, 2, NA
bm4276, 0, 2, S, 0.64, S, NA, 1, 23, 2, NA
bm4276, 0, 1, D, 0.93, D, NA, 1, 24, 2, NA
bm4276, 0, 2, K, 2.07, G, NA, 0, 25, 2, NA
bm4276, 0, 2, J, 1.02, J, NA, 1, 26, 2, NA
bm4276, 0, 1, H, 0.95, H, NA, 1, 27, 2, NA
bm4276, 0, 2, J, 0.68, A, NA, 0, 28, 2, NA
bm4276, 0, 2, A, 0.47, A, NA, 1, 29, 2, NA
bm4276, 0, 3, H, 1.31, G, NA, 0, 30, 2, NA
bm4276, 0, 3, H, 1.0, H, NA, 1, 31, 2, NA
bm4276, 0, 2, H, 1.19, H, NA, 1, 32, 2, NA
bm4276, 0, 2, A, 0.51, A, NA, 1, 33, 2, NA
bm4276, 0, 1, J, 0.95, J, NA, 1, 34, 2, NA
bm4276, 0, 2, A, 1.37, L, NA, 0, 35, 2, NA
bm4276, 0, 2, L, 0.66, L, NA, 1, 36, 2, NA
bm4276, 0, 1, G, 0.92, G, NA, 1, 37, 2, NA
bm4276, 0, 2, J, 1.66, S, NA, 0, 38, 2, NA
bm4276, 0, 2, A, 0.55, A, NA, 1, 39, 2, NA
bm4276, 0, 1, J, 1.05, J, NA, 1, 40, 2, NA
bm4276, 0, 2, F, 1.52, H, NA, 0, 41, 2, NA
bm4276, 0, 2, G, 0.86, G, NA, 1, 42, 2, NA
bm4276, 0, 1, D, 1.54, D, NA, 1, 43, 2, NA
bm4276, 0, 2, J, 1.21, A, NA, 0, 44, 2, NA
bm4276, 0, 2, F, 0.93, F, NA, 1, 45, 2, NA
bm4276, 0, 1, S, 1.0, S, NA, 1, 46, 2, NA
bm4276, 0, 2, K, 1.63, H, NA, 0, 47, 2, NA
bm4276, 0, 2, S, 0.83, S, NA, 1, 48, 2, NA
bm4276, 0, 1, L, 1.2, L, NA, 1, 49, 2, NA
bm4276, 0, 2, G, 1.14, S, NA, 0, 50, 2, NA
bm4276, 2, 0, 0, 1.33, 0, 0, 1, 1, 2, 0
bm4276, 2, 0, 1, 0.6, 1, 0, 1, 2, 2, 0
bm4276, 2, 1, 0, 1.44, 0, 0, 1, 3, 2, 0
bm4276, 2, 1, 0, 1.25, 0, 0, 1, 4, 2, 0
bm4276, 2, 1, 1, 0.78, 1, 0, 1, 5, 2, 0
bm4276, 2, 0, 1, 0.84, 1, 0, 1, 6, 2, 0
bm4276, 2, 0, 1, 0.6, 1, 0, 1, 7, 2, 0
bm4276, 2, 0, 0, 0.83, 0, 0, 1, 8, 2, 0
bm4276, 2, 0, 1, 0.73, 1, 0, 1, 9, 2, 0
bm4276, 2, 0, 1, 0.67, 1, 0, 1, 10, 2, 0
bm4276, 2, 0, 1, 0.92, 1, 0, 1, 11, 2, 0
bm4276, 2, 1, 1, 0.92, 1, 0, 1, 12, 2, 0
bm4276, 2, 0, 0, 0.76, 0, 0, 1, 13, 2, 0
bm4276, 2, 0, 0, 0.83, 0, 0, 1, 14, 2, 0
bm4276, 2, 1, 0, 1.32, 0, 0, 1, 15, 2, 0
bm4276, 2, 0, 1, 1.61, 1, 0, 1, 16, 2, 0
bm4276, 2, 1, 0, 1.18, 0, 0, 1, 17, 2, 0
bm4276, 2, 1, 0, 1.55, 0, 0, 1, 18, 2, 0
bm4276, 2, 0, 0, 0.71, 0, 0, 1, 19, 2, 0
bm4276, 2, 0, 1, 0.84, 1, 0, 1, 20, 2, 0
bm4276, 2, 1, 0, 0.78, 0, 0, 1, 21, 2, 0
bm4276, 2, 1, 0, 1.84, 0, 0, 1, 22, 2, 0
bm4276, 2, 1, 1, 0.77, 1, 0, 1, 23, 2, 0
bm4276, 2, 1, 0, 0.91, 0, 0, 1, 24, 2, 0
bm4276, 2, 0, 0, 0.79, 0, 0, 1, 25, 2, 0
bm4276, 2, 0, 1, 0.53, 1, 0, 1, 26, 2, 0
bm4276, 2, 1, 0, 1.07, 0, 0, 1, 27, 2, 0
bm4276, 2, 1, 1, 0.74, 1, 0, 1, 28, 2, 0
bm4276, 2, 1, 1, 1.16, 1, 0, 1, 29, 2, 0
bm4276, 2, 1, 1, 0.64, 0, 0, 0, 30, 2, 0
bm4276, 2, 0, 1, 0.48, 1, 0, 1, 31, 2, 0
bm4276, 2, 1, 0, 1.58, 0, 0, 1, 32, 2, 0
bm4276, 3, 0, 0, 11.3344, 0, 0, 1, 1, 2, 0
bm4276, 3, 0, 1, 0.7764, 1, 0, 1, 2, 2, 0
bm4276, 3, 1, 1, 0.9074, 1, 0, 1, 3, 2, 0
bm4276, 3, 1, 1, 1.5286, 1, 0, 1, 4, 2, 0
bm4276, 3, 1, 0, 1.2126, 0, 0, 1, 5, 2, 0
bm4276, 3, 1, 1, 0.8619, 1, 0, 1, 6, 2, 0
bm4276, 3, 0, 0, 0.7651, 0, 0, 1, 7, 2, 0
bm4276, 3, 1, 0, 4.1767, 0, 0, 1, 8, 2, 0
bm4276, 3, 1, 0, 0.9042, 0, 0, 1, 9, 2, 0
bm4276, 3, 0, 0, 7.0944, 0, 0, 1, 10, 2, 0
bm4276, 3, 1, 1, 0.9827, 1, 0, 1, 11, 2, 0
bm4276, 3, 0, 0, 0.5135, 0, 0, 1, 12, 2, 0
bm4276, 3, 1, 0, 0.9432, 0, 0, 1, 13, 2, 0
bm4276, 3, 0, 1, 0.555, 1, 0, 1, 14, 2, 0
bm4276, 3, 1, 1, 2.9515, 0, 0, 0, 15, 2, 0
bm4276, 3, 0, 1, 0.6296, 1, 0, 1, 16, 2, 0
bm4276, 3, 1, 1, 0.7506, 1, 0, 1, 17, 2, 0
bm4276, 3, 1, 0, 0.7541, 0, 0, 1, 18, 2, 0
bm4276, 3, 0, 0, 0.6136, 0, 0, 1, 19, 2, 0
bm4276, 3, 1, 0, 1.2953, 0, 0, 1, 20, 2, 0
bm4276, 3, 0, 1, 0.7169, 1, 0, 1, 21, 2, 0
bm4276, 3, 1, 0, 1.8425, 1, 0, 0, 22, 2, 0
bm4276, 3, 0, 1, 1.7743, 1, 0, 1, 23, 2, 0
bm4276, 3, 1, 1, 0.7608, 1, 0, 1, 24, 2, 0
bm4276, 3, 1, 0, 0.7157, 0, 0, 1, 25, 2, 0
bm4276, 3, 0, 1, 0.9932, 0, 0, 0, 26, 2, 0
bm4276, 3, 0, 1, 0.6553, 1, 0, 1, 27, 2, 0
bm4276, 3, 0, 0, 0.551, 0, 0, 1, 28, 2, 0
bm4276, 3, 0, 1, 0.6434, 1, 0, 1, 29, 2, 0
bm4276, 3, 0, 1, 0.4757, 1, 0, 1, 30, 2, 0
bm4276, 3, 1, 0, 0.6027, 0, 0, 1, 31, 2, 0
bm4276, 3, 0, 0, 0.9164, 0, 0, 1, 32, 2, 0
bm4276, 1, -1, 0, -2.3686, 0, 0, 1, 1, 2, 1
bm4276, 1, -1, 0, 1.524, 0, 0, 1, 2, 2, 0
bm4276, 1, 1, 1, 2.3723, 0, 0, 0, 3, 2, 0
bm4276, 1, 0, 0, 2.4706, 0, 0, 1, 4, 2, 0
bm4276, 1, -1, 1, 1.3922, 0, 0, 0, 5, 2, 0
bm4276, 1, 0, 1, 0.9702, 1, 0, 1, 6, 2, 0
bm4276, 1, 1, 0, 3.5051, 0, 0, 1, 7, 2, 0
bm4276, 1, 1, 1, 1.6163, 1, 0, 1, 8, 2, 0
bm4276, 1, 0, 0, 1.1506, 0, 0, 1, 9, 2, 0
bm4276, 1, 1, 0, 1.4868, 0, 0, 1, 10, 2, 0
bm4276, 1, 1, 1, 2.4173, 1, 0, 1, 11, 2, 0
bm4276, 1, 0, 0, 1.6301, 0, 0, 1, 12, 2, 0
bm4276, 1, -1, 0, 1.9785, 0, 0, 1, 13, 2, 0
bm4276, 1, 1, 0, 2.9044, 0, 0, 1, 14, 2, 0
bm4276, 1, 1, 1, 1.0722, 1, 0, 1, 15, 2, 0
bm4276, 1, 0, 0, 1.1083, 0, 0, 1, 16, 2, 0
bm4276, 1, 1, 1, 2.518, 1, 0, 1, 17, 2, 0
bm4276, 1, 0, 0, 0.6387, 0, 0, 1, 18, 2, 0
bm4276, 1, 0, 0, 0.7726, 0, 0, 1, 19, 2, 0
bm4276, 1, 0, 1, 0.9159, 1, 0, 1, 20, 2, 0
bm4276, 1, 0, 1, 1.0696, 1, 0, 1, 21, 2, 0
bm4276, 1, 1, 1, 2.2078, 1, 0, 1, 22, 2, 0
bm4276, 1, -1, 0, 2.2124, 0, 0, 1, 23, 2, 0
bm4276, 1, -1, 1, 6.6005, 1, 0, 1, 24, 2, 0
bm4276, 1, -1, 1, 1.9133, 1, 0, 1, 25, 2, 0
bm4276, 1, -1, 0, 2.2021, 0, 0, 1, 26, 2, 0
bm4276, 1, -1, 0, 2.8945, 0, 0, 1, 27, 2, 0
bm4276, 1, 0, 0, 4.6321, 0, 0, 1, 28, 2, 0
bm4276, 1, 1, 1, 1.8488, 0, 0, 0, 29, 2, 0
bm4276, 1, 0, 1, 8.3204, 1, 0, 1, 30, 2, 0
bm4276, 1, 0, 1, 0.7314, 1, 0, 1, 31, 2, 0
bm4276, 1, 1, 1, 1.0991, 1, 0, 1, 32, 2, 0
