sub, task, cond1, cond2, rt, inputResp, training, accuracy, trial, block, 2fast
bm4268, 0, 8, D, 0.67, D, NA, 1, 1, 1, NA
bm4268, 0, 8, A, 0.57, A, NA, 1, 2, 1, NA
bm4268, 0, 8, K, 0.48, J, NA, 0, 3, 1, NA
bm4268, 0, 8, D, 0.6, S, NA, 0, 4, 1, NA
bm4268, 0, 8, J, 0.5, J, NA, 1, 5, 1, NA
bm4268, 0, 7, S, 0.6, S, NA, 1, 6, 1, NA
bm4268, 0, 8, L, 0.35, J, NA, 0, 7, 1, NA
bm4268, 0, 8, A, 0.41, A, NA, 1, 8, 1, NA
bm4268, 0, 9, K, 0.34, S, NA, 0, 9, 1, NA
bm4268, 0, 10, F, 0.52, A, NA, 0, 10, 1, NA
bm4268, 0, 11, D, 0.39, F, NA, 0, 11, 1, NA
bm4268, 0, 12, G, 0.64, F, NA, 0, 12, 1, NA
bm4268, 0, 12, A, 0.67, A, NA, 1, 13, 1, NA
bm4268, 0, 11, S, 0.7, S, NA, 1, 14, 1, NA
bm4268, 0, 12, G, 0.9, F, NA, 0, 15, 1, NA
bm4268, 0, 13, K, 0.68, J, NA, 0, 16, 1, NA
bm4268, 0, 13, H, 0.74, H, NA, 1, 17, 1, NA
bm4268, 0, 12, G, 0.87, G, NA, 1, 18, 1, NA
bm4268, 0, 13, D, 0.52, S, NA, 0, 19, 1, NA
bm4268, 0, 14, J, 0.5, H, NA, 0, 20, 1, NA
bm4268, 0, 14, J, -0.77, J, NA, 1, 21, 1, NA
bm4268, 0, 13, D, 0.32, D, NA, 1, 22, 1, NA
bm4268, 0, 13, F, 0.47, F, NA, 1, 23, 1, NA
bm4268, 0, 12, S, 0.45, S, NA, 1, 24, 1, NA
bm4268, 0, 13, J, 0.62, H, NA, 0, 25, 1, NA
bm4268, 0, 13, J, 0.39, J, NA, 1, 26, 1, NA
bm4268, 0, 12, D, 0.41, D, NA, 1, 27, 1, NA
bm4268, 0, 13, A, 0.37, S, NA, 0, 28, 1, NA
bm4268, 0, 13, J, 0.45, J, NA, 1, 29, 1, NA
bm4268, 0, 14, D, 0.45, S, NA, 0, 30, 1, NA
bm4268, 0, 14, J, 0.42, J, NA, 1, 31, 1, NA
bm4268, 0, 15, A, 0.33, S, NA, 0, 32, 1, NA
bm4268, 0, 15, S, 0.37, S, NA, 1, 33, 1, NA
bm4268, 0, 16, S, 0.39, D, NA, 0, 34, 1, NA
bm4268, 0, 16, S, 0.41, S, NA, 1, 35, 1, NA
bm4268, 0, 17, D, 0.38, S, NA, 0, 36, 1, NA
bm4268, 0, 18, L, 0.43, F, NA, 0, 37, 1, NA
bm4268, 0, 18, K, 0.46, K, NA, 1, 38, 1, NA
bm4268, 0, 19, A, 0.42, S, NA, 0, 39, 1, NA
bm4268, 0, 20, A, 0.42, S, NA, 0, 40, 1, NA
bm4268, 0, 21, G, 0.51, S, NA, 0, 41, 1, NA
bm4268, 0, 21, L, 0.54, L, NA, 1, 42, 1, NA
bm4268, 0, 20, D, 0.59, D, NA, 1, 43, 1, NA
bm4268, 0, 20, K, 0.53, K, NA, 1, 44, 1, NA
bm4268, 0, 19, A, 0.38, A, NA, 1, 45, 1, NA
bm4268, 0, 19, G, 0.59, G, NA, 1, 46, 1, NA
bm4268, 0, 18, L, 0.44, L, NA, 1, 47, 1, NA
bm4268, 0, 19, F, 0.52, G, NA, 0, 48, 1, NA
bm4268, 0, 19, G, 0.67, G, NA, 1, 49, 1, NA
bm4268, 0, 20, J, 0.42, K, NA, 0, 50, 1, NA
bm4268, 2, 0, 1, 1.48, 1, 1, 1, 1, 1, 0
bm4268, 2, 0, 0, 1.34, 0, 1, 1, 2, 1, 0
bm4268, 2, 1, 0, 2.92, 0, 1, 1, 3, 1, 0
bm4268, 2, 0, 1, 1.39, 1, 1, 1, 4, 1, 0
bm4268, 2, 1, 0, 2.55, 0, 1, 1, 5, 1, 0
bm4268, 2, 1, 0, 2.07, 0, 1, 1, 6, 1, 0
bm4268, 2, 1, 1, 1.4, 0, 1, 0, 7, 1, 0
bm4268, 2, 0, 1, 1.1, 1, 1, 1, 8, 1, 0
bm4268, 2, 0, 0, 0.85, 0, 1, 1, 9, 1, 0
bm4268, 2, 1, 1, 1.12, 1, 1, 1, 10, 1, 0
bm4268, 2, 1, 1, 2.71, 0, 0, 0, 1, 1, 0
bm4268, 2, 0, 0, 0.8, 0, 0, 1, 2, 1, 0
bm4268, 2, 0, 1, 1.02, 1, 0, 1, 3, 1, 0
bm4268, 2, 1, 1, 1.28, 0, 0, 0, 4, 1, 0
bm4268, 2, 0, 1, 1.68, 1, 0, 1, 5, 1, 0
bm4268, 2, 1, 0, 3.11, 0, 0, 1, 6, 1, 0
bm4268, 2, 1, 1, 4.05, 1, 0, 1, 7, 1, 0
bm4268, 2, 0, 0, 2.09, 0, 0, 1, 8, 1, 0
bm4268, 2, 1, 1, 2.58, 1, 0, 1, 9, 1, 0
bm4268, 2, 0, 1, 2.12, 0, 0, 0, 10, 1, 0
bm4268, 2, 1, 0, 3.53, 0, 0, 1, 11, 1, 0
bm4268, 2, 0, 1, 1.63, 0, 0, 0, 12, 1, 0
bm4268, 2, 0, 1, 1.19, 0, 0, 0, 13, 1, 0
bm4268, 2, 0, 0, 1.27, 0, 0, 1, 14, 1, 0
bm4268, 2, 0, 0, 2.55, 0, 0, 1, 15, 1, 0
bm4268, 2, 0, 0, 1.0, 0, 0, 1, 16, 1, 0
bm4268, 2, 1, 0, 5.8, 0, 0, 1, 17, 1, 0
bm4268, 2, 1, 0, 3.06, 0, 0, 1, 18, 1, 0
bm4268, 2, 0, 1, 1.51, 1, 0, 1, 19, 1, 0
bm4268, 2, 0, 0, 1.93, 0, 0, 1, 20, 1, 0
bm4268, 2, 1, 1, 2.96, 1, 0, 1, 21, 1, 0
bm4268, 2, 1, 0, 3.77, 0, 0, 1, 22, 1, 0
bm4268, 2, 1, 0, 3.82, 0, 0, 1, 23, 1, 0
bm4268, 2, 1, 1, 2.68, 0, 0, 0, 24, 1, 0
bm4268, 2, 0, 1, 1.25, 1, 0, 1, 25, 1, 0
bm4268, 2, 1, 0, 3.89, 0, 0, 1, 26, 1, 0
bm4268, 2, 0, 0, 2.22, 0, 0, 1, 27, 1, 0
bm4268, 2, 0, 1, 0.98, 0, 0, 0, 28, 1, 0
bm4268, 2, 1, 0, 3.41, 0, 0, 1, 29, 1, 0
bm4268, 2, 1, 1, 1.6, 0, 0, 0, 30, 1, 0
bm4268, 2, 0, 1, 1.0, 1, 0, 1, 31, 1, 0
bm4268, 2, 1, 0, 2.51, 0, 0, 1, 32, 1, 0
bm4268, 3, 1, 0, 10.7357, 0, 1, 1, 1, 1, 0
bm4268, 3, 1, 1, 8.483, 1, 1, 1, 2, 1, 0
bm4268, 3, 0, 1, 6.8574, 1, 1, 1, 3, 1, 0
bm4268, 3, 0, 0, 1.6738, 0, 1, 1, 4, 1, 0
bm4268, 3, 0, 0, 0.9261, 0, 1, 1, 5, 1, 0
bm4268, 3, 1, 0, 1.6543, 0, 1, 1, 6, 1, 0
bm4268, 3, 0, 0, 1.5638, 0, 1, 1, 7, 1, 0
bm4268, 3, 0, 1, 0.6795, 1, 1, 1, 8, 1, 0
bm4268, 3, 1, 1, 2.6138, 1, 1, 1, 9, 1, 0
bm4268, 3, 1, 1, 1.7635, 1, 1, 1, 10, 1, 0
bm4268, 3, 0, 1, 1.255, 1, 0, 1, 1, 1, 0
bm4268, 3, 0, 0, 0.7178, 0, 0, 1, 2, 1, 0
bm4268, 3, 0, 0, 1.33, 0, 0, 1, 3, 1, 0
bm4268, 3, 1, 1, 1.6221, 1, 0, 1, 4, 1, 0
bm4268, 3, 1, 1, 2.0618, 1, 0, 1, 5, 1, 0
bm4268, 3, 1, 1, 1.3215, 1, 0, 1, 6, 1, 0
bm4268, 3, 0, 0, 1.0927, 0, 0, 1, 7, 1, 0
bm4268, 3, 1, 0, 2.6088, 0, 0, 1, 8, 1, 0
bm4268, 3, 0, 0, 1.5183, 0, 0, 1, 9, 1, 0
bm4268, 3, 0, 0, 1.1561, 0, 0, 1, 10, 1, 0
bm4268, 3, 0, 1, 1.649, 1, 0, 1, 11, 1, 0
bm4268, 3, 0, 1, 1.0261, 1, 0, 1, 12, 1, 0
bm4268, 3, 1, 1, 1.0713, 1, 0, 1, 13, 1, 0
bm4268, 3, 1, 1, 0.9563, 1, 0, 1, 14, 1, 0
bm4268, 3, 0, 1, 0.4749, 1, 0, 1, 15, 1, 0
bm4268, 3, 1, 0, 1.1487, 0, 0, 1, 16, 1, 0
bm4268, 3, 1, 1, 1.453, 1, 0, 1, 17, 1, 0
bm4268, 3, 0, 1, 0.6185, 1, 0, 1, 18, 1, 0
bm4268, 3, 1, 0, 1.1385, 1, 0, 0, 19, 1, 0
bm4268, 3, 0, 1, 0.4341, 1, 0, 1, 20, 1, 0
bm4268, 3, 0, 0, 0.8923, 0, 0, 1, 21, 1, 0
bm4268, 3, 1, 1, 1.0739, 1, 0, 1, 22, 1, 0
bm4268, 3, 1, 0, 1.1366, 0, 0, 1, 23, 1, 0
bm4268, 3, 0, 0, 1.1155, 0, 0, 1, 24, 1, 0
bm4268, 3, 0, 1, 0.5305, 1, 0, 1, 25, 1, 0
bm4268, 3, 1, 0, 1.1731, 0, 0, 1, 26, 1, 0
bm4268, 3, 0, 0, 0.6427, 0, 0, 1, 27, 1, 0
bm4268, 3, 0, 1, 0.5145, 0, 0, 0, 28, 1, 0
bm4268, 3, 1, 1, -2.4324, 1, 0, 1, 29, 1, 1
bm4268, 3, 1, 0, 1.7797, 0, 0, 1, 30, 1, 0
bm4268, 3, 1, 0, 1.5154, 0, 0, 1, 31, 1, 0
bm4268, 3, 1, 0, 1.6312, 0, 0, 1, 32, 1, 0
bm4268, 1, 1, 0, 2.705, 0, 1, 1, 1, 1, 0
bm4268, 1, 1, 0, 7.2875, 0, 1, 1, 2, 1, 0
bm4268, 1, 0, 1, 4.5839, 1, 1, 1, 3, 1, 0
bm4268, 1, -1, 0, 3.4727, 0, 1, 1, 4, 1, 0
bm4268, 1, 0, 1, 2.1473, 1, 1, 1, 5, 1, 0
bm4268, 1, -1, 1, 7.3535, 1, 1, 1, 6, 1, 0
bm4268, 1, 1, 0, 4.0715, 1, 1, 0, 7, 1, 0
bm4268, 1, 1, 1, 3.3015, 1, 1, 1, 8, 1, 0
bm4268, 1, -1, 0, 4.9755, 0, 1, 1, 9, 1, 0
bm4268, 1, 1, 1, 4.1343, 1, 1, 1, 10, 1, 0
bm4268, 1, -1, 1, 4.9812, 1, 0, 1, 1, 1, 0
bm4268, 1, 1, 0, 2.8878, 0, 0, 1, 2, 1, 0
bm4268, 1, 0, 1, 1.6923, 1, 0, 1, 3, 1, 0
bm4268, 1, -1, 0, 6.18, 0, 0, 1, 4, 1, 0
bm4268, 1, 1, 0, 3.5399, 0, 0, 1, 5, 1, 0
bm4268, 1, 1, 1, 3.0495, 1, 0, 1, 6, 1, 0
bm4268, 1, -1, 1, 2.3161, 1, 0, 1, 7, 1, 0
bm4268, 1, 1, 1, 2.8792, 1, 0, 1, 8, 1, 0
bm4268, 1, 0, 0, 1.4096, 0, 0, 1, 9, 1, 0
bm4268, 1, 0, 1, 1.6047, 1, 0, 1, 10, 1, 0
bm4268, 1, -1, 0, 4.9827, 0, 0, 1, 11, 1, 0
bm4268, 1, -1, 1, 3.4445, 1, 0, 1, 12, 1, 0
bm4268, 1, 0, 1, 1.7832, 1, 0, 1, 13, 1, 0
bm4268, 1, -1, 0, 3.8839, 0, 0, 1, 14, 1, 0
bm4268, 1, 0, 0, 2.0542, 0, 0, 1, 15, 1, 0
bm4268, 1, 0, 0, 1.0385, 1, 0, 0, 16, 1, 0
bm4268, 1, 1, 0, 2.829, 0, 0, 1, 17, 1, 0
bm4268, 1, 1, 0, 1.9648, 0, 0, 1, 18, 1, 0
bm4268, 1, -1, 1, 4.2859, 1, 0, 1, 19, 1, 0
bm4268, 1, -1, 0, 2.3907, 0, 0, 1, 20, 1, 0
bm4268, 1, 0, 0, 1.7272, 0, 0, 1, 21, 1, 0
bm4268, 1, -1, 1, 5.4465, 1, 0, 1, 22, 1, 0
bm4268, 1, 0, 1, 1.8393, 1, 0, 1, 23, 1, 0
bm4268, 1, 0, 1, 1.4055, 1, 0, 1, 24, 1, 0
bm4268, 1, 0, 0, 1.9174, 0, 0, 1, 25, 1, 0
bm4268, 1, 1, 1, 3.4679, 1, 0, 1, 26, 1, 0
bm4268, 1, 0, 1, 1.0698, 1, 0, 1, 27, 1, 0
bm4268, 1, -1, 1, 3.7052, 1, 0, 1, 28, 1, 0
bm4268, 1, 1, 0, 6.0681, 0, 0, 1, 29, 1, 0
bm4268, 1, 1, 0, 1.9481, 0, 0, 1, 30, 1, 0
bm4268, 1, 1, 0, 2.3782, 0, 0, 1, 31, 1, 0
bm4268, 1, -1, 1, 3.3214, 1, 0, 1, 32, 1, 0
bm4268, 0, 4, D, 3.02, D, NA, 1, 1, 2, NA
bm4268, 0, 4, G, 1.13, G, NA, 1, 2, 2, NA
bm4268, 0, 4, J, 0.93, J, NA, 1, 3, 2, NA
bm4268, 0, 4, G, 0.77, G, NA, 1, 4, 2, NA
bm4268, 0, 4, K, 1.03, K, NA, 1, 5, 2, NA
bm4268, 0, 3, D, 1.02, D, NA, 1, 6, 2, NA
bm4268, 0, 3, H, 1.0, H, NA, 1, 7, 2, NA
bm4268, 0, 4, D, 1.05, G, NA, 0, 8, 2, NA
bm4268, 0, 4, G, 0.74, G, NA, 1, 9, 2, NA
bm4268, 0, 3, F, 0.77, F, NA, 1, 10, 2, NA
bm4268, 0, 3, J, 0.79, J, NA, 1, 11, 2, NA
bm4268, 0, 2, J, 0.66, J, NA, 1, 12, 2, NA
bm4268, 0, 3, K, 1.06, G, NA, 0, 13, 2, NA
bm4268, 0, 3, S, 0.78, S, NA, 1, 14, 2, NA
bm4268, 0, 2, J, 0.92, J, NA, 1, 15, 2, NA
bm4268, 0, 3, S, 0.96, G, NA, 0, 16, 2, NA
bm4268, 0, 3, D, 0.78, D, NA, 1, 17, 2, NA
bm4268, 0, 2, G, 0.84, G, NA, 1, 18, 2, NA
bm4268, 0, 2, J, 1.05, J, NA, 1, 19, 2, NA
bm4268, 0, 3, H, 0.87, G, NA, 0, 20, 2, NA
bm4268, 0, 3, J, 0.95, J, NA, 1, 21, 2, NA
bm4268, 0, 4, D, 0.9, G, NA, 0, 22, 2, NA
bm4268, 0, 4, J, 0.71, J, NA, 1, 23, 2, NA
bm4268, 0, 3, D, 0.92, D, NA, 1, 24, 2, NA
bm4268, 0, 4, L, 1.04, G, NA, 0, 25, 2, NA
bm4268, 0, 4, H, 0.95, H, NA, 1, 26, 2, NA
bm4268, 0, 3, A, 0.8, A, NA, 1, 27, 2, NA
bm4268, 0, 3, A, 0.72, A, NA, 1, 28, 2, NA
bm4268, 0, 2, G, 0.74, G, NA, 1, 29, 2, NA
bm4268, 0, 2, K, 1.02, K, NA, 1, 30, 2, NA
bm4268, 0, 3, K, 0.83, H, NA, 0, 31, 2, NA
bm4268, 0, 3, K, 0.74, K, NA, 1, 32, 2, NA
bm4268, 0, 2, H, 0.74, H, NA, 1, 33, 2, NA
bm4268, 0, 3, F, 0.81, H, NA, 0, 34, 2, NA
bm4268, 0, 4, F, 0.75, G, NA, 0, 35, 2, NA
bm4268, 0, 4, L, 0.77, L, NA, 1, 36, 2, NA
bm4268, 0, 3, D, 0.75, D, NA, 1, 37, 2, NA
bm4268, 0, 3, G, 0.73, G, NA, 1, 38, 2, NA
bm4268, 0, 2, H, 0.83, H, NA, 1, 39, 2, NA
bm4268, 0, 3, S, 1.96, J, NA, 0, 40, 2, NA
bm4268, 0, 3, L, 0.87, L, NA, 1, 41, 2, NA
bm4268, 0, 4, L, 1.06, G, NA, 0, 42, 2, NA
bm4268, 0, 5, S, 0.64, G, NA, 0, 43, 2, NA
bm4268, 0, 5, D, 0.67, D, NA, 1, 44, 2, NA
bm4268, 0, 4, A, 1.03, A, NA, 1, 45, 2, NA
bm4268, 0, 4, S, 0.56, S, NA, 1, 46, 2, NA
bm4268, 0, 3, K, 0.64, K, NA, 1, 47, 2, NA
bm4268, 0, 4, F, 1.09, G, NA, 0, 48, 2, NA
bm4268, 0, 4, K, 0.7, K, NA, 1, 49, 2, NA
bm4268, 0, 3, L, 0.96, L, NA, 1, 50, 2, NA
bm4268, 2, 1, 1, 2.71, 1, 0, 1, 1, 2, 0
bm4268, 2, 0, 0, 1.53, 0, 0, 1, 2, 2, 0
bm4268, 2, 0, 1, 1.42, 1, 0, 1, 3, 2, 0
bm4268, 2, 1, 1, 1.87, 0, 0, 0, 4, 2, 0
bm4268, 2, 0, 1, 1.89, 1, 0, 1, 5, 2, 0
bm4268, 2, 1, 1, 2.99, 0, 0, 0, 6, 2, 0
bm4268, 2, 1, 1, 4.17, 0, 0, 0, 7, 2, 0
bm4268, 2, 0, 1, 3.8, 1, 0, 1, 8, 2, 0
bm4268, 2, 1, 0, 3.85, 0, 0, 1, 9, 2, 0
bm4268, 2, 1, 0, 3.96, 0, 0, 1, 10, 2, 0
bm4268, 2, 0, 0, 1.95, 0, 0, 1, 11, 2, 0
bm4268, 2, 1, 0, 2.5, 0, 0, 1, 12, 2, 0
bm4268, 2, 0, 0, 1.97, 0, 0, 1, 13, 2, 0
bm4268, 2, 1, 0, 1.54, 0, 0, 1, 14, 2, 0
bm4268, 2, 1, 1, 0.86, 0, 0, 0, 15, 2, 0
bm4268, 2, 0, 0, 0.97, 0, 0, 1, 16, 2, 0
bm4268, 2, 0, 1, 1.66, 1, 0, 1, 17, 2, 0
bm4268, 2, 1, 0, 2.06, 0, 0, 1, 18, 2, 0
bm4268, 2, 1, 1, 4.28, 1, 0, 1, 19, 2, 0
bm4268, 2, 0, 0, 1.26, 0, 0, 1, 20, 2, 0
bm4268, 2, 0, 0, 2.74, 0, 0, 1, 21, 2, 0
bm4268, 2, 0, 1, 0.95, 1, 0, 1, 22, 2, 0
bm4268, 2, 1, 0, 2.33, 0, 0, 1, 23, 2, 0
bm4268, 2, 1, 1, 3.02, 0, 0, 0, 24, 2, 0
bm4268, 2, 0, 1, 2.54, 1, 0, 1, 25, 2, 0
bm4268, 2, 0, 1, 3.91, 1, 0, 1, 26, 2, 0
bm4268, 2, 0, 0, 1.14, 0, 0, 1, 27, 2, 0
bm4268, 2, 0, 0, 1.2, 0, 0, 1, 28, 2, 0
bm4268, 2, 1, 0, 2.2, 0, 0, 1, 29, 2, 0
bm4268, 2, 1, 1, 2.05, 1, 0, 1, 30, 2, 0
bm4268, 2, 1, 1, 3.3, 0, 0, 0, 31, 2, 0
bm4268, 2, 0, 0, 0.93, 0, 0, 1, 32, 2, 0
bm4268, 3, 0, 1, 1.8639, 1, 0, 1, 1, 2, 0
bm4268, 3, 1, 0, 1.9327, 0, 0, 1, 2, 2, 0
bm4268, 3, 1, 0, 1.9595, 0, 0, 1, 3, 2, 0
bm4268, 3, 1, 1, 1.3703, 1, 0, 1, 4, 2, 0
bm4268, 3, 0, 1, 0.9866, 1, 0, 1, 5, 2, 0
bm4268, 3, 1, 1, 0.9957, 1, 0, 1, 6, 2, 0
bm4268, 3, 1, 0, 1.5231, 0, 0, 1, 7, 2, 0
bm4268, 3, 1, 0, 1.6284, 0, 0, 1, 8, 2, 0
bm4268, 3, 1, 1, 1.2809, 1, 0, 1, 9, 2, 0
bm4268, 3, 0, 0, 0.6216, 0, 0, 1, 10, 2, 0
bm4268, 3, 0, 0, 0.5538, 0, 0, 1, 11, 2, 0
bm4268, 3, 0, 1, 1.0561, 1, 0, 1, 12, 2, 0
bm4268, 3, 0, 0, 0.619, 0, 0, 1, 13, 2, 0
bm4268, 3, 0, 1, 8.9493, 1, 0, 1, 14, 2, 0
bm4268, 3, 0, 0, 1.629, 0, 0, 1, 15, 2, 0
bm4268, 3, 1, 0, 3.6803, 1, 0, 0, 16, 2, 0
bm4268, 3, 1, 0, 1.9119, 0, 0, 1, 17, 2, 0
bm4268, 3, 0, 0, 1.0125, 0, 0, 1, 18, 2, 0
bm4268, 3, 1, 1, 3.0817, 1, 0, 1, 19, 2, 0
bm4268, 3, 0, 1, 1.2574, 1, 0, 1, 20, 2, 0
bm4268, 3, 1, 0, 2.1668, 1, 0, 0, 21, 2, 0
bm4268, 3, 0, 1, 0.8513, 1, 0, 1, 22, 2, 0
bm4268, 3, 1, 0, 1.2314, 0, 0, 1, 23, 2, 0
bm4268, 3, 1, 1, 1.0048, 1, 0, 1, 24, 2, 0
bm4268, 3, 1, 1, 1.5528, 1, 0, 1, 25, 2, 0
bm4268, 3, 1, 0, 1.0754, 0, 0, 1, 26, 2, 0
bm4268, 3, 0, 1, 0.5524, 1, 0, 1, 27, 2, 0
bm4268, 3, 0, 1, 0.5272, 1, 0, 1, 28, 2, 0
bm4268, 3, 1, 0, 0.6806, 0, 0, 1, 29, 2, 0
bm4268, 3, 0, 1, 0.7465, 1, 0, 1, 30, 2, 0
bm4268, 3, 0, 1, 0.6618, 1, 0, 1, 31, 2, 0
bm4268, 3, 0, 0, 1.1704, 0, 0, 1, 32, 2, 0
bm4268, 1, -1, 1, 3.4683, 0, 0, 0, 1, 2, 0
bm4268, 1, 1, 0, 2.5123, 0, 0, 1, 2, 2, 0
bm4268, 1, 1, 1, 3.2262, 1, 0, 1, 3, 2, 0
bm4268, 1, 1, 1, 3.1153, 1, 0, 1, 4, 2, 0
bm4268, 1, 1, 1, 3.0996, 1, 0, 1, 5, 2, 0
bm4268, 1, -1, 0, 2.2851, 1, 0, 0, 6, 2, 0
bm4268, 1, -1, 0, 3.164, 0, 0, 1, 7, 2, 0
bm4268, 1, -1, 0, 2.2263, 0, 0, 1, 8, 2, 0
bm4268, 1, 1, 0, 2.1517, 0, 0, 1, 9, 2, 0
bm4268, 1, 1, 0, 2.1721, 0, 0, 1, 10, 2, 0
bm4268, 1, -1, 1, 2.9717, 1, 0, 1, 11, 2, 0
bm4268, 1, 0, 1, 1.0663, 1, 0, 1, 12, 2, 0
bm4268, 1, -1, 0, 1.8257, 0, 0, 1, 13, 2, 0
bm4268, 1, 1, 0, 3.1574, 0, 0, 1, 14, 2, 0
bm4268, 1, 1, 1, 4.7136, 1, 0, 1, 15, 2, 0
bm4268, 1, 1, 1, 4.182, 1, 0, 1, 16, 2, 0
bm4268, 1, 0, 1, 1.5828, 1, 0, 1, 17, 2, 0
bm4268, 1, 1, 0, 2.6956, 0, 0, 1, 18, 2, 0
bm4268, 1, 0, 0, 1.0598, 0, 0, 1, 19, 2, 0
bm4268, 1, -1, 1, 3.1215, 1, 0, 1, 20, 2, 0
bm4268, 1, 0, 0, 1.2159, 0, 0, 1, 21, 2, 0
bm4268, 1, 0, 1, 1.0792, 1, 0, 1, 22, 2, 0
bm4268, 1, 0, 0, 1.0064, 0, 0, 1, 23, 2, 0
bm4268, 1, 1, 1, 4.5442, 1, 0, 1, 24, 2, 0
bm4268, 1, -1, 1, 3.4934, 1, 0, 1, 25, 2, 0
bm4268, 1, 0, 0, 1.995, 0, 0, 1, 26, 2, 0
bm4268, 1, 0, 0, 2.2915, 0, 0, 1, 27, 2, 0
bm4268, 1, -1, 1, 2.4719, 1, 0, 1, 28, 2, 0
bm4268, 1, 0, 0, 2.9699, 0, 0, 1, 29, 2, 0
bm4268, 1, -1, 1, 4.1118, 1, 0, 1, 30, 2, 0
bm4268, 1, 0, 1, 1.586, 1, 0, 1, 31, 2, 0
bm4268, 1, 0, 0, 1.5112, 0, 0, 1, 32, 2, 0
