sub, task, cond1, cond2, rt, inputResp, training, accuracy, trial, block, 2fast
bm4200, 0, 8, G, 0.94, G, NA, 1, 1, 1, NA
bm4200, 0, 8, G, 0.73, G, NA, 1, 2, 1, NA
bm4200, 0, 8, F, 0.98, F, NA, 1, 3, 1, NA
bm4200, 0, 8, D, 1.06, D, NA, 1, 4, 1, NA
bm4200, 0, 8, S, 1.11, S, NA, 1, 5, 1, NA
bm4200, 0, 7, F, 0.85, F, NA, 1, 6, 1, NA
bm4200, 0, 7, J, 0.81, J, NA, 1, 7, 1, NA
bm4200, 0, 6, A, 1.04, A, NA, 1, 8, 1, NA
bm4200, 0, 6, S, 1.02, S, NA, 1, 9, 1, NA
bm4200, 0, 5, J, 0.72, J, NA, 1, 10, 1, NA
bm4200, 0, 5, H, 0.78, H, NA, 1, 11, 1, NA
bm4200, 0, 4, S, 0.82, S, NA, 1, 12, 1, NA
bm4200, 0, 4, H, 0.7, H, NA, 1, 13, 1, NA
bm4200, 0, 3, H, 0.75, H, NA, 1, 14, 1, NA
bm4200, 0, 3, G, 0.76, G, NA, 1, 15, 1, NA
bm4200, 0, 2, G, 0.75, G, NA, 1, 16, 1, NA
bm4200, 0, 3, K, 0.76, G, NA, 0, 17, 1, NA
bm4200, 0, 3, F, 0.95, F, NA, 1, 18, 1, NA
bm4200, 0, 2, J, 0.79, J, NA, 1, 19, 1, NA
bm4200, 0, 2, G, 0.79, G, NA, 1, 20, 1, NA
bm4200, 0, 3, S, 0.75, G, NA, 0, 21, 1, NA
bm4200, 0, 4, A, 0.73, S, NA, 0, 22, 1, NA
bm4200, 0, 4, H, 0.77, H, NA, 1, 23, 1, NA
bm4200, 0, 3, G, 0.71, G, NA, 1, 24, 1, NA
bm4200, 0, 3, L, 0.87, L, NA, 1, 25, 1, NA
bm4200, 0, 2, L, 0.66, L, NA, 1, 26, 1, NA
bm4200, 0, 2, A, 0.74, A, NA, 1, 27, 1, NA
bm4200, 0, 1, G, 0.81, G, NA, 1, 28, 1, NA
bm4200, 0, 2, J, 0.75, G, NA, 0, 29, 1, NA
bm4200, 0, 2, D, 1.18, D, NA, 1, 30, 1, NA
bm4200, 0, 1, D, 0.71, D, NA, 1, 31, 1, NA
bm4200, 0, 2, K, 0.86, D, NA, 0, 32, 1, NA
bm4200, 0, 2, J, 0.85, J, NA, 1, 33, 1, NA
bm4200, 0, 1, G, 0.84, G, NA, 1, 34, 1, NA
bm4200, 0, 2, L, 0.93, J, NA, 0, 35, 1, NA
bm4200, 0, 2, G, 0.77, G, NA, 1, 36, 1, NA
bm4200, 0, 1, L, 0.97, L, NA, 1, 37, 1, NA
bm4200, 0, 2, L, 0.86, G, NA, 0, 38, 1, NA
bm4200, 0, 2, D, 0.88, D, NA, 1, 39, 1, NA
bm4200, 0, 1, S, 0.85, S, NA, 1, 40, 1, NA
bm4200, 0, 2, H, 0.81, S, NA, 0, 41, 1, NA
bm4200, 0, 2, H, 0.85, H, NA, 1, 42, 1, NA
bm4200, 0, 3, F, 1.0, D, NA, 0, 43, 1, NA
bm4200, 0, 3, G, 0.84, G, NA, 1, 44, 1, NA
bm4200, 0, 2, F, 0.86, F, NA, 1, 45, 1, NA
bm4200, 0, 2, A, 0.83, A, NA, 1, 46, 1, NA
bm4200, 0, 1, D, 0.81, D, NA, 1, 47, 1, NA
bm4200, 0, 2, L, 0.97, S, NA, 0, 48, 1, NA
bm4200, 0, 2, D, 0.85, D, NA, 1, 49, 1, NA
bm4200, 0, 1, J, 0.85, J, NA, 1, 50, 1, NA
bm4200, 2, 1, 1, 0.95, 1, 1, 1, 1, 1, 0
bm4200, 2, 1, 0, 1.25, 0, 1, 1, 2, 1, 0
bm4200, 2, 0, 0, 0.82, 0, 1, 1, 3, 1, 0
bm4200, 2, 1, 0, 1.18, 0, 1, 1, 4, 1, 0
bm4200, 2, 1, 0, 1.56, 0, 1, 1, 5, 1, 0
bm4200, 2, 1, 1, 1.57, 1, 1, 1, 6, 1, 0
bm4200, 2, 0, 1, 0.8, 1, 1, 1, 7, 1, 0
bm4200, 2, 0, 1, 0.73, 1, 1, 1, 8, 1, 0
bm4200, 2, 0, 1, 1.18, 1, 1, 1, 9, 1, 0
bm4200, 2, 0, 0, 1.3, 0, 1, 1, 10, 1, 0
bm4200, 2, 1, 1, 0.74, 1, 0, 1, 1, 1, 0
bm4200, 2, 0, 0, 0.8, 0, 0, 1, 2, 1, 0
bm4200, 2, 1, 0, 1.76, 0, 0, 1, 3, 1, 0
bm4200, 2, 0, 0, 0.64, 0, 0, 1, 4, 1, 0
bm4200, 2, 0, 0, 0.73, 0, 0, 1, 5, 1, 0
bm4200, 2, 1, 0, 1.5, 0, 0, 1, 6, 1, 0
bm4200, 2, 1, 1, 0.59, 1, 0, 1, 7, 1, 0
bm4200, 2, 0, 0, 0.61, 0, 0, 1, 8, 1, 0
bm4200, 2, 0, 1, 0.92, 1, 0, 1, 9, 1, 0
bm4200, 2, 0, 0, 0.76, 0, 0, 1, 10, 1, 0
bm4200, 2, 1, 0, 1.37, 0, 0, 1, 11, 1, 0
bm4200, 2, 0, 1, 0.68, 1, 0, 1, 12, 1, 0
bm4200, 2, 0, 0, 1.06, 0, 0, 1, 13, 1, 0
bm4200, 2, 1, 0, 1.4, 0, 0, 1, 14, 1, 0
bm4200, 2, 0, 1, 0.76, 1, 0, 1, 15, 1, 0
bm4200, 2, 1, 1, 1.4, 1, 0, 1, 16, 1, 0
bm4200, 2, 1, 1, 1.44, 1, 0, 1, 17, 1, 0
bm4200, 2, 1, 1, 1.26, 1, 0, 1, 18, 1, 0
bm4200, 2, 1, 1, 1.95, 0, 0, 0, 19, 1, 0
bm4200, 2, 0, 0, 0.63, 0, 0, 1, 20, 1, 0
bm4200, 2, 0, 1, 0.75, 1, 0, 1, 21, 1, 0
bm4200, 2, 0, 1, 0.66, 0, 0, 0, 22, 1, 0
bm4200, 2, 1, 0, 1.57, 0, 0, 1, 23, 1, 0
bm4200, 2, 0, 1, 0.6, 1, 0, 1, 24, 1, 0
bm4200, 2, 0, 1, 0.83, 0, 0, 0, 25, 1, 0
bm4200, 2, 0, 0, 0.97, 0, 0, 1, 26, 1, 0
bm4200, 2, 1, 1, 1.04, 1, 0, 1, 27, 1, 0
bm4200, 2, 1, 0, 1.64, 0, 0, 1, 28, 1, 0
bm4200, 2, 0, 0, 0.73, 0, 0, 1, 29, 1, 0
bm4200, 2, 1, 1, 2.72, 1, 0, 1, 30, 1, 0
bm4200, 2, 1, 0, 2.53, 0, 0, 1, 31, 1, 0
bm4200, 2, 1, 1, 2.54, 1, 0, 1, 32, 1, 0
bm4200, 3, 0, 1, 0.3677, 1, 1, 1, 1, 1, 0
bm4200, 3, 1, 0, 0.6901, 0, 1, 1, 2, 1, 0
bm4200, 3, 0, 1, 0.3757, 1, 1, 1, 3, 1, 0
bm4200, 3, 1, 1, 0.7142, 0, 1, 0, 4, 1, 0
bm4200, 3, 1, 0, 0.7866, 0, 1, 1, 5, 1, 0
bm4200, 3, 1, 0, 0.6441, 0, 1, 1, 6, 1, 0
bm4200, 3, 1, 0, 0.6516, 0, 1, 1, 7, 1, 0
bm4200, 3, 0, 0, 0.6267, 0, 1, 1, 8, 1, 0
bm4200, 3, 0, 1, 0.8269, 1, 1, 1, 9, 1, 0
bm4200, 3, 0, 1, 0.491, 1, 1, 1, 10, 1, 0
bm4200, 3, 0, 1, 0.3969, 1, 0, 1, 1, 1, 0
bm4200, 3, 1, 0, 0.7181, 0, 0, 1, 2, 1, 0
bm4200, 3, 1, 0, 0.6262, 0, 0, 1, 3, 1, 0
bm4200, 3, 1, 1, 0.6805, 1, 0, 1, 4, 1, 0
bm4200, 3, 0, 0, 0.7981, 0, 0, 1, 5, 1, 0
bm4200, 3, 1, 1, 0.8636, 1, 0, 1, 6, 1, 0
bm4200, 3, 0, 1, 0.4305, 1, 0, 1, 7, 1, 0
bm4200, 3, 1, 0, 1.6467, 0, 0, 1, 8, 1, 0
bm4200, 3, 1, 1, 0.7653, 1, 0, 1, 9, 1, 0
bm4200, 3, 0, 1, 0.4962, 1, 0, 1, 10, 1, 0
bm4200, 3, 1, 0, 0.7341, 0, 0, 1, 11, 1, 0
bm4200, 3, 1, 0, 0.6902, 1, 0, 0, 12, 1, 0
bm4200, 3, 1, 0, 0.7157, 0, 0, 1, 13, 1, 0
bm4200, 3, 1, 0, 0.7362, 0, 0, 1, 14, 1, 0
bm4200, 3, 0, 1, 0.4036, 1, 0, 1, 15, 1, 0
bm4200, 3, 1, 0, 0.7254, 0, 0, 1, 16, 1, 0
bm4200, 3, 0, 0, 0.6976, 0, 0, 1, 17, 1, 0
bm4200, 3, 1, 1, 0.6878, 1, 0, 1, 18, 1, 0
bm4200, 3, 0, 0, 0.4694, 0, 0, 1, 19, 1, 0
bm4200, 3, 0, 1, 0.6278, 1, 0, 1, 20, 1, 0
bm4200, 3, 1, 1, 0.7961, 0, 0, 0, 21, 1, 0
bm4200, 3, 0, 0, 0.5139, 0, 0, 1, 22, 1, 0
bm4200, 3, 1, 1, 1.3427, 1, 0, 1, 23, 1, 0
bm4200, 3, 1, 0, 0.6177, 0, 0, 1, 24, 1, 0
bm4200, 3, 0, 0, 0.5146, 0, 0, 1, 25, 1, 0
bm4200, 3, 0, 1, 0.6557, 1, 0, 1, 26, 1, 0
bm4200, 3, 0, 1, 0.5033, 1, 0, 1, 27, 1, 0
bm4200, 3, 1, 1, 0.8524, 1, 0, 1, 28, 1, 0
bm4200, 3, 0, 0, 0.5312, 0, 0, 1, 29, 1, 0
bm4200, 3, 0, 0, 0.4956, 0, 0, 1, 30, 1, 0
bm4200, 3, 0, 1, 0.5893, 1, 0, 1, 31, 1, 0
bm4200, 3, 0, 1, 0.535, 1, 0, 1, 32, 1, 0
bm4200, 1, 0, 1, 0.7754, 1, 1, 1, 1, 1, 0
bm4200, 1, 1, 1, 1.3107, 1, 1, 1, 2, 1, 0
bm4200, 1, 0, 0, 1.2488, 0, 1, 1, 3, 1, 0
bm4200, 1, 1, 1, 2.0847, 1, 1, 1, 4, 1, 0
bm4200, 1, 1, 0, 1.6064, 0, 1, 1, 5, 1, 0
bm4200, 1, -1, 0, 2.3315, 0, 1, 1, 6, 1, 0
bm4200, 1, -1, 1, 1.8753, 1, 1, 1, 7, 1, 0
bm4200, 1, 0, 0, 0.9272, 0, 1, 1, 8, 1, 0
bm4200, 1, -1, 1, 1.8725, 1, 1, 1, 9, 1, 0
bm4200, 1, 0, 0, 0.8446, 0, 1, 1, 10, 1, 0
bm4200, 1, -1, 1, -1.3844, 0, 0, 0, 1, 1, 1
bm4200, 1, 0, 1, 1.9302, 1, 0, 1, 2, 1, 0
bm4200, 1, 0, 1, 1.1551, 1, 0, 1, 3, 1, 0
bm4200, 1, -1, 1, 3.0988, 1, 0, 1, 4, 1, 0
bm4200, 1, 1, 0, 3.8434, 0, 0, 1, 5, 1, 0
bm4200, 1, 0, 0, 1.1191, 0, 0, 1, 6, 1, 0
bm4200, 1, -1, 0, 1.513, 0, 0, 1, 7, 1, 0
bm4200, 1, 1, 0, 1.5551, 0, 0, 1, 8, 1, 0
bm4200, 1, 0, 0, 1.244, 0, 0, 1, 9, 1, 0
bm4200, 1, 0, 1, 0.6735, 1, 0, 1, 10, 1, 0
bm4200, 1, 0, 0, 1.2778, 0, 0, 1, 11, 1, 0
bm4200, 1, -1, 1, 2.0481, 1, 0, 1, 12, 1, 0
bm4200, 1, -1, 0, 2.6118, 0, 0, 1, 13, 1, 0
bm4200, 1, -1, 0, 3.6002, 0, 0, 1, 14, 1, 0
bm4200, 1, 1, 0, 1.828, 0, 0, 1, 15, 1, 0
bm4200, 1, 1, 1, 3.4244, 1, 0, 1, 16, 1, 0
bm4200, 1, 0, 0, 0.7967, 0, 0, 1, 17, 1, 0
bm4200, 1, 1, 1, 1.7315, 1, 0, 1, 18, 1, 0
bm4200, 1, -1, 0, 2.6283, 0, 0, 1, 19, 1, 0
bm4200, 1, 0, 1, 1.4731, 1, 0, 1, 20, 1, 0
bm4200, 1, 0, 1, 0.8292, 1, 0, 1, 21, 1, 0
bm4200, 1, 1, 1, 1.9546, 1, 0, 1, 22, 1, 0
bm4200, 1, 1, 1, 2.4263, 1, 0, 1, 23, 1, 0
bm4200, 1, 0, 0, 0.7041, 1, 0, 0, 24, 1, 0
bm4200, 1, -1, 1, 1.8876, 1, 0, 1, 25, 1, 0
bm4200, 1, 1, 0, 2.7776, 0, 0, 1, 26, 1, 0
bm4200, 1, 0, 1, 0.9293, 1, 0, 1, 27, 1, 0
bm4200, 1, -1, 0, 2.6912, 0, 0, 1, 28, 1, 0
bm4200, 1, 1, 0, 2.3015, 1, 0, 0, 29, 1, 0
bm4200, 1, 1, 1, 4.7476, 1, 0, 1, 30, 1, 0
bm4200, 1, -1, 1, 1.7771, 1, 0, 1, 31, 1, 0
bm4200, 1, 1, 0, 2.161, 0, 0, 1, 32, 1, 0
bm4200, 0, 4, J, 1.15, J, NA, 1, 1, 2, NA
bm4200, 0, 4, K, 0.91, K, NA, 1, 2, 2, NA
bm4200, 0, 4, J, 0.94, J, NA, 1, 3, 2, NA
bm4200, 0, 4, A, 1.0, A, NA, 1, 4, 2, NA
bm4200, 0, 4, F, 0.89, F, NA, 1, 5, 2, NA
bm4200, 0, 3, H, 0.73, H, NA, 1, 6, 2, NA
bm4200, 0, 3, K, 0.89, K, NA, 1, 7, 2, NA
bm4200, 0, 2, L, 0.89, L, NA, 1, 8, 2, NA
bm4200, 0, 2, D, 0.84, D, NA, 1, 9, 2, NA
bm4200, 0, 3, F, 0.8, J, NA, 0, 10, 2, NA
bm4200, 0, 4, A, 0.8, H, NA, 0, 11, 2, NA
bm4200, 0, 4, L, 0.82, L, NA, 1, 12, 2, NA
bm4200, 0, 3, H, 0.88, H, NA, 1, 13, 2, NA
bm4200, 0, 3, A, 0.83, A, NA, 1, 14, 2, NA
bm4200, 0, 2, J, 0.92, J, NA, 1, 15, 2, NA
bm4200, 0, 3, K, 0.99, H, NA, 0, 16, 2, NA
bm4200, 0, 3, F, 0.93, F, NA, 1, 17, 2, NA
bm4200, 0, 2, J, 0.85, J, NA, 1, 18, 2, NA
bm4200, 0, 2, D, 0.88, D, NA, 1, 19, 2, NA
bm4200, 0, 3, S, 0.97, G, NA, 0, 20, 2, NA
bm4200, 0, 3, G, 0.86, G, NA, 1, 21, 2, NA
bm4200, 0, 2, D, 0.86, D, NA, 1, 22, 2, NA
bm4200, 0, 2, G, 0.95, G, NA, 1, 23, 2, NA
bm4200, 0, 1, D, 0.79, D, NA, 1, 24, 2, NA
bm4200, 0, 2, D, 0.79, H, NA, 0, 25, 2, NA
bm4200, 0, 2, G, 0.84, G, NA, 1, 26, 2, NA
bm4200, 0, 1, D, 0.89, D, NA, 1, 27, 2, NA
bm4200, 0, 2, J, 1.12, G, NA, 0, 28, 2, NA
bm4200, 0, 3, L, 0.89, H, NA, 0, 29, 2, NA
bm4200, 0, 3, K, 0.92, K, NA, 1, 30, 2, NA
bm4200, 0, 2, H, 0.79, H, NA, 1, 31, 2, NA
bm4200, 0, 2, G, 0.85, G, NA, 1, 32, 2, NA
bm4200, 0, 1, D, 1.23, D, NA, 1, 33, 2, NA
bm4200, 0, 2, D, 0.92, H, NA, 0, 34, 2, NA
bm4200, 0, 2, L, 0.99, L, NA, 1, 35, 2, NA
bm4200, 0, 3, J, 1.12, G, NA, 0, 36, 2, NA
bm4200, 0, 3, D, 1.16, D, NA, 1, 37, 2, NA
bm4200, 0, 2, G, 0.79, G, NA, 1, 38, 2, NA
bm4200, 0, 2, D, 1.48, D, NA, 1, 39, 2, NA
bm4200, 0, 3, A, 0.98, D, NA, 0, 40, 2, NA
bm4200, 0, 3, G, 0.97, G, NA, 1, 41, 2, NA
bm4200, 0, 2, K, 0.86, K, NA, 1, 42, 2, NA
bm4200, 0, 3, K, 0.83, G, NA, 0, 43, 2, NA
bm4200, 0, 3, A, 0.97, A, NA, 1, 44, 2, NA
bm4200, 0, 2, L, 0.89, L, NA, 1, 45, 2, NA
bm4200, 0, 3, K, 0.88, G, NA, 0, 46, 2, NA
bm4200, 0, 3, G, 0.8, G, NA, 1, 47, 2, NA
bm4200, 0, 2, K, 0.84, K, NA, 1, 48, 2, NA
bm4200, 0, 2, S, 1.01, S, NA, 1, 49, 2, NA
bm4200, 0, 1, F, 0.9, F, NA, 1, 50, 2, NA
bm4200, 2, 1, 1, 1.25, 1, 0, 1, 1, 2, 0
bm4200, 2, 1, 1, 2.28, 0, 0, 0, 2, 2, 0
bm4200, 2, 0, 1, 0.85, 1, 0, 1, 3, 2, 0
bm4200, 2, 1, 1, 1.83, 1, 0, 1, 4, 2, 0
bm4200, 2, 0, 0, 0.88, 0, 0, 1, 5, 2, 0
bm4200, 2, 0, 1, 0.62, 1, 0, 1, 6, 2, 0
bm4200, 2, 0, 1, 0.62, 1, 0, 1, 7, 2, 0
bm4200, 2, 0, 1, 0.82, 1, 0, 1, 8, 2, 0
bm4200, 2, 1, 1, 1.22, 1, 0, 1, 9, 2, 0
bm4200, 2, 0, 1, 0.66, 1, 0, 1, 10, 2, 0
bm4200, 2, 1, 0, 1.87, 0, 0, 1, 11, 2, 0
bm4200, 2, 0, 1, 0.7, 1, 0, 1, 12, 2, 0
bm4200, 2, 0, 0, 1.07, 0, 0, 1, 13, 2, 0
bm4200, 2, 1, 1, 0.92, 1, 0, 1, 14, 2, 0
bm4200, 2, 0, 0, 0.94, 0, 0, 1, 15, 2, 0
bm4200, 2, 1, 1, 0.93, 1, 0, 1, 16, 2, 0
bm4200, 2, 1, 0, 1.8, 0, 0, 1, 17, 2, 0
bm4200, 2, 1, 0, 2.0, 0, 0, 1, 18, 2, 0
bm4200, 2, 0, 1, 0.77, 1, 0, 1, 19, 2, 0
bm4200, 2, 0, 0, 1.09, 0, 0, 1, 20, 2, 0
bm4200, 2, 1, 1, 0.94, 1, 0, 1, 21, 2, 0
bm4200, 2, 0, 0, 0.8, 0, 0, 1, 22, 2, 0
bm4200, 2, 0, 0, 0.98, 0, 0, 1, 23, 2, 0
bm4200, 2, 0, 0, 0.62, 0, 0, 1, 24, 2, 0
bm4200, 2, 1, 0, 2.01, 0, 0, 1, 25, 2, 0
bm4200, 2, 0, 0, 0.7, 0, 0, 1, 26, 2, 0
bm4200, 2, 0, 0, 0.47, 0, 0, 1, 27, 2, 0
bm4200, 2, 1, 1, 1.12, 1, 0, 1, 28, 2, 0
bm4200, 2, 1, 1, 1.42, 1, 0, 1, 29, 2, 0
bm4200, 2, 1, 0, 2.5, 0, 0, 1, 30, 2, 0
bm4200, 2, 1, 0, 1.81, 0, 0, 1, 31, 2, 0
bm4200, 2, 1, 0, 1.98, 0, 0, 1, 32, 2, 0
bm4200, 3, 0, 1, 0.4097, 1, 0, 1, 1, 2, 0
bm4200, 3, 1, 1, 0.7156, 1, 0, 1, 2, 2, 0
bm4200, 3, 0, 1, 0.5132, 1, 0, 1, 3, 2, 0
bm4200, 3, 0, 1, 0.399, 1, 0, 1, 4, 2, 0
bm4200, 3, 0, 0, 0.5135, 0, 0, 1, 5, 2, 0
bm4200, 3, 1, 0, 0.8794, 0, 0, 1, 6, 2, 0
bm4200, 3, 0, 0, 0.702, 0, 0, 1, 7, 2, 0
bm4200, 3, 0, 0, 0.6442, 0, 0, 1, 8, 2, 0
bm4200, 3, 1, 1, 0.8126, 1, 0, 1, 9, 2, 0
bm4200, 3, 1, 0, 0.574, 0, 0, 1, 10, 2, 0
bm4200, 3, 0, 1, 0.4257, 1, 0, 1, 11, 2, 0
bm4200, 3, 0, 0, 0.507, 0, 0, 1, 12, 2, 0
bm4200, 3, 0, 1, 0.3767, 1, 0, 1, 13, 2, 0
bm4200, 3, 0, 0, 0.6041, 0, 0, 1, 14, 2, 0
bm4200, 3, 1, 0, 0.6457, 0, 0, 1, 15, 2, 0
bm4200, 3, 1, 0, 0.4939, 0, 0, 1, 16, 2, 0
bm4200, 3, 0, 0, 0.5083, 0, 0, 1, 17, 2, 0
bm4200, 3, 0, 1, 0.3461, 1, 0, 1, 18, 2, 0
bm4200, 3, 0, 1, 0.574, 0, 0, 0, 19, 2, 0
bm4200, 3, 0, 1, 0.6371, 1, 0, 1, 20, 2, 0
bm4200, 3, 1, 0, 0.6133, 0, 0, 1, 21, 2, 0
bm4200, 3, 1, 0, 0.5912, 0, 0, 1, 22, 2, 0
bm4200, 3, 1, 1, 0.8094, 1, 0, 1, 23, 2, 0
bm4200, 3, 1, 1, 0.8749, 1, 0, 1, 24, 2, 0
bm4200, 3, 1, 0, 0.5856, 0, 0, 1, 25, 2, 0
bm4200, 3, 1, 1, 0.6767, 1, 0, 1, 26, 2, 0
bm4200, 3, 1, 0, 0.5715, 0, 0, 1, 27, 2, 0
bm4200, 3, 1, 1, 0.9027, 1, 0, 1, 28, 2, 0
bm4200, 3, 0, 0, 0.5327, 0, 0, 1, 29, 2, 0
bm4200, 3, 0, 0, 0.6258, 0, 0, 1, 30, 2, 0
bm4200, 3, 1, 1, 0.9067, 1, 0, 1, 31, 2, 0
bm4200, 3, 1, 1, 0.5682, 1, 0, 1, 32, 2, 0
bm4200, 1, 1, 1, 2.3364, 1, 0, 1, 1, 2, 0
bm4200, 1, -1, 0, 2.1364, 0, 0, 1, 2, 2, 0
bm4200, 1, -1, 1, 3.2892, 1, 0, 1, 3, 2, 0
bm4200, 1, 0, 0, 1.4196, 0, 0, 1, 4, 2, 0
bm4200, 1, -1, 1, 2.665, 1, 0, 1, 5, 2, 0
bm4200, 1, 1, 0, 1.668, 0, 0, 1, 6, 2, 0
bm4200, 1, 1, 1, 1.5434, 1, 0, 1, 7, 2, 0
bm4200, 1, 0, 0, 1.0093, 0, 0, 1, 8, 2, 0
bm4200, 1, -1, 1, 1.8239, 1, 0, 1, 9, 2, 0
bm4200, 1, 0, 0, 0.7186, 1, 0, 0, 10, 2, 0
bm4200, 1, 0, 1, 0.8942, 1, 0, 1, 11, 2, 0
bm4200, 1, 1, 1, 2.4329, 1, 0, 1, 12, 2, 0
bm4200, 1, 1, 0, 3.0461, 0, 0, 1, 13, 2, 0
bm4200, 1, 0, 1, 0.8668, 1, 0, 1, 14, 2, 0
bm4200, 1, 0, 0, 0.8568, 0, 0, 1, 15, 2, 0
bm4200, 1, 1, 0, 2.3017, 0, 0, 1, 16, 2, 0
bm4200, 1, 0, 1, 1.1291, 1, 0, 1, 17, 2, 0
bm4200, 1, 1, 1, 2.6109, 1, 0, 1, 18, 2, 0
bm4200, 1, 0, 0, 0.8172, 0, 0, 1, 19, 2, 0
bm4200, 1, 1, 0, 3.464, 0, 0, 1, 20, 2, 0
bm4200, 1, 0, 0, 0.8994, 0, 0, 1, 21, 2, 0
bm4200, 1, -1, 0, 2.6468, 0, 0, 1, 22, 2, 0
bm4200, 1, 0, 0, 0.7721, 0, 0, 1, 23, 2, 0
bm4200, 1, 0, 1, 0.7495, 1, 0, 1, 24, 2, 0
bm4200, 1, 1, 0, 2.6783, 0, 0, 1, 25, 2, 0
bm4200, 1, -1, 1, 2.1293, 1, 0, 1, 26, 2, 0
bm4200, 1, -1, 1, 2.6748, 1, 0, 1, 27, 2, 0
bm4200, 1, -1, 0, 1.6938, 0, 0, 1, 28, 2, 0
bm4200, 1, -1, 1, 1.457, 1, 0, 1, 29, 2, 0
bm4200, 1, 0, 1, 2.2232, 0, 0, 0, 30, 2, 0
bm4200, 1, -1, 0, 1.6801, 0, 0, 1, 31, 2, 0
bm4200, 1, -1, 1, 1.4913, 1, 0, 1, 32, 2, 0
