sub, task, cond1, cond2, rt, inputResp, training, accuracy, trial, block, 2fast
bm4231, 0, 8, G, 1.27, G, NA, 1, 1, 1, NA
bm4231, 0, 8, F, 1.18, F, NA, 1, 2, 1, NA
bm4231, 0, 8, J, 0.85, J, NA, 1, 3, 1, NA
bm4231, 0, 8, H, 0.97, H, NA, 1, 4, 1, NA
bm4231, 0, 8, G, 1.2, G, NA, 1, 5, 1, NA
bm4231, 0, 7, D, 1.0, D, NA, 1, 6, 1, NA
bm4231, 0, 7, H, 1.26, H, NA, 1, 7, 1, NA
bm4231, 0, 6, L, 1.04, L, NA, 1, 8, 1, NA
bm4231, 0, 6, L, 0.9, L, NA, 1, 9, 1, NA
bm4231, 0, 5, A, 1.03, A, NA, 1, 10, 1, NA
bm4231, 0, 5, F, 1.08, F, NA, 1, 11, 1, NA
bm4231, 0, 4, K, 1.0, K, NA, 1, 12, 1, NA
bm4231, 0, 4, G, 1.0, G, NA, 1, 13, 1, NA
bm4231, 0, 5, L, 1.3, G, NA, 0, 14, 1, NA
bm4231, 0, 5, D, 0.96, D, NA, 1, 15, 1, NA
bm4231, 0, 4, A, 0.95, A, NA, 1, 16, 1, NA
bm4231, 0, 4, K, 1.85, K, NA, 1, 17, 1, NA
bm4231, 0, 3, S, 0.63, S, NA, 1, 18, 1, NA
bm4231, 0, 3, D, 1.08, D, NA, 1, 19, 1, NA
bm4231, 0, 2, S, 1.48, S, NA, 1, 20, 1, NA
bm4231, 0, 2, G, 1.88, G, NA, 1, 21, 1, NA
bm4231, 0, 3, F, 1.92, D, NA, 0, 22, 1, NA
bm4231, 0, 4, D, 1.46, G, NA, 0, 23, 1, NA
bm4231, 0, 4, S, 1.01, S, NA, 1, 24, 1, NA
bm4231, 0, 3, G, 1.05, G, NA, 1, 25, 1, NA
bm4231, 0, 3, A, 1.43, A, NA, 1, 26, 1, NA
bm4231, 0, 4, D, 1.06, J, NA, 0, 27, 1, NA
bm4231, 0, 5, J, 1.51, G, NA, 0, 28, 1, NA
bm4231, 0, 5, G, 1.07, G, NA, 1, 29, 1, NA
bm4231, 0, 4, F, 1.07, F, NA, 1, 30, 1, NA
bm4231, 0, 5, K, 1.6, G, NA, 0, 31, 1, NA
bm4231, 0, 5, K, 1.26, K, NA, 1, 32, 1, NA
bm4231, 0, 4, F, 1.06, F, NA, 1, 33, 1, NA
bm4231, 0, 5, H, 1.22, D, NA, 0, 34, 1, NA
bm4231, 0, 5, D, 0.96, D, NA, 1, 35, 1, NA
bm4231, 0, 4, D, 1.06, D, NA, 1, 36, 1, NA
bm4231, 0, 4, J, 1.69, J, NA, 1, 37, 1, NA
bm4231, 0, 3, S, 1.15, S, NA, 1, 38, 1, NA
bm4231, 0, 4, K, 1.18, S, NA, 0, 39, 1, NA
bm4231, 0, 4, S, 1.19, S, NA, 1, 40, 1, NA
bm4231, 0, 5, H, 1.52, G, NA, 0, 41, 1, NA
bm4231, 0, 5, D, 1.18, D, NA, 1, 42, 1, NA
bm4231, 0, 4, D, 1.29, D, NA, 1, 43, 1, NA
bm4231, 0, 4, S, 1.09, S, NA, 1, 44, 1, NA
bm4231, 0, 5, K, 1.12, F, NA, 0, 45, 1, NA
bm4231, 0, 5, F, 1.18, F, NA, 1, 46, 1, NA
bm4231, 0, 4, J, 1.16, J, NA, 1, 47, 1, NA
bm4231, 0, 4, H, 0.61, H, NA, 1, 48, 1, NA
bm4231, 0, 5, H, 1.29, D, NA, 0, 49, 1, NA
bm4231, 0, 5, H, 1.01, H, NA, 1, 50, 1, NA
bm4231, 2, 1, 0, 2.7, 0, 1, 1, 1, 1, 0
bm4231, 2, 1, 1, 1.43, 1, 1, 1, 2, 1, 0
bm4231, 2, 1, 0, 0.92, 0, 1, 1, 3, 1, 0
bm4231, 2, 1, 1, 0.81, 1, 1, 1, 4, 1, 0
bm4231, 2, 0, 0, 0.88, 0, 1, 1, 5, 1, 0
bm4231, 2, 0, 1, 0.65, 1, 1, 1, 6, 1, 0
bm4231, 2, 0, 0, 0.92, 0, 1, 1, 7, 1, 0
bm4231, 2, 0, 1, 0.89, 1, 1, 1, 8, 1, 0
bm4231, 2, 0, 1, 0.85, 1, 1, 1, 9, 1, 0
bm4231, 2, 1, 0, 1.08, 0, 1, 1, 10, 1, 0
bm4231, 2, 1, 0, 0.9, 1, 0, 0, 1, 1, 0
bm4231, 2, 0, 0, 1.7, 0, 0, 1, 2, 1, 0
bm4231, 2, 1, 1, 1.43, 1, 0, 1, 3, 1, 0
bm4231, 2, 0, 0, 0.8, 0, 0, 1, 4, 1, 0
bm4231, 2, 1, 1, 0.93, 1, 0, 1, 5, 1, 0
bm4231, 2, 0, 1, 0.78, 1, 0, 1, 6, 1, 0
bm4231, 2, 1, 0, 0.96, 0, 0, 1, 7, 1, 0
bm4231, 2, 0, 0, 0.88, 0, 0, 1, 8, 1, 0
bm4231, 2, 0, 1, 0.85, 1, 0, 1, 9, 1, 0
bm4231, 2, 0, 1, 0.9, 1, 0, 1, 10, 1, 0
bm4231, 2, 0, 1, 0.96, 1, 0, 1, 11, 1, 0
bm4231, 2, 1, 1, 0.99, 0, 0, 0, 12, 1, 0
bm4231, 2, 1, 1, 0.99, 1, 0, 1, 13, 1, 0
bm4231, 2, 0, 0, 1.03, 0, 0, 1, 14, 1, 0
bm4231, 2, 0, 0, 1.63, 0, 0, 1, 15, 1, 0
bm4231, 2, 0, 0, 1.11, 0, 0, 1, 16, 1, 0
bm4231, 2, 1, 0, 2.67, 0, 0, 1, 17, 1, 0
bm4231, 2, 1, 1, 1.12, 1, 0, 1, 18, 1, 0
bm4231, 2, 1, 1, 2.23, 1, 0, 1, 19, 1, 0
bm4231, 2, 0, 1, 1.04, 1, 0, 1, 20, 1, 0
bm4231, 2, 1, 1, 0.76, 1, 0, 1, 21, 1, 0
bm4231, 2, 1, 0, 1.96, 0, 0, 1, 22, 1, 0
bm4231, 2, 1, 1, 1.61, 1, 0, 1, 23, 1, 0
bm4231, 2, 1, 0, 1.73, 0, 0, 1, 24, 1, 0
bm4231, 2, 0, 1, 0.92, 1, 0, 1, 25, 1, 0
bm4231, 2, 0, 0, 1.98, 0, 0, 1, 26, 1, 0
bm4231, 2, 1, 0, 1.63, 0, 0, 1, 27, 1, 0
bm4231, 2, 0, 1, 0.89, 1, 0, 1, 28, 1, 0
bm4231, 2, 0, 0, 2.57, 0, 0, 1, 29, 1, 0
bm4231, 2, 1, 1, 1.27, 1, 0, 1, 30, 1, 0
bm4231, 2, 1, 0, 1.41, 0, 0, 1, 31, 1, 0
bm4231, 2, 0, 0, 0.85, 0, 0, 1, 32, 1, 0
bm4231, 3, 1, 0, 2.2546, 0, 1, 1, 1, 1, 0
bm4231, 3, 0, 0, 1.8918, 0, 1, 1, 2, 1, 0
bm4231, 3, 1, 0, 1.0641, 0, 1, 1, 3, 1, 0
bm4231, 3, 0, 1, 1.5667, 1, 1, 1, 4, 1, 0
bm4231, 3, 1, 1, 1.6487, 1, 1, 1, 5, 1, 0
bm4231, 3, 0, 1, 1.2793, 1, 1, 1, 6, 1, 0
bm4231, 3, 0, 0, 1.6289, 0, 1, 1, 7, 1, 0
bm4231, 3, 1, 0, 2.1243, 0, 1, 1, 8, 1, 0
bm4231, 3, 1, 1, 1.879, 0, 1, 0, 9, 1, 0
bm4231, 3, 0, 1, 1.6802, 1, 1, 1, 10, 1, 0
bm4231, 3, 1, 0, 1.6539, 0, 0, 1, 1, 1, 0
bm4231, 3, 0, 1, 0.9647, 1, 0, 1, 2, 1, 0
bm4231, 3, 1, 1, 2.1592, 0, 0, 0, 3, 1, 0
bm4231, 3, 0, 0, 1.2448, 0, 0, 1, 4, 1, 0
bm4231, 3, 0, 0, 1.0358, 0, 0, 1, 5, 1, 0
bm4231, 3, 0, 0, 0.9317, 0, 0, 1, 6, 1, 0
bm4231, 3, 1, 0, 1.3596, 0, 0, 1, 7, 1, 0
bm4231, 3, 0, 0, 0.8739, 0, 0, 1, 8, 1, 0
bm4231, 3, 1, 1, 0.7767, 0, 0, 0, 9, 1, 0
bm4231, 3, 1, 1, 0.847, 1, 0, 1, 10, 1, 0
bm4231, 3, 1, 0, 1.0863, 0, 0, 1, 11, 1, 0
bm4231, 3, 0, 0, 2.164, 0, 0, 1, 12, 1, 0
bm4231, 3, 0, 1, 0.8769, 1, 0, 1, 13, 1, 0
bm4231, 3, 0, 1, 2.4756, 1, 0, 1, 14, 1, 0
bm4231, 3, 0, 1, 0.9687, 1, 0, 1, 15, 1, 0
bm4231, 3, 1, 1, 1.2841, 0, 0, 0, 16, 1, 0
bm4231, 3, 0, 1, 2.2618, 1, 0, 1, 17, 1, 0
bm4231, 3, 1, 1, 0.9878, 0, 0, 0, 18, 1, 0
bm4231, 3, 0, 0, 1.1139, 0, 0, 1, 19, 1, 0
bm4231, 3, 0, 0, 1.4543, 0, 0, 1, 20, 1, 0
bm4231, 3, 0, 0, 1.6052, 0, 0, 1, 21, 1, 0
bm4231, 3, 1, 1, 1.1897, 1, 0, 1, 22, 1, 0
bm4231, 3, 1, 0, 1.3996, 0, 0, 1, 23, 1, 0
bm4231, 3, 1, 1, 1.1844, 1, 0, 1, 24, 1, 0
bm4231, 3, 0, 0, 1.3301, 0, 0, 1, 25, 1, 0
bm4231, 3, 1, 0, 1.3425, 0, 0, 1, 26, 1, 0
bm4231, 3, 1, 1, 1.2261, 1, 0, 1, 27, 1, 0
bm4231, 3, 1, 0, 1.4024, 0, 0, 1, 28, 1, 0
bm4231, 3, 0, 1, 4.1313, 1, 0, 1, 29, 1, 0
bm4231, 3, 0, 1, 1.036, 1, 0, 1, 30, 1, 0
bm4231, 3, 1, 0, 0.8839, 0, 0, 1, 31, 1, 0
bm4231, 3, 1, 1, 1.1542, 1, 0, 1, 32, 1, 0
bm4231, 1, 1, 1, 4.088, 1, 1, 1, 1, 1, 0
bm4231, 1, -1, 0, 17.7273, 1, 1, 0, 2, 1, 0
bm4231, 1, 0, 1, 3.2443, 1, 1, 1, 3, 1, 0
bm4231, 1, -1, 1, 4.5663, 1, 1, 1, 4, 1, 0
bm4231, 1, 1, 1, 5.4663, 1, 1, 1, 5, 1, 0
bm4231, 1, 1, 0, 5.7208, 0, 1, 1, 6, 1, 0
bm4231, 1, 0, 0, 4.7504, 0, 1, 1, 7, 1, 0
bm4231, 1, 0, 0, 2.4591, 0, 1, 1, 8, 1, 0
bm4231, 1, 1, 1, 4.4838, 1, 1, 1, 9, 1, 0
bm4231, 1, 1, 0, 6.0739, 0, 1, 1, 10, 1, 0
bm4231, 1, 1, 0, 3.0955, 0, 0, 1, 1, 1, 0
bm4231, 1, 0, 0, 1.2883, 0, 0, 1, 2, 1, 0
bm4231, 1, -1, 0, 5.7145, 0, 0, 1, 3, 1, 0
bm4231, 1, 1, 1, 3.2715, 1, 0, 1, 4, 1, 0
bm4231, 1, 0, 1, 1.4573, 1, 0, 1, 5, 1, 0
bm4231, 1, 1, 1, 2.2127, 1, 0, 1, 6, 1, 0
bm4231, 1, 1, 0, 3.945, 0, 0, 1, 7, 1, 0
bm4231, 1, 0, 1, 2.0549, 1, 0, 1, 8, 1, 0
bm4231, 1, 0, 0, 1.5551, 0, 0, 1, 9, 1, 0
bm4231, 1, 1, 0, 3.0733, 0, 0, 1, 10, 1, 0
bm4231, 1, 1, 1, 1.7461, 1, 0, 1, 11, 1, 0
bm4231, 1, -1, 0, 14.2176, 0, 0, 1, 12, 1, 0
bm4231, 1, 1, 0, 3.1861, 0, 0, 1, 13, 1, 0
bm4231, 1, 1, 1, 1.6141, 1, 0, 1, 14, 1, 0
bm4231, 1, -1, 1, 5.4193, 1, 0, 1, 15, 1, 0
bm4231, 1, 0, 1, 1.6772, 1, 0, 1, 16, 1, 0
bm4231, 1, 0, 0, 1.6247, 0, 0, 1, 17, 1, 0
bm4231, 1, -1, 0, 2.5644, 1, 0, 0, 18, 1, 0
bm4231, 1, 1, 0, 3.4533, 0, 0, 1, 19, 1, 0
bm4231, 1, 0, 1, 1.1038, 1, 0, 1, 20, 1, 0
bm4231, 1, 0, 1, 0.8659, 1, 0, 1, 21, 1, 0
bm4231, 1, -1, 1, 3.2262, 1, 0, 1, 22, 1, 0
bm4231, 1, 0, 0, 1.3336, 0, 0, 1, 23, 1, 0
bm4231, 1, -1, 1, 2.5736, 1, 0, 1, 24, 1, 0
bm4231, 1, -1, 0, 3.1063, 1, 0, 0, 25, 1, 0
bm4231, 1, -1, 1, 2.3412, 1, 0, 1, 26, 1, 0
bm4231, 1, -1, 1, 2.0036, 1, 0, 1, 27, 1, 0
bm4231, 1, 1, 0, 8.0954, 0, 0, 1, 28, 1, 0
bm4231, 1, 1, 0, 2.2098, 0, 0, 1, 29, 1, 0
bm4231, 1, 0, 0, 1.3663, 0, 0, 1, 30, 1, 0
bm4231, 1, -1, 1, 2.029, 1, 0, 1, 31, 1, 0
bm4231, 1, 0, 1, 1.4815, 1, 0, 1, 32, 1, 0
bm4231, 0, 4, L, 1.46, L, NA, 1, 1, 2, NA
bm4231, 0, 4, D, 1.06, D, NA, 1, 2, 2, NA
bm4231, 0, 4, A, 1.0, A, NA, 1, 3, 2, NA
bm4231, 0, 4, H, 0.97, H, NA, 1, 4, 2, NA
bm4231, 0, 4, H, 1.16, H, NA, 1, 5, 2, NA
bm4231, 0, 5, L, 0.92, D, NA, 0, 6, 2, NA
bm4231, 0, 5, J, 1.09, J, NA, 1, 7, 2, NA
bm4231, 0, 4, J, 1.01, J, NA, 1, 8, 2, NA
bm4231, 0, 4, G, 1.11, G, NA, 1, 9, 2, NA
bm4231, 0, 5, K, 1.01, J, NA, 0, 10, 2, NA
bm4231, 0, 5, D, 0.95, D, NA, 1, 11, 2, NA
bm4231, 0, 4, K, 1.26, K, NA, 1, 12, 2, NA
bm4231, 0, 4, H, 1.62, H, NA, 1, 13, 2, NA
bm4231, 0, 3, D, 0.57, D, NA, 1, 14, 2, NA
bm4231, 0, 4, L, 1.01, G, NA, 0, 15, 2, NA
bm4231, 0, 4, F, 0.98, F, NA, 1, 16, 2, NA
bm4231, 0, 5, L, 1.0, S, NA, 0, 17, 2, NA
bm4231, 0, 5, J, 1.14, J, NA, 1, 18, 2, NA
bm4231, 0, 4, D, 1.07, D, NA, 1, 19, 2, NA
bm4231, 0, 5, L, 1.15, D, NA, 0, 20, 2, NA
bm4231, 0, 5, H, 0.9, H, NA, 1, 21, 2, NA
bm4231, 0, 4, S, 0.95, S, NA, 1, 22, 2, NA
bm4231, 0, 5, L, 1.1, K, NA, 0, 23, 2, NA
bm4231, 0, 5, A, 0.87, A, NA, 1, 24, 2, NA
bm4231, 0, 4, F, 0.91, F, NA, 1, 25, 2, NA
bm4231, 0, 4, K, 0.99, K, NA, 1, 26, 2, NA
bm4231, 0, 5, G, 1.16, D, NA, 0, 27, 2, NA
bm4231, 0, 5, L, 1.11, L, NA, 1, 28, 2, NA
bm4231, 0, 4, K, 0.97, K, NA, 1, 29, 2, NA
bm4231, 0, 4, A, 0.97, A, NA, 1, 30, 2, NA
bm4231, 0, 3, D, 1.04, D, NA, 1, 31, 2, NA
bm4231, 0, 3, G, 1.07, G, NA, 1, 32, 2, NA
bm4231, 0, 4, F, 1.12, D, NA, 0, 33, 2, NA
bm4231, 0, 4, F, 1.07, F, NA, 1, 34, 2, NA
bm4231, 0, 3, G, 1.12, G, NA, 1, 35, 2, NA
bm4231, 0, 3, F, 1.37, F, NA, 1, 36, 2, NA
bm4231, 0, 4, G, 1.12, H, NA, 0, 37, 2, NA
bm4231, 0, 4, J, 1.33, J, NA, 1, 38, 2, NA
bm4231, 0, 3, K, 1.04, K, NA, 1, 39, 2, NA
bm4231, 0, 3, S, 1.07, S, NA, 1, 40, 2, NA
bm4231, 0, 2, G, 0.97, G, NA, 1, 41, 2, NA
bm4231, 0, 2, H, 1.79, H, NA, 1, 42, 2, NA
bm4231, 0, 3, H, 0.9, F, NA, 0, 43, 2, NA
bm4231, 0, 4, L, 1.26, S, NA, 0, 44, 2, NA
bm4231, 0, 5, L, 1.24, F, NA, 0, 45, 2, NA
bm4231, 0, 5, D, 1.01, D, NA, 1, 46, 2, NA
bm4231, 0, 4, D, 1.02, D, NA, 1, 47, 2, NA
bm4231, 0, 5, D, 1.21, K, NA, 0, 48, 2, NA
bm4231, 0, 5, S, 1.05, S, NA, 1, 49, 2, NA
bm4231, 0, 4, A, 0.92, A, NA, 1, 50, 2, NA
bm4231, 2, 0, 1, 1.79, 1, 0, 1, 1, 2, 0
bm4231, 2, 1, 1, 1.12, 1, 0, 1, 2, 2, 0
bm4231, 2, 0, 0, 1.16, 0, 0, 1, 3, 2, 0
bm4231, 2, 0, 1, 0.77, 1, 0, 1, 4, 2, 0
bm4231, 2, 1, 0, 1.33, 0, 0, 1, 5, 2, 0
bm4231, 2, 0, 1, 0.67, 1, 0, 1, 6, 2, 0
bm4231, 2, 0, 0, 1.18, 0, 0, 1, 7, 2, 0
bm4231, 2, 0, 1, 0.73, 1, 0, 1, 8, 2, 0
bm4231, 2, 1, 1, 0.85, 1, 0, 1, 9, 2, 0
bm4231, 2, 0, 0, 0.71, 0, 0, 1, 10, 2, 0
bm4231, 2, 0, 0, 0.81, 0, 0, 1, 11, 2, 0
bm4231, 2, 0, 1, 0.93, 1, 0, 1, 12, 2, 0
bm4231, 2, 1, 0, 1.2, 0, 0, 1, 13, 2, 0
bm4231, 2, 1, 1, 0.82, 1, 0, 1, 14, 2, 0
bm4231, 2, 0, 0, 1.08, 0, 0, 1, 15, 2, 0
bm4231, 2, 0, 0, 1.17, 0, 0, 1, 16, 2, 0
bm4231, 2, 1, 1, 0.88, 1, 0, 1, 17, 2, 0
bm4231, 2, 0, 1, 1.01, 1, 0, 1, 18, 2, 0
bm4231, 2, 1, 1, 1.02, 1, 0, 1, 19, 2, 0
bm4231, 2, 1, 0, 1.35, 0, 0, 1, 20, 2, 0
bm4231, 2, 1, 0, 1.6, 0, 0, 1, 21, 2, 0
bm4231, 2, 0, 0, 1.41, 0, 0, 1, 22, 2, 0
bm4231, 2, 1, 1, 1.34, 1, 0, 1, 23, 2, 0
bm4231, 2, 1, 0, 1.24, 0, 0, 1, 24, 2, 0
bm4231, 2, 1, 1, 0.78, 1, 0, 1, 25, 2, 0
bm4231, 2, 0, 0, 2.11, 1, 0, 0, 26, 2, 0
bm4231, 2, 1, 0, 1.14, 1, 0, 0, 27, 2, 0
bm4231, 2, 0, 1, 1.53, 1, 0, 1, 28, 2, 0
bm4231, 2, 1, 1, 0.85, 1, 0, 1, 29, 2, 0
bm4231, 2, 1, 1, 0.98, 1, 0, 1, 30, 2, 0
bm4231, 2, 0, 0, 0.69, 0, 0, 1, 31, 2, 0
bm4231, 2, 1, 0, 0.98, 0, 0, 1, 32, 2, 0
bm4231, 3, 1, 0, 1.6394, 0, 0, 1, 1, 2, 0
bm4231, 3, 0, 0, 1.4308, 0, 0, 1, 2, 2, 0
bm4231, 3, 1, 1, 0.655, 1, 0, 1, 3, 2, 0
bm4231, 3, 0, 1, 1.0634, 1, 0, 1, 4, 2, 0
bm4231, 3, 0, 0, 0.7024, 1, 0, 0, 5, 2, 0
bm4231, 3, 1, 1, 2.7763, 1, 0, 1, 6, 2, 0
bm4231, 3, 1, 0, 1.3857, 0, 0, 1, 7, 2, 0
bm4231, 3, 1, 0, 1.2352, 0, 0, 1, 8, 2, 0
bm4231, 3, 0, 0, 0.8356, 1, 0, 0, 9, 2, 0
bm4231, 3, 1, 1, 1.4965, 1, 0, 1, 10, 2, 0
bm4231, 3, 0, 1, 1.054, 1, 0, 1, 11, 2, 0
bm4231, 3, 0, 0, 1.0938, 0, 0, 1, 12, 2, 0
bm4231, 3, 1, 1, 2.2357, 1, 0, 1, 13, 2, 0
bm4231, 3, 1, 1, 2.1632, 1, 0, 1, 14, 2, 0
bm4231, 3, 0, 0, 0.6854, 0, 0, 1, 15, 2, 0
bm4231, 3, 1, 0, 1.0761, 1, 0, 0, 16, 2, 0
bm4231, 3, 0, 1, 0.9587, 1, 0, 1, 17, 2, 0
bm4231, 3, 0, 0, 0.7948, 0, 0, 1, 18, 2, 0
bm4231, 3, 1, 1, 2.1249, 1, 0, 1, 19, 2, 0
bm4231, 3, 1, 0, 0.8084, 0, 0, 1, 20, 2, 0
bm4231, 3, 0, 1, 1.0665, 1, 0, 1, 21, 2, 0
bm4231, 3, 0, 0, 0.7537, 0, 0, 1, 22, 2, 0
bm4231, 3, 0, 1, 0.8699, 1, 0, 1, 23, 2, 0
bm4231, 3, 1, 0, 1.0454, 0, 0, 1, 24, 2, 0
bm4231, 3, 0, 0, 1.5165, 0, 0, 1, 25, 2, 0
bm4231, 3, 0, 1, 0.7374, 1, 0, 1, 26, 2, 0
bm4231, 3, 1, 0, 1.1262, 0, 0, 1, 27, 2, 0
bm4231, 3, 1, 1, 1.0354, 1, 0, 1, 28, 2, 0
bm4231, 3, 1, 1, 0.6119, 1, 0, 1, 29, 2, 0
bm4231, 3, 1, 0, 0.7335, 0, 0, 1, 30, 2, 0
bm4231, 3, 0, 1, 0.7384, 1, 0, 1, 31, 2, 0
bm4231, 3, 0, 1, 0.7914, 1, 0, 1, 32, 2, 0
bm4231, 1, -1, 1, 2.1649, 1, 0, 1, 1, 2, 0
bm4231, 1, 0, 0, 2.6373, 0, 0, 1, 2, 2, 0
bm4231, 1, 0, 1, 1.5061, 1, 0, 1, 3, 2, 0
bm4231, 1, 0, 1, 1.5559, 1, 0, 1, 4, 2, 0
bm4231, 1, -1, 1, 3.5703, 1, 0, 1, 5, 2, 0
bm4231, 1, 1, 0, 3.5034, 0, 0, 1, 6, 2, 0
bm4231, 1, 1, 1, 2.751, 1, 0, 1, 7, 2, 0
bm4231, 1, 1, 1, 3.8856, 1, 0, 1, 8, 2, 0
bm4231, 1, -1, 0, 2.861, 1, 0, 0, 9, 2, 0
bm4231, 1, -1, 1, 1.4335, 1, 0, 1, 10, 2, 0
bm4231, 1, 0, 1, 1.2468, 1, 0, 1, 11, 2, 0
bm4231, 1, 1, 1, 2.33, 1, 0, 1, 12, 2, 0
bm4231, 1, -1, 0, 2.3937, 0, 0, 1, 13, 2, 0
bm4231, 1, 0, 0, 1.7679, 1, 0, 0, 14, 2, 0
bm4231, 1, 1, 0, -3.1361, 0, 0, 1, 15, 2, 1
bm4231, 1, 0, 1, 1.4487, 1, 0, 1, 16, 2, 0
bm4231, 1, 1, 0, 5.4838, 0, 0, 1, 17, 2, 0
bm4231, 1, 1, 1, 3.8817, 1, 0, 1, 18, 2, 0
bm4231, 1, 0, 0, 1.8345, 0, 0, 1, 19, 2, 0
bm4231, 1, -1, 1, 4.7978, 1, 0, 1, 20, 2, 0
bm4231, 1, -1, 0, 2.5044, 0, 0, 1, 21, 2, 0
bm4231, 1, -1, 1, 2.6245, 1, 0, 1, 22, 2, 0
bm4231, 1, -1, 0, 2.9631, 0, 0, 1, 23, 2, 0
bm4231, 1, 0, 0, 1.9294, 0, 0, 1, 24, 2, 0
bm4231, 1, 1, 0, 2.6328, 0, 0, 1, 25, 2, 0
bm4231, 1, 1, 1, 4.9555, 0, 0, 0, 26, 2, 0
bm4231, 1, 0, 1, 1.4592, 1, 0, 1, 27, 2, 0
bm4231, 1, 0, 0, 1.6869, 0, 0, 1, 28, 2, 0
bm4231, 1, 1, 0, 3.1359, 0, 0, 1, 29, 2, 0
bm4231, 1, 1, 1, 2.4788, 1, 0, 1, 30, 2, 0
bm4231, 1, 1, 0, 3.6402, 0, 0, 1, 31, 2, 0
bm4231, 1, -1, 0, 2.4019, 0, 0, 1, 32, 2, 0
