sub, task, cond1, cond2, rt, inputResp, training, accuracy, trial, block, 2fast
bm4286, 0, 8, G, 1.12, G, NA, 1, 1, 1, NA
bm4286, 0, 8, F, 1.25, F, NA, 1, 2, 1, NA
bm4286, 0, 8, S, 1.21, S, NA, 1, 3, 1, NA
bm4286, 0, 8, H, 1.09, H, NA, 1, 4, 1, NA
bm4286, 0, 8, F, 0.89, F, NA, 1, 5, 1, NA
bm4286, 0, 7, D, 0.8, D, NA, 1, 6, 1, NA
bm4286, 0, 7, G, 0.8, G, NA, 1, 7, 1, NA
bm4286, 0, 6, S, 1.15, S, NA, 1, 8, 1, NA
bm4286, 0, 6, K, 1.54, K, NA, 1, 9, 1, NA
bm4286, 0, 5, J, 0.9, J, NA, 1, 10, 1, NA
bm4286, 0, 5, D, 0.79, D, NA, 1, 11, 1, NA
bm4286, 0, 4, F, 0.9, F, NA, 1, 12, 1, NA
bm4286, 0, 4, S, 0.83, S, NA, 1, 13, 1, NA
bm4286, 0, 3, L, 1.16, L, NA, 1, 14, 1, NA
bm4286, 0, 4, H, 0.94, G, NA, 0, 15, 1, NA
bm4286, 0, 4, D, 0.76, D, NA, 1, 16, 1, NA
bm4286, 0, 3, S, 0.74, S, NA, 1, 17, 1, NA
bm4286, 0, 3, H, 0.8, H, NA, 1, 18, 1, NA
bm4286, 0, 2, F, 1.0, F, NA, 1, 19, 1, NA
bm4286, 0, 2, S, 0.73, S, NA, 1, 20, 1, NA
bm4286, 0, 1, G, 0.75, G, NA, 1, 21, 1, NA
bm4286, 0, 2, K, 1.37, F, NA, 0, 22, 1, NA
bm4286, 0, 2, H, 0.94, H, NA, 1, 23, 1, NA
bm4286, 0, 1, F, 1.01, F, NA, 1, 24, 1, NA
bm4286, 0, 2, D, 0.88, F, NA, 0, 25, 1, NA
bm4286, 0, 2, S, 0.81, S, NA, 1, 26, 1, NA
bm4286, 0, 1, D, 0.75, D, NA, 1, 27, 1, NA
bm4286, 0, 2, F, 0.98, G, NA, 0, 28, 1, NA
bm4286, 0, 2, F, 0.97, F, NA, 1, 29, 1, NA
bm4286, 0, 1, H, 1.07, H, NA, 1, 30, 1, NA
bm4286, 0, 2, J, 0.91, D, NA, 0, 31, 1, NA
bm4286, 0, 2, G, 0.84, G, NA, 1, 32, 1, NA
bm4286, 0, 1, S, 0.87, S, NA, 1, 33, 1, NA
bm4286, 0, 2, K, 1.85, G, NA, 0, 34, 1, NA
bm4286, 0, 3, L, 0.85, D, NA, 0, 35, 1, NA
bm4286, 0, 3, F, 0.78, F, NA, 1, 36, 1, NA
bm4286, 0, 2, A, 0.84, A, NA, 1, 37, 1, NA
bm4286, 0, 2, K, 1.32, K, NA, 1, 38, 1, NA
bm4286, 0, 1, F, 0.79, F, NA, 1, 39, 1, NA
bm4286, 0, 2, S, 0.88, A, NA, 0, 40, 1, NA
bm4286, 0, 3, F, 2.4, A, NA, 0, 41, 1, NA
bm4286, 0, 3, L, 0.92, L, NA, 1, 42, 1, NA
bm4286, 0, 2, J, 0.85, J, NA, 1, 43, 1, NA
bm4286, 0, 2, A, 0.82, A, NA, 1, 44, 1, NA
bm4286, 0, 3, H, 1.15, G, NA, 0, 45, 1, NA
bm4286, 0, 3, F, 0.8, F, NA, 1, 46, 1, NA
bm4286, 0, 4, F, 1.08, J, NA, 0, 47, 1, NA
bm4286, 0, 4, S, 0.83, S, NA, 1, 48, 1, NA
bm4286, 0, 3, S, 0.78, S, NA, 1, 49, 1, NA
bm4286, 0, 3, S, 0.52, S, NA, 1, 50, 1, NA
bm4286, 2, 0, 1, 2.11, 1, 1, 1, 1, 1, 0
bm4286, 2, 0, 0, 0.72, 0, 1, 1, 2, 1, 0
bm4286, 2, 1, 1, 1.56, 1, 1, 1, 3, 1, 0
bm4286, 2, 1, 1, 0.81, 1, 1, 1, 4, 1, 0
bm4286, 2, 1, 1, 1.21, 1, 1, 1, 5, 1, 0
bm4286, 2, 1, 1, 1.48, 1, 1, 1, 6, 1, 0
bm4286, 2, 0, 0, 0.78, 0, 1, 1, 7, 1, 0
bm4286, 2, 0, 0, 0.61, 0, 1, 1, 8, 1, 0
bm4286, 2, 0, 0, 0.54, 0, 1, 1, 9, 1, 0
bm4286, 2, 1, 0, 1.47, 0, 1, 1, 10, 1, 0
bm4286, 2, 0, 1, 1.1, 1, 0, 1, 1, 1, 0
bm4286, 2, 1, 1, 0.68, 1, 0, 1, 2, 1, 0
bm4286, 2, 0, 1, 0.46, 1, 0, 1, 3, 1, 0
bm4286, 2, 0, 0, 0.53, 0, 0, 1, 4, 1, 0
bm4286, 2, 1, 1, 1.69, 1, 0, 1, 5, 1, 0
bm4286, 2, 1, 0, 1.59, 0, 0, 1, 6, 1, 0
bm4286, 2, 0, 0, 0.57, 0, 0, 1, 7, 1, 0
bm4286, 2, 1, 0, 1.5, 0, 0, 1, 8, 1, 0
bm4286, 2, 1, 1, 0.61, 1, 0, 1, 9, 1, 0
bm4286, 2, 1, 0, 1.02, 0, 0, 1, 10, 1, 0
bm4286, 2, 1, 0, 1.52, 0, 0, 1, 11, 1, 0
bm4286, 2, 0, 1, 0.58, 1, 0, 1, 12, 1, 0
bm4286, 2, 0, 0, 0.55, 0, 0, 1, 13, 1, 0
bm4286, 2, 1, 0, 1.81, 0, 0, 1, 14, 1, 0
bm4286, 2, 0, 1, 0.62, 1, 0, 1, 15, 1, 0
bm4286, 2, 1, 1, 0.95, 1, 0, 1, 16, 1, 0
bm4286, 2, 1, 0, 1.85, 0, 0, 1, 17, 1, 0
bm4286, 2, 1, 0, 1.46, 0, 0, 1, 18, 1, 0
bm4286, 2, 1, 0, 1.66, 0, 0, 1, 19, 1, 0
bm4286, 2, 1, 1, 0.64, 1, 0, 1, 20, 1, 0
bm4286, 2, 1, 1, 0.55, 1, 0, 1, 21, 1, 0
bm4286, 2, 1, 0, 1.34, 0, 0, 1, 22, 1, 0
bm4286, 2, 1, 0, 1.56, 0, 0, 1, 23, 1, 0
bm4286, 2, 0, 1, 0.7, 1, 0, 1, 24, 1, 0
bm4286, 2, 0, 0, 0.76, 0, 0, 1, 25, 1, 0
bm4286, 2, 0, 1, 0.68, 1, 0, 1, 26, 1, 0
bm4286, 2, 0, 1, 0.61, 1, 0, 1, 27, 1, 0
bm4286, 2, 0, 0, 0.58, 0, 0, 1, 28, 1, 0
bm4286, 2, 0, 0, 0.46, 0, 0, 1, 29, 1, 0
bm4286, 2, 0, 1, 0.48, 1, 0, 1, 30, 1, 0
bm4286, 2, 0, 1, 0.59, 1, 0, 1, 31, 1, 0
bm4286, 2, 0, 1, 0.48, 1, 0, 1, 32, 1, 0
bm4286, 3, 0, 0, 4.2041, 0, 1, 1, 1, 1, 0
bm4286, 3, 1, 0, 0.9934, 0, 1, 1, 2, 1, 0
bm4286, 3, 1, 1, 1.3547, 1, 1, 1, 3, 1, 0
bm4286, 3, 0, 1, 0.4537, 1, 1, 1, 4, 1, 0
bm4286, 3, 1, 1, 0.4534, 1, 1, 1, 5, 1, 0
bm4286, 3, 1, 1, 0.6926, 1, 1, 1, 6, 1, 0
bm4286, 3, 0, 0, 0.4263, 0, 1, 1, 7, 1, 0
bm4286, 3, 0, 1, 0.3946, 1, 1, 1, 8, 1, 0
bm4286, 3, 1, 0, 0.5725, 0, 1, 1, 9, 1, 0
bm4286, 3, 0, 0, 0.4236, 0, 1, 1, 10, 1, 0
bm4286, 3, 1, 1, 0.8302, 1, 0, 1, 1, 1, 0
bm4286, 3, 0, 1, 0.4309, 1, 0, 1, 2, 1, 0
bm4286, 3, 0, 0, 0.3516, 0, 0, 1, 3, 1, 0
bm4286, 3, 1, 1, 0.5474, 1, 0, 1, 4, 1, 0
bm4286, 3, 1, 0, 0.5112, 0, 0, 1, 5, 1, 0
bm4286, 3, 0, 0, 0.4289, 0, 0, 1, 6, 1, 0
bm4286, 3, 1, 1, 0.3815, 1, 0, 1, 7, 1, 0
bm4286, 3, 0, 1, 0.3999, 1, 0, 1, 8, 1, 0
bm4286, 3, 1, 0, 0.4825, 0, 0, 1, 9, 1, 0
bm4286, 3, 1, 0, 0.6731, 0, 0, 1, 10, 1, 0
bm4286, 3, 1, 1, 0.5999, 1, 0, 1, 11, 1, 0
bm4286, 3, 1, 0, 0.5136, 0, 0, 1, 12, 1, 0
bm4286, 3, 0, 1, 0.6707, 1, 0, 1, 13, 1, 0
bm4286, 3, 0, 0, 0.3902, 0, 0, 1, 14, 1, 0
bm4286, 3, 1, 0, 0.4727, 0, 0, 1, 15, 1, 0
bm4286, 3, 1, 1, 0.5359, 1, 0, 1, 16, 1, 0
bm4286, 3, 1, 0, 0.4042, 0, 0, 1, 17, 1, 0
bm4286, 3, 0, 0, 0.4862, 0, 0, 1, 18, 1, 0
bm4286, 3, 1, 0, 0.4046, 0, 0, 1, 19, 1, 0
bm4286, 3, 0, 0, 0.4385, 0, 0, 1, 20, 1, 0
bm4286, 3, 0, 0, 0.487, 0, 0, 1, 21, 1, 0
bm4286, 3, 0, 1, 0.3895, 1, 0, 1, 22, 1, 0
bm4286, 3, 0, 1, 0.488, 1, 0, 1, 23, 1, 0
bm4286, 3, 1, 1, 0.6784, 1, 0, 1, 24, 1, 0
bm4286, 3, 1, 0, 0.4613, 0, 0, 1, 25, 1, 0
bm4286, 3, 0, 1, 0.3492, 1, 0, 1, 26, 1, 0
bm4286, 3, 0, 1, 0.385, 1, 0, 1, 27, 1, 0
bm4286, 3, 1, 1, 0.5316, 1, 0, 1, 28, 1, 0
bm4286, 3, 0, 0, 0.4966, 0, 0, 1, 29, 1, 0
bm4286, 3, 1, 1, 0.4471, 1, 0, 1, 30, 1, 0
bm4286, 3, 0, 1, 0.3676, 1, 0, 1, 31, 1, 0
bm4286, 3, 0, 0, 0.3876, 0, 0, 1, 32, 1, 0
bm4286, 1, 0, 1, 1.1554, 1, 1, 1, 1, 1, 0
bm4286, 1, 1, 1, 2.4668, 1, 1, 1, 2, 1, 0
bm4286, 1, 1, 0, 6.1083, 0, 1, 1, 3, 1, 0
bm4286, 1, 1, 1, 4.5287, 0, 1, 0, 4, 1, 0
bm4286, 1, -1, 1, 3.7696, 0, 1, 0, 5, 1, 0
bm4286, 1, 0, 0, 1.1704, 0, 1, 1, 6, 1, 0
bm4286, 1, 1, 0, 5.6653, 1, 1, 0, 7, 1, 0
bm4286, 1, -1, 0, 4.6822, 0, 1, 1, 8, 1, 0
bm4286, 1, 0, 0, 1.5943, 0, 1, 1, 9, 1, 0
bm4286, 1, 0, 1, 1.7846, 1, 1, 1, 10, 1, 0
bm4286, 1, -1, 1, 11.3536, 1, 0, 1, 1, 1, 0
bm4286, 1, 0, 0, 0.984, 1, 0, 0, 2, 1, 0
bm4286, 1, 0, 1, 0.8664, 1, 0, 1, 3, 1, 0
bm4286, 1, -1, 0, 2.8609, 0, 0, 1, 4, 1, 0
bm4286, 1, -1, 1, 1.5259, 0, 0, 0, 5, 1, 0
bm4286, 1, 1, 0, 4.8417, 0, 0, 1, 6, 1, 0
bm4286, 1, 1, 0, 3.9541, 0, 0, 1, 7, 1, 0
bm4286, 1, 1, 1, 7.7269, 1, 0, 1, 8, 1, 0
bm4286, 1, 1, 1, 3.6337, 1, 0, 1, 9, 1, 0
bm4286, 1, 0, 0, 0.7487, 0, 0, 1, 10, 1, 0
bm4286, 1, 0, 0, 0.6867, 0, 0, 1, 11, 1, 0
bm4286, 1, 1, 1, 3.4566, 1, 0, 1, 12, 1, 0
bm4286, 1, -1, 0, 3.7618, 0, 0, 1, 13, 1, 0
bm4286, 1, -1, 0, 6.0706, 1, 0, 0, 14, 1, 0
bm4286, 1, 1, 0, 5.2326, 0, 0, 1, 15, 1, 0
bm4286, 1, 1, 1, 2.3446, 1, 0, 1, 16, 1, 0
bm4286, 1, 1, 1, 3.1109, 1, 0, 1, 17, 1, 0
bm4286, 1, 0, 0, 0.8237, 0, 0, 1, 18, 1, 0
bm4286, 1, 1, 1, 3.0288, 1, 0, 1, 19, 1, 0
bm4286, 1, -1, 0, 1.8151, 1, 0, 0, 20, 1, 0
bm4286, 1, 0, 0, 1.312, 0, 0, 1, 21, 1, 0
bm4286, 1, 1, 0, 1.8009, 0, 0, 1, 22, 1, 0
bm4286, 1, 0, 1, 0.9261, 1, 0, 1, 23, 1, 0
bm4286, 1, 0, 1, 0.7919, 1, 0, 1, 24, 1, 0
bm4286, 1, -1, 1, 4.0857, 1, 0, 1, 25, 1, 0
bm4286, 1, -1, 1, 3.949, 1, 0, 1, 26, 1, 0
bm4286, 1, 1, 1, 3.4169, 1, 0, 1, 27, 1, 0
bm4286, 1, -1, 1, 4.2995, 1, 0, 1, 28, 1, 0
bm4286, 1, 0, 0, 1.323, 0, 0, 1, 29, 1, 0
bm4286, 1, -1, 1, 7.9349, 1, 0, 1, 30, 1, 0
bm4286, 1, 1, 0, 3.2402, 0, 0, 1, 31, 1, 0
bm4286, 1, 0, 0, 0.7875, 0, 0, 1, 32, 1, 0
bm4286, 0, 4, S, 5.36, S, NA, 1, 1, 2, NA
bm4286, 0, 4, H, 1.0, H, NA, 1, 2, 2, NA
bm4286, 0, 4, K, 0.78, K, NA, 1, 3, 2, NA
bm4286, 0, 4, J, 0.74, J, NA, 1, 4, 2, NA
bm4286, 0, 4, L, 0.9, L, NA, 1, 5, 2, NA
bm4286, 0, 3, L, 0.91, L, NA, 1, 6, 2, NA
bm4286, 0, 3, K, 1.12, K, NA, 1, 7, 2, NA
bm4286, 0, 2, F, 0.85, F, NA, 1, 8, 2, NA
bm4286, 0, 2, S, 1.21, S, NA, 1, 9, 2, NA
bm4286, 0, 1, G, 0.82, G, NA, 1, 10, 2, NA
bm4286, 0, 1, J, 0.81, J, NA, 1, 11, 2, NA
bm4286, 0, 2, G, 0.91, A, NA, 0, 12, 2, NA
bm4286, 0, 2, K, 0.85, K, NA, 1, 13, 2, NA
bm4286, 0, 1, G, 0.78, G, NA, 1, 14, 2, NA
bm4286, 0, 1, K, 0.83, K, NA, 1, 15, 2, NA
bm4286, 0, 1, G, 0.79, G, NA, 1, 16, 2, NA
bm4286, 0, 2, H, 0.94, J, NA, 0, 17, 2, NA
bm4286, 0, 2, A, 0.71, A, NA, 1, 18, 2, NA
bm4286, 0, 3, H, 1.35, F, NA, 0, 19, 2, NA
bm4286, 0, 3, A, 0.67, A, NA, 1, 20, 2, NA
bm4286, 0, 2, L, 0.86, L, NA, 1, 21, 2, NA
bm4286, 0, 3, K, 0.94, H, NA, 0, 22, 2, NA
bm4286, 0, 4, H, 0.85, G, NA, 0, 23, 2, NA
bm4286, 0, 4, H, 0.9, H, NA, 1, 24, 2, NA
bm4286, 0, 3, K, 0.84, K, NA, 1, 25, 2, NA
bm4286, 0, 3, K, 0.82, K, NA, 1, 26, 2, NA
bm4286, 0, 2, A, 0.58, A, NA, 1, 27, 2, NA
bm4286, 0, 2, K, 0.77, K, NA, 1, 28, 2, NA
bm4286, 0, 1, L, 0.83, L, NA, 1, 29, 2, NA
bm4286, 0, 2, G, 0.56, A, NA, 0, 30, 2, NA
bm4286, 0, 2, J, 0.87, J, NA, 1, 31, 2, NA
bm4286, 0, 1, J, 0.97, J, NA, 1, 32, 2, NA
bm4286, 0, 1, K, 0.8, K, NA, 1, 33, 2, NA
bm4286, 0, 2, S, 0.92, H, NA, 0, 34, 2, NA
bm4286, 0, 2, H, 0.85, H, NA, 1, 35, 2, NA
bm4286, 0, 1, S, 0.93, S, NA, 1, 36, 2, NA
bm4286, 0, 1, H, 0.81, H, NA, 1, 37, 2, NA
bm4286, 0, 2, G, 0.72, H, NA, 0, 38, 2, NA
bm4286, 0, 2, S, 1.14, S, NA, 1, 39, 2, NA
bm4286, 0, 3, G, 0.87, H, NA, 0, 40, 2, NA
bm4286, 0, 3, F, 0.88, F, NA, 1, 41, 2, NA
bm4286, 0, 2, J, 0.81, J, NA, 1, 42, 2, NA
bm4286, 0, 2, A, 0.66, A, NA, 1, 43, 2, NA
bm4286, 0, 3, G, 1.0, H, NA, 0, 44, 2, NA
bm4286, 0, 3, S, 0.84, S, NA, 1, 45, 2, NA
bm4286, 0, 2, S, 0.8, S, NA, 1, 46, 2, NA
bm4286, 0, 2, L, 1.01, L, NA, 1, 47, 2, NA
bm4286, 0, 1, F, 0.87, F, NA, 1, 48, 2, NA
bm4286, 0, 1, J, 0.88, J, NA, 1, 49, 2, NA
bm4286, 0, 2, L, 0.84, J, NA, 0, 50, 2, NA
bm4286, 2, 0, 1, 0.72, 1, 0, 1, 1, 2, 0
bm4286, 2, 1, 0, 1.15, 0, 0, 1, 2, 2, 0
bm4286, 2, 1, 1, 1.12, 1, 0, 1, 3, 2, 0
bm4286, 2, 1, 0, 0.85, 0, 0, 1, 4, 2, 0
bm4286, 2, 0, 0, 0.52, 0, 0, 1, 5, 2, 0
bm4286, 2, 0, 1, 0.44, 1, 0, 1, 6, 2, 0
bm4286, 2, 0, 0, 0.57, 0, 0, 1, 7, 2, 0
bm4286, 2, 0, 0, 0.53, 0, 0, 1, 8, 2, 0
bm4286, 2, 0, 1, 0.61, 1, 0, 1, 9, 2, 0
bm4286, 2, 1, 1, 0.53, 1, 0, 1, 10, 2, 0
bm4286, 2, 0, 1, 0.48, 1, 0, 1, 11, 2, 0
bm4286, 2, 0, 0, 0.54, 0, 0, 1, 12, 2, 0
bm4286, 2, 1, 1, 0.48, 1, 0, 1, 13, 2, 0
bm4286, 2, 1, 0, 0.99, 0, 0, 1, 14, 2, 0
bm4286, 2, 0, 0, 0.47, 0, 0, 1, 15, 2, 0
bm4286, 2, 1, 0, 0.7, 0, 0, 1, 16, 2, 0
bm4286, 2, 0, 0, 0.47, 0, 0, 1, 17, 2, 0
bm4286, 2, 0, 0, 0.44, 0, 0, 1, 18, 2, 0
bm4286, 2, 0, 1, 0.57, 1, 0, 1, 19, 2, 0
bm4286, 2, 1, 1, 1.03, 1, 0, 1, 20, 2, 0
bm4286, 2, 0, 1, 0.54, 0, 0, 0, 21, 2, 0
bm4286, 2, 1, 0, 1.12, 0, 0, 1, 22, 2, 0
bm4286, 2, 0, 1, 0.52, 1, 0, 1, 23, 2, 0
bm4286, 2, 1, 0, 1.03, 0, 0, 1, 24, 2, 0
bm4286, 2, 1, 1, 0.88, 1, 0, 1, 25, 2, 0
bm4286, 2, 1, 0, 0.75, 0, 0, 1, 26, 2, 0
bm4286, 2, 0, 0, 0.53, 0, 0, 1, 27, 2, 0
bm4286, 2, 1, 1, 0.82, 1, 0, 1, 28, 2, 0
bm4286, 2, 1, 1, 1.38, 1, 0, 1, 29, 2, 0
bm4286, 2, 1, 0, 0.87, 0, 0, 1, 30, 2, 0
bm4286, 2, 1, 1, 0.56, 1, 0, 1, 31, 2, 0
bm4286, 2, 0, 1, 0.48, 1, 0, 1, 32, 2, 0
bm4286, 3, 1, 1, 0.6161, 1, 0, 1, 1, 2, 0
bm4286, 3, 1, 1, 1.2978, 0, 0, 0, 2, 2, 0
bm4286, 3, 1, 1, 0.6116, 1, 0, 1, 3, 2, 0
bm4286, 3, 0, 0, 0.6533, 0, 0, 1, 4, 2, 0
bm4286, 3, 0, 1, 0.3255, 1, 0, 1, 5, 2, 0
bm4286, 3, 1, 0, 0.5236, 0, 0, 1, 6, 2, 0
bm4286, 3, 1, 0, 0.4253, 0, 0, 1, 7, 2, 0
bm4286, 3, 1, 0, 0.6191, 0, 0, 1, 8, 2, 0
bm4286, 3, 1, 1, 0.7567, 1, 0, 1, 9, 2, 0
bm4286, 3, 0, 0, 0.4091, 0, 0, 1, 10, 2, 0
bm4286, 3, 0, 0, 0.4275, 0, 0, 1, 11, 2, 0
bm4286, 3, 0, 0, 0.4294, 0, 0, 1, 12, 2, 0
bm4286, 3, 1, 1, 0.4946, 1, 0, 1, 13, 2, 0
bm4286, 3, 1, 1, 0.6537, 1, 0, 1, 14, 2, 0
bm4286, 3, 1, 1, 0.95, 1, 0, 1, 15, 2, 0
bm4286, 3, 1, 1, 0.546, 1, 0, 1, 16, 2, 0
bm4286, 3, 0, 1, 0.3992, 1, 0, 1, 17, 2, 0
bm4286, 3, 0, 0, 0.4185, 0, 0, 1, 18, 2, 0
bm4286, 3, 0, 0, 0.4689, 0, 0, 1, 19, 2, 0
bm4286, 3, 0, 0, 0.4207, 0, 0, 1, 20, 2, 0
bm4286, 3, 1, 1, 0.4392, 1, 0, 1, 21, 2, 0
bm4286, 3, 0, 0, 0.4564, 0, 0, 1, 22, 2, 0
bm4286, 3, 0, 1, 0.3769, 1, 0, 1, 23, 2, 0
bm4286, 3, 0, 0, 0.4289, 0, 0, 1, 24, 2, 0
bm4286, 3, 0, 0, 0.4947, 0, 0, 1, 25, 2, 0
bm4286, 3, 1, 0, 0.4618, 0, 0, 1, 26, 2, 0
bm4286, 3, 1, 0, 0.4623, 0, 0, 1, 27, 2, 0
bm4286, 3, 1, 1, 0.4148, 1, 0, 1, 28, 2, 0
bm4286, 3, 1, 1, 0.4014, 1, 0, 1, 29, 2, 0
bm4286, 3, 0, 1, 0.3726, 1, 0, 1, 30, 2, 0
bm4286, 3, 0, 0, 0.4085, 0, 0, 1, 31, 2, 0
bm4286, 3, 0, 1, 0.3632, 1, 0, 1, 32, 2, 0
bm4286, 1, 0, 1, 0.7323, 1, 0, 1, 1, 2, 0
bm4286, 1, 0, 1, 0.6711, 1, 0, 1, 2, 2, 0
bm4286, 1, 0, 0, 0.739, 0, 0, 1, 3, 2, 0
bm4286, 1, 1, 0, 5.5228, 0, 0, 1, 4, 2, 0
bm4286, 1, -1, 1, 2.9439, 1, 0, 1, 5, 2, 0
bm4286, 1, -1, 1, 5.7023, 1, 0, 1, 6, 2, 0
bm4286, 1, 1, 1, 1.8198, 1, 0, 1, 7, 2, 0
bm4286, 1, 1, 1, 2.7846, 1, 0, 1, 8, 2, 0
bm4286, 1, -1, 1, 3.262, 1, 0, 1, 9, 2, 0
bm4286, 1, 1, 0, 2.5672, 0, 0, 1, 10, 2, 0
bm4286, 1, 0, 0, 2.9905, 0, 0, 1, 11, 2, 0
bm4286, 1, 1, 0, 1.7316, 0, 0, 1, 12, 2, 0
bm4286, 1, -1, 1, 2.396, 1, 0, 1, 13, 2, 0
bm4286, 1, -1, 1, 4.3448, 1, 0, 1, 14, 2, 0
bm4286, 1, -1, 0, 6.5817, 0, 0, 1, 15, 2, 0
bm4286, 1, 0, 1, 0.6806, 1, 0, 1, 16, 2, 0
bm4286, 1, -1, 0, 2.4918, 0, 0, 1, 17, 2, 0
bm4286, 1, -1, 0, 2.6604, 0, 0, 1, 18, 2, 0
bm4286, 1, 0, 1, 1.6397, 1, 0, 1, 19, 2, 0
bm4286, 1, -1, 1, 4.8675, 1, 0, 1, 20, 2, 0
bm4286, 1, 1, 0, 3.2431, 0, 0, 1, 21, 2, 0
bm4286, 1, -1, 1, 3.0453, 0, 0, 0, 22, 2, 0
bm4286, 1, 1, 0, 2.5869, 0, 0, 1, 23, 2, 0
bm4286, 1, -1, 0, 4.7355, 0, 0, 1, 24, 2, 0
bm4286, 1, 1, 0, 3.948, 0, 0, 1, 25, 2, 0
bm4286, 1, 0, 0, 0.6183, 0, 0, 1, 26, 2, 0
bm4286, 1, 0, 0, 1.3121, 0, 0, 1, 27, 2, 0
bm4286, 1, 0, 1, 0.8894, 1, 0, 1, 28, 2, 0
bm4286, 1, 0, 0, 2.6761, 1, 0, 0, 29, 2, 0
bm4286, 1, 1, 0, 3.7685, 1, 0, 0, 30, 2, 0
bm4286, 1, 1, 1, 5.6801, 1, 0, 1, 31, 2, 0
bm4286, 1, 1, 1, 3.3665, 1, 0, 1, 32, 2, 0
