sub, task, cond1, cond2, rt, inputResp, training, accuracy, trial, block, 2fast
bm4230, 0, 8, H, 1.58, H, NA, 1, 1, 1, NA
bm4230, 0, 8, F, 1.8, F, NA, 1, 2, 1, NA
bm4230, 0, 8, D, 1.71, D, NA, 1, 3, 1, NA
bm4230, 0, 8, K, 2.07, K, NA, 1, 4, 1, NA
bm4230, 0, 8, D, 1.42, D, NA, 1, 5, 1, NA
bm4230, 0, 7, S, 1.53, S, NA, 1, 6, 1, NA
bm4230, 0, 7, D, 1.75, D, NA, 1, 7, 1, NA
bm4230, 0, 6, L, 1.97, L, NA, 1, 8, 1, NA
bm4230, 0, 6, D, 1.31, D, NA, 1, 9, 1, NA
bm4230, 0, 5, S, 1.65, S, NA, 1, 10, 1, NA
bm4230, 0, 5, K, 1.84, K, NA, 1, 11, 1, NA
bm4230, 0, 4, F, 1.28, F, NA, 1, 12, 1, NA
bm4230, 0, 4, L, 1.83, L, NA, 1, 13, 1, NA
bm4230, 0, 3, F, 1.29, F, NA, 1, 14, 1, NA
bm4230, 0, 3, J, 1.36, J, NA, 1, 15, 1, NA
bm4230, 0, 2, S, 1.38, S, NA, 1, 16, 1, NA
bm4230, 0, 2, H, 2.38, H, NA, 1, 17, 1, NA
bm4230, 0, 1, A, 1.56, A, NA, 1, 18, 1, NA
bm4230, 0, 2, D, 3.62, S, NA, 0, 19, 1, NA
bm4230, 0, 2, D, 1.3, D, NA, 1, 20, 1, NA
bm4230, 0, 1, K, 1.82, K, NA, 1, 21, 1, NA
bm4230, 0, 2, F, 3.74, L, NA, 0, 22, 1, NA
bm4230, 0, 2, A, 2.32, A, NA, 1, 23, 1, NA
bm4230, 0, 1, S, 1.74, S, NA, 1, 24, 1, NA
bm4230, 0, 2, L, 3.27, D, NA, 0, 25, 1, NA
bm4230, 0, 3, A, 1.86, F, NA, 0, 26, 1, NA
bm4230, 0, 3, F, 1.68, F, NA, 1, 27, 1, NA
bm4230, 0, 2, K, 1.9, K, NA, 1, 28, 1, NA
bm4230, 0, 2, D, 1.53, D, NA, 1, 29, 1, NA
bm4230, 0, 1, L, 1.5, L, NA, 1, 30, 1, NA
bm4230, 0, 2, S, 3.61, K, NA, 0, 31, 1, NA
bm4230, 0, 2, K, 2.44, K, NA, 1, 32, 1, NA
bm4230, 0, 1, A, 1.39, A, NA, 1, 33, 1, NA
bm4230, 0, 2, A, 2.76, D, NA, 0, 34, 1, NA
bm4230, 0, 2, S, 1.45, S, NA, 1, 35, 1, NA
bm4230, 0, 3, K, 1.34, A, NA, 0, 36, 1, NA
bm4230, 0, 3, H, 1.79, H, NA, 1, 37, 1, NA
bm4230, 0, 2, A, 1.38, A, NA, 1, 38, 1, NA
bm4230, 0, 2, J, 1.45, J, NA, 1, 39, 1, NA
bm4230, 0, 3, F, 1.61, A, NA, 0, 40, 1, NA
bm4230, 0, 3, S, 1.27, S, NA, 1, 41, 1, NA
bm4230, 0, 2, S, 1.41, S, NA, 1, 42, 1, NA
bm4230, 0, 2, A, 1.28, A, NA, 1, 43, 1, NA
bm4230, 0, 3, H, 4.01, A, NA, 0, 44, 1, NA
bm4230, 0, 3, K, 1.32, K, NA, 1, 45, 1, NA
bm4230, 0, 2, D, 1.6, D, NA, 1, 46, 1, NA
bm4230, 0, 2, S, 1.21, S, NA, 1, 47, 1, NA
bm4230, 0, 1, F, 1.29, F, NA, 1, 48, 1, NA
bm4230, 0, 2, H, 1.98, F, NA, 0, 49, 1, NA
bm4230, 0, 2, H, 1.74, H, NA, 1, 50, 1, NA
bm4230, 2, 1, 1, 1.08, 1, 1, 1, 1, 1, 0
bm4230, 2, 1, 0, 0.95, 0, 1, 1, 2, 1, 0
bm4230, 2, 0, 1, 0.69, 1, 1, 1, 3, 1, 0
bm4230, 2, 0, 0, 0.73, 0, 1, 1, 4, 1, 0
bm4230, 2, 1, 0, 1.17, 0, 1, 1, 5, 1, 0
bm4230, 2, 0, 1, 0.79, 1, 1, 1, 6, 1, 0
bm4230, 2, 1, 0, 3.06, 0, 1, 1, 7, 1, 0
bm4230, 2, 0, 1, 0.91, 1, 1, 1, 8, 1, 0
bm4230, 2, 1, 1, 1.12, 1, 1, 1, 9, 1, 0
bm4230, 2, 0, 0, 1.48, 0, 1, 1, 10, 1, 0
bm4230, 2, 1, 1, 1.84, 1, 0, 1, 1, 1, 0
bm4230, 2, 1, 1, 1.24, 1, 0, 1, 2, 1, 0
bm4230, 2, 0, 0, 1.03, 0, 0, 1, 3, 1, 0
bm4230, 2, 0, 1, 0.95, 1, 0, 1, 4, 1, 0
bm4230, 2, 1, 1, 1.04, 1, 0, 1, 5, 1, 0
bm4230, 2, 1, 0, 1.69, 0, 0, 1, 6, 1, 0
bm4230, 2, 0, 1, 0.78, 1, 0, 1, 7, 1, 0
bm4230, 2, 0, 1, 0.91, 1, 0, 1, 8, 1, 0
bm4230, 2, 0, 0, 1.02, 0, 0, 1, 9, 1, 0
bm4230, 2, 0, 1, 0.84, 1, 0, 1, 10, 1, 0
bm4230, 2, 1, 0, 1.91, 0, 0, 1, 11, 1, 0
bm4230, 2, 1, 1, 0.89, 1, 0, 1, 12, 1, 0
bm4230, 2, 0, 0, 0.89, 0, 0, 1, 13, 1, 0
bm4230, 2, 0, 0, 1.28, 0, 0, 1, 14, 1, 0
bm4230, 2, 1, 0, 4.45, 0, 0, 1, 15, 1, 0
bm4230, 2, 1, 1, 0.83, 1, 0, 1, 16, 1, 0
bm4230, 2, 0, 0, 0.99, 0, 0, 1, 17, 1, 0
bm4230, 2, 1, 0, 2.94, 0, 0, 1, 18, 1, 0
bm4230, 2, 1, 1, 0.82, 1, 0, 1, 19, 1, 0
bm4230, 2, 1, 0, 2.25, 0, 0, 1, 20, 1, 0
bm4230, 2, 1, 0, 2.33, 0, 0, 1, 21, 1, 0
bm4230, 2, 1, 0, 2.38, 0, 0, 1, 22, 1, 0
bm4230, 2, 0, 1, 0.9, 1, 0, 1, 23, 1, 0
bm4230, 2, 0, 0, 0.8, 0, 0, 1, 24, 1, 0
bm4230, 2, 0, 0, 0.81, 0, 0, 1, 25, 1, 0
bm4230, 2, 0, 0, 0.96, 0, 0, 1, 26, 1, 0
bm4230, 2, 0, 1, 0.83, 1, 0, 1, 27, 1, 0
bm4230, 2, 0, 1, 1.08, 1, 0, 1, 28, 1, 0
bm4230, 2, 1, 1, 1.06, 1, 0, 1, 29, 1, 0
bm4230, 2, 1, 0, 3.79, 0, 0, 1, 30, 1, 0
bm4230, 2, 0, 1, 0.95, 1, 0, 1, 31, 1, 0
bm4230, 2, 1, 1, 0.85, 1, 0, 1, 32, 1, 0
bm4230, 3, 1, 1, 3.1442, 1, 1, 1, 1, 1, 0
bm4230, 3, 1, 0, 2.6021, 0, 1, 1, 2, 1, 0
bm4230, 3, 0, 0, 5.3944, 0, 1, 1, 3, 1, 0
bm4230, 3, 0, 1, 1.0479, 1, 1, 1, 4, 1, 0
bm4230, 3, 1, 1, 1.9196, 1, 1, 1, 5, 1, 0
bm4230, 3, 0, 0, 1.1555, 0, 1, 1, 6, 1, 0
bm4230, 3, 0, 0, 1.5426, 0, 1, 1, 7, 1, 0
bm4230, 3, 1, 1, 1.4181, 1, 1, 1, 8, 1, 0
bm4230, 3, 0, 1, 1.3943, 1, 1, 1, 9, 1, 0
bm4230, 3, 1, 0, 4.5077, 0, 1, 1, 10, 1, 0
bm4230, 3, 1, 1, 1.812, 1, 0, 1, 1, 1, 0
bm4230, 3, 1, 0, 4.4764, 0, 0, 1, 2, 1, 0
bm4230, 3, 0, 1, 0.7915, 1, 0, 1, 3, 1, 0
bm4230, 3, 0, 1, 1.1777, 1, 0, 1, 4, 1, 0
bm4230, 3, 0, 1, 0.8921, 1, 0, 1, 5, 1, 0
bm4230, 3, 1, 0, 1.6422, 0, 0, 1, 6, 1, 0
bm4230, 3, 1, 0, 2.0887, 0, 0, 1, 7, 1, 0
bm4230, 3, 0, 0, 0.8696, 0, 0, 1, 8, 1, 0
bm4230, 3, 1, 1, 1.2685, 1, 0, 1, 9, 1, 0
bm4230, 3, 1, 0, 1.5067, 0, 0, 1, 10, 1, 0
bm4230, 3, 0, 1, 0.7914, 1, 0, 1, 11, 1, 0
bm4230, 3, 1, 1, 1.241, 1, 0, 1, 12, 1, 0
bm4230, 3, 0, 0, 0.9839, 0, 0, 1, 13, 1, 0
bm4230, 3, 0, 1, 0.8978, 1, 0, 1, 14, 1, 0
bm4230, 3, 0, 0, 1.4711, 0, 0, 1, 15, 1, 0
bm4230, 3, 1, 0, 1.1732, 0, 0, 1, 16, 1, 0
bm4230, 3, 0, 1, 0.7118, 1, 0, 1, 17, 1, 0
bm4230, 3, 1, 0, 1.5007, 0, 0, 1, 18, 1, 0
bm4230, 3, 1, 1, 2.0814, 1, 0, 1, 19, 1, 0
bm4230, 3, 0, 0, 1.7264, 0, 0, 1, 20, 1, 0
bm4230, 3, 0, 0, 1.1774, 0, 0, 1, 21, 1, 0
bm4230, 3, 1, 0, 1.3394, 0, 0, 1, 22, 1, 0
bm4230, 3, 0, 1, 0.8709, 1, 0, 1, 23, 1, 0
bm4230, 3, 1, 1, 1.7655, 1, 0, 1, 24, 1, 0
bm4230, 3, 1, 1, 0.8795, 1, 0, 1, 25, 1, 0
bm4230, 3, 1, 0, 2.6054, 0, 0, 1, 26, 1, 0
bm4230, 3, 1, 0, 1.7333, 0, 0, 1, 27, 1, 0
bm4230, 3, 0, 0, 1.2162, 0, 0, 1, 28, 1, 0
bm4230, 3, 0, 1, 0.9286, 1, 0, 1, 29, 1, 0
bm4230, 3, 0, 1, 0.7174, 1, 0, 1, 30, 1, 0
bm4230, 3, 0, 1, 0.7541, 1, 0, 1, 31, 1, 0
bm4230, 3, 1, 0, 1.4937, 0, 0, 1, 32, 1, 0
bm4230, 1, -1, 0, 6.654, 0, 1, 1, 1, 1, 0
bm4230, 1, 0, 0, 2.4938, 0, 1, 1, 2, 1, 0
bm4230, 1, 1, 1, 8.3267, 1, 1, 1, 3, 1, 0
bm4230, 1, 0, 1, 1.4103, 1, 1, 1, 4, 1, 0
bm4230, 1, 0, 1, 1.5929, 1, 1, 1, 5, 1, 0
bm4230, 1, -1, 0, 3.3185, 0, 1, 1, 6, 1, 0
bm4230, 1, 0, 1, 2.2394, 1, 1, 1, 7, 1, 0
bm4230, 1, -1, 0, 12.0669, 0, 1, 1, 8, 1, 0
bm4230, 1, 0, 1, 0.885, 1, 1, 1, 9, 1, 0
bm4230, 1, -1, 0, 3.296, 0, 1, 1, 10, 1, 0
bm4230, 1, 1, 1, 3.8242, 1, 0, 1, 1, 1, 0
bm4230, 1, 1, 0, 2.9471, 0, 0, 1, 2, 1, 0
bm4230, 1, 1, 1, 11.2894, 1, 0, 1, 3, 1, 0
bm4230, 1, -1, 0, 3.5941, 0, 0, 1, 4, 1, 0
bm4230, 1, 0, 1, 1.0793, 1, 0, 1, 5, 1, 0
bm4230, 1, -1, 0, 10.7141, 0, 0, 1, 6, 1, 0
bm4230, 1, 1, 0, 2.5147, 0, 0, 1, 7, 1, 0
bm4230, 1, -1, 0, 6.4747, 0, 0, 1, 8, 1, 0
bm4230, 1, 1, 0, 3.3768, 0, 0, 1, 9, 1, 0
bm4230, 1, 1, 0, 4.1015, 0, 0, 1, 10, 1, 0
bm4230, 1, -1, 0, 12.3326, 0, 0, 1, 11, 1, 0
bm4230, 1, -1, 0, 4.6591, 0, 0, 1, 12, 1, 0
bm4230, 1, 0, 0, 1.4449, 0, 0, 1, 13, 1, 0
bm4230, 1, 0, 1, 0.8749, 1, 0, 1, 14, 1, 0
bm4230, 1, -1, 0, 11.7818, 0, 0, 1, 15, 1, 0
bm4230, 1, 0, 0, 1.4763, 0, 0, 1, 16, 1, 0
bm4230, 1, -1, 1, 2.7274, 1, 0, 1, 17, 1, 0
bm4230, 1, 0, 0, 1.608, 0, 0, 1, 18, 1, 0
bm4230, 1, 0, 1, 1.7511, 1, 0, 1, 19, 1, 0
bm4230, 1, 1, 1, 4.7667, 1, 0, 1, 20, 1, 0
bm4230, 1, 1, 0, 2.1552, 0, 0, 1, 21, 1, 0
bm4230, 1, 1, 1, 4.5302, 1, 0, 1, 22, 1, 0
bm4230, 1, 1, 1, 7.1763, 1, 0, 1, 23, 1, 0
bm4230, 1, 1, 1, 3.3138, 1, 0, 1, 24, 1, 0
bm4230, 1, -1, 1, 3.1297, 1, 0, 1, 25, 1, 0
bm4230, 1, -1, 1, 7.7533, 0, 0, 0, 26, 1, 0
bm4230, 1, 0, 1, 2.4643, 1, 0, 1, 27, 1, 0
bm4230, 1, -1, 1, 5.9471, 1, 0, 1, 28, 1, 0
bm4230, 1, 0, 1, 2.0086, 1, 0, 1, 29, 1, 0
bm4230, 1, 0, 1, 1.0152, 1, 0, 1, 30, 1, 0
bm4230, 1, 0, 0, 0.7816, 0, 0, 1, 31, 1, 0
bm4230, 1, 0, 0, 1.8854, 0, 0, 1, 32, 1, 0
bm4230, 0, 4, A, 1.91, A, NA, 1, 1, 2, NA
bm4230, 0, 4, J, 1.59, J, NA, 1, 2, 2, NA
bm4230, 0, 4, H, 1.83, H, NA, 1, 3, 2, NA
bm4230, 0, 4, G, 1.58, G, NA, 1, 4, 2, NA
bm4230, 0, 4, H, 1.55, H, NA, 1, 5, 2, NA
