sub, task, cond1, cond2, rt, inputResp, training, accuracy, trial, block, 2fast
bm4238, 0, 8, K, 2.0, K, NA, 1, 1, 1, NA
bm4238, 0, 8, S, 1.69, S, NA, 1, 2, 1, NA
bm4238, 0, 8, H, 1.1, H, NA, 1, 3, 1, NA
bm4238, 0, 8, S, 1.79, S, NA, 1, 4, 1, NA
bm4238, 0, 8, D, 1.08, D, NA, 1, 5, 1, NA
bm4238, 0, 7, H, 1.23, H, NA, 1, 6, 1, NA
bm4238, 0, 7, D, 1.24, D, NA, 1, 7, 1, NA
bm4238, 0, 6, F, 1.39, F, NA, 1, 8, 1, NA
bm4238, 0, 6, F, 0.86, F, NA, 1, 9, 1, NA
bm4238, 0, 5, L, 1.33, L, NA, 1, 10, 1, NA
bm4238, 0, 5, L, 1.11, L, NA, 1, 11, 1, NA
bm4238, 0, 4, F, 1.01, F, NA, 1, 12, 1, NA
bm4238, 0, 4, J, 1.1, J, NA, 1, 13, 1, NA
bm4238, 0, 3, A, 1.48, A, NA, 1, 14, 1, NA
bm4238, 0, 3, S, 1.38, S, NA, 1, 15, 1, NA
bm4238, 0, 2, G, 1.05, G, NA, 1, 16, 1, NA
bm4238, 0, 2, J, 1.29, J, NA, 1, 17, 1, NA
bm4238, 0, 3, F, 1.69, G, NA, 0, 18, 1, NA
bm4238, 0, 3, F, 0.81, F, NA, 1, 19, 1, NA
bm4238, 0, 2, J, 1.08, J, NA, 1, 20, 1, NA
bm4238, 0, 2, F, 2.39, F, NA, 1, 21, 1, NA
bm4238, 0, 3, H, 2.46, L, NA, 0, 22, 1, NA
bm4238, 0, 3, F, 0.77, F, NA, 1, 23, 1, NA
bm4238, 0, 2, F, 1.36, F, NA, 1, 24, 1, NA
bm4238, 0, 2, S, 1.68, S, NA, 1, 25, 1, NA
bm4238, 0, 3, H, 1.35, D, NA, 0, 26, 1, NA
bm4238, 0, 3, H, 1.12, H, NA, 1, 27, 1, NA
bm4238, 0, 2, D, 1.23, D, NA, 1, 28, 1, NA
bm4238, 0, 2, G, 1.31, G, NA, 1, 29, 1, NA
bm4238, 0, 1, S, 0.88, S, NA, 1, 30, 1, NA
bm4238, 0, 2, J, 3.18, K, NA, 0, 31, 1, NA
bm4238, 0, 3, S, 3.24, D, NA, 0, 32, 1, NA
bm4238, 0, 3, D, 0.69, D, NA, 1, 33, 1, NA
bm4238, 0, 4, K, 0.85, A, NA, 0, 34, 1, NA
bm4238, 0, 4, S, 1.93, S, NA, 1, 35, 1, NA
bm4238, 0, 3, G, 0.82, G, NA, 1, 36, 1, NA
bm4238, 0, 3, J, 1.01, J, NA, 1, 37, 1, NA
bm4238, 0, 2, G, 0.95, G, NA, 1, 38, 1, NA
bm4238, 0, 3, S, 4.9, G, NA, 0, 39, 1, NA
bm4238, 0, 3, L, 0.93, L, NA, 1, 40, 1, NA
bm4238, 0, 4, D, 1.0, S, NA, 0, 41, 1, NA
bm4238, 0, 4, K, 1.26, K, NA, 1, 42, 1, NA
bm4238, 0, 3, F, 0.75, F, NA, 1, 43, 1, NA
bm4238, 0, 3, G, 2.08, G, NA, 1, 44, 1, NA
bm4238, 0, 2, H, 1.09, H, NA, 1, 45, 1, NA
bm4238, 0, 2, K, 2.83, K, NA, 1, 46, 1, NA
bm4238, 0, 3, S, 1.69, G, NA, 0, 47, 1, NA
bm4238, 0, 3, D, 0.93, D, NA, 1, 48, 1, NA
bm4238, 0, 2, A, 1.14, A, NA, 1, 49, 1, NA
bm4238, 0, 3, K, 2.39, A, NA, 0, 50, 1, NA
bm4238, 2, 1, 1, 1.51, 1, 1, 1, 1, 1, 0
bm4238, 2, 0, 0, 0.84, 0, 1, 1, 2, 1, 0
bm4238, 2, 1, 1, 0.97, 1, 1, 1, 3, 1, 0
bm4238, 2, 0, 0, 0.73, 0, 1, 1, 4, 1, 0
bm4238, 2, 0, 1, 0.77, 1, 1, 1, 5, 1, 0
bm4238, 2, 1, 1, 1.49, 1, 1, 1, 6, 1, 0
bm4238, 2, 1, 0, 1.71, 0, 1, 1, 7, 1, 0
bm4238, 2, 0, 0, 0.78, 0, 1, 1, 8, 1, 0
bm4238, 2, 0, 1, 0.67, 1, 1, 1, 9, 1, 0
bm4238, 2, 1, 0, 1.8, 0, 1, 1, 10, 1, 0
bm4238, 2, 0, 0, 0.89, 0, 0, 1, 1, 1, 0
bm4238, 2, 0, 1, 0.97, 1, 0, 1, 2, 1, 0
bm4238, 2, 0, 0, 0.86, 0, 0, 1, 3, 1, 0
bm4238, 2, 1, 0, 1.66, 0, 0, 1, 4, 1, 0
bm4238, 2, 0, 0, 0.83, 0, 0, 1, 5, 1, 0
bm4238, 2, 0, 0, 0.61, 0, 0, 1, 6, 1, 0
bm4238, 2, 0, 0, 0.78, 0, 0, 1, 7, 1, 0
bm4238, 2, 1, 0, 2.01, 0, 0, 1, 8, 1, 0
bm4238, 2, 1, 0, 2.0, 0, 0, 1, 9, 1, 0
bm4238, 2, 1, 1, 0.72, 1, 0, 1, 10, 1, 0
bm4238, 2, 1, 0, 1.99, 0, 0, 1, 11, 1, 0
bm4238, 2, 0, 1, 0.69, 1, 0, 1, 12, 1, 0
bm4238, 2, 1, 0, 1.41, 0, 0, 1, 13, 1, 0
bm4238, 2, 0, 1, 0.86, 1, 0, 1, 14, 1, 0
bm4238, 2, 0, 0, 0.68, 0, 0, 1, 15, 1, 0
bm4238, 2, 0, 1, 0.96, 1, 0, 1, 16, 1, 0
bm4238, 2, 0, 1, 0.69, 1, 0, 1, 17, 1, 0
bm4238, 2, 1, 1, 0.76, 1, 0, 1, 18, 1, 0
bm4238, 2, 1, 0, 1.79, 0, 0, 1, 19, 1, 0
bm4238, 2, 1, 1, 2.34, 1, 0, 1, 20, 1, 0
bm4238, 2, 1, 1, 0.92, 1, 0, 1, 21, 1, 0
bm4238, 2, 1, 0, 3.38, 0, 0, 1, 22, 1, 0
bm4238, 2, 1, 1, 0.75, 1, 0, 1, 23, 1, 0
bm4238, 2, 1, 0, 2.87, 0, 0, 1, 24, 1, 0
bm4238, 2, 0, 1, 0.69, 1, 0, 1, 25, 1, 0
bm4238, 2, 0, 1, 0.81, 1, 0, 1, 26, 1, 0
bm4238, 2, 0, 1, 0.86, 1, 0, 1, 27, 1, 0
bm4238, 2, 1, 1, 1.5, 1, 0, 1, 28, 1, 0
bm4238, 2, 1, 0, 3.14, 0, 0, 1, 29, 1, 0
bm4238, 2, 0, 1, 0.66, 1, 0, 1, 30, 1, 0
bm4238, 2, 1, 0, 2.32, 0, 0, 1, 31, 1, 0
bm4238, 2, 0, 1, 0.6, 1, 0, 1, 32, 1, 0
bm4238, 3, 0, 1, 7.324, 0, 1, 0, 1, 1, 0
bm4238, 3, 0, 0, 1.0944, 0, 1, 1, 2, 1, 0
bm4238, 3, 0, 0, 0.7323, 0, 1, 1, 3, 1, 0
bm4238, 3, 1, 0, 1.7932, 0, 1, 1, 4, 1, 0
bm4238, 3, 1, 0, 1.5463, 1, 1, 0, 5, 1, 0
bm4238, 3, 1, 0, 1.0737, 1, 1, 0, 6, 1, 0
bm4238, 3, 1, 1, 1.1485, 1, 1, 1, 7, 1, 0
bm4238, 3, 1, 1, 1.0563, 1, 1, 1, 8, 1, 0
bm4238, 3, 0, 1, 1.4795, 1, 1, 1, 9, 1, 0
bm4238, 3, 0, 1, 0.717, 1, 1, 1, 10, 1, 0
bm4238, 3, 0, 0, 1.5093, 0, 0, 1, 1, 1, 0
bm4238, 3, 1, 0, 2.89, 0, 0, 1, 2, 1, 0
bm4238, 3, 0, 1, 0.9014, 1, 0, 1, 3, 1, 0
bm4238, 3, 1, 0, 1.1068, 0, 0, 1, 4, 1, 0
bm4238, 3, 1, 0, 1.8, 0, 0, 1, 5, 1, 0
bm4238, 3, 0, 0, 0.9447, 0, 0, 1, 6, 1, 0
bm4238, 3, 0, 0, 0.8438, 0, 0, 1, 7, 1, 0
bm4238, 3, 0, 1, 1.02, 1, 0, 1, 8, 1, 0
bm4238, 3, 0, 0, 1.1891, 0, 0, 1, 9, 1, 0
bm4238, 3, 0, 1, 0.887, 1, 0, 1, 10, 1, 0
bm4238, 3, 0, 1, 1.9409, 1, 0, 1, 11, 1, 0
bm4238, 3, 0, 1, 0.9199, 1, 0, 1, 12, 1, 0
bm4238, 3, 1, 0, 1.0606, 0, 0, 1, 13, 1, 0
bm4238, 3, 1, 1, 1.0998, 1, 0, 1, 14, 1, 0
bm4238, 3, 1, 1, 1.857, 1, 0, 1, 15, 1, 0
bm4238, 3, 0, 1, 0.7913, 1, 0, 1, 16, 1, 0
bm4238, 3, 0, 0, 0.5855, 0, 0, 1, 17, 1, 0
bm4238, 3, 0, 0, 1.0598, 0, 0, 1, 18, 1, 0
bm4238, 3, 1, 0, 1.595, 0, 0, 1, 19, 1, 0
bm4238, 3, 1, 1, 0.7804, 1, 0, 1, 20, 1, 0
bm4238, 3, 1, 1, 1.3111, 0, 0, 0, 21, 1, 0
bm4238, 3, 1, 1, 0.8004, 1, 0, 1, 22, 1, 0
bm4238, 3, 0, 1, 0.7384, 1, 0, 1, 23, 1, 0
bm4238, 3, 0, 1, 0.8386, 1, 0, 1, 24, 1, 0
bm4238, 3, 1, 1, 1.2068, 1, 0, 1, 25, 1, 0
bm4238, 3, 1, 0, 0.8398, 0, 0, 1, 26, 1, 0
bm4238, 3, 1, 1, 0.8559, 1, 0, 1, 27, 1, 0
bm4238, 3, 1, 0, 1.3833, 0, 0, 1, 28, 1, 0
bm4238, 3, 1, 0, 0.8976, 0, 0, 1, 29, 1, 0
bm4238, 3, 1, 0, 0.8155, 0, 0, 1, 30, 1, 0
bm4238, 3, 0, 1, 0.5123, 1, 0, 1, 31, 1, 0
bm4238, 3, 0, 0, 0.7501, 0, 0, 1, 32, 1, 0
bm4238, 1, 1, 0, 4.3631, 0, 1, 1, 1, 1, 0
bm4238, 1, 1, 1, 3.5433, 1, 1, 1, 2, 1, 0
bm4238, 1, 0, 0, 1.8137, 0, 1, 1, 3, 1, 0
bm4238, 1, 1, 0, 3.7218, 0, 1, 1, 4, 1, 0
bm4238, 1, -1, 1, 1.9681, 0, 1, 0, 5, 1, 0
bm4238, 1, -1, 1, 10.8494, 1, 1, 1, 6, 1, 0
bm4238, 1, 0, 1, 4.3086, 1, 1, 1, 7, 1, 0
bm4238, 1, 1, 0, 7.2349, 0, 1, 1, 8, 1, 0
bm4238, 1, 1, 0, 7.0497, 0, 1, 1, 9, 1, 0
bm4238, 1, -1, 1, 3.5118, 1, 1, 1, 10, 1, 0
bm4238, 1, 0, 0, 1.7629, 0, 0, 1, 1, 1, 0
bm4238, 1, 1, 0, 4.6011, 0, 0, 1, 2, 1, 0
bm4238, 1, 0, 0, 2.4598, 0, 0, 1, 3, 1, 0
bm4238, 1, 0, 0, 1.3988, 0, 0, 1, 4, 1, 0
bm4238, 1, 1, 0, 5.755, 0, 0, 1, 5, 1, 0
bm4238, 1, 1, 0, 3.9509, 0, 0, 1, 6, 1, 0
bm4238, 1, 1, 1, 2.172, 1, 0, 1, 7, 1, 0
bm4238, 1, -1, 1, 4.2898, 1, 0, 1, 8, 1, 0
bm4238, 1, 1, 0, 4.6567, 0, 0, 1, 9, 1, 0
bm4238, 1, 0, 1, 1.1543, 1, 0, 1, 10, 1, 0
bm4238, 1, 1, 0, 2.5922, 0, 0, 1, 11, 1, 0
bm4238, 1, 0, 1, 1.4616, 1, 0, 1, 12, 1, 0
bm4238, 1, 1, 0, 7.8321, 0, 0, 1, 13, 1, 0
bm4238, 1, 0, 0, 1.5916, 0, 0, 1, 14, 1, 0
bm4238, 1, 0, 1, 1.0787, 1, 0, 1, 15, 1, 0
bm4238, 1, 1, 1, 3.0007, 1, 0, 1, 16, 1, 0
bm4238, 1, -1, 1, 2.1411, 1, 0, 1, 17, 1, 0
bm4238, 1, -1, 1, 6.9649, 1, 0, 1, 18, 1, 0
bm4238, 1, -1, 1, 6.8225, 0, 0, 0, 19, 1, 0
bm4238, 1, 0, 1, 1.2666, 1, 0, 1, 20, 1, 0
bm4238, 1, -1, 0, 3.2779, 0, 0, 1, 21, 1, 0
bm4238, 1, -1, 0, 6.4546, 0, 0, 1, 22, 1, 0
bm4238, 1, -1, 1, 2.3497, 1, 0, 1, 23, 1, 0
bm4238, 1, -1, 1, 3.6123, 1, 0, 1, 24, 1, 0
bm4238, 1, 0, 0, 1.0646, 0, 0, 1, 25, 1, 0
bm4238, 1, 0, 1, 0.9569, 1, 0, 1, 26, 1, 0
bm4238, 1, -1, 1, 3.7959, 1, 0, 1, 27, 1, 0
bm4238, 1, -1, 1, 3.5595, 1, 0, 1, 28, 1, 0
bm4238, 1, 0, 0, 1.3659, 0, 0, 1, 29, 1, 0
bm4238, 1, 1, 1, 4.6371, 1, 0, 1, 30, 1, 0
bm4238, 1, -1, 0, 2.5264, 0, 0, 1, 31, 1, 0
bm4238, 1, -1, 0, 4.0699, 0, 0, 1, 32, 1, 0
bm4238, 0, 4, S, 2.15, S, NA, 1, 1, 2, NA
bm4238, 0, 4, F, 1.05, F, NA, 1, 2, 2, NA
bm4238, 0, 4, D, 1.21, D, NA, 1, 3, 2, NA
bm4238, 0, 4, G, 1.13, G, NA, 1, 4, 2, NA
bm4238, 0, 4, A, 0.9, A, NA, 1, 5, 2, NA
bm4238, 0, 3, G, 1.01, G, NA, 1, 6, 2, NA
bm4238, 0, 3, G, 0.9, G, NA, 1, 7, 2, NA
bm4238, 0, 2, H, 1.06, H, NA, 1, 8, 2, NA
bm4238, 0, 2, J, 1.01, J, NA, 1, 9, 2, NA
bm4238, 0, 1, A, 0.84, A, NA, 1, 10, 2, NA
bm4238, 0, 2, G, 2.16, A, NA, 0, 11, 2, NA
bm4238, 0, 3, H, 1.08, A, NA, 0, 12, 2, NA
bm4238, 0, 3, D, 0.78, D, NA, 1, 13, 2, NA
bm4238, 0, 2, J, 0.97, J, NA, 1, 14, 2, NA
bm4238, 0, 2, J, 1.97, J, NA, 1, 15, 2, NA
bm4238, 0, 3, J, 3.11, K, NA, 0, 16, 2, NA
bm4238, 0, 3, H, 1.4, H, NA, 1, 17, 2, NA
bm4238, 0, 2, A, 0.72, A, NA, 1, 18, 2, NA
bm4238, 0, 3, J, 1.56, H, NA, 0, 19, 2, NA
bm4238, 0, 3, H, 0.91, H, NA, 1, 20, 2, NA
bm4238, 0, 2, A, 0.86, A, NA, 1, 21, 2, NA
bm4238, 0, 2, G, 1.06, G, NA, 1, 22, 2, NA
bm4238, 0, 3, H, 2.6, S, NA, 0, 23, 2, NA
bm4238, 0, 3, F, 0.76, F, NA, 1, 24, 2, NA
bm4238, 0, 2, F, 0.73, F, NA, 1, 25, 2, NA
bm4238, 0, 2, G, 0.79, G, NA, 1, 26, 2, NA
bm4238, 0, 3, F, 1.71, H, NA, 0, 27, 2, NA
bm4238, 0, 3, D, 1.02, D, NA, 1, 28, 2, NA
bm4238, 0, 2, S, 0.65, S, NA, 1, 29, 2, NA
bm4238, 0, 2, J, 0.99, J, NA, 1, 30, 2, NA
bm4238, 0, 1, A, 0.8, A, NA, 1, 31, 2, NA
bm4238, 0, 2, D, 0.84, K, NA, 0, 32, 2, NA
bm4238, 0, 2, G, 0.93, G, NA, 1, 33, 2, NA
bm4238, 0, 3, K, 2.87, S, NA, 0, 34, 2, NA
bm4238, 0, 3, F, 0.66, F, NA, 1, 35, 2, NA
bm4238, 0, 2, G, 0.98, G, NA, 1, 36, 2, NA
bm4238, 0, 2, J, 0.94, J, NA, 1, 37, 2, NA
bm4238, 0, 3, H, 2.39, D, NA, 0, 38, 2, NA
bm4238, 0, 3, G, 1.01, G, NA, 1, 39, 2, NA
bm4238, 0, 2, J, 1.25, J, NA, 1, 40, 2, NA
bm4238, 0, 2, D, 2.08, D, NA, 1, 41, 2, NA
bm4238, 0, 1, A, 0.84, A, NA, 1, 42, 2, NA
bm4238, 0, 2, H, 0.9, S, NA, 0, 43, 2, NA
bm4238, 0, 2, D, 0.8, D, NA, 1, 44, 2, NA
bm4238, 0, 3, A, 3.85, G, NA, 0, 45, 2, NA
bm4238, 0, 3, L, 1.2, L, NA, 1, 46, 2, NA
bm4238, 0, 2, F, 0.68, F, NA, 1, 47, 2, NA
bm4238, 0, 2, K, 0.95, K, NA, 1, 48, 2, NA
bm4238, 0, 3, H, 1.39, A, NA, 0, 49, 2, NA
bm4238, 0, 3, A, 0.8, A, NA, 1, 50, 2, NA
bm4238, 2, 0, 1, 0.87, 1, 0, 1, 1, 2, 0
bm4238, 2, 0, 0, 0.89, 0, 0, 1, 2, 2, 0
bm4238, 2, 0, 0, 0.65, 0, 0, 1, 3, 2, 0
bm4238, 2, 0, 1, 0.63, 1, 0, 1, 4, 2, 0
bm4238, 2, 0, 1, 0.75, 1, 0, 1, 5, 2, 0
bm4238, 2, 1, 0, 2.58, 0, 0, 1, 6, 2, 0
bm4238, 2, 1, 1, 0.91, 1, 0, 1, 7, 2, 0
bm4238, 2, 1, 1, 0.74, 1, 0, 1, 8, 2, 0
bm4238, 2, 1, 0, 1.6, 0, 0, 1, 9, 2, 0
bm4238, 2, 1, 0, 1.65, 0, 0, 1, 10, 2, 0
bm4238, 2, 0, 1, 1.14, 1, 0, 1, 11, 2, 0
bm4238, 2, 0, 0, 0.7, 0, 0, 1, 12, 2, 0
bm4238, 2, 1, 0, 1.58, 0, 0, 1, 13, 2, 0
bm4238, 2, 1, 1, 1.12, 1, 0, 1, 14, 2, 0
bm4238, 2, 1, 0, 2.2, 0, 0, 1, 15, 2, 0
bm4238, 2, 1, 1, 1.07, 1, 0, 1, 16, 2, 0
bm4238, 2, 0, 0, 0.81, 0, 0, 1, 17, 2, 0
bm4238, 2, 0, 1, 0.73, 1, 0, 1, 18, 2, 0
bm4238, 2, 0, 1, 0.76, 1, 0, 1, 19, 2, 0
bm4238, 2, 1, 0, 1.95, 0, 0, 1, 20, 2, 0
bm4238, 2, 1, 1, 1.6, 1, 0, 1, 21, 2, 0
bm4238, 2, 1, 0, 1.7, 0, 0, 1, 22, 2, 0
bm4238, 2, 0, 0, 0.73, 0, 0, 1, 23, 2, 0
bm4238, 2, 1, 1, 0.79, 1, 0, 1, 24, 2, 0
bm4238, 2, 0, 1, 0.65, 1, 0, 1, 25, 2, 0
bm4238, 2, 1, 1, 0.79, 1, 0, 1, 26, 2, 0
bm4238, 2, 1, 1, 0.58, 1, 0, 1, 27, 2, 0
bm4238, 2, 1, 0, 1.63, 0, 0, 1, 28, 2, 0
bm4238, 2, 0, 1, 0.71, 1, 0, 1, 29, 2, 0
bm4238, 2, 0, 0, 0.75, 0, 0, 1, 30, 2, 0
bm4238, 2, 0, 0, 0.82, 0, 0, 1, 31, 2, 0
bm4238, 2, 0, 0, 0.55, 0, 0, 1, 32, 2, 0
bm4238, 3, 1, 0, 1.9543, 0, 0, 1, 1, 2, 0
bm4238, 3, 1, 0, 1.3815, 0, 0, 1, 2, 2, 0
bm4238, 3, 0, 1, 0.7356, 1, 0, 1, 3, 2, 0
bm4238, 3, 1, 1, 1.3805, 1, 0, 1, 4, 2, 0
bm4238, 3, 1, 0, 0.9587, 0, 0, 1, 5, 2, 0
bm4238, 3, 0, 1, 0.634, 1, 0, 1, 6, 2, 0
bm4238, 3, 1, 1, 1.9552, 1, 0, 1, 7, 2, 0
bm4238, 3, 0, 0, 0.758, 0, 0, 1, 8, 2, 0
bm4238, 3, 1, 1, 0.6015, 0, 0, 0, 9, 2, 0
bm4238, 3, 0, 0, 1.4801, 0, 0, 1, 10, 2, 0
bm4238, 3, 0, 1, 0.6062, 1, 0, 1, 11, 2, 0
bm4238, 3, 1, 0, 3.2558, 0, 0, 1, 12, 2, 0
bm4238, 3, 0, 1, 0.4694, 1, 0, 1, 13, 2, 0
bm4238, 3, 1, 0, 0.6453, 0, 0, 1, 14, 2, 0
bm4238, 3, 0, 1, 0.6701, 1, 0, 1, 15, 2, 0
bm4238, 3, 0, 1, 0.6137, 1, 0, 1, 16, 2, 0
bm4238, 3, 0, 1, 0.5433, 1, 0, 1, 17, 2, 0
bm4238, 3, 1, 0, 0.8126, 0, 0, 1, 18, 2, 0
bm4238, 3, 0, 0, 0.6061, 0, 0, 1, 19, 2, 0
bm4238, 3, 1, 1, 0.8564, 1, 0, 1, 20, 2, 0
bm4238, 3, 0, 1, 0.3927, 1, 0, 1, 21, 2, 0
bm4238, 3, 1, 0, 0.8591, 0, 0, 1, 22, 2, 0
bm4238, 3, 0, 1, 0.6823, 1, 0, 1, 23, 2, 0
bm4238, 3, 1, 0, 1.0255, 1, 0, 0, 24, 2, 0
bm4238, 3, 1, 0, 2.8941, 0, 0, 1, 25, 2, 0
bm4238, 3, 1, 0, 1.5787, 0, 0, 1, 26, 2, 0
bm4238, 3, 0, 0, 0.7807, 0, 0, 1, 27, 2, 0
bm4238, 3, 0, 0, 1.1837, 0, 0, 1, 28, 2, 0
bm4238, 3, 0, 0, 0.7221, 0, 0, 1, 29, 2, 0
bm4238, 3, 1, 1, 1.1436, 1, 0, 1, 30, 2, 0
bm4238, 3, 1, 1, 1.0361, 1, 0, 1, 31, 2, 0
bm4238, 3, 0, 1, 0.6766, 1, 0, 1, 32, 2, 0
bm4238, 1, 0, 1, 1.3088, 1, 0, 1, 1, 2, 0
bm4238, 1, -1, 1, 1.5263, 0, 0, 0, 2, 2, 0
bm4238, 1, 0, 0, 1.4675, 0, 0, 1, 3, 2, 0
bm4238, 1, -1, 0, -1.9516, 0, 0, 1, 4, 2, 1
bm4238, 1, 1, 0, 2.494, 0, 0, 1, 5, 2, 0
bm4238, 1, 0, 0, 2.2321, 0, 0, 1, 6, 2, 0
bm4238, 1, 0, 0, 1.0373, 0, 0, 1, 7, 2, 0
bm4238, 1, 1, 1, 4.3374, 1, 0, 1, 8, 2, 0
bm4238, 1, -1, 0, 5.1991, 0, 0, 1, 9, 2, 0
bm4238, 1, 1, 1, 4.7291, 1, 0, 1, 10, 2, 0
bm4238, 1, 1, 1, 1.7186, 1, 0, 1, 11, 2, 0
bm4238, 1, -1, 1, 4.1748, 1, 0, 1, 12, 2, 0
bm4238, 1, 0, 1, 0.8197, 1, 0, 1, 13, 2, 0
bm4238, 1, -1, 0, 6.7216, 0, 0, 1, 14, 2, 0
bm4238, 1, 1, 1, 5.9815, 1, 0, 1, 15, 2, 0
bm4238, 1, 0, 1, 1.0968, 1, 0, 1, 16, 2, 0
bm4238, 1, -1, 0, 3.6249, 0, 0, 1, 17, 2, 0
bm4238, 1, 0, 0, 3.3326, 0, 0, 1, 18, 2, 0
bm4238, 1, 1, 0, 1.6433, 0, 0, 1, 19, 2, 0
bm4238, 1, 0, 1, 1.0323, 1, 0, 1, 20, 2, 0
bm4238, 1, 0, 1, 0.958, 1, 0, 1, 21, 2, 0
bm4238, 1, -1, 1, 2.8849, 1, 0, 1, 22, 2, 0
bm4238, 1, 0, 0, 3.5833, 0, 0, 1, 23, 2, 0
bm4238, 1, -1, 1, 2.7476, 1, 0, 1, 24, 2, 0
bm4238, 1, 1, 0, 5.6262, 0, 0, 1, 25, 2, 0
bm4238, 1, 1, 0, 1.8913, 1, 0, 0, 26, 2, 0
bm4238, 1, 1, 1, 1.736, 1, 0, 1, 27, 2, 0
bm4238, 1, 0, 1, 1.6491, 1, 0, 1, 28, 2, 0
bm4238, 1, -1, 1, 2.0446, 1, 0, 1, 29, 2, 0
bm4238, 1, 1, 0, 1.8, 0, 0, 1, 30, 2, 0
bm4238, 1, -1, 0, 2.7334, 0, 0, 1, 31, 2, 0
bm4238, 1, 0, 0, 1.3899, 0, 0, 1, 32, 2, 0
