sub, task, cond1, cond2, rt, inputResp, training, accuracy, trial, block, 2fast
bm4271, 0, 8, J, 1.56, J, NA, 1, 1, 1, NA
bm4271, 0, 8, F, 0.85, F, NA, 1, 2, 1, NA
bm4271, 0, 8, J, 1.26, J, NA, 1, 3, 1, NA
bm4271, 0, 8, A, 0.69, A, NA, 1, 4, 1, NA
bm4271, 0, 8, K, 1.02, K, NA, 1, 5, 1, NA
bm4271, 0, 7, D, 0.8, D, NA, 1, 6, 1, NA
bm4271, 0, 7, K, 1.11, K, NA, 1, 7, 1, NA
bm4271, 0, 6, S, 1.09, S, NA, 1, 8, 1, NA
bm4271, 0, 6, A, 0.71, A, NA, 1, 9, 1, NA
bm4271, 0, 5, L, 1.14, L, NA, 1, 10, 1, NA
bm4271, 0, 5, A, 0.64, A, NA, 1, 11, 1, NA
bm4271, 0, 4, D, 1.07, D, NA, 1, 12, 1, NA
bm4271, 0, 4, K, 1.25, K, NA, 1, 13, 1, NA
bm4271, 0, 3, A, 0.71, A, NA, 1, 14, 1, NA
bm4271, 0, 3, S, 0.74, S, NA, 1, 15, 1, NA
bm4271, 0, 2, J, 1.11, J, NA, 1, 16, 1, NA
bm4271, 0, 2, G, 1.06, G, NA, 1, 17, 1, NA
bm4271, 0, 1, K, 1.09, K, NA, 1, 18, 1, NA
bm4271, 0, 2, K, 1.08, A, NA, 0, 19, 1, NA
bm4271, 0, 2, K, 1.1, K, NA, 1, 20, 1, NA
bm4271, 0, 1, L, 2.01, L, NA, 1, 21, 1, NA
bm4271, 0, 2, K, 1.02, S, NA, 0, 22, 1, NA
bm4271, 0, 2, J, 1.09, J, NA, 1, 23, 1, NA
bm4271, 0, 1, S, 0.61, S, NA, 1, 24, 1, NA
bm4271, 0, 2, J, 0.8, A, NA, 0, 25, 1, NA
bm4271, 0, 3, L, 0.99, S, NA, 0, 26, 1, NA
bm4271, 0, 3, D, 0.84, D, NA, 1, 27, 1, NA
bm4271, 0, 2, L, 1.09, L, NA, 1, 28, 1, NA
bm4271, 0, 2, G, 0.95, G, NA, 1, 29, 1, NA
bm4271, 0, 3, H, 1.56, J, NA, 0, 30, 1, NA
bm4271, 0, 3, L, 1.24, L, NA, 1, 31, 1, NA
bm4271, 0, 2, G, 1.04, G, NA, 1, 32, 1, NA
bm4271, 0, 2, L, 1.3, L, NA, 1, 33, 1, NA
bm4271, 0, 3, L, 0.86, A, NA, 0, 34, 1, NA
bm4271, 0, 4, J, 1.24, D, NA, 0, 35, 1, NA
bm4271, 0, 4, F, 0.84, F, NA, 1, 36, 1, NA
bm4271, 0, 3, A, 0.61, A, NA, 1, 37, 1, NA
bm4271, 0, 3, S, 0.58, S, NA, 1, 38, 1, NA
bm4271, 0, 2, S, 0.63, S, NA, 1, 39, 1, NA
bm4271, 0, 2, J, 1.0, J, NA, 1, 40, 1, NA
bm4271, 0, 1, G, 1.14, G, NA, 1, 41, 1, NA
bm4271, 0, 2, H, 0.84, S, NA, 0, 42, 1, NA
bm4271, 0, 3, L, 1.03, D, NA, 0, 43, 1, NA
bm4271, 0, 3, D, 0.72, D, NA, 1, 44, 1, NA
bm4271, 0, 2, G, 0.89, G, NA, 1, 45, 1, NA
bm4271, 0, 3, H, 0.84, S, NA, 0, 46, 1, NA
bm4271, 0, 3, F, 0.72, F, NA, 1, 47, 1, NA
bm4271, 0, 2, L, 1.04, L, NA, 1, 48, 1, NA
bm4271, 0, 3, H, 3.25, F, NA, 0, 49, 1, NA
bm4271, 0, 3, D, 0.6, D, NA, 1, 50, 1, NA
bm4271, 2, 1, 0, 6.34, 0, 1, 1, 1, 1, 0
bm4271, 2, 0, 1, 1.41, 1, 1, 1, 2, 1, 0
bm4271, 2, 1, 0, 7.07, 0, 1, 1, 3, 1, 0
bm4271, 2, 1, 0, 9.78, 0, 1, 1, 4, 1, 0
bm4271, 2, 1, 0, 9.83, 0, 1, 1, 5, 1, 0
bm4271, 2, 0, 1, 3.16, 1, 1, 1, 6, 1, 0
bm4271, 2, 0, 1, 1.66, 1, 1, 1, 7, 1, 0
bm4271, 2, 0, 1, 2.51, 1, 1, 1, 8, 1, 0
bm4271, 2, 0, 0, 2.57, 0, 1, 1, 9, 1, 0
bm4271, 2, 1, 1, 2.47, 1, 1, 1, 10, 1, 0
bm4271, 2, 0, 1, 2.59, 1, 0, 1, 1, 1, 0
bm4271, 2, 0, 1, 1.67, 1, 0, 1, 2, 1, 0
bm4271, 2, 0, 0, 0.94, 0, 0, 1, 3, 1, 0
bm4271, 2, 1, 0, 6.23, 0, 0, 1, 4, 1, 0
bm4271, 2, 0, 0, 1.98, 0, 0, 1, 5, 1, 0
bm4271, 2, 1, 1, 1.18, 1, 0, 1, 6, 1, 0
bm4271, 2, 0, 1, 1.2, 1, 0, 1, 7, 1, 0
bm4271, 2, 0, 0, 0.93, 0, 0, 1, 8, 1, 0
bm4271, 2, 0, 0, 0.93, 0, 0, 1, 9, 1, 0
bm4271, 2, 1, 0, 5.84, 0, 0, 1, 10, 1, 0
bm4271, 2, 1, 1, 5.72, 1, 0, 1, 11, 1, 0
bm4271, 2, 0, 0, 1.89, 0, 0, 1, 12, 1, 0
bm4271, 2, 0, 0, 1.06, 0, 0, 1, 13, 1, 0
bm4271, 2, 0, 1, 2.02, 1, 0, 1, 14, 1, 0
bm4271, 2, 0, 1, 1.23, 1, 0, 1, 15, 1, 0
bm4271, 2, 1, 1, 1.36, 1, 0, 1, 16, 1, 0
bm4271, 2, 1, 1, 1.23, 1, 0, 1, 17, 1, 0
bm4271, 2, 1, 0, 6.45, 0, 0, 1, 18, 1, 0
bm4271, 2, 0, 1, 2.06, 1, 0, 1, 19, 1, 0
bm4271, 2, 0, 0, 0.87, 0, 0, 1, 20, 1, 0
bm4271, 2, 1, 1, 0.97, 1, 0, 1, 21, 1, 0
bm4271, 2, 1, 1, 0.95, 1, 0, 1, 22, 1, 0
bm4271, 2, 1, 1, 1.01, 1, 0, 1, 23, 1, 0
bm4271, 2, 1, 1, 0.95, 1, 0, 1, 24, 1, 0
bm4271, 2, 0, 0, 1.05, 0, 0, 1, 25, 1, 0
bm4271, 2, 0, 0, 1.01, 0, 0, 1, 26, 1, 0
bm4271, 2, 1, 0, 6.33, 0, 0, 1, 27, 1, 0
bm4271, 2, 1, 0, 8.49, 0, 0, 1, 28, 1, 0
bm4271, 2, 1, 1, 1.63, 1, 0, 1, 29, 1, 0
bm4271, 2, 1, 0, 9.31, 0, 0, 1, 30, 1, 0
bm4271, 2, 0, 0, 1.56, 0, 0, 1, 31, 1, 0
bm4271, 2, 1, 1, 1.13, 1, 0, 1, 32, 1, 0
bm4271, 3, 0, 0, 6.9269, 0, 1, 1, 1, 1, 0
bm4271, 3, 0, 0, 5.7969, 0, 1, 1, 2, 1, 0
bm4271, 3, 1, 1, 1.5767, 1, 1, 1, 3, 1, 0
bm4271, 3, 0, 1, 2.4094, 1, 1, 1, 4, 1, 0
bm4271, 3, 1, 0, 1.2245, 0, 1, 1, 5, 1, 0
bm4271, 3, 1, 0, 1.0643, 0, 1, 1, 6, 1, 0
bm4271, 3, 0, 1, 0.5581, 1, 1, 1, 7, 1, 0
bm4271, 3, 1, 1, 1.7212, 1, 1, 1, 8, 1, 0
bm4271, 3, 1, 0, 1.0284, 0, 1, 1, 9, 1, 0
bm4271, 3, 0, 1, 0.5549, 1, 1, 1, 10, 1, 0
bm4271, 3, 0, 0, 1.8438, 0, 0, 1, 1, 1, 0
bm4271, 3, 1, 0, 0.9861, 0, 0, 1, 2, 1, 0
bm4271, 3, 0, 1, 0.4515, 1, 0, 1, 3, 1, 0
bm4271, 3, 0, 0, 2.1787, 0, 0, 1, 4, 1, 0
bm4271, 3, 0, 1, 0.8267, 1, 0, 1, 5, 1, 0
bm4271, 3, 1, 1, 1.9468, 0, 0, 0, 6, 1, 0
bm4271, 3, 0, 0, 0.6725, 0, 0, 1, 7, 1, 0
bm4271, 3, 1, 0, 1.0787, 0, 0, 1, 8, 1, 0
bm4271, 3, 1, 0, 0.9399, 0, 0, 1, 9, 1, 0
bm4271, 3, 1, 1, 1.0633, 1, 0, 1, 10, 1, 0
bm4271, 3, 1, 1, 1.5497, 1, 0, 1, 11, 1, 0
bm4271, 3, 0, 1, 0.5118, 1, 0, 1, 12, 1, 0
bm4271, 3, 0, 1, 1.6609, 1, 0, 1, 13, 1, 0
bm4271, 3, 1, 0, 0.9387, 0, 0, 1, 14, 1, 0
bm4271, 3, 1, 1, 0.8701, 1, 0, 1, 15, 1, 0
bm4271, 3, 0, 0, 0.9002, 0, 0, 1, 16, 1, 0
bm4271, 3, 0, 0, 0.625, 0, 0, 1, 17, 1, 0
bm4271, 3, 0, 1, 0.8091, 1, 0, 1, 18, 1, 0
bm4271, 3, 1, 1, 0.8899, 1, 0, 1, 19, 1, 0
bm4271, 3, 1, 0, 0.8874, 0, 0, 1, 20, 1, 0
bm4271, 3, 1, 0, 0.8367, 0, 0, 1, 21, 1, 0
bm4271, 3, 1, 1, 0.9002, 1, 0, 1, 22, 1, 0
bm4271, 3, 0, 1, 0.4968, 1, 0, 1, 23, 1, 0
bm4271, 3, 0, 1, 0.7656, 1, 0, 1, 24, 1, 0
bm4271, 3, 0, 1, 0.6246, 1, 0, 1, 25, 1, 0
bm4271, 3, 0, 1, 0.4409, 1, 0, 1, 26, 1, 0
bm4271, 3, 1, 0, 0.7927, 0, 0, 1, 27, 1, 0
bm4271, 3, 0, 0, 1.2734, 0, 0, 1, 28, 1, 0
bm4271, 3, 0, 0, 0.8552, 0, 0, 1, 29, 1, 0
bm4271, 3, 1, 0, 0.8699, 0, 0, 1, 30, 1, 0
bm4271, 3, 1, 0, 0.74, 0, 0, 1, 31, 1, 0
bm4271, 3, 1, 1, 1.1594, 1, 0, 1, 32, 1, 0
bm4271, 1, 1, 1, 6.0811, 1, 1, 1, 1, 1, 0
bm4271, 1, 1, 0, 5.4149, 0, 1, 1, 2, 1, 0
bm4271, 1, 0, 0, 4.9214, 0, 1, 1, 3, 1, 0
bm4271, 1, -1, 0, 8.6705, 0, 1, 1, 4, 1, 0
bm4271, 1, 1, 0, 8.1217, 0, 1, 1, 5, 1, 0
bm4271, 1, 0, 1, 1.7414, 1, 1, 1, 6, 1, 0
bm4271, 1, 1, 1, 4.6612, 1, 1, 1, 7, 1, 0
bm4271, 1, -1, 0, 8.8523, 0, 1, 1, 8, 1, 0
bm4271, 1, 1, 1, 3.2227, 1, 1, 1, 9, 1, 0
bm4271, 1, 0, 1, 1.0903, 1, 1, 1, 10, 1, 0
bm4271, 1, -1, 1, 4.3997, 1, 0, 1, 1, 1, 0
bm4271, 1, 0, 0, 2.2512, 0, 0, 1, 2, 1, 0
bm4271, 1, 0, 0, 1.6784, 0, 0, 1, 3, 1, 0
bm4271, 1, 0, 1, 1.7048, 1, 0, 1, 4, 1, 0
bm4271, 1, 1, 1, 3.4563, 1, 0, 1, 5, 1, 0
bm4271, 1, -1, 0, 6.6253, 0, 0, 1, 6, 1, 0
bm4271, 1, -1, 1, 3.8728, 1, 0, 1, 7, 1, 0
bm4271, 1, 0, 1, 1.4415, 1, 0, 1, 8, 1, 0
bm4271, 1, 1, 0, 6.3566, 0, 0, 1, 9, 1, 0
bm4271, 1, -1, 0, 7.9349, 0, 0, 1, 10, 1, 0
bm4271, 1, -1, 1, 7.0641, 1, 0, 1, 11, 1, 0
bm4271, 1, -1, 1, 2.901, 1, 0, 1, 12, 1, 0
bm4271, 1, 1, 0, 3.1009, 0, 0, 1, 13, 1, 0
bm4271, 1, 1, 0, 3.9485, 0, 0, 1, 14, 1, 0
bm4271, 1, 1, 0, 2.5697, 0, 0, 1, 15, 1, 0
bm4271, 1, 1, 1, 2.4143, 1, 0, 1, 16, 1, 0
bm4271, 1, 0, 0, 2.7946, 0, 0, 1, 17, 1, 0
bm4271, 1, -1, 0, 4.4223, 0, 0, 1, 18, 1, 0
bm4271, 1, 0, 0, 1.2653, 0, 0, 1, 19, 1, 0
bm4271, 1, 0, 0, 2.6366, 0, 0, 1, 20, 1, 0
bm4271, 1, 0, 0, 1.5841, 0, 0, 1, 21, 1, 0
bm4271, 1, 0, 1, 1.2143, 1, 0, 1, 22, 1, 0
bm4271, 1, 0, 0, 2.1558, 0, 0, 1, 23, 1, 0
bm4271, 1, 1, 0, 5.5368, 0, 0, 1, 24, 1, 0
bm4271, 1, -1, 0, 4.6206, 0, 0, 1, 25, 1, 0
bm4271, 1, 0, 1, 1.0552, 1, 0, 1, 26, 1, 0
bm4271, 1, -1, 1, 6.1135, 1, 0, 1, 27, 1, 0
bm4271, 1, 1, 1, 2.7733, 1, 0, 1, 28, 1, 0
bm4271, 1, 1, 1, 5.6985, 1, 0, 1, 29, 1, 0
bm4271, 1, -1, 1, 2.9674, 1, 0, 1, 30, 1, 0
bm4271, 1, 1, 1, 3.2603, 1, 0, 1, 31, 1, 0
bm4271, 1, -1, 1, 5.5578, 1, 0, 1, 32, 1, 0
bm4271, 0, 4, A, 2.36, A, NA, 1, 1, 2, NA
bm4271, 0, 4, G, 1.03, G, NA, 1, 2, 2, NA
bm4271, 0, 4, H, 1.12, H, NA, 1, 3, 2, NA
bm4271, 0, 4, S, 0.64, S, NA, 1, 4, 2, NA
bm4271, 0, 4, K, 0.91, K, NA, 1, 5, 2, NA
bm4271, 0, 3, F, 0.72, F, NA, 1, 6, 2, NA
bm4271, 0, 4, H, 1.05, G, NA, 0, 7, 2, NA
bm4271, 0, 4, A, 0.56, A, NA, 1, 8, 2, NA
bm4271, 0, 3, D, 0.61, D, NA, 1, 9, 2, NA
bm4271, 0, 4, H, 1.04, G, NA, 0, 10, 2, NA
bm4271, 0, 4, J, 1.06, J, NA, 1, 11, 2, NA
bm4271, 0, 3, S, 0.53, S, NA, 1, 12, 2, NA
bm4271, 0, 3, D, 0.65, D, NA, 1, 13, 2, NA
bm4271, 0, 2, A, 0.54, A, NA, 1, 14, 2, NA
bm4271, 0, 2, J, 0.54, J, NA, 1, 15, 2, NA
bm4271, 0, 1, S, 0.56, S, NA, 1, 16, 2, NA
bm4271, 0, 2, D, 0.86, L, NA, 0, 17, 2, NA
bm4271, 0, 2, S, 0.6, S, NA, 1, 18, 2, NA
bm4271, 0, 1, F, 0.71, F, NA, 1, 19, 2, NA
bm4271, 0, 2, H, 0.78, F, NA, 0, 20, 2, NA
bm4271, 0, 2, G, 1.04, G, NA, 1, 21, 2, NA
bm4271, 0, 3, L, 0.94, D, NA, 0, 22, 2, NA
bm4271, 0, 3, H, 1.02, H, NA, 1, 23, 2, NA
bm4271, 0, 2, J, 0.98, J, NA, 1, 24, 2, NA
bm4271, 0, 2, A, 0.66, A, NA, 1, 25, 2, NA
bm4271, 0, 1, L, 1.03, L, NA, 1, 26, 2, NA
bm4271, 0, 1, S, 0.81, S, NA, 1, 27, 2, NA
bm4271, 0, 2, J, 1.08, D, NA, 0, 28, 2, NA
bm4271, 0, 2, G, 1.05, G, NA, 1, 29, 2, NA
bm4271, 0, 3, F, 1.05, D, NA, 0, 30, 2, NA
bm4271, 0, 3, L, 1.06, L, NA, 1, 31, 2, NA
bm4271, 0, 2, J, 0.9, J, NA, 1, 32, 2, NA
bm4271, 0, 3, H, 0.96, J, NA, 0, 33, 2, NA
bm4271, 0, 3, L, 1.01, L, NA, 1, 34, 2, NA
bm4271, 0, 2, S, 1.01, S, NA, 1, 35, 2, NA
bm4271, 0, 2, H, 1.03, H, NA, 1, 36, 2, NA
bm4271, 0, 1, D, 0.7, D, NA, 1, 37, 2, NA
bm4271, 0, 2, J, 0.84, S, NA, 0, 38, 2, NA
bm4271, 0, 2, J, 1.03, J, NA, 1, 39, 2, NA
bm4271, 0, 1, L, 0.79, L, NA, 1, 40, 2, NA
bm4271, 0, 2, G, 1.19, S, NA, 0, 41, 2, NA
bm4271, 0, 2, D, 0.69, D, NA, 1, 42, 2, NA
bm4271, 0, 1, G, 0.82, G, NA, 1, 43, 2, NA
bm4271, 0, 2, K, 0.73, S, NA, 0, 44, 2, NA
bm4271, 0, 3, J, 0.98, S, NA, 0, 45, 2, NA
bm4271, 0, 3, F, 0.78, F, NA, 1, 46, 2, NA
bm4271, 0, 4, F, 1.19, G, NA, 0, 47, 2, NA
bm4271, 0, 4, H, 0.98, H, NA, 1, 48, 2, NA
bm4271, 0, 3, F, 0.67, F, NA, 1, 49, 2, NA
bm4271, 0, 3, K, 1.16, K, NA, 1, 50, 2, NA
bm4271, 2, 1, 0, 4.4, 0, 0, 1, 1, 2, 0
bm4271, 2, 0, 1, 0.83, 1, 0, 1, 2, 2, 0
bm4271, 2, 0, 0, 1.01, 0, 0, 1, 3, 2, 0
bm4271, 2, 1, 0, 3.46, 0, 0, 1, 4, 2, 0
bm4271, 2, 0, 1, 0.85, 1, 0, 1, 5, 2, 0
bm4271, 2, 0, 0, 0.99, 0, 0, 1, 6, 2, 0
bm4271, 2, 0, 0, 0.8, 0, 0, 1, 7, 2, 0
bm4271, 2, 0, 0, 0.83, 0, 0, 1, 8, 2, 0
bm4271, 2, 1, 0, 3.51, 0, 0, 1, 9, 2, 0
bm4271, 2, 0, 0, 0.87, 0, 0, 1, 10, 2, 0
bm4271, 2, 1, 0, 3.58, 0, 0, 1, 11, 2, 0
bm4271, 2, 1, 1, 1.45, 1, 0, 1, 12, 2, 0
bm4271, 2, 1, 1, 1.15, 1, 0, 1, 13, 2, 0
bm4271, 2, 1, 1, 1.01, 1, 0, 1, 14, 2, 0
bm4271, 2, 0, 0, 2.19, 0, 0, 1, 15, 2, 0
bm4271, 2, 0, 0, 1.0, 0, 0, 1, 16, 2, 0
bm4271, 2, 0, 0, 0.79, 0, 0, 1, 17, 2, 0
bm4271, 2, 1, 1, 0.97, 1, 0, 1, 18, 2, 0
bm4271, 2, 0, 1, 0.92, 1, 0, 1, 19, 2, 0
bm4271, 2, 0, 1, 0.66, 1, 0, 1, 20, 2, 0
bm4271, 2, 1, 1, 1.28, 1, 0, 1, 21, 2, 0
bm4271, 2, 1, 0, 2.5, 0, 0, 1, 22, 2, 0
bm4271, 2, 1, 1, 0.92, 1, 0, 1, 23, 2, 0
bm4271, 2, 1, 1, 1.59, 1, 0, 1, 24, 2, 0
bm4271, 2, 0, 1, 0.83, 1, 0, 1, 25, 2, 0
bm4271, 2, 1, 1, 0.8, 1, 0, 1, 26, 2, 0
bm4271, 2, 1, 1, 0.75, 1, 0, 1, 27, 2, 0
bm4271, 2, 0, 0, 1.0, 0, 0, 1, 28, 2, 0
bm4271, 2, 1, 1, 1.38, 1, 0, 1, 29, 2, 0
bm4271, 2, 0, 0, 1.31, 0, 0, 1, 30, 2, 0
bm4271, 2, 0, 1, 1.01, 1, 0, 1, 31, 2, 0
bm4271, 2, 1, 0, 2.43, 0, 0, 1, 32, 2, 0
bm4271, 3, 0, 1, 0.8685, 1, 0, 1, 1, 2, 0
bm4271, 3, 0, 1, 0.5157, 1, 0, 1, 2, 2, 0
bm4271, 3, 1, 0, 0.8176, 0, 0, 1, 3, 2, 0
bm4271, 3, 1, 1, 0.7232, 1, 0, 1, 4, 2, 0
bm4271, 3, 1, 1, 0.7926, 1, 0, 1, 5, 2, 0
bm4271, 3, 1, 1, 2.3156, 1, 0, 1, 6, 2, 0
bm4271, 3, 1, 1, 1.0715, 1, 0, 1, 7, 2, 0
bm4271, 3, 0, 0, 0.5827, 0, 0, 1, 8, 2, 0
bm4271, 3, 1, 1, 0.5457, 1, 0, 1, 9, 2, 0
bm4271, 3, 1, 0, 0.5902, 0, 0, 1, 10, 2, 0
bm4271, 3, 1, 1, 0.5372, 1, 0, 1, 11, 2, 0
bm4271, 3, 0, 0, 0.7744, 0, 0, 1, 12, 2, 0
bm4271, 3, 0, 1, 0.4737, 1, 0, 1, 13, 2, 0
bm4271, 3, 0, 1, 0.4257, 1, 0, 1, 14, 2, 0
bm4271, 3, 0, 0, 0.6034, 0, 0, 1, 15, 2, 0
bm4271, 3, 0, 1, 0.5497, 1, 0, 1, 16, 2, 0
bm4271, 3, 0, 0, 0.8661, 0, 0, 1, 17, 2, 0
bm4271, 3, 1, 0, 0.7536, 0, 0, 1, 18, 2, 0
bm4271, 3, 1, 0, 0.7097, 1, 0, 0, 19, 2, 0
bm4271, 3, 1, 0, 0.7994, 0, 0, 1, 20, 2, 0
bm4271, 3, 0, 1, 1.0416, 1, 0, 1, 21, 2, 0
bm4271, 3, 1, 1, 0.8423, 1, 0, 1, 22, 2, 0
bm4271, 3, 0, 1, 0.4263, 1, 0, 1, 23, 2, 0
bm4271, 3, 0, 0, 0.5395, 0, 0, 1, 24, 2, 0
bm4271, 3, 0, 1, 0.5041, 0, 0, 0, 25, 2, 0
bm4271, 3, 1, 0, -2.185, 1, 0, 0, 26, 2, 1
bm4271, 3, 1, 0, 1.338, 0, 0, 1, 27, 2, 0
bm4271, 3, 0, 0, 0.6775, 0, 0, 1, 28, 2, 0
bm4271, 3, 0, 0, 0.7631, 0, 0, 1, 29, 2, 0
bm4271, 3, 1, 0, 0.9748, 0, 0, 1, 30, 2, 0
bm4271, 3, 1, 1, 0.6341, 1, 0, 1, 31, 2, 0
bm4271, 3, 0, 0, 0.675, 0, 0, 1, 32, 2, 0
bm4271, 1, 0, 1, 0.7848, 1, 0, 1, 1, 2, 0
bm4271, 1, 0, 1, 1.1054, 1, 0, 1, 2, 2, 0
bm4271, 1, 1, 0, 3.3149, 0, 0, 1, 3, 2, 0
bm4271, 1, 1, 1, 5.0662, 1, 0, 1, 4, 2, 0
bm4271, 1, 1, 0, 3.0658, 0, 0, 1, 5, 2, 0
bm4271, 1, 1, 0, 2.1234, 0, 0, 1, 6, 2, 0
bm4271, 1, 1, 0, 2.8358, 0, 0, 1, 7, 2, 0
bm4271, 1, 0, 1, 1.0878, 1, 0, 1, 8, 2, 0
bm4271, 1, 0, 1, 0.9152, 1, 0, 1, 9, 2, 0
bm4271, 1, -1, 1, 3.7238, 1, 0, 1, 10, 2, 0
bm4271, 1, 0, 0, 1.7312, 0, 0, 1, 11, 2, 0
bm4271, 1, 1, 1, 4.2194, 1, 0, 1, 12, 2, 0
bm4271, 1, 0, 1, 2.047, 1, 0, 1, 13, 2, 0
bm4271, 1, -1, 0, 2.4098, 0, 0, 1, 14, 2, 0
bm4271, 1, 1, 0, 3.1419, 0, 0, 1, 15, 2, 0
bm4271, 1, 0, 0, 1.7494, 0, 0, 1, 16, 2, 0
bm4271, 1, -1, 1, 2.0611, 1, 0, 1, 17, 2, 0
bm4271, 1, -1, 0, 2.7916, 0, 0, 1, 18, 2, 0
bm4271, 1, 0, 1, 1.3974, 1, 0, 1, 19, 2, 0
bm4271, 1, 1, 1, 2.5554, 1, 0, 1, 20, 2, 0
bm4271, 1, 1, 0, 2.4653, 0, 0, 1, 21, 2, 0
bm4271, 1, 0, 0, 1.5488, 0, 0, 1, 22, 2, 0
bm4271, 1, 0, 0, 1.342, 0, 0, 1, 23, 2, 0
bm4271, 1, 1, 0, 2.8374, 0, 0, 1, 24, 2, 0
bm4271, 1, -1, 1, 2.3044, 1, 0, 1, 25, 2, 0
bm4271, 1, -1, 1, 1.8414, 1, 0, 1, 26, 2, 0
bm4271, 1, -1, 0, 4.4848, 0, 0, 1, 27, 2, 0
bm4271, 1, -1, 1, 3.5321, 1, 0, 1, 28, 2, 0
bm4271, 1, 1, 0, 3.6426, 0, 0, 1, 29, 2, 0
bm4271, 1, 0, 0, 1.1897, 0, 0, 1, 30, 2, 0
bm4271, 1, 0, 1, 0.9331, 1, 0, 1, 31, 2, 0
bm4271, 1, -1, 1, 2.8775, 1, 0, 1, 32, 2, 0
