sub, task, cond1, cond2, rt, inputResp, training, accuracy, trial, block, 2fast
bm4235, 0, 8, D, 1.02, D, NA, 1, 1, 1, NA
bm4235, 0, 8, F, 1.3, F, NA, 1, 2, 1, NA
bm4235, 0, 8, A, 1.13, A, NA, 1, 3, 1, NA
bm4235, 0, 8, D, 1.24, D, NA, 1, 4, 1, NA
bm4235, 0, 8, J, 1.05, J, NA, 1, 5, 1, NA
bm4235, 0, 7, A, 0.99, A, NA, 1, 6, 1, NA
bm4235, 0, 7, H, 1.53, H, NA, 1, 7, 1, NA
bm4235, 0, 6, D, 1.05, D, NA, 1, 8, 1, NA
bm4235, 0, 6, D, 0.97, D, NA, 1, 9, 1, NA
bm4235, 0, 5, S, 0.83, S, NA, 1, 10, 1, NA
bm4235, 0, 5, G, 0.93, G, NA, 1, 11, 1, NA
bm4235, 0, 4, A, 0.84, A, NA, 1, 12, 1, NA
bm4235, 0, 4, D, 0.82, D, NA, 1, 13, 1, NA
bm4235, 0, 3, D, 0.8, D, NA, 1, 14, 1, NA
bm4235, 0, 3, K, 1.18, K, NA, 1, 15, 1, NA
bm4235, 0, 2, G, 1.06, G, NA, 1, 16, 1, NA
bm4235, 0, 2, A, 0.95, A, NA, 1, 17, 1, NA
bm4235, 0, 1, S, 1.11, S, NA, 1, 18, 1, NA
bm4235, 0, 2, J, 1.3, G, NA, 0, 19, 1, NA
bm4235, 0, 3, J, 1.89, D, NA, 0, 20, 1, NA
bm4235, 0, 4, L, 1.06, G, NA, 0, 21, 1, NA
bm4235, 0, 4, F, 1.03, F, NA, 1, 22, 1, NA
bm4235, 0, 3, H, 1.08, H, NA, 1, 23, 1, NA
bm4235, 0, 3, J, 1.12, J, NA, 1, 24, 1, NA
bm4235, 0, 2, H, 1.25, H, NA, 1, 25, 1, NA
bm4235, 0, 2, G, 0.89, G, NA, 1, 26, 1, NA
bm4235, 0, 1, S, 1.01, S, NA, 1, 27, 1, NA
bm4235, 0, 1, S, 1.19, S, NA, 1, 28, 1, NA
bm4235, 0, 2, H, 0.99, G, NA, 0, 29, 1, NA
bm4235, 0, 3, A, 0.95, H, NA, 0, 30, 1, NA
bm4235, 0, 3, D, 1.09, D, NA, 1, 31, 1, NA
bm4235, 0, 2, S, 1.14, S, NA, 1, 32, 1, NA
bm4235, 0, 2, J, 0.92, J, NA, 1, 33, 1, NA
bm4235, 0, 3, H, 1.68, D, NA, 0, 34, 1, NA
bm4235, 0, 3, F, 0.94, F, NA, 1, 35, 1, NA
bm4235, 0, 2, S, 0.9, S, NA, 1, 36, 1, NA
bm4235, 0, 2, S, 0.84, S, NA, 1, 37, 1, NA
bm4235, 0, 1, A, 0.77, A, NA, 1, 38, 1, NA
bm4235, 0, 2, G, 1.34, S, NA, 0, 39, 1, NA
bm4235, 0, 2, L, 1.27, L, NA, 1, 40, 1, NA
bm4235, 0, 1, K, 0.88, K, NA, 1, 41, 1, NA
bm4235, 0, 2, A, 2.55, J, NA, 0, 42, 1, NA
bm4235, 0, 2, S, 1.03, S, NA, 1, 43, 1, NA
bm4235, 0, 1, F, 0.86, F, NA, 1, 44, 1, NA
bm4235, 0, 1, G, 0.8, G, NA, 1, 45, 1, NA
bm4235, 0, 2, S, 0.81, G, NA, 0, 46, 1, NA
bm4235, 0, 2, G, 0.78, G, NA, 1, 47, 1, NA
bm4235, 0, 1, J, 0.93, J, NA, 1, 48, 1, NA
bm4235, 0, 2, D, 0.97, H, NA, 0, 49, 1, NA
bm4235, 0, 2, F, 0.85, F, NA, 1, 50, 1, NA
bm4235, 2, 0, 0, 3.71, 0, 1, 1, 1, 1, 0
bm4235, 2, 0, 1, 1.82, 1, 1, 1, 2, 1, 0
bm4235, 2, 1, 1, 1.97, 1, 1, 1, 3, 1, 0
bm4235, 2, 0, 1, 0.86, 1, 1, 1, 4, 1, 0
bm4235, 2, 1, 0, 2.19, 0, 1, 1, 5, 1, 0
bm4235, 2, 1, 0, 2.35, 0, 1, 1, 6, 1, 0
bm4235, 2, 0, 1, 0.71, 1, 1, 1, 7, 1, 0
bm4235, 2, 1, 0, 2.78, 0, 1, 1, 8, 1, 0
bm4235, 2, 0, 0, 0.99, 0, 1, 1, 9, 1, 0
bm4235, 2, 1, 1, 0.75, 1, 1, 1, 10, 1, 0
bm4235, 2, 0, 1, 2.19, 1, 0, 1, 1, 1, 0
bm4235, 2, 1, 1, 2.21, 1, 0, 1, 2, 1, 0
bm4235, 2, 1, 1, 0.77, 1, 0, 1, 3, 1, 0
bm4235, 2, 0, 0, 0.98, 1, 0, 0, 4, 1, 0
bm4235, 2, 1, 0, 1.57, 0, 0, 1, 5, 1, 0
bm4235, 2, 1, 0, 1.38, 0, 0, 1, 6, 1, 0
bm4235, 2, 1, 0, 3.79, 0, 0, 1, 7, 1, 0
bm4235, 2, 1, 1, 0.82, 1, 0, 1, 8, 1, 0
bm4235, 2, 1, 1, 2.58, 1, 0, 1, 9, 1, 0
bm4235, 2, 0, 0, 1.23, 0, 0, 1, 10, 1, 0
bm4235, 2, 0, 0, 1.78, 0, 0, 1, 11, 1, 0
bm4235, 2, 0, 0, 1.02, 0, 0, 1, 12, 1, 0
bm4235, 2, 0, 1, 0.54, 1, 0, 1, 13, 1, 0
bm4235, 2, 0, 0, 0.95, 0, 0, 1, 14, 1, 0
bm4235, 2, 1, 1, 1.41, 1, 0, 1, 15, 1, 0
bm4235, 2, 0, 0, 1.09, 0, 0, 1, 16, 1, 0
bm4235, 2, 1, 1, 0.76, 1, 0, 1, 17, 1, 0
bm4235, 2, 0, 1, 0.78, 1, 0, 1, 18, 1, 0
bm4235, 2, 0, 1, 0.77, 1, 0, 1, 19, 1, 0
bm4235, 2, 1, 1, 1.07, 1, 0, 1, 20, 1, 0
bm4235, 2, 0, 0, 0.73, 0, 0, 1, 21, 1, 0
bm4235, 2, 1, 0, 1.68, 0, 0, 1, 22, 1, 0
bm4235, 2, 1, 1, 0.72, 1, 0, 1, 23, 1, 0
bm4235, 2, 0, 0, 1.59, 1, 0, 0, 24, 1, 0
bm4235, 2, 0, 0, 0.96, 0, 0, 1, 25, 1, 0
bm4235, 2, 1, 0, 1.66, 0, 0, 1, 26, 1, 0
bm4235, 2, 1, 0, 1.77, 0, 0, 1, 27, 1, 0
bm4235, 2, 1, 0, 1.44, 0, 0, 1, 28, 1, 0
bm4235, 2, 0, 1, 0.73, 1, 0, 1, 29, 1, 0
bm4235, 2, 1, 1, 0.75, 1, 0, 1, 30, 1, 0
bm4235, 2, 0, 1, 0.58, 1, 0, 1, 31, 1, 0
bm4235, 2, 0, 1, 0.61, 1, 0, 1, 32, 1, 0
bm4235, 3, 1, 0, 2.6973, 0, 1, 1, 1, 1, 0
bm4235, 3, 0, 1, 2.0606, 1, 1, 1, 2, 1, 0
bm4235, 3, 0, 1, 1.1783, 1, 1, 1, 3, 1, 0
bm4235, 3, 1, 0, 1.7559, 0, 1, 1, 4, 1, 0
bm4235, 3, 1, 0, 1.6698, 1, 1, 0, 5, 1, 0
bm4235, 3, 0, 1, 1.5431, 1, 1, 1, 6, 1, 0
bm4235, 3, 1, 0, 1.3059, 0, 1, 1, 7, 1, 0
bm4235, 3, 0, 1, 0.95, 1, 1, 1, 8, 1, 0
bm4235, 3, 1, 0, 1.0574, 0, 1, 1, 9, 1, 0
bm4235, 3, 0, 1, 0.5847, 1, 1, 1, 10, 1, 0
bm4235, 3, 1, 0, 2.023, 1, 0, 0, 1, 1, 0
bm4235, 3, 0, 1, 1.3383, 1, 0, 1, 2, 1, 0
bm4235, 3, 1, 1, 1.7653, 1, 0, 1, 3, 1, 0
bm4235, 3, 0, 0, 0.3512, 0, 0, 1, 4, 1, 0
bm4235, 3, 0, 1, 4.8031, 0, 0, 0, 5, 1, 0
bm4235, 3, 0, 0, 2.3729, 0, 0, 1, 6, 1, 0
bm4235, 3, 1, 0, 3.2861, 0, 0, 1, 7, 1, 0
bm4235, 3, 1, 1, 1.5536, 1, 0, 1, 8, 1, 0
bm4235, 3, 1, 1, 1.8763, 1, 0, 1, 9, 1, 0
bm4235, 3, 0, 1, 1.0334, 1, 0, 1, 10, 1, 0
bm4235, 3, 0, 0, 1.2804, 0, 0, 1, 11, 1, 0
bm4235, 3, 0, 1, 0.7821, 1, 0, 1, 12, 1, 0
bm4235, 3, 1, 1, 1.7923, 1, 0, 1, 13, 1, 0
bm4235, 3, 1, 1, 1.4967, 1, 0, 1, 14, 1, 0
bm4235, 3, 0, 1, 0.4615, 1, 0, 1, 15, 1, 0
bm4235, 3, 0, 0, 0.6686, 0, 0, 1, 16, 1, 0
bm4235, 3, 1, 1, 2.4675, 1, 0, 1, 17, 1, 0
bm4235, 3, 1, 1, 3.2166, 1, 0, 1, 18, 1, 0
bm4235, 3, 0, 0, 0.8784, 0, 0, 1, 19, 1, 0
bm4235, 3, 1, 0, 1.5323, 0, 0, 1, 20, 1, 0
bm4235, 3, 1, 1, 0.9278, 1, 0, 1, 21, 1, 0
bm4235, 3, 0, 0, 0.8118, 0, 0, 1, 22, 1, 0
bm4235, 3, 1, 0, 3.1486, 1, 0, 0, 23, 1, 0
bm4235, 3, 1, 0, 2.7378, 0, 0, 1, 24, 1, 0
bm4235, 3, 0, 0, 1.3002, 0, 0, 1, 25, 1, 0
bm4235, 3, 1, 0, 1.185, 0, 0, 1, 26, 1, 0
bm4235, 3, 1, 0, 1.8268, 0, 0, 1, 27, 1, 0
bm4235, 3, 1, 1, 0.8899, 1, 0, 1, 28, 1, 0
bm4235, 3, 0, 0, 0.4559, 0, 0, 1, 29, 1, 0
bm4235, 3, 0, 1, 1.3996, 1, 0, 1, 30, 1, 0
bm4235, 3, 0, 0, 0.9758, 0, 0, 1, 31, 1, 0
bm4235, 3, 0, 1, 1.3858, 1, 0, 1, 32, 1, 0
bm4235, 1, -1, 0, 12.2692, 1, 1, 0, 1, 1, 0
bm4235, 1, 1, 0, 17.7529, 0, 1, 1, 2, 1, 0
bm4235, 1, 1, 0, 7.6958, 0, 1, 1, 3, 1, 0
bm4235, 1, 1, 1, 4.3387, 1, 1, 1, 4, 1, 0
bm4235, 1, 0, 1, 2.4157, 1, 1, 1, 5, 1, 0
bm4235, 1, -1, 0, 8.7305, 0, 1, 1, 6, 1, 0
bm4235, 1, -1, 1, 2.787, 1, 1, 1, 7, 1, 0
bm4235, 1, 0, 1, 1.5042, 1, 1, 1, 8, 1, 0
bm4235, 1, 1, 1, 3.7447, 1, 1, 1, 9, 1, 0
bm4235, 1, -1, 0, 5.6528, 0, 1, 1, 10, 1, 0
bm4235, 1, 1, 1, 3.2591, 1, 0, 1, 1, 1, 0
bm4235, 1, 0, 1, 1.3331, 1, 0, 1, 2, 1, 0
bm4235, 1, 0, 1, 1.7904, 1, 0, 1, 3, 1, 0
bm4235, 1, 0, 1, 1.4919, 1, 0, 1, 4, 1, 0
bm4235, 1, -1, 0, 2.5803, 0, 0, 1, 5, 1, 0
bm4235, 1, 1, 0, 2.4259, 0, 0, 1, 6, 1, 0
bm4235, 1, 0, 1, 1.222, 1, 0, 1, 7, 1, 0
bm4235, 1, 1, 0, 2.2267, 0, 0, 1, 8, 1, 0
bm4235, 1, 0, 1, 0.9672, 1, 0, 1, 9, 1, 0
bm4235, 1, -1, 0, 1.9981, 0, 0, 1, 10, 1, 0
bm4235, 1, 0, 1, 1.8035, 1, 0, 1, 11, 1, 0
bm4235, 1, 1, 0, 3.3436, 0, 0, 1, 12, 1, 0
bm4235, 1, -1, 0, 2.3888, 0, 0, 1, 13, 1, 0
bm4235, 1, -1, 1, 3.6656, 1, 0, 1, 14, 1, 0
bm4235, 1, -1, 1, 2.5853, 1, 0, 1, 15, 1, 0
bm4235, 1, -1, 1, 2.4779, 1, 0, 1, 16, 1, 0
bm4235, 1, 1, 0, 2.4548, 0, 0, 1, 17, 1, 0
bm4235, 1, -1, 1, 2.0488, 1, 0, 1, 18, 1, 0
bm4235, 1, 0, 0, 0.845, 0, 0, 1, 19, 1, 0
bm4235, 1, -1, 0, 1.9286, 0, 0, 1, 20, 1, 0
bm4235, 1, 1, 0, 2.5673, 0, 0, 1, 21, 1, 0
bm4235, 1, 0, 1, 0.8612, 1, 0, 1, 22, 1, 0
bm4235, 1, -1, 1, 2.8404, 1, 0, 1, 23, 1, 0
bm4235, 1, 0, 0, 1.1075, 0, 0, 1, 24, 1, 0
bm4235, 1, -1, 0, 2.2765, 0, 0, 1, 25, 1, 0
bm4235, 1, 0, 0, 1.1748, 0, 0, 1, 26, 1, 0
bm4235, 1, -1, 1, 2.7881, 1, 0, 1, 27, 1, 0
bm4235, 1, 1, 0, 2.8319, 0, 0, 1, 28, 1, 0
bm4235, 1, 1, 0, 3.1937, 0, 0, 1, 29, 1, 0
bm4235, 1, 1, 1, 2.6291, 1, 0, 1, 30, 1, 0
bm4235, 1, 0, 0, 1.3373, 0, 0, 1, 31, 1, 0
bm4235, 1, 1, 1, 3.9531, 1, 0, 1, 32, 1, 0
bm4235, 0, 4, F, 1.32, F, NA, 1, 1, 2, NA
bm4235, 0, 4, K, 1.58, K, NA, 1, 2, 2, NA
bm4235, 0, 4, S, 1.16, S, NA, 1, 3, 2, NA
bm4235, 0, 4, G, 1.14, G, NA, 1, 4, 2, NA
bm4235, 0, 4, L, 1.06, L, NA, 1, 5, 2, NA
bm4235, 0, 3, D, 1.19, D, NA, 1, 6, 2, NA
bm4235, 0, 3, J, 0.98, J, NA, 1, 7, 2, NA
bm4235, 0, 4, L, 1.22, G, NA, 0, 8, 2, NA
bm4235, 0, 4, D, 1.07, D, NA, 1, 9, 2, NA
bm4235, 0, 3, S, 0.85, S, NA, 1, 10, 2, NA
bm4235, 0, 3, D, 0.84, D, NA, 1, 11, 2, NA
bm4235, 0, 2, K, 0.98, K, NA, 1, 12, 2, NA
bm4235, 0, 2, A, 0.82, A, NA, 1, 13, 2, NA
bm4235, 0, 1, G, 0.95, G, NA, 1, 14, 2, NA
bm4235, 0, 2, F, 1.32, D, NA, 0, 15, 2, NA
bm4235, 0, 2, S, 1.03, S, NA, 1, 16, 2, NA
bm4235, 0, 1, A, 0.9, A, NA, 1, 17, 2, NA
bm4235, 0, 2, A, 0.95, G, NA, 0, 18, 2, NA
bm4235, 0, 2, H, 1.01, H, NA, 1, 19, 2, NA
bm4235, 0, 1, J, 1.01, J, NA, 1, 20, 2, NA
bm4235, 0, 1, S, 0.93, S, NA, 1, 21, 2, NA
bm4235, 0, 2, S, 1.15, F, NA, 0, 22, 2, NA
bm4235, 0, 2, L, 1.13, L, NA, 1, 23, 2, NA
bm4235, 0, 1, L, 2.14, L, NA, 1, 24, 2, NA
bm4235, 0, 2, A, 1.09, K, NA, 0, 25, 2, NA
bm4235, 0, 2, S, 1.0, S, NA, 1, 26, 2, NA
bm4235, 0, 1, K, 1.11, K, NA, 1, 27, 2, NA
bm4235, 0, 1, G, 1.16, G, NA, 1, 28, 2, NA
bm4235, 0, 2, D, 1.11, J, NA, 0, 29, 2, NA
bm4235, 0, 2, D, 1.03, D, NA, 1, 30, 2, NA
bm4235, 0, 1, G, 0.85, G, NA, 1, 31, 2, NA
bm4235, 0, 2, G, 0.99, S, NA, 0, 32, 2, NA
bm4235, 0, 2, G, 0.88, G, NA, 1, 33, 2, NA
bm4235, 0, 1, S, 0.85, S, NA, 1, 34, 2, NA
bm4235, 0, 2, L, 1.08, G, NA, 0, 35, 2, NA
bm4235, 0, 2, A, 0.77, A, NA, 1, 36, 2, NA
bm4235, 0, 1, L, 1.1, L, NA, 1, 37, 2, NA
bm4235, 0, 2, L, 1.66, S, NA, 0, 38, 2, NA
bm4235, 0, 2, H, 1.06, H, NA, 1, 39, 2, NA
bm4235, 0, 1, D, 0.93, D, NA, 1, 40, 2, NA
bm4235, 0, 2, J, 1.31, H, NA, 0, 41, 2, NA
bm4235, 0, 2, K, 0.96, K, NA, 1, 42, 2, NA
bm4235, 0, 1, L, 0.95, L, NA, 1, 43, 2, NA
bm4235, 0, 2, F, 1.13, G, NA, 0, 44, 2, NA
bm4235, 0, 2, D, 0.89, D, NA, 1, 45, 2, NA
bm4235, 0, 1, G, 1.1, G, NA, 1, 46, 2, NA
bm4235, 0, 2, J, 1.16, G, NA, 0, 47, 2, NA
bm4235, 0, 2, K, 0.89, K, NA, 1, 48, 2, NA
bm4235, 0, 3, H, 1.06, G, NA, 0, 49, 2, NA
bm4235, 0, 3, L, 1.3, L, NA, 1, 50, 2, NA
bm4235, 2, 1, 0, 2.28, 0, 0, 1, 1, 2, 0
bm4235, 2, 0, 0, 1.41, 0, 0, 1, 2, 2, 0
bm4235, 2, 1, 1, 0.81, 1, 0, 1, 3, 2, 0
bm4235, 2, 0, 1, 1.17, 1, 0, 1, 4, 2, 0
bm4235, 2, 0, 1, 0.68, 1, 0, 1, 5, 2, 0
bm4235, 2, 0, 0, 0.69, 0, 0, 1, 6, 2, 0
bm4235, 2, 1, 1, 1.3, 1, 0, 1, 7, 2, 0
bm4235, 2, 1, 0, 1.33, 0, 0, 1, 8, 2, 0
bm4235, 2, 0, 1, 1.19, 1, 0, 1, 9, 2, 0
bm4235, 2, 0, 1, 2.15, 1, 0, 1, 10, 2, 0
bm4235, 2, 1, 1, 0.63, 1, 0, 1, 11, 2, 0
bm4235, 2, 0, 1, 0.67, 1, 0, 1, 12, 2, 0
bm4235, 2, 0, 0, 0.94, 0, 0, 1, 13, 2, 0
bm4235, 2, 1, 0, 2.73, 0, 0, 1, 14, 2, 0
bm4235, 2, 1, 0, 1.12, 0, 0, 1, 15, 2, 0
bm4235, 2, 0, 0, 0.85, 0, 0, 1, 16, 2, 0
bm4235, 2, 0, 1, 0.76, 1, 0, 1, 17, 2, 0
bm4235, 2, 1, 0, 1.51, 0, 0, 1, 18, 2, 0
bm4235, 2, 0, 1, 0.67, 1, 0, 1, 19, 2, 0
bm4235, 2, 0, 1, 1.64, 0, 0, 0, 20, 2, 0
bm4235, 2, 0, 0, 1.44, 0, 0, 1, 21, 2, 0
bm4235, 2, 0, 0, 0.91, 0, 0, 1, 22, 2, 0
bm4235, 2, 0, 1, 0.6, 1, 0, 1, 23, 2, 0
bm4235, 2, 1, 0, 1.42, 0, 0, 1, 24, 2, 0
bm4235, 2, 1, 1, 1.2, 1, 0, 1, 25, 2, 0
bm4235, 2, 0, 1, 0.98, 1, 0, 1, 26, 2, 0
bm4235, 2, 1, 1, 1.52, 1, 0, 1, 27, 2, 0
bm4235, 2, 1, 1, 1.29, 1, 0, 1, 28, 2, 0
bm4235, 2, 1, 0, 2.39, 0, 0, 1, 29, 2, 0
bm4235, 2, 1, 0, 2.09, 0, 0, 1, 30, 2, 0
bm4235, 2, 1, 0, 2.31, 0, 0, 1, 31, 2, 0
bm4235, 2, 1, 0, 1.43, 0, 0, 1, 32, 2, 0
bm4235, 3, 0, 0, 1.2436, 0, 0, 1, 1, 2, 0
bm4235, 3, 0, 1, 1.1481, 1, 0, 1, 2, 2, 0
bm4235, 3, 0, 0, 1.8716, 0, 0, 1, 3, 2, 0
bm4235, 3, 1, 1, 0.9502, 1, 0, 1, 4, 2, 0
bm4235, 3, 1, 0, 1.0902, 0, 0, 1, 5, 2, 0
bm4235, 3, 0, 1, 0.5046, 1, 0, 1, 6, 2, 0
bm4235, 3, 0, 0, 0.5992, 0, 0, 1, 7, 2, 0
bm4235, 3, 0, 1, 0.6415, 1, 0, 1, 8, 2, 0
bm4235, 3, 0, 1, 0.6185, 1, 0, 1, 9, 2, 0
bm4235, 3, 0, 0, 0.5961, 0, 0, 1, 10, 2, 0
bm4235, 3, 0, 0, 0.6232, 0, 0, 1, 11, 2, 0
bm4235, 3, 1, 1, 1.2729, 1, 0, 1, 12, 2, 0
bm4235, 3, 1, 1, 1.5279, 1, 0, 1, 13, 2, 0
bm4235, 3, 1, 1, 2.5245, 1, 0, 1, 14, 2, 0
bm4235, 3, 1, 1, 1.1603, 1, 0, 1, 15, 2, 0
bm4235, 3, 0, 0, 0.6201, 0, 0, 1, 16, 2, 0
bm4235, 3, 0, 1, 0.5818, 1, 0, 1, 17, 2, 0
bm4235, 3, 1, 1, 1.0729, 1, 0, 1, 18, 2, 0
bm4235, 3, 0, 1, 0.6153, 1, 0, 1, 19, 2, 0
bm4235, 3, 1, 0, 1.137, 0, 0, 1, 20, 2, 0
bm4235, 3, 1, 0, 1.7015, 0, 0, 1, 21, 2, 0
bm4235, 3, 1, 0, 0.9628, 0, 0, 1, 22, 2, 0
bm4235, 3, 1, 0, 0.911, 0, 0, 1, 23, 2, 0
bm4235, 3, 1, 0, 1.4048, 0, 0, 1, 24, 2, 0
bm4235, 3, 0, 0, 0.7103, 0, 0, 1, 25, 2, 0
bm4235, 3, 0, 1, 1.6767, 1, 0, 1, 26, 2, 0
bm4235, 3, 1, 1, 1.4991, 1, 0, 1, 27, 2, 0
bm4235, 3, 0, 1, 0.9606, 1, 0, 1, 28, 2, 0
bm4235, 3, 1, 1, 0.9887, 1, 0, 1, 29, 2, 0
bm4235, 3, 0, 0, 0.5192, 0, 0, 1, 30, 2, 0
bm4235, 3, 1, 0, 1.125, 0, 0, 1, 31, 2, 0
bm4235, 3, 1, 0, 1.0344, 0, 0, 1, 32, 2, 0
bm4235, 1, -1, 1, 2.3042, 1, 0, 1, 1, 2, 0
bm4235, 1, 1, 0, 2.1931, 0, 0, 1, 2, 2, 0
bm4235, 1, 0, 1, 1.0483, 1, 0, 1, 3, 2, 0
bm4235, 1, 1, 1, 2.3493, 1, 0, 1, 4, 2, 0
bm4235, 1, 0, 1, 1.3256, 1, 0, 1, 5, 2, 0
bm4235, 1, 1, 0, 2.7908, 0, 0, 1, 6, 2, 0
bm4235, 1, -1, 0, 1.2999, 0, 0, 1, 7, 2, 0
bm4235, 1, 0, 1, 1.2474, 1, 0, 1, 8, 2, 0
bm4235, 1, -1, 0, 1.5314, 0, 0, 1, 9, 2, 0
bm4235, 1, -1, 0, 3.4032, 0, 0, 1, 10, 2, 0
bm4235, 1, -1, 1, 3.0391, 1, 0, 1, 11, 2, 0
bm4235, 1, 1, 1, 3.266, 1, 0, 1, 12, 2, 0
bm4235, 1, 1, 1, 2.5393, 1, 0, 1, 13, 2, 0
bm4235, 1, -1, 0, 2.2748, 0, 0, 1, 14, 2, 0
bm4235, 1, -1, 0, 4.1812, 0, 0, 1, 15, 2, 0
bm4235, 1, 0, 0, 1.6265, 0, 0, 1, 16, 2, 0
bm4235, 1, 1, 0, 1.8308, 0, 0, 1, 17, 2, 0
bm4235, 1, 1, 0, 2.106, 0, 0, 1, 18, 2, 0
bm4235, 1, -1, 1, 2.562, 1, 0, 1, 19, 2, 0
bm4235, 1, 0, 1, 1.1446, 1, 0, 1, 20, 2, 0
bm4235, 1, 0, 0, 2.5374, 0, 0, 1, 21, 2, 0
bm4235, 1, 1, 1, 4.1116, 1, 0, 1, 22, 2, 0
bm4235, 1, 0, 1, 1.6387, 1, 0, 1, 23, 2, 0
bm4235, 1, -1, 1, 2.8824, 1, 0, 1, 24, 2, 0
bm4235, 1, 0, 0, 1.5641, 0, 0, 1, 25, 2, 0
bm4235, 1, 0, 1, 1.323, 1, 0, 1, 26, 2, 0
bm4235, 1, 0, 1, 1.5557, 1, 0, 1, 27, 2, 0
bm4235, 1, 0, 1, 1.7949, 1, 0, 1, 28, 2, 0
bm4235, 1, 1, 0, 2.9029, 0, 0, 1, 29, 2, 0
bm4235, 1, 1, 0, 1.8866, 0, 0, 1, 30, 2, 0
bm4235, 1, -1, 0, 1.8874, 0, 0, 1, 31, 2, 0
bm4235, 1, -1, 0, 2.0328, 0, 0, 1, 32, 2, 0
