sub, task, cond1, cond2, rt, inputResp, training, accuracy, trial, block, 2fast
bm4255, 0, 8, G, 1.32, G, NA, 1, 1, 1, NA
bm4255, 0, 8, L, 1.22, L, NA, 1, 2, 1, NA
bm4255, 0, 8, L, 0.6, L, NA, 1, 3, 1, NA
bm4255, 0, 8, K, 1.63, K, NA, 1, 4, 1, NA
bm4255, 0, 8, S, 1.28, S, NA, 1, 5, 1, NA
bm4255, 0, 7, F, 1.25, F, NA, 1, 6, 1, NA
bm4255, 0, 7, G, 1.27, G, NA, 1, 7, 1, NA
bm4255, 0, 6, S, 1.18, S, NA, 1, 8, 1, NA
bm4255, 0, 6, J, 1.01, J, NA, 1, 9, 1, NA
bm4255, 0, 5, G, 1.0, G, NA, 1, 10, 1, NA
bm4255, 0, 5, H, 1.06, H, NA, 1, 11, 1, NA
bm4255, 0, 4, S, 1.41, S, NA, 1, 12, 1, NA
bm4255, 0, 4, K, 1.44, K, NA, 1, 13, 1, NA
bm4255, 0, 3, S, 1.04, S, NA, 1, 14, 1, NA
bm4255, 0, 3, H, 0.95, H, NA, 1, 15, 1, NA
bm4255, 0, 2, D, 1.0, D, NA, 1, 16, 1, NA
bm4255, 0, 3, H, 1.23, G, NA, 0, 17, 1, NA
bm4255, 0, 4, H, 1.21, G, NA, 0, 18, 1, NA
bm4255, 0, 4, G, 0.76, G, NA, 1, 19, 1, NA
bm4255, 0, 3, J, 0.9, J, NA, 1, 20, 1, NA
bm4255, 0, 3, S, 1.17, S, NA, 1, 21, 1, NA
bm4255, 0, 2, A, 1.02, A, NA, 1, 22, 1, NA
bm4255, 0, 2, F, 1.5, F, NA, 1, 23, 1, NA
bm4255, 0, 1, K, 1.11, K, NA, 1, 24, 1, NA
bm4255, 0, 1, H, 1.66, H, NA, 1, 25, 1, NA
bm4255, 0, 2, L, 1.81, D, NA, 0, 26, 1, NA
bm4255, 0, 3, L, 1.21, D, NA, 0, 27, 1, NA
bm4255, 0, 3, K, 1.27, K, NA, 1, 28, 1, NA
bm4255, 0, 2, G, 1.03, G, NA, 1, 29, 1, NA
bm4255, 0, 3, K, 1.11, G, NA, 0, 30, 1, NA
bm4255, 0, 3, F, 1.03, F, NA, 1, 31, 1, NA
bm4255, 0, 2, K, 1.39, K, NA, 1, 32, 1, NA
bm4255, 0, 2, F, 1.44, F, NA, 1, 33, 1, NA
bm4255, 0, 1, J, 1.14, J, NA, 1, 34, 1, NA
bm4255, 0, 2, A, 1.21, G, NA, 0, 35, 1, NA
bm4255, 0, 2, D, 1.0, D, NA, 1, 36, 1, NA
bm4255, 0, 1, J, 0.98, J, NA, 1, 37, 1, NA
bm4255, 0, 2, K, 0.99, G, NA, 0, 38, 1, NA
bm4255, 0, 3, A, 1.86, F, NA, 0, 39, 1, NA
bm4255, 0, 3, L, 1.52, L, NA, 1, 40, 1, NA
bm4255, 0, 2, J, 1.12, J, NA, 1, 41, 1, NA
bm4255, 0, 2, D, 1.06, D, NA, 1, 42, 1, NA
bm4255, 0, 1, H, 1.15, H, NA, 1, 43, 1, NA
bm4255, 0, 2, K, 1.18, G, NA, 0, 44, 1, NA
bm4255, 0, 2, H, 1.12, H, NA, 1, 45, 1, NA
bm4255, 0, 1, J, 1.05, J, NA, 1, 46, 1, NA
bm4255, 0, 2, H, 1.11, G, NA, 0, 47, 1, NA
bm4255, 0, 2, A, 1.15, A, NA, 1, 48, 1, NA
bm4255, 0, 1, A, 0.55, A, NA, 1, 49, 1, NA
bm4255, 0, 2, S, 1.38, G, NA, 0, 50, 1, NA
bm4255, 2, 0, 0, 0.88, 0, 1, 1, 1, 1, 0
bm4255, 2, 0, 0, 3.73, 0, 1, 1, 2, 1, 0
bm4255, 2, 0, 1, 0.85, 1, 1, 1, 3, 1, 0
bm4255, 2, 0, 1, 0.78, 1, 1, 1, 4, 1, 0
bm4255, 2, 1, 0, 3.59, 0, 1, 1, 5, 1, 0
bm4255, 2, 0, 1, 1.19, 1, 1, 1, 6, 1, 0
bm4255, 2, 1, 1, 2.01, 1, 1, 1, 7, 1, 0
bm4255, 2, 1, 0, 3.11, 0, 1, 1, 8, 1, 0
bm4255, 2, 1, 0, 3.37, 0, 1, 1, 9, 1, 0
bm4255, 2, 1, 1, 0.68, 1, 1, 1, 10, 1, 0
bm4255, 2, 0, 0, 1.17, 0, 0, 1, 1, 1, 0
bm4255, 2, 1, 0, 2.38, 0, 0, 1, 2, 1, 0
bm4255, 2, 0, 0, 0.8, 0, 0, 1, 3, 1, 0
bm4255, 2, 0, 1, 0.62, 1, 0, 1, 4, 1, 0
bm4255, 2, 1, 0, 1.91, 0, 0, 1, 5, 1, 0
bm4255, 2, 1, 1, 1.39, 1, 0, 1, 6, 1, 0
bm4255, 2, 0, 0, 0.81, 0, 0, 1, 7, 1, 0
bm4255, 2, 1, 1, 0.88, 1, 0, 1, 8, 1, 0
bm4255, 2, 1, 0, 1.68, 0, 0, 1, 9, 1, 0
bm4255, 2, 0, 0, 0.96, 0, 0, 1, 10, 1, 0
bm4255, 2, 1, 1, 2.54, 1, 0, 1, 11, 1, 0
bm4255, 2, 0, 0, 1.0, 0, 0, 1, 12, 1, 0
bm4255, 2, 1, 0, 5.1, 0, 0, 1, 13, 1, 0
bm4255, 2, 0, 0, 0.64, 0, 0, 1, 14, 1, 0
bm4255, 2, 0, 0, 0.56, 0, 0, 1, 15, 1, 0
bm4255, 2, 0, 1, 0.43, 0, 0, 0, 16, 1, 0
bm4255, 2, 0, 1, 1.01, 1, 0, 1, 17, 1, 0
bm4255, 2, 1, 0, 4.3, 0, 0, 1, 18, 1, 0
bm4255, 2, 1, 1, 2.15, 1, 0, 1, 19, 1, 0
bm4255, 2, 0, 1, 0.73, 1, 0, 1, 20, 1, 0
bm4255, 2, 1, 1, 1.49, 1, 0, 1, 21, 1, 0
bm4255, 2, 0, 1, 0.76, 1, 0, 1, 22, 1, 0
bm4255, 2, 1, 1, 1.73, 1, 0, 1, 23, 1, 0
bm4255, 2, 1, 1, 0.89, 1, 0, 1, 24, 1, 0
bm4255, 2, 0, 0, 0.92, 0, 0, 1, 25, 1, 0
bm4255, 2, 1, 0, 1.71, 0, 0, 1, 26, 1, 0
bm4255, 2, 0, 1, 0.79, 1, 0, 1, 27, 1, 0
bm4255, 2, 0, 0, 0.8, 0, 0, 1, 28, 1, 0
bm4255, 2, 0, 1, 0.62, 1, 0, 1, 29, 1, 0
bm4255, 2, 1, 1, 2.09, 1, 0, 1, 30, 1, 0
bm4255, 2, 1, 0, 2.7, 0, 0, 1, 31, 1, 0
bm4255, 2, 1, 1, 1.31, 1, 0, 1, 32, 1, 0
bm4255, 3, 1, 0, 5.1071, 0, 1, 1, 1, 1, 0
bm4255, 3, 1, 0, 1.4436, 0, 1, 1, 2, 1, 0
bm4255, 3, 1, 0, 0.8586, 0, 1, 1, 3, 1, 0
bm4255, 3, 0, 1, 0.9371, 1, 1, 1, 4, 1, 0
bm4255, 3, 0, 1, 0.965, 1, 1, 1, 5, 1, 0
bm4255, 3, 0, 1, 3.3437, 1, 1, 1, 6, 1, 0
bm4255, 3, 0, 1, 0.8726, 1, 1, 1, 7, 1, 0
bm4255, 3, 1, 0, 1.4147, 0, 1, 1, 8, 1, 0
bm4255, 3, 1, 1, 1.1188, 1, 1, 1, 9, 1, 0
bm4255, 3, 0, 0, 1.6032, 0, 1, 1, 10, 1, 0
bm4255, 3, 1, 0, 1.1134, 1, 0, 0, 1, 1, 0
bm4255, 3, 1, 1, 1.5219, 1, 0, 1, 2, 1, 0
bm4255, 3, 0, 0, 0.6461, 0, 0, 1, 3, 1, 0
bm4255, 3, 0, 0, 0.8777, 1, 0, 0, 4, 1, 0
bm4255, 3, 1, 0, 1.4239, 0, 0, 1, 5, 1, 0
bm4255, 3, 0, 1, 1.1114, 1, 0, 1, 6, 1, 0
bm4255, 3, 1, 1, 2.284, 1, 0, 1, 7, 1, 0
bm4255, 3, 1, 0, 2.3524, 0, 0, 1, 8, 1, 0
bm4255, 3, 1, 0, 1.4423, 0, 0, 1, 9, 1, 0
bm4255, 3, 1, 1, 1.1611, 1, 0, 1, 10, 1, 0
bm4255, 3, 0, 1, 1.1155, 1, 0, 1, 11, 1, 0
bm4255, 3, 1, 1, 1.9834, 0, 0, 0, 12, 1, 0
bm4255, 3, 0, 0, 2.6605, 1, 0, 0, 13, 1, 0
bm4255, 3, 0, 1, 1.3735, 1, 0, 1, 14, 1, 0
bm4255, 3, 1, 0, 1.1591, 0, 0, 1, 15, 1, 0
bm4255, 3, 1, 1, 1.1134, 1, 0, 1, 16, 1, 0
bm4255, 3, 1, 0, 1.4052, 0, 0, 1, 17, 1, 0
bm4255, 3, 0, 1, 0.8376, 1, 0, 1, 18, 1, 0
bm4255, 3, 0, 0, 2.5809, 0, 0, 1, 19, 1, 0
bm4255, 3, 0, 1, 0.973, 1, 0, 1, 20, 1, 0
bm4255, 3, 0, 0, 1.0791, 0, 0, 1, 21, 1, 0
bm4255, 3, 1, 1, 1.7888, 1, 0, 1, 22, 1, 0
bm4255, 3, 0, 1, 0.934, 1, 0, 1, 23, 1, 0
bm4255, 3, 0, 1, 1.3301, 1, 0, 1, 24, 1, 0
bm4255, 3, 0, 1, 0.8777, 1, 0, 1, 25, 1, 0
bm4255, 3, 1, 0, 1.1958, 0, 0, 1, 26, 1, 0
bm4255, 3, 1, 0, 1.4848, 0, 0, 1, 27, 1, 0
bm4255, 3, 0, 0, 1.9056, 0, 0, 1, 28, 1, 0
bm4255, 3, 0, 1, 1.0772, 1, 0, 1, 29, 1, 0
bm4255, 3, 1, 1, 1.1952, 1, 0, 1, 30, 1, 0
bm4255, 3, 1, 0, 2.1882, 1, 0, 0, 31, 1, 0
bm4255, 3, 0, 0, 0.6483, 0, 0, 1, 32, 1, 0
bm4255, 1, 1, 1, 3.5842, 1, 1, 1, 1, 1, 0
bm4255, 1, 0, 0, 3.3182, 0, 1, 1, 2, 1, 0
bm4255, 1, 1, 0, 3.045, 0, 1, 1, 3, 1, 0
bm4255, 1, 0, 1, 2.497, 1, 1, 1, 4, 1, 0
bm4255, 1, 0, 0, 3.6514, 1, 1, 0, 5, 1, 0
bm4255, 1, -1, 1, 4.8089, 1, 1, 1, 6, 1, 0
bm4255, 1, 1, 0, 2.779, 0, 1, 1, 7, 1, 0
bm4255, 1, -1, 1, 5.4564, 1, 1, 1, 8, 1, 0
bm4255, 1, 0, 0, 1.5781, 1, 1, 0, 9, 1, 0
bm4255, 1, 1, 1, 4.7881, 1, 1, 1, 10, 1, 0
bm4255, 1, -1, 1, 9.7835, 1, 0, 1, 1, 1, 0
bm4255, 1, -1, 1, 3.1661, 1, 0, 1, 2, 1, 0
bm4255, 1, 0, 1, 2.068, 1, 0, 1, 3, 1, 0
bm4255, 1, 1, 1, 3.5587, 1, 0, 1, 4, 1, 0
bm4255, 1, 0, 1, 2.2383, 1, 0, 1, 5, 1, 0
bm4255, 1, 0, 0, 3.2917, 0, 0, 1, 6, 1, 0
bm4255, 1, 1, 0, 9.5319, 0, 0, 1, 7, 1, 0
bm4255, 1, 0, 1, 1.6947, 1, 0, 1, 8, 1, 0
bm4255, 1, 1, 1, 3.3773, 1, 0, 1, 9, 1, 0
bm4255, 1, -1, 0, 4.4949, 0, 0, 1, 10, 1, 0
bm4255, 1, -1, 1, 3.5667, 1, 0, 1, 11, 1, 0
bm4255, 1, 0, 0, 1.9573, 0, 0, 1, 12, 1, 0
bm4255, 1, 0, 0, 1.9024, 0, 0, 1, 13, 1, 0
bm4255, 1, -1, 0, 3.4475, 1, 0, 0, 14, 1, 0
bm4255, 1, -1, 1, 2.1811, 1, 0, 1, 15, 1, 0
bm4255, 1, 0, 1, 1.8453, 1, 0, 1, 16, 1, 0
bm4255, 1, 1, 1, 4.3056, 1, 0, 1, 17, 1, 0
bm4255, 1, 0, 0, 5.2425, 0, 0, 1, 18, 1, 0
bm4255, 1, 1, 0, 4.6514, 0, 0, 1, 19, 1, 0
bm4255, 1, 1, 0, 3.701, 1, 0, 0, 20, 1, 0
bm4255, 1, 0, 0, 1.5464, 0, 0, 1, 21, 1, 0
bm4255, 1, -1, 1, 2.3391, 1, 0, 1, 22, 1, 0
bm4255, 1, 1, 1, 4.5397, 1, 0, 1, 23, 1, 0
bm4255, 1, 1, 1, 3.5302, 1, 0, 1, 24, 1, 0
bm4255, 1, -1, 0, 3.4417, 0, 0, 1, 25, 1, 0
bm4255, 1, -1, 1, 4.3644, 1, 0, 1, 26, 1, 0
bm4255, 1, -1, 0, 9.0099, 0, 0, 1, 27, 1, 0
bm4255, 1, -1, 0, 3.1131, 0, 0, 1, 28, 1, 0
bm4255, 1, 0, 1, 1.4267, 1, 0, 1, 29, 1, 0
bm4255, 1, 1, 0, 4.7052, 0, 0, 1, 30, 1, 0
bm4255, 1, -1, 0, 3.9767, 0, 0, 1, 31, 1, 0
bm4255, 1, 0, 0, 2.7984, 0, 0, 1, 32, 1, 0
bm4255, 0, 4, H, 1.47, H, NA, 1, 1, 2, NA
bm4255, 0, 4, G, 1.48, G, NA, 1, 2, 2, NA
bm4255, 0, 4, A, 1.0, A, NA, 1, 3, 2, NA
bm4255, 0, 4, H, 0.93, H, NA, 1, 4, 2, NA
bm4255, 0, 4, J, 1.01, J, NA, 1, 5, 2, NA
bm4255, 0, 3, G, 0.93, G, NA, 1, 6, 2, NA
bm4255, 0, 3, S, 0.98, S, NA, 1, 7, 2, NA
bm4255, 0, 2, S, 0.62, S, NA, 1, 8, 2, NA
bm4255, 0, 2, L, 1.48, L, NA, 1, 9, 2, NA
bm4255, 0, 1, H, 0.89, H, NA, 1, 10, 2, NA
bm4255, 0, 2, G, 1.13, A, NA, 0, 11, 2, NA
bm4255, 0, 3, G, 1.57, D, NA, 0, 12, 2, NA
bm4255, 0, 3, A, 0.92, A, NA, 1, 13, 2, NA
bm4255, 0, 2, L, 1.46, L, NA, 1, 14, 2, NA
bm4255, 0, 2, G, 1.02, G, NA, 1, 15, 2, NA
bm4255, 0, 1, H, 0.99, H, NA, 1, 16, 2, NA
bm4255, 0, 1, A, 0.95, A, NA, 1, 17, 2, NA
bm4255, 0, 1, G, 0.97, G, NA, 1, 18, 2, NA
bm4255, 0, 1, G, 0.87, G, NA, 1, 19, 2, NA
bm4255, 0, 2, J, 0.86, G, NA, 0, 20, 2, NA
bm4255, 0, 2, S, 1.04, S, NA, 1, 21, 2, NA
bm4255, 0, 1, L, 1.32, L, NA, 1, 22, 2, NA
bm4255, 0, 2, A, 0.96, J, NA, 0, 23, 2, NA
bm4255, 0, 2, K, 1.0, K, NA, 1, 24, 2, NA
bm4255, 0, 1, K, 1.05, K, NA, 1, 25, 2, NA
bm4255, 0, 2, J, 1.05, A, NA, 0, 26, 2, NA
bm4255, 0, 2, H, 1.22, H, NA, 1, 27, 2, NA
bm4255, 0, 1, G, 0.97, G, NA, 1, 28, 2, NA
bm4255, 0, 2, J, 0.89, A, NA, 0, 29, 2, NA
bm4255, 0, 2, A, 0.58, A, NA, 1, 30, 2, NA
bm4255, 0, 1, G, 1.3, G, NA, 1, 31, 2, NA
bm4255, 0, 2, L, 1.03, A, NA, 0, 32, 2, NA
bm4255, 0, 3, H, 1.27, A, NA, 0, 33, 2, NA
bm4255, 0, 3, L, 1.24, L, NA, 1, 34, 2, NA
bm4255, 0, 2, G, 0.95, G, NA, 1, 35, 2, NA
bm4255, 0, 3, H, 1.67, L, NA, 0, 36, 2, NA
bm4255, 0, 3, K, 1.0, K, NA, 1, 37, 2, NA
bm4255, 0, 2, S, 0.87, S, NA, 1, 38, 2, NA
bm4255, 0, 2, A, 0.75, A, NA, 1, 39, 2, NA
bm4255, 0, 1, A, 0.51, A, NA, 1, 40, 2, NA
bm4255, 0, 2, K, 0.93, A, NA, 0, 41, 2, NA
bm4255, 0, 2, S, 1.14, S, NA, 1, 42, 2, NA
bm4255, 0, 1, S, 0.54, S, NA, 1, 43, 2, NA
bm4255, 0, 2, G, 0.77, S, NA, 0, 44, 2, NA
bm4255, 0, 2, F, 1.24, F, NA, 1, 45, 2, NA
bm4255, 0, 1, F, 0.53, F, NA, 1, 46, 2, NA
bm4255, 0, 2, G, 0.65, F, NA, 0, 47, 2, NA
bm4255, 0, 2, A, 0.6, A, NA, 1, 48, 2, NA
bm4255, 0, 1, A, 0.51, A, NA, 1, 49, 2, NA
bm4255, 0, 2, D, 1.09, A, NA, 0, 50, 2, NA
bm4255, 2, 0, 1, 3.02, 1, 0, 1, 1, 2, 0
bm4255, 2, 0, 1, 0.76, 1, 0, 1, 2, 2, 0
bm4255, 2, 1, 1, 2.23, 1, 0, 1, 3, 2, 0
bm4255, 2, 0, 1, 0.63, 1, 0, 1, 4, 2, 0
bm4255, 2, 0, 0, 0.85, 0, 0, 1, 5, 2, 0
bm4255, 2, 1, 1, 0.59, 1, 0, 1, 6, 2, 0
bm4255, 2, 1, 1, 2.84, 1, 0, 1, 7, 2, 0
bm4255, 2, 0, 0, 0.89, 0, 0, 1, 8, 2, 0
bm4255, 2, 1, 1, 1.61, 1, 0, 1, 9, 2, 0
bm4255, 2, 1, 0, 5.91, 0, 0, 1, 10, 2, 0
bm4255, 2, 1, 1, 0.86, 1, 0, 1, 11, 2, 0
bm4255, 2, 1, 1, 2.35, 1, 0, 1, 12, 2, 0
bm4255, 2, 0, 0, 3.41, 0, 0, 1, 13, 2, 0
bm4255, 2, 1, 0, 3.46, 1, 0, 0, 14, 2, 0
bm4255, 2, 0, 0, 0.62, 1, 0, 0, 15, 2, 0
bm4255, 2, 1, 1, 3.04, 1, 0, 1, 16, 2, 0
bm4255, 2, 0, 0, 0.9, 0, 0, 1, 17, 2, 0
bm4255, 2, 1, 1, 0.9, 1, 0, 1, 18, 2, 0
bm4255, 2, 0, 0, 1.11, 0, 0, 1, 19, 2, 0
bm4255, 2, 0, 0, 0.94, 0, 0, 1, 20, 2, 0
bm4255, 2, 0, 0, 0.67, 0, 0, 1, 21, 2, 0
bm4255, 2, 1, 0, 4.95, 0, 0, 1, 22, 2, 0
bm4255, 2, 1, 0, 1.86, 0, 0, 1, 23, 2, 0
bm4255, 2, 1, 1, 0.82, 1, 0, 1, 24, 2, 0
bm4255, 2, 0, 0, 0.91, 0, 0, 1, 25, 2, 0
bm4255, 2, 0, 0, 0.64, 0, 0, 1, 26, 2, 0
bm4255, 2, 1, 0, 2.33, 0, 0, 1, 27, 2, 0
bm4255, 2, 0, 1, 1.26, 1, 0, 1, 28, 2, 0
bm4255, 2, 0, 0, 2.86, 0, 0, 1, 29, 2, 0
bm4255, 2, 1, 1, 0.78, 1, 0, 1, 30, 2, 0
bm4255, 2, 1, 1, 2.77, 1, 0, 1, 31, 2, 0
bm4255, 2, 0, 1, 0.79, 1, 0, 1, 32, 2, 0
bm4255, 3, 0, 1, 1.3225, 1, 0, 1, 1, 2, 0
bm4255, 3, 0, 0, 0.9355, 0, 0, 1, 2, 2, 0
bm4255, 3, 0, 1, 2.6282, 1, 0, 1, 3, 2, 0
bm4255, 3, 0, 1, 0.8431, 1, 0, 1, 4, 2, 0
bm4255, 3, 1, 0, 1.1473, 0, 0, 1, 5, 2, 0
bm4255, 3, 0, 1, 0.9598, 1, 0, 1, 6, 2, 0
bm4255, 3, 0, 1, 0.7797, 1, 0, 1, 7, 2, 0
bm4255, 3, 0, 0, 1.1193, 0, 0, 1, 8, 2, 0
bm4255, 3, 1, 1, 1.0926, 1, 0, 1, 9, 2, 0
bm4255, 3, 1, 0, 1.5309, 1, 0, 0, 10, 2, 0
bm4255, 3, 1, 0, 1.0918, 0, 0, 1, 11, 2, 0
bm4255, 3, 0, 0, 2.1222, 0, 0, 1, 12, 2, 0
bm4255, 3, 0, 1, 0.7424, 1, 0, 1, 13, 2, 0
bm4255, 3, 0, 0, 1.4193, 1, 0, 0, 14, 2, 0
bm4255, 3, 1, 0, 2.4723, 0, 0, 1, 15, 2, 0
bm4255, 3, 1, 0, 1.254, 1, 0, 0, 16, 2, 0
bm4255, 3, 1, 1, 3.5301, 1, 0, 1, 17, 2, 0
bm4255, 3, 1, 1, 1.852, 0, 0, 0, 18, 2, 0
bm4255, 3, 0, 0, 1.3992, 0, 0, 1, 19, 2, 0
bm4255, 3, 0, 1, 1.0729, 1, 0, 1, 20, 2, 0
bm4255, 3, 1, 0, 1.672, 1, 0, 0, 21, 2, 0
bm4255, 3, 1, 1, 1.0188, 0, 0, 0, 22, 2, 0
bm4255, 3, 1, 1, 1.0961, 1, 0, 1, 23, 2, 0
bm4255, 3, 0, 0, 0.8625, 0, 0, 1, 24, 2, 0
bm4255, 3, 0, 1, 0.8947, 1, 0, 1, 25, 2, 0
bm4255, 3, 1, 0, 2.3014, 1, 0, 0, 26, 2, 0
bm4255, 3, 0, 0, 1.2542, 0, 0, 1, 27, 2, 0
bm4255, 3, 1, 1, 2.3258, 1, 0, 1, 28, 2, 0
bm4255, 3, 1, 0, 1.2577, 0, 0, 1, 29, 2, 0
bm4255, 3, 1, 1, 1.1934, 1, 0, 1, 30, 2, 0
bm4255, 3, 0, 0, 1.2752, 0, 0, 1, 31, 2, 0
bm4255, 3, 1, 1, 1.0182, 1, 0, 1, 32, 2, 0
bm4255, 1, -1, 1, 1.9889, 1, 0, 1, 1, 2, 0
bm4255, 1, -1, 0, 2.0278, 0, 0, 1, 2, 2, 0
bm4255, 1, -1, 0, 4.0488, 0, 0, 1, 3, 2, 0
bm4255, 1, 1, 0, 2.0677, 0, 0, 1, 4, 2, 0
bm4255, 1, 0, 0, 1.9447, 0, 0, 1, 5, 2, 0
bm4255, 1, -1, 1, 3.3137, 1, 0, 1, 6, 2, 0
bm4255, 1, 0, 0, 2.4193, 0, 0, 1, 7, 2, 0
bm4255, 1, -1, 1, 3.0485, 0, 0, 0, 8, 2, 0
bm4255, 1, 0, 0, 1.7207, 0, 0, 1, 9, 2, 0
bm4255, 1, -1, 1, 4.4257, 1, 0, 1, 10, 2, 0
bm4255, 1, 1, 1, 2.2045, 1, 0, 1, 11, 2, 0
bm4255, 1, 0, 1, 1.9471, 1, 0, 1, 12, 2, 0
bm4255, 1, -1, 0, 2.2914, 0, 0, 1, 13, 2, 0
bm4255, 1, -1, 0, 4.4941, 0, 0, 1, 14, 2, 0
bm4255, 1, 1, 1, 6.7505, 1, 0, 1, 15, 2, 0
bm4255, 1, 0, 0, 1.6676, 0, 0, 1, 16, 2, 0
bm4255, 1, 1, 1, 3.6237, 1, 0, 1, 17, 2, 0
bm4255, 1, 1, 0, 7.2908, 1, 0, 0, 18, 2, 0
bm4255, 1, 1, 0, 6.3477, 0, 0, 1, 19, 2, 0
bm4255, 1, 0, 1, 1.4732, 1, 0, 1, 20, 2, 0
bm4255, 1, 0, 1, 3.2948, 1, 0, 1, 21, 2, 0
bm4255, 1, -1, 0, 3.6151, 0, 0, 1, 22, 2, 0
bm4255, 1, 0, 0, 3.5084, 0, 0, 1, 23, 2, 0
bm4255, 1, 0, 1, 3.3417, 1, 0, 1, 24, 2, 0
bm4255, 1, -1, 1, 6.0762, 1, 0, 1, 25, 2, 0
bm4255, 1, -1, 1, 2.0276, 1, 0, 1, 26, 2, 0
bm4255, 1, 1, 1, 2.8487, 1, 0, 1, 27, 2, 0
bm4255, 1, 1, 1, 5.8281, 1, 0, 1, 28, 2, 0
bm4255, 1, 1, 0, 2.0291, 0, 0, 1, 29, 2, 0
bm4255, 1, -1, 0, 6.5781, 0, 0, 1, 30, 2, 0
bm4255, 1, 1, 0, 3.6125, 0, 0, 1, 31, 2, 0
bm4255, 1, 0, 1, 1.2178, 1, 0, 1, 32, 2, 0
